0.1  0.1   0.6553657449147555   0.0   1.3566883668136235e-21   5.5466875987164504e-18   0.0
0.10068842785830008  0.10052753350321963   0.6538437315853562   0.008673087761015797   -0.015220133293992175   0.08673087761015798   -0.15220133293992175
0.10198108769330176  0.10150900521849571   0.6494045564669971   0.016230391791061602   -0.04439175118359147   0.07557304030045806   -0.291716178895993
0.10377983506344773  0.10285311892731837   0.6417386903336919   0.022454696087571866   -0.07665866133305294   0.062243042965102614   -0.3226691014946147
0.10596875288279818  0.10445195949305804   0.630855033069069   0.027106553404158094   -0.10883657264622897   0.04651857316586229   -0.32177911313176005
0.10842915287567195  0.10619555608441275   0.6165170089893028   0.03015575765640335   -0.14338024079766132   0.030492042522452592   -0.34543668151432394
0.11105958355923662  0.10799429480107012   0.5997835450067814   0.031866324783132394   -0.1673346398252137   0.01710567126729043   -0.2395439902755238
0.11379554349373466  0.10978494278138722   0.5795224914851667   0.03269846625239879   -0.20261053521614905   0.008321414692663915   -0.352758953909353
0.11659650934486496  0.11152488182271607   0.5558566672630627   0.03297392540589986   -0.23665824222103862   0.0027545915350106575   -0.3404770700488958
0.1194413065459745  0.11318720895066484   0.5288247701972177   0.03294875201848384   -0.2703189706584503   -0.0002517338741600874   -0.3366072843741164
0.12232526865415538  0.11475743345088425   0.49858591978596384   0.03283723865143446   -0.3023885041125395   -0.001115133670493777   -0.3206953345408923
0.12526129791658575  0.1162319855090715   0.46542731951707883   0.032855093367926635   -0.3315860026888497   0.00017854716492167325   -0.2919749857631024
0.128264849608788  0.11760790823376677   0.4295682508264684   0.03303707933831926   -0.358590686906104   0.0018198597039262925   -0.2700468421725435
0.13135426829379018  0.11888282596097027   0.3913828743330028   0.03342143477228127   -0.38185376493465595   0.003843554339620159   -0.23263078028551856
0.13455699024647363  0.1200562062121486   0.3511829879047639   0.03410901511339144   -0.4019988642823886   0.0068758034111016594   -0.20145099347732703
0.13786436526884352  0.12111448978841613   0.30968198175079675   0.03472562982350809   -0.41501006153967246   0.006166147101166483   -0.13011197257283794
0.14128396396593962  0.12205056514931201   0.26719290222525255   0.03545404395898537   -0.42489079525544104   0.007284141354772852   -0.09880733715768653
0.14480957523309884  0.12285398691772083   0.22405544696410776   0.036159952081096534   -0.43137455261144847   0.007059081221111536   -0.06483757356007352
0.1484228699338219  0.12351383036396345   0.18062514924514828   0.03673049409934582   -0.43430297718959476   0.005705420182492855   -0.02928424578146309
0.15209572092153104  0.12402117030370653   0.13726383323600672   0.03707725474245837   -0.43361316009141576   0.0034676064311255647   0.006898170981789135
0.15579340908216344  0.12437101664122842   0.0943313806722337   0.037142011514126404   -0.4293245256377299   0.0006475677166803025   0.04288634453685913
0.15947875739855855  0.12456434809235971   0.052411435144912075   0.036904158658812726   -0.41919945527321645   -0.0023785285531367603   0.1012507036451344
0.16311777876564698  0.12460752938968137   0.011865627175746475   0.03639277556680585   -0.405458079691656   -0.005113830920068787   0.13741375581560492
0.1666866726432402  0.12451081394532888   -0.027092926417497807   0.035702041099483904   -0.38958553593244283   -0.006907344673219435   0.1587254375921314
0.17018049638823432  0.12428717029456075   -0.06392393013588522   0.03500974270628984   -0.3683100371838743   -0.006922983931940604   0.2127549874856852
0.17362615087916644  0.12394724607855788   -0.09833483025860935   0.034623811666969956   -0.34410900122724103   -0.0038593103931988375   0.2420103595663321
0.17704666860624285  0.12349984142017228   -0.13006189820516872   0.03449653960845896   -0.3172706794655934   -0.0012727205851099795   0.26838321761647693
0.1804822344844715  0.1229495661161302   -0.15882121797189697   0.03479355660733316   -0.2875931976672828   0.0029701699887419598   0.2967748179831058
0.18395474468798365  0.12230180570408829   -0.18441993596192416   0.03532410036348087   -0.2559871799002718   0.00530543756147713   0.31606017767010974
0.1874960505584391  0.12155939327794114   -0.20665090827709187   0.0361829013190018   -0.22230972315167719   0.008588009555209266   0.3367745674859467
0.19112526963554133  0.12072725258188968   -0.22539318420334142   0.03723397540904265   -0.18742275926249574   0.010510740900408587   0.3488696388918142
0.19486852573330915  0.11980921072399735   -0.2405051941372395   0.03854188249982095   -0.15112009933898007   0.013079070907782925   0.36302659923515684
0.19873744171885155  0.11881374669690713   -0.2518354098552802   0.03994929227457761   -0.11330215718040756   0.014074097747566582   0.3781794215857251
0.2027457961247831  0.11775010487436016   -0.25937855843107616   0.04147075954235632   -0.07543148575795937   0.0152146726777871   0.37870671422448204
0.20688644118490618  0.11663457836197859   -0.2631607891454986   0.04288279481764531   -0.03782230714422389   0.014120352752889876   0.3760917861373547
0.21114156068246925  0.1154878604229613   -0.26323769391730634   0.04406926816975616   -0.0007690477180784228   0.01186473352110857   0.3705325942614546
0.2154873012564846  0.1143332318612156   -0.2596922249181198   0.04496512899149093   0.03545468999186564   0.008958608217347633   0.36223737709944065
0.21989568178209262  0.1131952184669805   -0.2526322856011536   0.04552899443650146   0.07059939316966199   0.0056386544501054485   0.3514470317779635
0.2243356869687547  0.11209837284087562   -0.24218803266585665   0.045734796801848325   0.10444252935296977   0.0020580236534685835   0.3384313618330776
0.22877601543037343  0.11106568032601326   -0.22850902878131973   0.04558834355105169   0.1367900388453688   -0.0014645325079664252   0.3234750949239906
0.23318824007270997  0.11011712033900782   -0.21176136177497099   0.045130358234080306   0.16747667006348804   -0.004579853169713756   0.30686631218119226
0.23754884562294304  0.10926986238291017   -0.19190712922289926   0.04442153397719511   0.19854232552071693   -0.0070882425688520365   0.31065655457228897
0.24184155216309944  0.10853702433854512   -0.1690869492219763   0.043548112518396555   0.2282018000092296   -0.00873421458798556   0.2965947448851261
0.24606221423828195  0.10792724068885379   -0.14348300568287808   0.042644840780915835   0.2560394353909825   -0.009032717374807209   0.2783763538175293
0.2502271752154246  0.1074444490604643   -0.1154024008183369   0.04192849591572267   0.2808060486454117   -0.007163448651931665   0.2476661325442917
0.2543862628492585  0.10708988154446435   -0.08504563995252606   0.04174173938553459   0.30356760865810833   -0.0018675653018807325   0.22761560012696705
0.25858083858715003  0.10686899416805494   -0.05261164613062043   0.04200387702814157   0.3243399382190564   0.0026213764260698707   0.20772329560947994
0.2628571957160213  0.10679073484742888   -0.01829842163275799   0.04277073159872512   0.3431322449786243   0.007668545705835395   0.18792306759567992
0.2672706906276022  0.10686884526967677   0.017696240752484303   0.044141860600346916   0.35994662385242293   0.013711290016218002   0.16814378873798602
0.2718784296161376  0.10712465627627611   0.05546075219768199   0.04614834542815035   0.3776451144519769   0.020064848278034408   0.17698490599553932
0.2767193926054698  0.10758521771938553   0.09485290014514001   0.048628221751320165   0.3939214794745802   0.024798763231698093   0.16276365022603342
0.28178823370559875  0.10827721667476863   0.13568136872097056   0.05115858935955982   0.4082846857583051   0.02530367608239655   0.1436320628372495
0.2870132824845092  0.10921497476693505   0.17758297035735848   0.053085332231618244   0.4190160163638796   0.0192674287205842   0.10731330605574468
0.29225915174023576  0.11038995042676851   0.22034444426911826   0.05375845240459944   0.4276147391175974   0.006731201729812023   0.08598722753717758
0.29744786932556766  0.11179107813299502   0.2637430824410199   0.05374565008397107   0.43398638171901655   -0.00012802320628370106   0.06371642601419086
0.3025716624309099  0.11341849204174619   0.3075415973421943   0.05376033092973714   0.43798514901174374   0.00014680845766071687   0.03998767292727307
0.3074693415760232  0.11521635892825478   0.3518139208521195   0.05217239341843743   0.4427232350992526   -0.01587937511299726   0.04738086087508825
0.31199001779693036  0.11710824284178555   0.3963486399971845   0.04900585499361489   0.44534719145064955   -0.03166538424822529   0.02623956351396902
0.3160270065970574  0.11901305100359481   0.4408659655343298   0.04463806974505754   0.44517325537145286   -0.04367785248557352   -0.0017393607919662382
0.3195485712932987  0.12086939190953241   0.48511941996504476   0.03980881745150234   0.4425345443071506   -0.04829252293555195   -0.02638711064302309
0.3225873451803244  0.12264394635571697   0.5285497499060595   0.035189757343497795   0.43430329941014695   -0.046190601080045544   -0.08231244897003676
0.3252128679594308  0.1243311042926569   0.5711547001495257   0.031208767626719668   0.4260495024346618   -0.039809897167781196   -0.0825379697548511
0.32752525767987917  0.1259566096028877   0.6127062585595409   0.02826555099909354   0.41551558410015293   -0.029432166276261267   -0.10533918334508934
0.32960778758873066  0.12754939212687957   0.6529253007986795   0.02621809869154186   0.40219042239138564   -0.020474523075516803   -0.1332516170876721
0.33154379789865374  0.12915243420354477   0.6915902945012744   0.025135393014008946   0.38664993702594863   -0.010827056775329155   -0.15540485365437068
0.333409334308369  0.13081663980653893   0.7284215072664838   0.024999612767020687   0.3683121276520938   -0.0013578024698825458   -0.18337809373854713
0.3352637861505714  0.13259058014025887   0.7632124969008978   0.02566292255890812   0.34790989634414   0.006633097918874325   -0.2040223130795387
0.33715016844444806  0.13451616913642567   0.7956829522556911   0.02695613314407123   0.32470455354793176   0.01293210585163108   -0.23205342796208175
0.33909492944588315  0.13662414210666265   0.8256484786510488   0.028680385973608315   0.2996552639535778   0.017242528295370825   -0.2504928959435402
0.3411108440838858  0.13893211390253546   0.8528407801264638   0.03064416035439102   0.27192301475414976   0.019637743807827058   -0.2773224919942809
0.34320076397956645  0.14144540850639858   0.8771138399941812   0.03268702332144593   0.24273059867717522   0.02042862967054917   -0.2919241607697445
0.34535903566132475  0.14415655696117277   0.8984545786916007   0.03465322870397807   0.2134073869741934   0.01966205382532134   -0.29323211702981866
0.3475762508647618  0.14704843559026903   0.9166900264835226   0.036440369459946075   0.18235447791922024   0.017871407559680027   -0.3105290905497316
0.34983814864889357  0.15009202013488207   0.9316813902419085   0.037920427827314564   0.14991363758385937   0.014800583673684952   -0.32440840335360915
0.35212852786168375  0.15325012986160225   0.94333255913947   0.03901216987605768   0.11651168897561513   0.010917420487431138   -0.3340194860824419
0.3544312565267522  0.15648111916642268   0.9515970974307693   0.03967600180561395   0.08264538291299267   0.0066383192955626474   -0.33866306062622475
0.35673142294459104  0.15974211280946551   0.9564837482025039   0.03990594578470423   0.04886650771734496   0.0022994397909028813   -0.33778875195647706
0.3590159661348728  0.1629918228263539   0.9580603838671855   0.03972373696183035   0.01576635664681688   -0.0018220882287389257   -0.3310015107052808
0.3612738760546239  0.1661927220171791   0.9564562995060466   0.03917130689105914   -0.01604084361138913   -0.0055243007077119665   -0.3180720025820602
0.36349630634840197  0.16931279728074486   0.9518627956460972   0.03830674361129782   -0.0459350385994928   -0.008645632797613257   -0.29894194988103673
0.3656770460399543  0.17232732925707234   0.944531746380989   0.03720622076832399   -0.07331049265108376   -0.011005228429738253   -0.2737545405159097
0.36781308877617225  0.17522019640796357   0.9347719152966733   0.03596019872533412   -0.09759831084315561   -0.012460220429898767   -0.24287818192071836
0.3699049888622546  0.17798499658375444   0.9230725586369883   0.034670111021174066   -0.11699356659685094   -0.012900877041600527   -0.19395255753695326
0.3719579877944614  0.18062494968466036   0.9098234772835323   0.03344272266222523   -0.13249081353455872   -0.012273883589488445   -0.15497246937707798
0.37398229327528626  0.18315265231401445   0.8955385528472195   0.03238378183928024   -0.14284924436312957   -0.01058940822944977   -0.10358430828570857
0.3759937285317889  0.18558913046875725   0.880668936478636   0.03159477423505418   -0.14869616368583438   -0.007890076042260632   -0.058469193227048064
0.37801361591316784  0.18796242433743318   0.865669629962988   0.031164834061082156   -0.1499930651564804   -0.004299401739720214   -0.012969014706459694
0.38006378709617405  0.19030083668056635   0.8509837340595072   0.031098833042649605   -0.14685895903480672   -0.0006600101843255205   0.03134106121673633
0.38216277906044743  0.19262859263510557   0.837029897553744   0.0313436038929389   -0.13953836505763223   0.0024477085028929554   0.0732059397717449
0.38432316715139525  0.19496345941534016   0.8241926599538862   0.03181018639516292   -0.12837237599857848   0.004665825022240123   0.1116598905905376
0.386550004311133  0.19731587827252803   0.8128153308992037   0.03239240376328768   -0.11377329054682611   0.005822173681247664   0.1459908545175236
0.3888399068282204  0.19968954237062062   0.8033570739754486   0.03298171431010339   -0.09458256923755083   0.005893105468157127   0.19190721309275274
0.3911818339392462  0.20208232635647136   0.7961390339683287   0.03348139452934482   -0.07218040007119884   0.00499680219241427   0.22402169166352004
0.393558716398466  0.20448764511409587   0.7913443714214342   0.033815866912917165   -0.047946625468943946   0.0033447238357234496   0.24233774602254904
0.39594920803274375  0.20689603188894679   0.789127171737111   0.033933430582276804   -0.02217199684323135   0.0011756366935963929   0.257746286257126
0.39833004933431765  0.20929719279546136   0.7896473213321148   0.033814167152610784   0.005201495950038322   -0.0011926342966601554   0.27373492793269666
0.4006789573284089  0.21168174304059376   0.7929278754209527   0.03347155305070154   0.032805540888378545   -0.0034261410190924092   0.27604044938340233
0.402976207104897  0.21404241302361215   0.7990128865343723   0.032939519280481146   0.06085011113419558   -0.005320337702203999   0.2804457024581703
0.40520741052922016  0.21637621622887776   0.8078696555101423   0.032287623203965235   0.08856768975770084   -0.00651896076515912   0.2771757862350528
0.4073655432452373  0.2186862224121009   0.8193754014676833   0.03161275911157751   0.11505745957540878   -0.006748640923877242   0.26489769817707937
0.4094531840622604  0.22098477921160894   0.8334474442670199   0.031050938055812848   0.14072042799336557   -0.005618210557646646   0.25662968417956794
0.4114583444525391  0.2232667837939166   0.849883748919979   0.03037797410034083   0.16436304652959124   -0.006729639554720145   0.23642618536225676
0.41338025480060575  0.2255379886383148   0.8685081866775014   0.029752497090527057   0.18624437757522416   -0.006254770098137717   0.21881331045632918
0.4152269933376917  0.22781399708437924   0.8891466158162391   0.029309823730125258   0.20638429138737693   -0.004426733604018015   0.20139913812152782
0.41701608364639275  0.23012222193837498   0.9114277847681448   0.02920401703411252   0.22281168951905644   -0.0010580669601273844   0.16427398131679494
0.4187718278167407  0.2325016444371036   0.9350929239475554   0.02957074402033667   0.23665139179410782   0.0036672698622415138   0.13839702275051372
0.4205019014290122  0.2349716915307872   0.959787662388581   0.030156736144498614   0.24694738441025527   0.005859921241619422   0.10295992616147465
0.4222185601348295  0.2375601399280451   0.9851976375568396   0.03105959146144989   0.25409975168258553   0.009028553169512756   0.07152367272330232
0.4239317206684816  0.24029450161549595   1.0110973053840584   0.03226709291501024   0.2589966782721899   0.012075014535603466   0.048969265896043807
0.42565053503538686  0.24320330326123787   1.0370939879894387   0.033786757527391416   0.25996682605380317   0.015196646123811709   0.009701477816132809
0.4273770219255309  0.2463043524470088   1.0627910251671433   0.03549262322568821   0.2569703717770436   0.017058656982968018   -0.029964542767595706
0.42910840682220974  0.2496058081097239   1.0877956751070414   0.03727908683607866   0.2500464993989828   0.017864636103904576   -0.06923872378060858
0.4308399958403922  0.25310898550885846   1.1117263488997464   0.03907768214428099   0.23930673792704835   0.01798595308202336   -0.10739761471934434
0.4325669642836185  0.2568101180017423   1.1342194704123976   0.0408421372283313   0.22493121512650913   0.017644550840503   -0.14375522800539176
0.4342875705299127  0.2607062545307041   1.154934220275812   0.04259150819951696   0.20714749863414567   0.01749370971185652   -0.17783716492363486
0.4359871667645187  0.2647573477602935   1.1735593009783034   0.04393174673912985   0.18625080702491623   0.013402385396128891   -0.20896691609229437
0.43765702815595625  0.2689263025341815   1.189818680476616   0.044909487832011465   0.16259379498312687   0.009777410928816217   -0.2365701204178938
0.4392920082722632  0.27317537661886143   1.203474713994452   0.045527783339206034   0.13656033517835944   0.006182955071945756   -0.2603345980476744
0.44088960729652565  0.2774656835442615   1.2143298324383358   0.0457810617575209   0.10855118443883821   0.002532784183148479   -0.28009150739521216
0.44244956375947936  0.2817582579010569   1.222226907736944   0.045672375430809285   0.07897075298608251   -0.001086863267116049   -0.2958043145275569
0.44397295412959425  0.28601644080347904   1.2272287325945148   0.04522481603084633   0.05001824857570694   -0.00447559399962946   -0.28952504410375557
0.4454637444827595  0.2902102274601781   1.229251497103862   0.04450876587706942   0.02022764509347279   -0.007160501537769216   -0.2979060348223414
0.4469294103476599  0.2943210138041413   1.228305832135532   0.04364257186881623   -0.009456649683300108   -0.008661940082531811   -0.2968429477677289
0.4483838029654154  0.2983503808918484   1.2244016272678744   0.04283813372928249   -0.039042048676576666   -0.00804438139533744   -0.2958539899327657
0.44983301753145516  0.3022807450348087   1.2175403485860126   0.04189031529445608   -0.06861278681861896   -0.009478184348264067   -0.2957073814204229
0.4512834170224261  0.30609933277893064   1.2078012370676576   0.040847608305710305   -0.09739111518354905   -0.01042706988745777   -0.2877832836493007
0.45274400771281476  0.3098041238855967   1.195262073810939   0.03982311176801946   -0.12539163256718647   -0.010244965376908482   -0.2800051738363745
0.4542294867541515  0.3134096387409438   1.1799864753409488   0.03899536556358886   -0.15275598469990193   -0.008277462044306017   -0.2736435213271547
0.4557543086154069  0.31693054186138364   1.1621043988048072   0.03836905066858631   -0.17882076536141647   -0.00626314895002549   -0.26064780661514514
0.45731704037918314  0.3203454225385993   1.141620298448822   0.03755468094011229   -0.20484100355985285   -0.008143697284740204   -0.2602023819843642
0.4589207948321468  0.32364721170320665   1.1186355326308428   0.03670672967306913   -0.22984765817978875   -0.00847951267043162   -0.2500665461993585
0.46056523829727924  0.3268250166927591   1.093264460200918   0.03578077537119743   -0.25371072429924785   -0.009259543018717047   -0.2386306611945909
0.46224818751942914  0.3298699630254651   1.0658806852857075   0.03479082674124709   -0.2738377491521063   -0.009899486299503341   -0.20127024852858405
0.4639687186075029  0.33277861334715925   1.0366338621131417   0.03379419168869011   -0.29246823172565733   -0.009966350525569705   -0.18630482573551138
0.46572977818264605  0.33555536428235505   1.0055972842632215   0.03288111400684825   -0.31036577849920566   -0.009130776818418701   -0.1789754677354833
0.46753991573059017  0.3382142547986819   0.9730818505029875   0.032165659825798366   -0.3251543376023378   -0.007154541810498847   -0.14788559103132096
0.4694156002777877  0.34077884141870685   0.939319621749897   0.03177309719276044   -0.3376222875309049   -0.003925626330379273   -0.12467949928567075
0.4713759598232895  0.34327201323925616   0.9044703655763557   0.031715793028743444   -0.3484925617354118   -0.0005730416401699365   -0.10870274204506986
0.4734386601068284  0.34571006717703157   0.8686035612783995   0.031935621902842326   -0.3586680429795621   0.002198288740988867   -0.10175481244150292
0.4756167057210167  0.34810116040409667   0.8319919360804809   0.032343793095432845   -0.3661162519791875   0.004081711925905189   -0.07448208999625427
0.47791983115553693  0.35044811813481475   0.7948240159022557   0.03288251413275777   -0.3716792017822527   0.005387210373249214   -0.0556294980306512
0.48035262906449844  0.3527474748029732   0.7572068002800937   0.03347468708330485   -0.3761721562216203   0.005921729505470858   -0.04492954439367609
0.4829144298580014  0.3549911108880658   0.7192853363386058   0.03405396627108406   -0.3792146394148781   0.005792791877792101   -0.030424831932577737
0.48560213276954833  0.3571696014188055   0.681134768038944   0.03459706336274751   -0.38150568299661947   0.0054309709166343876   -0.0229104358174142
0.4884092099880463  0.3592720037398026   0.6428383184896279   0.03507103937716074   -0.38296449549316036   0.004739760144132357   -0.014588124965409215
0.49132945093964725  0.36128924211670743   0.6045098912204161   0.035492334221158515   -0.3832842726921179   0.0042129484399777515   -0.0031977719895749197
0.49435241429415006  0.363210659168499   0.5661905761070766   0.035819200060277855   -0.38319315113339536   0.0032686583911934533   0.0009112155872249553
0.49746728466785234  0.3650272138243899   0.5279659182664859   0.03605868586458306   -0.3822465784059052   0.0023948580430519163   0.009465727274901985
0.500670363743034  0.36673513470094615   0.4898630223262866   0.036299737302688845   -0.3810289594019937   0.002410514381057922   0.012176190039114462
0.5039569260724875  0.36833054120898473   0.4519264162292912   0.03653329149046819   -0.37936606096995346   0.002335541877793461   0.016628984320402638
0.5073303389702932  0.369813769106859   0.41424016611644154   0.03685088815227444   -0.37686250112849734   0.0031759666180625297   0.0250355984145618
0.5107897545919565  0.3711827918968001   0.3768269907439711   0.037204542522097594   -0.3741317537247046   0.0035365436982315672   0.027307474037927493
0.5143384214911988  0.3724370097640042   0.3397303622423555   0.03763787881933775   -0.370966285016156   0.004333362972401533   0.03165468708548596
0.5179943557388281  0.3735800929978535   0.3030353192168412   0.03830469227457171   -0.3669504302551426   0.006668134552339516   0.0401585476101335
0.5217706622719694  0.3746120928491237   0.26676910013002114   0.03914781568014952   -0.36266219086820095   0.00843123405577812   0.04288239386941684
0.525682749899577  0.37553326570480444   0.2312557620269313   0.04019078132622314   -0.3551333810308984   0.01042965646073627   0.07528809837302589
0.5297568779702477  0.3763443076150843   0.1965024053791732   0.041540713181717474   -0.347533566477581   0.013499318554943343   0.0759981455331736
0.5339996938154475  0.37703997637184467   0.162517839906684   0.04299469887719724   -0.33984565472489187   0.014539856954797625   0.07687911752689093
0.5384014968098796  0.37761237225032995   0.129311081233906   0.044388632152272914   -0.3320675867277797   0.013939332750756808   0.07778067997112195
0.5429382346100251  0.3780533192516113   0.09689039199505102   0.04558116291320964   -0.32420689238854994   0.011925307609367235   0.07860694339229682
0.5475738261055393  0.37835628108100117   0.06526277810604608   0.04645481071250853   -0.31627613889004946   0.008736477992988843   0.07930753498500545
0.552263710897805  0.378517835873662   0.034433881291787795   0.046926665464055085   -0.30828896814258266   0.004718547515465611   0.07987170747466743
0.5569596136369481  0.3785385365026823   0.004408203511802456   0.04695948365509264   -0.3002567777998533   0.00032818191037552945   0.08032190342729321
0.5616142566532489  0.37842302913249765   -0.024810424416220465   0.046560759832459844   -0.2921862792802292   -0.0039872382263280185   0.08070498519624177
0.5661846239129035  0.3781795723907603   -0.053218230992650585   0.04576846957591471   -0.2840780657643012   -0.007922902565451254   0.08108213515927994
0.5706336501869517  0.37781925821654544   -0.08081082908687405   0.04463592845601481   -0.2759259809422347   -0.0113254111989991   0.08152084822066495
0.5749312890657011  0.3773564290278675   -0.10728036001555775   0.043224889577678484   -0.264695309286837   -0.014110388783363279   0.11230671655397763
0.5790557835511448  0.37680624463146006   -0.1326115149602818   0.04161028434233514   -0.2533115494472407   -0.016146052353433367   0.11383759839596262
0.5829962268336473  0.3761836259877006   -0.15671166057629365   0.039893291714483935   -0.24100145616011823   -0.017169926278511976   0.1231009328712248
0.5867569877499567  0.37550014997737013   -0.17977661448026105   0.038223634215402605   -0.23064953903967367   -0.016696574990813486   0.10351917120444558
0.5903655313368917  0.37476188441349884   -0.20180340656798718   0.03683289679295241   -0.2202679208772615   -0.01390737422450189   0.10381618162412168
0.5938412378143184  0.37397445649152217   -0.2227910755750052   0.03563787065682828   -0.20987669007018045   -0.011950261361241254   0.10391230807081066
0.5972065752185239  0.3731427470454056   -0.24228508113630126   0.03466588589217997   -0.1949400556129604   -0.009719847646483024   0.14936634457220058
0.6004941478044317  0.3722672088953192   -0.2602763887261076   0.03402161160183694   -0.17991307589806302   -0.006442742903430296   0.1502697971489736
0.6037513572608026  0.3713423555761245   -0.27665887367705905   0.03385966199579106   -0.16382484950951484   -0.001619496060458828   0.1608822638854816
0.6070424800800529  0.37035533433847134   -0.29136881345194554   0.034359424231149904   -0.1470993977488647   0.004997622353588404   0.1672545176065011
0.6104487504409402  0.36928519354924755   -0.30440365182562584   0.03570417213745912   -0.1303483837368029   0.013447479063092103   0.16751014012061846
0.6140318444341158  0.3681149839961467   -0.3156710634333869   0.03769343837074543   -0.11267411607761059   0.019892662332863117   0.176742676591923
0.6178287953462713  0.36683507570559315   -0.3251263419261672   0.0400686928430874   -0.09455278492780327   0.02375254472341975   0.18121331149807354
0.6218466674365862  0.36544630631635183   -0.3327924965418671   0.04251114742113728   -0.07666154615699892   0.024424545780498713   0.17891238770804335
0.6260331087627781  0.363971964954346   -0.3386071877643049   0.04438465211011217   -0.05814691222437836   0.018735046889749023   0.18514633932620567
0.630292423395957  0.3624530070598261   -0.34256038445272   0.045220564160265715   -0.03953196688415111   0.00835912050153545   0.18614945340227257
0.6345183460387224  0.36093598459391496   -0.344652471093811   0.04489964292141583   -0.02092086641090975   -0.0032092123884989903   0.18611100473241352
0.6386071974452935  0.35946669723704683   -0.3449710701690908   0.043448257919118397   -0.003185990752797794   -0.014513850022974192   0.17734875658111962
0.6424988897104472  0.3580744468127146   -0.3435617326248043   0.0413323480227098   0.014093375442864507   -0.0211590989640861   0.17279366195662305
0.6462009916086072  0.35676374827814883   -0.3402709160276747   0.039272750238387694   0.03290816597129657   -0.020595977843221   0.1881479052843206
0.6497652189195403  0.3555221760101995   -0.3351975462880016   0.03774283775835768   0.050733697396731475   -0.015299124800300181   0.17825531425434907
0.6532307710096174  0.3543411685041219   -0.3284418241938353   0.03661260714350355   0.06755722094166203   -0.011302306148541278   0.16823523544930552
0.6566516079718683  0.35320716266639013   -0.32009922246763794   0.0360389993788794   0.0834260172619736   -0.005736077646241417   0.15868796320311593
0.6600784750515617  0.35210879988102567   -0.31017016513599666   0.03598585665251967   0.09929057331641314   -0.0005314272635973201   0.15864556054439533
0.663549103821958  0.35104007622902067   -0.29871945634211966   0.03631450716484445   0.11450708793876943   0.003286505123247871   0.15216514622356278
0.6670866903402575  0.3500008857444715   -0.28571939337109803   0.036870632266924   0.1300006297102171   0.005561251020795452   0.15493541771447686
0.6707047930780914  0.348994737424096   -0.2712341516016654   0.037553963657800775   0.1448524176943262   0.006833313908767666   0.14851787984109077
0.6744183678379169  0.34802595639472833   -0.2551880372875358   0.03837860625358035   0.16046114314129584   0.008246425957795754   0.15608725446969657
0.6782213358787225  0.34710487021727826   -0.23762593892149914   0.039129229056649416   0.1756209836603665   0.007506228030690698   0.15159840519070628
0.6820989104759125  0.3462436798442681   -0.21854781615232033   0.039720565977007224   0.1907812276917882   0.005913369203578066   0.15160244031421727
0.686039427325851  0.34545348779456625   -0.19790517345641412   0.040189646079630985   0.20642642695906216   0.004690801026237577   0.15645199267273965
0.690049440614048  0.3447413964331654   -0.175746256884007   0.040727485410342816   0.22158916572407097   0.005378393307118363   0.15162738765008818
0.6941268820322344  0.34411662662085274   -0.15204340271038963   0.04125029192274649   0.23702854173617371   0.005228065124036791   0.154393760121027
0.6982747064532566  0.3435876170234938   -0.12685419867570188   0.04181423033098231   0.2518920403468777   0.005639384082358188   0.14863498610703949
0.7024582899863075  0.343167455202794   -0.10009544806848784   0.042046292504318336   0.26758750607214044   0.0023206217333602403   0.15695465725262825
0.7066637365737402  0.3428646800632943   -0.07187194452218568   0.04216331792547386   0.28223503546302176   0.0011702542115552463   0.14647529390881295
0.7109071585119828  0.3426852223462834   -0.042265616487132326   0.042472149484286174   0.2960632803505334   0.0030883155881230896   0.13828244887511612
0.7151951582628283  0.3426372376301596   -0.011189999081217582   0.04288268228111552   0.3107561740591475   0.004105327968293428   0.14692893708614158
0.7195341405750717  0.34272940678224884   0.021238918747272507   0.043399611356044886   0.3242891782849009   0.005169290749293717   0.13533004225753362
0.7238817891158669  0.34296809593996463   0.05484568908366146   0.043541957177289155   0.3360677033638895   0.00142345821244273   0.11778525078988594
0.7282019794579713  0.3433561487513577   0.0895826749536236   0.04337583379768191   0.3473698586996214   -0.0016612337960724961   0.11302155335731966
0.7324653112677669  0.3438932293828059   0.12531658923448932   0.042970284761787464   0.35733914280865725   -0.004055490358944413   0.09969284109035856
0.7366500344455442  0.3445772846393433   0.16203181369422331   0.0424026410364045   0.36715224459733975   -0.005676437253829624   0.09813101788682396
0.7407462681182476  0.34540559040035573   0.19952114323873305   0.04179141148025159   0.3748932954450972   -0.006112295561529156   0.07741050847757487
0.7447060088502102  0.3463649575023019   0.23769995360212492   0.040743014003212265   0.38178810363391935   -0.0104839747703932   0.06894808188822203
0.7484981887673985  0.34744069284540363   0.2764105110833212   0.03941806064829218   0.38710557481196156   -0.013249533549200826   0.05317471178042242
0.7521103487028056  0.3486197780670642   0.3155166985683145   0.03799729116515715   0.39106187484993443   -0.01420769483135043   0.03956300037972845
0.755551835100269  0.3498952255633746   0.3549159052257984   0.03670230910960464   0.39399206657483893   -0.012949820555525116   0.02930191724904441
0.758826745061273  0.3512584626343027   0.39445055985418953   0.035473159662251695   0.39534654628391064   -0.012291494473529443   0.013544797090717046
0.7619428896626353  0.3527026494286642   0.43398501306140796   0.03434535292234867   0.3953445320721843   -0.011278067399030157   -2.014211726345536e-05
0.7649184376968071  0.35422693511121206   0.473415806910127   0.03343251851967393   0.3943079384871902   -0.009128344026747516   -0.010365935849940885
0.7677646179414757  0.35582878085115555   0.5126214596823343   0.03265984041558636   0.392056527722073   -0.007726781040875516   -0.022514107651171393
0.770494889553025  0.3575082199670171   0.551461551696423   0.03205448301987952   0.3884009201408866   -0.006053573957068451   -0.03655607581186381
0.7731305706668169  0.35927234451121076   0.5898400188633773   0.031715848311254576   0.38378467166954283   -0.003386347086249494   -0.04616248471343804
0.7756914816724152  0.3611302711582781   0.6276321937763322   0.03163883152785043   0.3779217491295484   -0.00077016783404148   -0.05862922539994535
0.7781901905759787  0.3630886910505419   0.6647676458201588   0.031747369433014316   0.37135452043826844   0.0010853790516388564   -0.06567228691279965
0.7806413078094935  0.3651580022571757   0.7011358024824034   0.03207806814995649   0.36368156662244566   0.0033069871694217834   -0.07672953815822757
0.7830328810246848  0.3673271792662414   0.7366736833868793   0.03228769322865727   0.35537880904475916   0.00209625078700776   -0.08302757577686479
0.7853577057155675  0.36958741735053957   0.771312786953916   0.032424506227618555   0.34639103567036805   0.0013681299896128318   -0.0898777337439111
0.7876123361315108  0.3719326812280148   0.8050989934284093   0.03253247756855689   0.3378620647449316   0.001079713409383454   -0.08528970925436374
0.7897983862799327  0.3743609706714594   0.8378470837699726   0.03267323808954171   0.32748090341563424   0.001407605209848031   -0.10381161329297404
0.7919236233227244  0.37687770592784164   0.869537810122024   0.03294023199489108   0.3169072635205134   0.00266993905349385   -0.10573639895120847
0.7939781528176535  0.37946726001413134   0.9000981350030518   0.033055834297976296   0.3056032488102779   0.001156023030852166   -0.11304014710235516
0.7959613788105073  0.38212378640375416   0.9295077914014679   0.03315164822070471   0.2940965639841605   0.0009581392272840499   -0.11506684826117354
0.7978789566411516  0.38484937285963183   0.9576938745772439   0.033325555156729456   0.2818608317577599   0.0017390693602475419   -0.1223573222640062
0.7997436136660363  0.3876576436882181   0.9846507515244306   0.03370953999558558   0.2695687694718677   0.003839848388561249   -0.12292062285892186
0.8015720983671459  0.39057093084598576   1.0103035085662577   0.03439563688290353   0.25652757041827107   0.006860968873179357   -0.13041199053596547
0.8033642063851313  0.39358683484624224   1.0346382680496413   0.035081801673931406   0.2433475948338361   0.006861647910278905   -0.13179975584435022
0.805122645862041  0.3967069026553303   1.0575791282961753   0.035814707212627354   0.22940860246533973   0.007329055386959424   -0.13938992368496397
0.8068550704334502  0.39994183003662076   1.0791246089780244   0.03669611703960682   0.215454806818491   0.008814098269794627   -0.13953795646848732
0.8085663070625232  0.4032999028443073   1.0995070569567258   0.03768949957535237   0.20382447978701476   0.009933825357455475   -0.1163032703147623
0.8102622504402252  0.40679174188766215   1.1186639515457801   0.03881902091123481   0.19156894589054385   0.011295213358824547   -0.12255533896470891
0.8119425392906707  0.4104147724917872   1.1365422898948336   0.03993710227264781   0.17878338349053405   0.01118081361412984   -0.12785562400009856
0.8136031271849085  0.41415646111842047   1.1531043573646047   0.04093627478553265   0.1656206746977118   0.009991725128848468   -0.13162708792822203
0.8152381727986199  0.41799729291050247   1.168332146667216   0.041743697744672514   0.15227789302611436   0.008074229591398557   -0.13342781671597462
0.8168413689939681  0.42191345377732137   1.1822303683042181   0.04231613637323613   0.13898221637001812   0.005724386285636241   -0.13295676656096245
0.8184067019711104  0.42587887867723545   1.1948280257299728   0.042631985604928924   0.12597657425754338   0.003158492316927858   -0.13005642112474722
0.8199294596494904  0.4298684551003474   1.2061785850620375   0.04270305724759797   0.11350559332064582   0.0007107164266905591   -0.12470980936897576
0.8214074556240727  0.4338623341167107   1.2163589856067667   0.042585844711864156   0.10180400544729494   -0.0011721253573381664   -0.1170158787335086
0.8228438929670522  0.4378552775743027   1.2254674175950773   0.04243459637587409   0.09108431988310696   -0.0015124833599006605   -0.10719685564187985
0.824217710535453  0.441774163686527   1.2336197873431256   0.04152715144556779   0.08152369748048188   -0.00907444930306298   -0.09560622402625098
0.8255243700052461  0.4455915825849296   1.2410076835171446   0.040348539026689195   0.07387896174019058   -0.011786124188785937   -0.07644735740291295
0.8267616323955084  0.44928690299826385   1.2477095353740657   0.03896948957782499   0.06701851856921445   -0.013790494488642054   -0.06860443170976128
0.8279314226473565  0.452854283855808   1.2539320568098034   0.037542796134666455   0.06222521435737617   -0.014266934431585386   -0.047933042118382826
0.82904350385506  0.4563151741427461   1.2598891362012183   0.0363517347464318   0.05957079391414882   -0.011910613882346514   -0.02654420443227338
0.8301037659577984  0.4596817452232639   1.2656916525919901   0.03529583058476052   0.05802516390771423   -0.010559041616712768   -0.015456300064346085
0.831123155192197  0.46298561948982503   1.2715199214907011   0.034575626647180384   0.05828268898711114   -0.007202039375801369   0.0025752507939692288
0.8321117779333762  0.46625854757721796   1.2774501139750871   0.03418981308755667   0.05930192484386059   -0.0038581355962371017   0.010192358567494475
0.8330827568824534  0.4695465295150994   1.283646419685345   0.034283560700989486   0.06196305710257773   0.0009374761343280735   0.02661132258717143
0.8340474114514195  0.472892887260041   1.2901354300228565   0.034826238089342244   0.06489010337511762   0.0054267738835276245   0.02927046272539897
0.8350054222271669  0.4763048163856678   1.2970619456702224   0.0354387429302267   0.06926515647365666   0.006125048408844468   0.043750530985390175
0.8359532374705964  0.4797786551337385   1.3044358533214677   0.03600820654138761   0.0737390765124553   0.005694636111609101   0.04473920038798647
0.8368862708196575  0.48330781350647317   1.3123314702558537   0.03650412312369618   0.07895616934385788   0.0049591658230857495   0.052170928314025776
0.8378009954409325  0.4868900247079996   1.3207869104094396   0.03697155423444513   0.08455440153586027   0.004674311107489491   0.055982321920024
0.8386972862156564  0.4905363533724267   1.3297684972955572   0.037548701551283745   0.08981586886117707   0.005771473168386179   0.052614673253168036
0.8395713020457682  0.4942433669260515   1.3392514047452775   0.03808655032690721   0.09482907449720185   0.005378487756234646   0.050132056360247756
0.8404182865443902  0.49800171824863293   1.3491386386994704   0.03852607870631558   0.09887233954192906   0.004395283794083664   0.04043265044727223
0.8412340371797661  0.5018028766691603   1.3593969825923014   0.038877055491715225   0.10258343892831191   0.0035097678539965185   0.037110993863828386
0.842016169649346  0.5056459151091038   1.3700191320891668   0.039218204511232244   0.10622149496865234   0.0034114901951702134   0.036380560403404226
0.8427661997329902  0.5095473106936714   1.380866941416706   0.03972836849613956   0.10847809327539375   0.005101639849073159   0.022565983067413958
0.8434835591402645  0.5135111529774165   1.3917584029169296   0.04028231642992497   0.10891461500223466   0.0055394793378539895   0.004365217268409216
0.8441676578706626  0.5175376997195748   1.4025061530917589   0.04084246532680737   0.10747750174829201   0.005601488968824056   -0.014371132539426444
0.844818735714662  0.5216291889175098   1.4129896618271358   0.04142968285632975   0.10483508735377002   0.00587217529522373   -0.026424143945219993
0.8454382348840307  0.5257954042974038   1.4231820203553867   0.04212022057457756   0.10192358528250814   0.0069053771824780985   -0.02911502071261883
0.8460303912254452  0.5300615970593464   1.4328754903184842   0.04307092965647245   0.0969346996309746   0.009507090818948887   -0.049888856515335395
0.8465972808890805  0.5344336152596478   1.4418525861580433   0.044086173608625955   0.08977095839558981   0.010152439521535096   -0.07163741235384782
0.8471404802568273  0.5389044353698591   1.4498901204198313   0.04503698259318287   0.08037534261788132   0.009508089845569133   -0.09395615777708473
0.8476618931393892  0.5434570503415153   1.456762780378391   0.04582376509437778   0.068726599585595   0.007867825011949174   -0.11648743032286342
0.8481642558340499  0.5480668019816142   1.4622464404275668   0.04637044151221732   0.054836600491761554   0.005466764178395408   -0.13889999093833433
0.8486515912517055  0.5527054825917346   1.4661212550241514   0.04664209859344734   0.038748145965845845   0.0027165708123001535   -0.16088454525915713
0.8491285345619395  0.5573394923719847   1.4682350749176971   0.04658489193357677   0.021138198935458062   -0.0005720665987055932   -0.17609947030387785
0.8496002819899435  0.5619298973679477   1.4683876898027528   0.04614581634643699   0.0015261488505550977   -0.004390755871397868   -0.19612050084902963
0.8500727962606058  0.5664411974374755   1.466436687075306   0.045359781804257086   -0.019510027274467028   -0.007860345421799054   -0.2103617612502212
0.8505529502684188  0.5708483447844052   1.4622754179079371   0.044332263204995205   -0.041612691673691436   -0.0102751859926188   -0.22102664399224417
0.8510497920810316  0.5751473616323443   1.4557357581887147   0.043276318750124526   -0.06539659719222427   -0.010559444548706828   -0.23783905518532805
0.851571025707505  0.5793247485645346   1.4466628362951328   0.042097798130784125   -0.09072921893581441   -0.011785206193404053   -0.25332621743590145
0.8521243877261148  0.583372178646617   1.4349194074833964   0.04085082593165491   -0.11743428811736419   -0.012469721991291987   -0.2670506918154977
0.8527193438721588  0.5872979583497022   1.4203897787256685   0.03970606892261113   -0.14529628757728283   -0.011447570090437838   -0.27861999459918646
0.8533694439075671  0.5911354776350659   1.402983226867932   0.038921953087654476   -0.17406551857736166   -0.007841158349566682   -0.28769231000078854
0.8540951302183196  0.5949466171122128   1.3826368613886797   0.03879613993154458   -0.20346365479252443   -0.0012581315610988013   -0.2939813621516279
0.8549253179305294  0.598817796097494   1.3595426216382294   0.039591966828620664   -0.23094239750450576   0.007958268970760718   -0.2747874271198128
0.8558986516871309  0.6028461213778377   1.3337178410043486   0.04144246996258062   -0.2582478063388054   0.018505031339599604   -0.27305408834299627
0.8570598939459025  0.6071159808469792   1.305256111194404   0.04424950109297659   -0.2846172980994473   0.02807031130395973   -0.2636949176064196
0.8584523100982836  0.6116705176025702   1.2740994847695117   0.0476262824493354   -0.31156626424892364   0.03376781356358808   -0.2694896614947627
0.860104221257445  0.6164895568542015   1.2405604101959118   0.05094305623587982   -0.3353907457360015   0.03316773786544423   -0.23824481487077928
0.8620076977111815  0.6214557290547571   1.2047789429973574   0.05318466784280698   -0.35781467198554245   0.022416116069271512   -0.2242392624954093
0.8641129542424071  0.6263826356140617   1.1669809991442706   0.053578459576944897   -0.3779794385308672   0.00393791734137924   -0.2016476654532476
0.8663357403678817  0.6310628523443047   1.1274032238462117   0.05181236030296596   -0.39577775298059026   -0.017660992739789414   -0.17798314449723043
0.8685814709605246  0.635329261205656   1.086272100528949   0.04821363963335074   -0.4113112331726263   -0.035987206696152185   -0.15533480192036048
0.8707611433351556  0.6390759526570011   1.043897135381855   0.04334589772090091   -0.42374965147094035   -0.048677419124498314   -0.12438418298314054
0.8728138011148421  0.6422769037756177   1.0005862642251597   0.038025638751084896   -0.4331087115669506   -0.053202589698160066   -0.09359060096010136
0.874718505277956  0.6449780425944185   0.956623300769815   0.033051548931048016   -0.43962963455344606   -0.04974089820036884   -0.06520922986495536
0.8764877328743572  0.6472650611303227   0.9123642297373165   0.028914736850672324   -0.4425907103249877   -0.0413681208037569   -0.029610757715417164
0.8781624252185833  0.6492425315343865   0.8681127791419064   0.025913285485937486   -0.44251450595409964   -0.030014513647348383   0.0007620437088811812
0.8798021658904641  0.6510148398306647   0.8242314218374756   0.024145032963482   -0.4388135730443081   -0.01768252522455487   0.037009329097915294
0.8814722559077646  0.6526704058519917   0.7810309337482819   0.023516163626021963   -0.43200488089193617   -0.006288693374600339   0.06808692152371906
0.8832348142726751  0.6542761227275087   0.7388674410071133   0.02384310943236256   -0.421634927411687   0.0032694580634059114   0.10369953480249179
0.8851435926775503  0.6558775165747466   0.6980513294780084   0.024915652214802204   -0.40816111529104915   0.010725427824396444   0.13473812120637874
0.8872387998631761  0.6575000200858282   0.6589276667332594   0.02649983168657948   -0.39123662744748916   0.015841794717772736   0.16924487843560043
0.8895502576465227  0.6591564901917971   0.6218029539014426   0.028437176892514036   -0.3712471283181685   0.01937345205934558   0.19989499129320673
0.8920940033296504  0.6608486750293692   0.5870097531108116   0.03055181111643035   -0.34793200790631007   0.02114634223916316   0.23315120411858295
0.8948808904160012  0.662576036584686   0.5548639342293437   0.03278798190626584   -0.3214581888146795   0.022361707898354944   0.2647381909163065
0.8979117658960386  0.6643342336118297   0.5256552018885072   0.035039210838360264   -0.2920873234083635   0.02251228932094425   0.29370865406315955
0.9011877255230102  0.6661237178033548   0.4999575157444732   0.037328494678015564   -0.2569768614403411   0.022892838396552897   0.3511046196802241
0.9047023889741315  0.6679445788704237   0.4780032311784145   0.039583322498514664   -0.21954284566058663   0.022548278204991053   0.3743401577975449
0.9084288744463564  0.6697908836148844   0.46000476255301315   0.0415879011061202   -0.17998468625401406   0.020045786076055387   0.39558159406572574
0.9123261707846521  0.6716550086679708   0.4461474625670418   0.043201714042428355   -0.13857299985971283   0.016138129363081476   0.41411686394301234
0.9163447628487142  0.6735301368871054   0.43658327764233473   0.04434544848745888   -0.09564184924707053   0.011437344450305245   0.42931150612642277
0.920431399763287  0.6754114103151242   0.43142558255869645   0.04498865521719805   -0.051576950836383445   0.006432067297391725   0.44064898410687087
0.9245325493711114  0.6772959856532975   0.43074553219131034   0.04513430215590871   -0.0068005036738613385   0.0014564693871065761   0.44776447162522104
0.9285964038379664  0.6791822807656474   0.4345701143143413   0.0448029266662926   0.038245821230310034   -0.003313754896161018   0.4504632490417137
0.9325737132840192  0.6810687786584441   0.4428893640313235   0.04402029614755905   0.08319249716982237   -0.007826305187335627   0.44946675939512315
0.9364195177379232  0.68295370153492   0.4557160206394584   0.042828899294670035   0.12826656608134848   -0.01191396852889015   0.4507406891152614
0.9400961396147599  0.6848349156664455   0.472939320319652   0.0412995339366998   0.17223299680193652   -0.01529365357970219   0.43966430720588057
0.9435771403255894  0.6867115974388015   0.49445272658637196   0.03954655537905808   0.21513406266719987   -0.017529785576417264   0.4290106586526331
0.946852519234656  0.6885876515314461   0.5201602814039827   0.03774610702640316   0.2570755481761063   -0.01800448352654919   0.4194148550890643
0.9499139506897655  0.6904640777745314   0.549868623421205   0.035907294523639284   0.29708342017222256   -0.01838812502763884   0.40007871996116284
0.9527617620426578  0.6923437571274942   0.5834033024834695   0.03412216870543   0.33534679062264505   -0.017851258182092683   0.3826337045042247
0.955409851203379  0.6942367083240436   0.6206142027167014   0.032550945355927084   0.3721090023323199   -0.015712233495029204   0.3676221170967491
0.9578752522025927  0.6961551792979742   0.6612798972782783   0.03123897079728735   0.4066569456157685   -0.013119745586397412   0.3454794328344854
0.9601818655266234  0.698118756174817   0.7052374768049219   0.030292076815344307   0.4395757952664349   -0.009468939819430406   0.3291884965066644
0.9623607106329289  0.7001578353961488   0.7522741068272366   0.029841598596823272   0.4703663002231482   -0.004504782185210364   0.30790504956713244
0.964441681717743  0.7023100851066308   0.8022344906448847   0.029937634295486296   0.49960383817648085   0.000960356986630224   0.29237537953332754
0.9664514562185034  0.7046208572892579   0.8549523563823471   0.03062492714099054   0.5271786573746243   0.006872928455042454   0.2757481919814352
0.9684085917489704  0.7071397583318739   0.9102504769905412   0.03189865506115856   0.5529812060819397   0.012737279201680215   0.2580254870731533
0.9703187719276717  0.7099152202608489   0.9680075750917795   0.03369269540166257   0.5775709810123832   0.017940403405040117   0.24589774930443598
0.9721723972296501  0.7129909175235425   1.0284171360199699   0.03591077889976242   0.6040956092819018   0.02218083498099847   0.2652462826951852
0.9739470334943953  0.7164041041445097   1.0913279523020296   0.038469698181423165   0.6291081628205989   0.025589192816607497   0.2501255353869717
0.9756027188125507  0.7201701898077347   1.1565992411957586   0.0411396342904329   0.6527128889372923   0.026699361090097348   0.23604726116693286
0.977087134978743  0.724278868835889   1.2241010444451246   0.04368607868743479   0.675018032493659   0.02546444397001889   0.22305143556366727
0.9783431420394629  0.7286952152937373   1.2937125756571384   0.04591477950761163   0.6961153121201373   0.02228700820176832   0.21097279626478288
0.97931765634835  0.7333709547288325   1.365318554721418   0.04776213709951599   0.7160597906427956   0.018473575919043656   0.1994447852265824
0.9799628695282421  0.7382307958987433   1.438803976743261   0.04902484701074266   0.7348542202184313   0.012627099112266695   0.1879442957563574
0.9802449519349006  0.7431962345182178   1.514048159823835   0.04973444597853021   0.752441830805738   0.007095989677875492   0.17587610587306618
0.9801445470088825  0.7481852994550102   1.59091860930391   0.04990075159023191   0.7687044948007512   0.001663056117017066   0.1626266399501328
0.9796580070488093  0.7531103800927397   1.669265055831145   0.04949054497667732   0.7834644652723511   -0.004102066135545877   0.14759970471599723
0.9787987255673567  0.7578834886294618   1.7489140114337163   0.04849838117679616   0.7964895560257103   -0.009921637998811628   0.130250907533593
0.9775972436837901  0.7624206420531254   1.8296641630405404   0.04693540231680303   0.8075015160682417   -0.015629788599931284   0.11011960042531484
0.9760988937497171  0.7666498721460259   1.9112828075372026   0.04486807295129861   0.8161864449666212   -0.02067329365504423   0.08684928898379289
0.9743580039706089  0.770520034756767   1.993503398630009   0.042436842314883545   0.8222059109280652   -0.02431230636415066   0.06019465961444231
0.9724291681349094  0.7740072895056821   2.07602419697642   0.039851415740107754   0.8252079834641106   -0.02585426574775795   0.03002072536045352
0.9703568156512411  0.7771177785603065   2.158507997715897   0.037376178209527725   0.8248380073947728   -0.024752375305800312   -0.0036997606933791625
0.9681647810851849  0.7798858244446375   2.240582917949165   0.03530877165315759   0.8207492023326793   -0.02067406556370127   -0.04088805062093441
0.9658483653208597  0.7823676128560849   2.321742597952821   0.033948572447761574   0.8115968000365607   -0.013601992053960189   -0.09152402296118578
0.9633708742299557  0.7846298327713579   2.4015819271278103   0.03354936817671366   0.7983932917498936   -0.003992042710479221   -0.13203508286666976
0.9606680090988791  0.786735699522657   2.479711310336896   0.03426390913339725   0.7812938320908553   0.007145409566835905   -0.17099459659038357
0.9576611846773672  0.7887313208600625   2.555648563545591   0.03608808338511314   0.7593725320869411   0.018241742517158935   -0.21921300003914188
0.9542825165458794  0.7906331779033919   2.6288983195701876   0.038771714633212453   0.7324975602459713   0.0268363124809932   -0.26874971840969814
0.950489792074459  0.7924309100185443   2.6989646953332294   0.04197213322427258   0.7006637576304168   0.032004185910601265   -0.31833802615554524
0.9462730872481064  0.7940967005530406   2.7653646255580253   0.045338127108872105   0.6639993022479586   0.03365993884599528   -0.36664455382458266
0.94169453147543  0.7955833136648082   2.827640801309348   0.04813854121967742   0.6227617575132266   0.028004141108053063   -0.4123754473473189
0.9368444170082445  0.7968539379429626   2.8853725443235114   0.05013790621978195   0.5773174301416344   0.019993650001045322   -0.4544432737159224
0.9318260816320679  0.797889028722418   2.938183467059299   0.05123973347851799   0.5281092273578729   0.011018272587360432   -0.49208202783761595
0.9267479914401405  0.7986869042941548   2.985745597666131   0.05140389618046527   0.47562130606833336   0.001641627019472738   -0.524879212895395
0.9216230457844522  0.7992727226076202   3.02777941364074   0.051583186282106744   0.4203381597460902   0.0017929010164148046   -0.5528314632224312
0.916473265172507  0.7996728292937069   3.0640544905948968   0.05165300156952511   0.36275076954156765   0.0006981528741836693   -0.575873902045226
0.9113744219985564  0.7999137004231182   3.0943873992470663   0.05104529421359168   0.30332908652168966   -0.0060770735593343944   -0.59421683019878
0.9068880573348287  0.8000166864509549   3.1186413440442573   0.044875465477106684   0.24253944797191207   -0.06169828736484985   -0.6078963854977752
0.9034726714284929  0.8000332984051579   3.1367288333196144   0.0341542630519497   0.18087489275357221   -0.10721202425156982   -0.6166455521833987
0.9011636408946891  0.8000159345144542   3.149112503654262   0.023090958210385162   0.1238367033464744   -0.11063304841564545   -0.5703818940709784
0.9  0.8   3.155285467796357   0.011637499905663762   0.06172964142094989   -0.11453458304721399   -0.6210706192552449
0.9  0.8   3.155285467796357   0.0   -2.3707891668944303e-21   -0.11637499905663763   -0.6172964142094991
