0.1  0.1   3.3548191824514073   0.0   -3.050820675877858e-22   0.0   0.0
0.09884295891181158  0.09975498387341818   3.350270826665329   0.011826990242836117   -0.04548355786078384   0.11826990242836118   -0.45483557860783835
0.0965245461920277  0.09928609106197149   3.3411481828524856   0.023653536750097494   -0.09122643812843576   0.11826546507261379   -0.4574288026765192
0.09303770794141368  0.09863061155159582   3.327410814168708   0.035479140878081135   -0.13737368683777576   0.1182560412798364   -0.4614724870934001
0.0883740130839167  0.0978424287111782   3.3090145764754366   0.047298289518514954   -0.18396237693271497   0.11819148640433826   -0.46588690094939195
0.08305403038367698  0.09706919841135885   3.2859264784845656   0.053758814186520634   -0.23088097990871076   0.0646052466800568   -0.4691860297599579
0.07771462489767571  0.09644415225227841   3.2581251509269755   0.0537586585071855   -0.27801327557589894   -1.556793351330238e-06   -0.4713229566718817
0.07235780172860772  0.09599296901571398   3.2256202278442325   0.053757902468028175   -0.3250492308274319   -7.56039157329158e-06   -0.4703595525153301
0.06698793297202507  0.09574116153954064   3.1884509963807197   0.05375769476826481   -0.37169231463512814   -2.076997633675457e-06   -0.4664308380769628
0.061611967712990205  0.09571373487122414   3.146694329112066   0.053760352201677984   -0.41756667268653275   2.6574334131753394e-05   -0.4587435805140459
0.056242514433136055  0.09593465086229644   3.1004727380639197   0.05373995943397063   -0.4622159104814675   -0.00020392767707354308   -0.4464923779493468
0.05089194581004924  0.09642629474215661   3.0499636665793357   0.05373108811011098   -0.5050907148458402   -8.871323859652809e-05   -0.42874804364372726
0.045575703106475  0.0972090584707308   2.995403031118403   0.053735607876042285   -0.5456063546093264   4.519765931305586e-05   -0.40515639763486194
0.040389177194731896  0.0982847570345971   2.9370895203226683   0.052969027207875524   -0.5831351079573418   -0.007665806681667655   -0.37528753348015415
0.03530480083478754  0.0996711225351132   2.875392338789403   0.05269999266658607   -0.6169718153326575   -0.002690345412894497   -0.3383670737531584
0.03059370987764666  0.10128926316753815   2.810742789834925   0.04981240519464933   -0.6464954895447791   -0.028875874719367436   -0.2952367421212145
0.02650409470019163  0.10300861980095527   2.743607565250199   0.04436343035941421   -0.6713522458472584   -0.05448974835235118   -0.24856756302479213
0.023243516853544723  0.10465315135886898   2.674456648234934   0.03651828574703183   -0.6915091701526555   -0.0784514461238238   -0.20156924305397214
0.02086083574307193  0.10607439197683848   2.6037595301972374   0.027743637411792588   -0.7069711803769652   -0.0877464833523924   -0.15462010224309633
0.019263867473351893  0.10718956611362827   2.5320038283460047   0.019477990168026784   -0.7175570185123264   -0.08265647243765803   -0.10585838135361357
0.018254078547111  0.10800932563515651   2.4596902071847953   0.01300645742965759   -0.723136211612095   -0.06471532738369194   -0.05579193099768419
0.017555563931753407  0.10866564128313518   2.387331474782448   0.009584742550793097   -0.7235873240234698   -0.03421714878864492   -0.004511124113747985
0.016870031021081512  0.10940946268917022   2.3154374741746686   0.010115461708148588   -0.7189400060777946   0.005307191573554905   0.04647317945675035
0.015950145527223302  0.11056170310192671   2.2445273720808854   0.014743972634944874   -0.7091010209378321   0.04628510926796286   0.09838985139962517
0.01465568785055708  0.11243628172295943   2.1751400408501342   0.022780837743843037   -0.6938733123075109   0.08036865108898165   0.15227708630321168
0.012974477594705575  0.11525990110236253   2.107833741014154   0.032862279781112315   -0.6730629983598068   0.10081442037269277   0.2081031394770422
0.011012193008104994  0.11910025513874055   2.043177012637322   0.04312641872858814   -0.6465672837683166   0.10264138947475829   0.2649571459149013
0.008970390833826008  0.12378607177792092   1.9817293631038535   0.05111343629116508   -0.6144764953346812   0.07987017562576941   0.3209078843363538
0.007110774464007648  0.12883016859727545   1.924007496916065   0.05375973006435121   -0.5772186618778863   0.026462937731861237   0.37257833456795086
0.005523832724806012  0.1339666324114615   1.8704493235080908   0.05376024981160595   -0.5355817340797422   5.197472547415492e-06   0.4163692779814397
0.0041907141403219215  0.13917471043709723   1.8213871076407662   0.053759912464034616   -0.490622158673244   -3.3734757132509478e-06   0.4495957540649823
0.003089856505541598  0.14443680455144906   1.7770272030357017   0.05376013578884466   -0.4435990460506449   2.2332481003585453e-06   0.47023112622599156
0.0021981265898372367  0.14973837512116586   1.7374375781186355   0.05376042480138122   -0.3958962491706645   2.890125365618975e-06   0.4770279687998034
0.001491834346707375  0.15506784780295418   1.7025542758917938   0.05376069921293187   -0.3488330222684164   2.744115506421507e-06   0.4706322690224804
0.0009476784098265467  0.16041632694550506   1.6721877619556207   0.05376089175408504   -0.30366513936172845   1.9254115317996044e-06   0.45167882906687995
0.0005438794007262494  0.1657772471254954   1.6459770666824085   0.053761062876377705   -0.2621069527321235   1.7112229266240799e-06   0.4155818662960501
0.00026146520870921154  0.17114594680917145   1.6233517210017883   0.053761225868980925   -0.22625345680620207   1.6299260321975942e-06   0.3585349592592139
8.436595076811511e-05  0.17651916845287957   1.603744003572542   0.05376139412215486   -0.1960771742924624   1.6825317393476397e-06   0.3017628251373964
3.487808577277939e-08  0.18189466357779513   1.5864830967314518   0.05376156579547373   -0.17260906841090484   1.7167331887159113e-06   0.23468105881557574
2.6291075672527005e-08  0.18727083759925617   1.5707979240292989   0.05376174021467916   -0.1568517270215275   1.744192054240828e-06   0.15757341389377336
8.02191895148261e-05  0.19264640819845763   1.5558794079591307   0.05376168725771111   -0.14918516070168236   -5.295696804591654e-07   0.07666566319845133
0.0002403900549088741  0.1980201851945914   1.5409991359308608   0.05376163493635343   -0.14880272028270053   -5.232135768754312e-07   0.0038244041898183485
0.00048371547648713297  0.2033908295321848   1.5255207283853278   0.05376153630776388   -0.15478407545532807   -9.862858954308263e-07   -0.059813551726275394
0.000816304675833334  0.20875666314882296   1.5088927566377544   0.053761311346511825   -0.1662797174757358   -2.2496125205710977e-06   -0.11495642020407731
0.001246763976127869  0.21411549141063477   1.4906412987778674   0.05376089243009569   -0.1825145785988703   -4.189164161334195e-06   -0.16234861123134478
0.0017857824167097948  0.21946448824884263   1.4703653509278025   0.05376086685912446   -0.20275947850064882   -2.557097122323775e-07   -0.20244899901778537
0.0024457179982244224  0.22480003202785392   1.4477346767936632   0.05376201483342592   -0.2263067413413899   1.1479743014599327e-05   -0.2354726284074108
0.003240018843799367  0.23011649378931404   1.4224892797428441   0.053754701649575326   -0.25245397050819307   -7.313183850594982e-05   -0.26147229166803226
0.004150330718015598  0.2352246008616509   1.3944384897510442   0.05188586085900158   -0.28050789991799957   -0.018688407905737496   -0.2805392940980645
0.005157774425658184  0.24001373280448077   1.363458980643633   0.04893948057540289   -0.3097950910741097   -0.02946380283598692   -0.2928719115611004
0.006246001785695758  0.244435585724779   1.3294896116713404   0.04553792050136243   -0.3396936897229266   -0.03401560074040454   -0.29898598648816943
0.007390530207609641  0.24844189301404113   1.2925268533584027   0.04166586541110591   -0.36962758312937793   -0.03872055090256529   -0.2993389340645135
0.00855247918451222  0.2519697036511028   1.252618540978761   0.03714239264760728   -0.3990831237964167   -0.04523472763498627   -0.29455540667038793
0.009683137687319255  0.254965019090035   1.2098570329052072   0.03201609474729106   -0.42761508073553733   -0.051262979003162276   -0.28531956939120623
0.010736530887473346  0.25741259094698776   1.1643751201801908   0.026646285349140132   -0.45481912725016305   -0.05369809398150918   -0.27204046514625757
0.0116850281217269  0.25935395726727173   1.116332839717366   0.02160682807105134   -0.48042280462824843   -0.05039457278088793   -0.25603677378085327
0.01253522426266295  0.2608923561565738   1.065920846447638   0.017576986717490504   -0.5041199326972823   -0.04029841353560841   -0.23697128069033926
0.013342132457466158  0.26218672701499934   1.0133498463180235   0.015252857941978986   -0.525710001296144   -0.0232412877551151   -0.21590068598861673
0.014190734322646047  0.2633958562708823   0.9588439617931984   0.014771996083870424   -0.5450588452482507   -0.004808618581085655   -0.19348843952106723
0.015198728774736244  0.26467301013168415   0.9026443513262391   0.016270140748025328   -0.5619961046695927   0.014981446641549061   -0.16937259421341955
0.016517367619323785  0.2661589806871661   0.8449906272930274   0.01986684900585559   -0.5765372403321162   0.03596708257830261   -0.14541135662523458
0.01831752675829201  0.26796179671308856   0.7861355779926376   0.025476888642323812   -0.5885504930038993   0.05610039636468219   -0.1201325267178308
0.020765062604906005  0.2701359927139326   0.7263246764721476   0.032737684662399166   -0.5981090152049015   0.07260796020075357   -0.09558522201002233
0.023978981799478407  0.2726603406710223   0.6658010228742088   0.04086760232470683   -0.6052365359793871   0.08129917662307663   -0.07127520774485588
0.027965496947052894  0.2754157863376918   0.604789771260924   0.048461101766064225   -0.6101125161328473   0.07593499441357401   -0.04875980153460263
0.03253885271715821  0.27817910340060514   0.5435173123768502   0.05343360758000862   -0.6127245888407387   0.04972505813944388   -0.026120727078914392
0.037300638260765726  0.28067141407047175   0.4821905890279736   0.053745896623315144   -0.6132672334887653   0.003122890433065181   -0.005426446480265368
0.04220710657381713  0.282868389458866   0.42099894038034197   0.0537588431462092   -0.611916486476317   0.0001294652289405837   0.01350747012448319
0.04723846241647891  0.2847628875624575   0.3601186217558518   0.05376212856649085   -0.6088031862449022   3.285420281655655e-05   0.031133002314147565
0.05237423867945291  0.28634997074332635   0.2997158935397219   0.053754098305453954   -0.6040272821612984   -8.030261036894455e-05   0.04775904083603696
0.05759061915400381  0.2876262372758349   0.2399513634086323   0.053702403593579626   -0.5976453013108959   -0.0005169471187433157   0.06381980850402612
0.06277495224292215  0.28857489655847574   0.18098351120692027   0.052704140265632096   -0.5896785220171206   -0.009982633279475343   0.07966779293775468
0.06788346191146497  0.2892062867939198   0.12297213949459225   0.05147380368984745   -0.58011371712328   -0.012303365757846418   0.095648048938404
0.07293600388295467  0.28954064978163124   0.06608082880248035   0.05063593484988341   -0.568913106921119   -0.00837868839964038   0.11200610202160977
0.07792621552329594  0.2895929459339517   0.010479362748317756   0.04990485658024184   -0.5560146605416258   -0.007310782696415708   0.1289844637949309
0.08290403975856604  0.289375507065122   -0.04365375717943854   0.04982571000891036   -0.541331199277563   -0.0007914657133147924   0.1468346126406304
0.08779007566683825  0.28890436773849276   -0.09612848205194327   0.0490869831646049   -0.5247472487250472   -0.007387268443054652   0.1658395055251572
0.0925380685622827  0.28820259669833015   -0.14674131324431552   0.04799574890342024   -0.5061283119237227   -0.01091234261184652   0.18618936801324631
0.09708923984326208  0.2873024049829588   -0.19527294712708543   0.046393431812310475   -0.485316338827699   -0.016023170911097697   0.20811973096023625
0.10139762962048537  0.2862412740861009   -0.24148770862964636   0.04437141112557547   -0.46214761502560936   -0.020220206867349932   0.23168723802089614
0.10544279902036231  0.2850555514272633   -0.2851335702476801   0.04215368749870145   -0.4364586161803372   -0.02217723626874026   0.2568899884527209
0.1092325000682354  0.28377463500733924   -0.3259440578669565   0.04000322600376279   -0.4081048761927647   -0.021504614949386557   0.2835373998757255
0.11280000474827791  0.2824169582063549   -0.3636429230478387   0.038171161808433926   -0.3769886518088213   -0.018320641953288735   0.3111622438394343
0.11620065039633123  0.2809873760629475   -0.39795564665675504   0.03688915278015138   -0.343127236089164   -0.012820090282825384   0.3386141571965726
0.11950883821016255  0.27947575488910886   -0.4286046795770864   0.03637183688622188   -0.3064903292033137   -0.005173158939295092   0.3663690688585029
0.12281305872884858  0.2778579020854503   -0.4553190313323826   0.036790380441647175   -0.26714351755296234   0.004185435554252929   0.3934681165035138
0.126206172536452  0.2761006792927989   -0.4778483845415407   0.03821132457055458   -0.22529353209158054   0.014209441289074145   0.4184998546138179
0.1297705676246141  0.27417205109177095   -0.49597020972313816   0.04052717493523925   -0.18121825181597423   0.023158503646846667   0.44075280275606304
0.13354041179782875  0.272065815590155   -0.5095028899815632   0.04318327578888265   -0.1353268025842511   0.026561008536433985   0.45891449231723164
0.1374937779855069  0.26981109735702796   -0.5183165941885352   0.045511381570628145   -0.08813704206971983   0.02328105781745496   0.47189760514531237
0.14153758335041308  0.26748316622365303   -0.5223439159920955   0.04666007414372584   -0.04027321803560404   0.011486925730976944   0.4786382403411578
0.14553214769514247  0.2651875731365095   -0.5215931651792444   0.04607200009325054   0.007507508128512102   -0.005880740504752992   0.47780726164116144
0.14931264726489052  0.26304227947862463   -0.516151583116179   0.04346776032351606   0.0544158206306539   -0.026042397697344767   0.4690831250214181
0.1527408075037487  0.2611418163887216   -0.5061907435849102   0.03919699297059894   0.09960839531268843   -0.04270767352917122   0.4519257468203453
0.15573118249903628  0.2595392538896782   -0.49195880206995707   0.033927200261414395   0.14231941514953125   -0.05269792709184552   0.4271101983684282
0.15828200869647738  0.2582313861576103   -0.47377427162045016   0.02866571522592128   0.18184530449506922   -0.05261485035493108   0.3952588934553797
0.16046345398830625  0.25717220036999894   -0.4520153730362535   0.024249903286240854   0.21758898584196687   -0.04415811939680426   0.3574368134689763
0.16241340678690483  0.2562847360824689   -0.4271043063228776   0.02142407239159675   0.24911066713375862   -0.02825830894644105   0.315216812917918
0.16429930719453348  0.2554884867420344   -0.39950661923567615   0.020471036514149256   0.27597687087201495   -0.009530358774474917   0.2686620373825624
0.16630311736251563  0.2547119473508852   -0.3697116027763833   0.021490157317513896   0.29795016459292817   0.010191208033646367   0.2197329372091325
0.1685780259585193  0.25391174167959196   -0.33823555901967983   0.024115427088362666   0.3147604375670351   0.02625269770848769   0.1681027297410697
0.17123846347797103  0.2530724046960639   -0.3056050095450545   0.0278969789884571   0.32630549474625353   0.037815519000944355   0.11545057179218449
0.17435758390785824  0.2522012364872293   -0.2723588427420082   0.032384944502382364   0.33246166803046284   0.04487965513925267   0.06156173284209263
0.17792563819257007  0.2513317488954462   -0.23902802179228   0.03672467842053234   0.3333082094972816   0.04339733918149971   0.008465414668188133
0.18191472554801222  0.2504975863676285   -0.2061407068721156   0.040753705417009706   0.3288731492016436   0.04029026996477365   -0.044350602956380415
0.18624964754352447  0.24973467371534427   -0.1742082640751265   0.04401543413643812   0.3193244279698915   0.03261728719428413   -0.09548721231752087
0.19086816232453832  0.24906630590579149   -0.1437171610292112   0.046666255807906835   0.3049110304591534   0.02650821671468717   -0.14413397510738074
0.19571813550602918  0.24850549244505168   -0.11512100992559876   0.048822895857299826   0.28596151103612394   0.021566400493929837   -0.18949519423029523
0.20074647222483516  0.24805762130210487   -0.08883501616564231   0.05048243131860498   0.26285993759956466   0.01659535461305161   -0.23101573436559256
0.20589012957127376  0.2477216083156334   -0.06523300669683486   0.05154620803187093   0.2360200946880743   0.010637767132659516   -0.268398429114903
0.21107859922507863  0.24748980424732547   -0.04464708096307815   0.051936452010642994   0.20585925733756727   0.003902439787720631   -0.3016083735050705
0.21624668516606516  0.2473485206412543   -0.02733089723216121   0.05170016765037323   0.17316183730916934   -0.0023628436026975875   -0.3269742002839795
0.2213489561933487  0.24727968780405035   -0.013489809048012858   0.05102735305239236   0.1384108818414835   -0.006728145979808763   -0.347509554676858
0.2263737374380321  0.24726325577263691   -0.0032701867082039764   0.05024808112612682   0.10219622339808883   -0.007792719262655345   -0.36214658443394715
0.2313057769559224  0.247279255351382   0.0032439972476072556   0.04932065469207773   0.06514183955811231   -0.009274264340490937   -0.370543838399765
0.23616832566225096  0.24730859056550272   0.006032815300757814   0.0486263719356124   0.027888180531505585   -0.006942827564653255   -0.37253659026606734
0.24101682524885532  0.24733351061176925   0.005139698660911989   0.04848563627509543   -0.00893116639845825   -0.0014073566051697598   -0.3681934692996383
0.2459234425702206  0.2473368004603319   0.0006704920832938362   0.04906618424274037   -0.04469206577618154   0.005805479676449378   -0.3576089937772328
0.2509540729348076  0.24730053713148506   -0.007208381082792969   0.050307610650997835   -0.07878873166086808   0.012414264082574662   -0.3409666588468653
0.25614030382246955  0.2472056863784971   -0.018286918139505108   0.051870981758089844   -0.11078537056712141   0.015633711070920146   -0.31996638906253355
0.26145666590808414  0.2470340505326533   -0.03227324420990232   0.05319131948818268   -0.13986326070397215   0.013203377300928394   -0.29077890136850715
0.26682230691575415  0.24677173164859334   -0.04884974479501008   0.053720493873497026   -0.16576500585107762   0.005291743853143428   -0.25901745147105504
0.272184535228465  0.24640851549676906   -0.06763273689745845   0.053745156479987656   -0.1878299210244838   0.0002466260649062518   -0.22064915173406147
0.2775239675464268  0.24593627537681415   -0.08821434586159121   0.053602750124401105   -0.20581608964132742   -0.0014240635558655102   -0.17986168616843623
0.28276603938668615  0.24535646684652887   -0.11015898341312431   0.052740397334710906   -0.21944637551533097   -0.008623527896901944   -0.13630285874003578
0.2878303977314864  0.24467884043440982   -0.13301298082052812   0.05109491461872644   -0.22853997407403823   -0.016454827159844615   -0.0909359855870728
0.2926947607665875  0.24391222307371044   -0.15631304192046414   0.049244014778431794   -0.2330006109993604   -0.018508998402946574   -0.04460636925322147
0.2973717954254248  0.24306310658494426   -0.17959406275071035   0.047534884044730635   -0.23281020830246182   -0.01709130733701154   0.001904026968985554
0.3018804293902654  0.24213790871884   -0.2023960945720803   0.04602583113900048   -0.22802031821369945   -0.015090529057301563   0.04789890088762421
0.30622057386237306  0.24114788989564023   -0.22427008054388545   0.04451627939198982   -0.21873985971805138   -0.01509551747010661   0.09280458495648045
0.3103636043452419  0.24011299320453833   -0.2447830753052657   0.04270329348332957   -0.20512994761380224   -0.018129859086602567   0.13609912104249153
0.31426039470925327  0.23906162277534884   -0.2635293348053294   0.040361311822617915   -0.1874625950006371   -0.02341981660711642   0.17667352613165105
0.3178616598110966  0.2380256240948081   -0.28011267070866197   0.03747319521983238   -0.16583335903332633   -0.02888116602785537   0.21629235967310798
0.3211425032435492  0.23703166074144763   -0.2941699019911233   0.03428103962264131   -0.14057231282461286   -0.031921555971910646   0.25261046208713467
0.32412360300328114  0.23609190239240052   -0.30537806534237527   0.031257161630700164   -0.11208163351251993   -0.030238779919411592   0.2849067931209293
0.32688583313490244  0.23519664924356384   -0.31342237019781427   0.029036861918152836   -0.08044304855438966   -0.022202997125473238   0.3163858495813027
0.32954738364911595  0.23432046094721534   -0.3180279419358202   0.028020630025694677   -0.04605571738005966   -0.010162318924581602   0.3438733117432999
0.33223560311572664  0.23343270545022893   -0.3189632714001845   0.02831012844035512   -0.009353294643642691   0.0028949841466044753   0.36702422736416973
0.3350877642779136  0.232500167255204   -0.3160022298440647   0.030007417050236036   0.029610415561197853   0.01697288609880914   0.38963710204840546
0.3382213751358597  0.23149993357236745   -0.3089727705997548   0.03289374473865611   0.07029459244309927   0.02886327688420071   0.40684176881901407
0.34170737885318464  0.23043030132250544   -0.297716707987837   0.0364641400106299   0.11256062611917797   0.035703952719737926   0.4226603367607871
0.34557788286133007  0.22930844656981467   -0.2821164706102452   0.04029808849462328   0.15600237377591808   0.03833948483993385   0.43441747656740104
0.3498084103049726  0.22817355985195661   -0.26209054911080043   0.04380106198916153   0.20025921499444702   0.03502973494538249   0.4425684121852892
0.3543355055618039  0.2270772291337522   -0.23759663049784516   0.046579536824770604   0.2449391861295532   0.02778474835609073   0.4467997113510618
0.3590793613100925  0.2260728878701624   -0.20863335080094206   0.048490069843547125   0.2896327969690308   0.01910533018776526   0.44693610839477643
0.3639660467794573  0.2252076633927806   -0.17524136073947066   0.04962691635872786   0.3339199006147142   0.01136846515180734   0.44287103645683357
0.36894150105460927  0.224519163370654   -0.13750607216469798   0.0502286546949018   0.3773528857477265   0.006017383361739333   0.43432985133012353
0.3739734436934999  0.22403686122782282   -0.09555619335181695   0.05055003667463041   0.4194987881288104   0.003213819797286073   0.4214590238108387
0.3790430500909143  0.2237853770069493   -0.04956563146419724   0.05075840160806274   0.4599056188761971   0.0020836493343233896   0.40406830747386663
0.38413014766499154  0.2237866326497469   0.0002468289144481314   0.05087097729041726   0.49812460378645373   0.0011257568235451267   0.3821898491025664
0.38919664531062165  0.2240585526937116   0.05361877679434842   0.0507378940275263   0.5337194787990029   -0.0013308326289095823   0.35594875012549226
0.3941729774549764  0.22460940118551748   0.11024485662465726   0.05006727041877076   0.5662607983030883   -0.006706236087555352   0.32541319504085436
0.3989538041886581  0.22542897873497056   0.16977974760587175   0.04850568174662917   0.5953489098121449   -0.015615886721415926   0.29088111509056624
0.4034095143204574  0.22648090129778084   0.23183912829483486   0.04578197664667669   0.6205938068896312   -0.02723705099952483   0.25244897077486167
0.40740976702648807  0.2277008358481504   0.2960050174658822   0.041821360593948996   0.6416588917104735   -0.03960616052727698   0.21065084820842364
0.41085406567185523  0.22900447829511075   0.36182938221537086   0.03682753967888019   0.6582436474948864   -0.04993820915068806   0.16584755784412858
0.41369804140937044  0.23030480303870055   0.4288424610949287   0.03127146052612002   0.6701307887955783   -0.055560791527601676   0.11887141300691992
0.4159659744302027  0.231533640642631   0.4965502044041076   0.025794499498566204   0.6770774330917886   -0.05476961027553816   0.06946644296210235
0.4177491775592607  0.23266270501212266   0.5644502666792571   0.021105922746796797   0.6790006227514944   -0.04688576751769404   0.019231896597058273
0.4191925816058844  0.23371961334056673   0.6320330389662728   0.017889858737687624   0.6758277228701592   -0.03216064009109176   -0.031728998813352005
0.4204698761244307  0.2347928276786619   0.6987915225508844   0.01668313610386696   0.6675848358461137   -0.0120672263382066   -0.08242887024045424
0.4217482570701465  0.23601818736273839   0.7642245093814389   0.017708089105629887   0.6543298683055445   0.010249530017629226   -0.1325496754056937
0.42316093824047707  0.23755618701067402   0.8278436928855574   0.02088327322537496   0.6361918350411851   0.03175184119745072   -0.18138033264359277
0.42478889417408433  0.23956270655816894   0.8891829963035603   0.02583865556921708   0.6133930341800312   0.049553823438421234   -0.22798800861153945
0.4266503075554471  0.2421536103137038   0.947800288962779   0.031902416909633614   0.5861729265921863   0.06063761340416535   -0.2722010758784488
0.42870830964384415  0.24538202241304907   1.003283066651477   0.038285790156460865   0.5548277768869794   0.06383373246827244   -0.3134514970520697
0.4308870419902634  0.24922689374825288   1.0552528468363704   0.04419265801194288   0.5196978018489364   0.059068678554820175   -0.35129975038042965
0.433091970718125  0.25359540785300555   1.1033703119327956   0.04893426833863277   0.48117465096425155   0.0474161032668989   -0.38523150884684915
0.43523124819241965  0.2583417198954177   1.147340357803817   0.05206148875701721   0.43970045871021357   0.031272204183844424   -0.41474192254037945
0.4372338189255014  0.26329954432735897   1.1869141233883385   0.053469909892339844   0.3957376558452142   0.014084211353226425   -0.43962802864999395
0.4390714011592175  0.2683508262320636   1.2218937643297378   0.05375142541967189   0.3497964094139933   0.0028151552733203422   -0.45941246431220817
0.4407554584238911  0.2734554465618964   1.2521313484421925   0.053752393046675125   0.3023758411245453   9.676270032369114e-06   -0.4742056828944799
0.44230946340378063  0.27860160109893134   1.277529488971792   0.053756709345500635   0.2539814052959975   4.316298825507605e-05   -0.4839443582854785
0.4437574410150834  0.28377798275336985   1.2980400956752314   0.05375087552332732   0.20510606703439258   -5.833822173319544e-05   -0.48875338261604934
0.4450933298543674  0.288858178559702   1.3136575972856155   0.05252902856668676   0.1561750161038434   -0.012218469566405547   -0.4893105093054914
0.4463024696513882  0.29366636578146554   1.3244297318316096   0.049578910242430316   0.107721345459939   -0.02950118324256438   -0.484536706439044
0.4473904451192547  0.2981050809623392   1.3304248626206745   0.0457010755623955   0.05995130789064816   -0.03877834680034817   -0.47770037569290846
0.4483794406839253  0.30216327272189714   1.3317524975879567   0.04176964517958222   0.013276349672822693   -0.03931430382813285   -0.46674958217825463
0.44930349195227504  0.3059030507096733   1.3285609966217442   0.038522474147429195   -0.03191500966212675   -0.03247171032153015   -0.4519135933494944
0.4501962165689934  0.30940232240188825   1.3210072453008515   0.0361135149455606   -0.07553751320892722   -0.024089592018685983   -0.43622503546800484
0.4510902972158097  0.3127428293573057   1.3092777973944842   0.03458087176779022   -0.11729447906367192   -0.015326431777703913   -0.4175696585474472
0.4520182108289054  0.3160039847017145   1.2935870696517247   0.03390598450677174   -0.15690727742759641   -0.006748872610184743   -0.3961279836392448
0.45300245334242406  0.3192240126781246   1.2741525060958556   0.03367092736216445   -0.19434563555868922   -0.0023505714460728827   -0.37438358131092797
0.4540563160871512  0.3224085971335975   1.2512136662044324   0.03354430628104149   -0.2293883989142306   -0.0012662108112295309   -0.3504276335554135
0.45518611580357266  0.3255447894852329   1.2250232787664472   0.033334891428776145   -0.26190387437985263   -0.002094148522653452   -0.3251547546562206
0.456383659378259  0.328587561017581   1.1958453186127354   0.03269949420303057   -0.29177960153711935   -0.006353972257455867   -0.2987572715726671
0.4576320686732348  0.33148488647737895   1.1639530030823226   0.03154840818135762   -0.31892315530412607   -0.01151086021672944   -0.27143553767006684
0.4589148082521904  0.3342013448633958   1.1296266099995655   0.030040917080509436   -0.3432639308275739   -0.015074911008481824   -0.24340775523447872
0.4602262437555249  0.3367349011638851   1.0931472760530834   0.028528530644172916   -0.3647933394648201   -0.015123864363365208   -0.2152940863724626
0.46158075455169445  0.3391227245769344   1.0548001902343673   0.02745250471058375   -0.3834708581871592   -0.010760259335891673   -0.1867751872233897
0.4630170316421136  0.34143447002875593   1.0148653441378863   0.027215912467673003   -0.39934846096481036   -0.0023659224291075077   -0.15877602777651242
0.4645875486205534  0.3437440298539506   0.9736148434607587   0.027929536633679704   -0.4125050067712761   0.007136241660067054   -0.13156545806465783
0.4663444113644272  0.3461062048775343   0.9313085763090518   0.029438813737742202   -0.4230626715170671   0.015092771040624939   -0.10557664745790968
0.4683259579957876  0.3485436116535012   0.8881947439927832   0.0314125434242199   -0.43113832316268974   0.019737296864777022   -0.08075651645622674
0.47054991875494373  0.35104733107986785   0.8445038564578194   0.03348822542959251   -0.4369088753496372   0.020756820053726092   -0.05770552186947347
0.4729841448497674  0.35355595416510166   0.8004484654306131   0.03495518053806693   -0.44055391027206203   0.014669551084744211   -0.036450349224248335
0.4755785087453849  0.356003178036607   0.7562211907227949   0.035664588459912466   -0.4422727470781823   0.00709407921845528   -0.01718836806120351
0.47828556200782035  0.35833937349054246   0.7119947834782654   0.03575744197317654   -0.442264072445295   0.0009285351326408368   8.674632887357834e-05
0.4810760709247284  0.3605407322448383   0.6679196210411465   0.03554281978186072   -0.44075162437118887   -0.002146221913158216   0.015124480741060688
0.48392183322984283  0.36259010415043763   0.6241209505835642   0.035068915444692775   -0.4379867045758242   -0.004739043371679474   0.027649197953647068
0.4868266062124039  0.36449615483650777   0.5807066416598106   0.03474296374531844   -0.4341430892375354   -0.0032595169937433294   0.03843615338288765
0.489827466082477  0.3662858647836819   0.5377675290594456   0.03494026567562088   -0.42939112600365087   0.001973019303024333   0.047519632338845874
0.4929897537806067  0.36799449173138127   0.49537600612118227   0.035943663603126064   -0.42391522938263204   0.010033979275051844   0.05475896621018753
0.4963735786841974  0.3696440582942713   0.4535862162267252   0.03764484137775742   -0.4178978989445711   0.017011777746313645   0.06017330438061036
0.4999807882110538  0.371222309925604   0.41243311964716334   0.03937364446231509   -0.41153096579561765   0.01728803084557671   0.06366933148953417
0.5037755311254303  0.37270266496649046   0.3719487766696593   0.040732695507771643   -0.4048434297750407   0.01359051045456544   0.0668753602057693
0.5077064887741838  0.374058589905791   0.33215547756263547   0.04158240069706347   -0.39793299107023805   0.00849705189291829   0.06910438704802668
0.5117412019134805  0.3752760849744483   0.29306615412728576   0.042144043895451296   -0.3908932343534974   0.005616431983878243   0.07039756716740671
0.5158515394428562  0.3763462026063152   0.25469387648321073   0.04247355218418552   -0.38372277644075037   0.0032950828873423124   0.07170457912746975
0.5200452201142514  0.3772710258616764   0.2170537018583989   0.04294444740276711   -0.3764017462481183   0.004708952185815871   0.07321030192632068
0.5243684261561392  0.3780584533948501   0.18016473005536426   0.04394331871925017   -0.3688897180303463   0.009988713164830553   0.07512028217772039
0.5288894992231687  0.37871426736116065   0.14405239274320136   0.04568390705251443   -0.3611233731216286   0.017405883332642678   0.07766344908717646
0.5336675175796695  0.3792359325063156   0.10874948583206011   0.04806411752932365   -0.3530290691114128   0.023802104768092185   0.08094304010215835
0.5387151419169542  0.37961162508752677   0.07429259859732767   0.050615863487574846   -0.34456887234732436   0.02551745958251194   0.0846019676408848
0.5439732185997763  0.3798259142211063   0.040731740171421844   0.05262441470953067   -0.33560858425905826   0.020085512219558246   0.08960288088266051
0.5493207200199121  0.37986934550086593   0.008121610716109898   0.053476777870786   -0.3261012945531194   0.008523631612553328   0.09507289705938878
0.5546426911841175  0.37974437794513954   -0.02347712742933153   0.05323438171202881   -0.31598738145441424   -0.002423961587571929   0.10113913098705132
0.5598081151314688  0.37946518274221963   -0.053998237700267716   0.05172963803971858   -0.3052111027093619   -0.015047436723102381   0.10776278745052316
0.5647269375810704  0.3790541432845473   -0.08337090470438359   0.04935966746896628   -0.29372667004115877   -0.02369970570752293   0.11484432668203194
0.5693821241391187  0.37853283219184025   -0.11152037539509582   0.046842851264213725   -0.2814947069071222   -0.0251681620475255   0.12231963134036564
0.5737951706861334  0.3779182773366905   -0.13836875775070875   0.044556321096008246   -0.2684838235561293   -0.022865301682054844   0.130108833509929
0.5779840786273495  0.3772257495131106   -0.16384220283138873   0.04245767837083923   -0.2547344508067996   -0.020986427251690157   0.1374937274932971
0.581938483949956  0.37647401908168904   -0.18785796741819427   0.04025222987237411   -0.24015764586805563   -0.022054484984651238   0.14576804938743948
0.5856209967501368  0.3756878417081346   -0.2103318356029676   0.03765498026315277   -0.22473868184773332   -0.025972496092213342   0.15418964020322282
0.5889951090686553  0.3748936422588467   -0.23117229310575765   0.03466321782989465   -0.2084045750279002   -0.02991762433258123   0.16334106819833125
0.5920724447018019  0.3741069301514121   -0.25028653222904695   0.0317630454128961   -0.1911423912328932   -0.02900172416998549   0.17262183795007024
0.5949147197343064  0.373327735050709   -0.26757102358911   0.029471464784363296   -0.17284491360063062   -0.022915806285327987   0.1829747763226257
0.5977198028451766  0.3725122476166745   -0.28291935928072776   0.0292121738560434   -0.15348335691617787   -0.0025929092831990025   0.19361556684452738
0.6008161642950548  0.37156722436312273   -0.2962246417570638   0.03237363615358163   -0.13305282476336036   0.03161462297538236   0.2043053215281754
0.6045473680516322  0.37038282438748077   -0.3073708970294523   0.03914675564513388   -0.11146255272388478   0.06773119491552249   0.21590272039475583
0.60909398897314  0.368895009263377   -0.3162523734018617   0.04783864091652598   -0.08881476372409389   0.08691885271392098   0.2264778899979088
0.6141921810913182  0.3671898843683892   -0.3227613110376802   0.053757802951165105   -0.06508937635818507   0.059191620346391235   0.23725387365908818
0.6192837768565415  0.3654639930515892   -0.32681373167195743   0.05376155529171735   -0.040524206342772276   3.752340552242057e-05   0.24565170015412788
0.6243727747352592  0.36373029563860215   -0.3283439767197121   0.05376207411307038   -0.015302450477547051   5.1882135303135245e-06   0.25221755865225226
0.6294635400375344  0.3620017497260026   -0.32733095163384107   0.05376221938760832   0.010130250858710605   1.452745379417172e-06   0.2543270133625766
0.6345603562063407  0.3602911597733384   -0.3238065252727974   0.05376211774545513   0.03524426361043692   -1.0164215319163395e-06   0.2511401275172632
0.6396672373371148  0.35861100215766367   -0.31784438868345777   0.053761663383275496   0.05962136589339625   -4.543621796402794e-06   0.2437710228295932
0.6447877576723025  0.3569733247101243   -0.3095454376655757   0.05376031614978595   0.08298951017882077   -1.3472334895380281e-05   0.2336814428542453
0.6493312950163163  0.35557260375806615   -0.2990435985582419   0.04754550534170564   0.10501839107333781   -0.06214810808080307   0.22028880894517064
0.6530071626498756  0.35448969071908404   -0.286495942084154   0.03832062565961901   0.12547656474087848   -0.09224879682086636   0.2045817366754064
0.6560826985233793  0.35363175494052784   -0.2720393123401115   0.03192957047837442   0.1445662974404255   -0.06391055181244584   0.19089732699547038
0.6590208319006398  0.3528632819589645   -0.2558207012321837   0.030369686310472148   0.1621861110792779   -0.015598841679022767   0.17619813638852408
0.6622392267936552  0.35208265054144017   -0.237957558233549   0.0331171422339172   0.17863142998634707   0.027474559234450528   0.16445318907069126
0.6659966163219688  0.35124804098351026   -0.21857614700166925   0.0384896728768487   0.19381411231879736   0.05372530642931495   0.15182682332450315
0.6703257982919759  0.35038051096403056   -0.19777169637278957   0.044152491282070876   0.20804450628879653   0.05662818405222175   0.14230393969999183
0.6751216078848518  0.34952941136699783   -0.17563868750549733   0.048707453408270186   0.22133008867292242   0.04554962126199314   0.1328558238412589
0.6802135302367811  0.34874815801090536   -0.15224271548535434   0.051515075506577974   0.23395972020143022   0.02807622098307786   0.1262963152850779
0.685454580290324  0.3480755008333145   -0.1276461537064483   0.0528403949098666   0.24596561778906062   0.013253194032886285   0.1200589758763037
0.6907396700980972  0.3475350704409311   -0.10190148545033507   0.0531264898946279   0.2574466825611323   0.0028609498476130047   0.11481064772071665
0.6960389618039596  0.34713659459688406   -0.07505292931006778   0.053142521187944866   0.26848556140267293   0.00016031293316964572   0.11038878841540707
0.7013547368521085  0.3468858330684024   -0.047138144033733675   0.05321686359293298   0.27914785276334086   0.0007434240498810608   0.10662291360667878
0.7066412822421271  0.3467896622377712   -0.01818961474373123   0.05287420069314712   0.28948529290002456   -0.003426628997858466   0.10337440136683676
0.7118814922617938  0.34685127851435793   0.011757818278769072   0.05240572260331532   0.299474330225003   -0.00468478089831801   0.09989037324978493
0.7170845049024751  0.3470734626384504   0.04267704747506291   0.05207754441607985   0.30919229196293835   -0.0032817818723547194   0.09717961737935334
0.722273742050024  0.34746102404795276   0.07454722191682622   0.05203689654431577   0.31870174441763316   -0.0004064787176408711   0.09509452454694761
0.7274689672255997  0.34802087878174587   0.10734905723624438   0.052253040053077536   0.3280183531941817   0.0021614350876176754   0.0931660877654857
0.7326766527233464  0.34876037379059127   0.141057644442802   0.05259927861819826   0.33708587206557594   0.0034623856512073074   0.09067518871394288
0.737862673720501  0.3496807572772284   0.1756450635180607   0.05267059857776512   0.3458741907525873   0.0007131995956685649   0.08788318687011296
0.7429910473686735  0.3507796145211791   0.211078424812718   0.052447786910273214   0.354333612946573   -0.0022281166749190794   0.08459422193985741
0.7480042516402705  0.35204538327932755   0.24731796791900132   0.05170530690157718   0.36239543106283323   -0.007424800086960332   0.08061818116260246
0.7528115019412808  0.3534502179318909   0.2843154786643685   0.050083146723829436   0.3699751074536715   -0.01622160177747748   0.0757967639083831
0.757312700252967  0.35495193442099776   0.32201387152695327   0.04745096274553699   0.3769839286258481   -0.026321839782924378   0.07008821172176548
0.7614296849498915  0.3565032020017625   0.36034521163228805   0.04399544760749883   0.38331340105334766   -0.034555151380381725   0.0632947242749954
0.7651260563658115  0.35806263023152946   0.3992257161562148   0.04011854689320708   0.38880504523926795   -0.03876900714291739   0.05491644185920267
0.7684145791382715  0.35960506651738094   0.43857119201787487   0.03632284642053756   0.3934547586165998   -0.03795700472669524   0.04649713377331872
0.7713545428654248  0.36112921938251585   0.47827930757892323   0.03311559855004392   0.39708115561048435   -0.03207247870493631   0.03626396993884537
0.7740417671920363  0.3626615685895799   0.5182458383628502   0.030934234553196858   0.39966530783927035   -0.021813639968470685   0.025841522287860734
0.7765726546097189  0.3642425091505312   0.5583537679846735   0.029840851492952958   0.40107929621823196   -0.010933830602439002   0.014139883789615582
0.7790347287309798  0.3659214333935687   0.5984846976521616   0.029800328173430462   0.4013092966748799   -0.00040523319522496425   0.0023000045664790044
0.7814842459471149  0.3677395491955926   0.6385125346694204   0.030505212114836335   0.400278370172589   0.007048839414058758   -0.010309265022909018
0.7839488676635509  0.3697257169880893   0.6783107357719425   0.03165315577486619   0.397982011025221   0.01147943660029851   -0.022963591473678824
0.7864240003551246  0.3718867418692053   0.7177497911124205   0.0328577393892207   0.39439055340478046   0.01204583614354511   -0.03591457620440622
0.7888847663085945  0.3742101770072577   0.756700976112634   0.03384334486792486   0.38951185000213556   0.009856054787041619   -0.048787034026448566
0.7912932759912501  0.3766655678178117   0.795036451897655   0.034394567774576175   0.3833547578502095   0.005512229066513188   -0.06157092151926094
0.7936107366652307  0.3792129812694154   0.8326309884725018   0.03443826254162438   0.375945365748468   0.00043694767048201065   -0.07409392101741495
0.7958062614389156  0.3818120299440494   0.869362913849291   0.034022614604085254   0.36731925376789215   -0.004156479375391254   -0.08626111980575776
0.7978621371483148  0.38443015419074716   0.9051157219690653   0.03328843568515034   0.3575280811977433   -0.00734178918934924   -0.09791172570148891
0.7997788051595843  0.3870532991793025   0.9397779848543529   0.032487699051189464   0.34662262885287565   -0.008007366339608633   -0.1090545234486766
0.8015715556750893  0.3896875824954771   0.9732465234984199   0.03186440490691594   0.3346853864406696   -0.0062329414427353125   -0.11937242412206064
0.8032711619165124  0.39236640751833174   1.0054235070402155   0.03172501359961362   0.32176983541795473   -0.0013939130730232104   -0.12915551022714838
0.8049140429658869  0.3951411867616575   1.0362234426843426   0.03224664012201128   0.30799935644127324   0.005216265223976705   -0.13770478976681566
0.8065405543616435  0.39808183594573815   1.0655662118094362   0.03360499508162559   0.29342769125093426   0.01358354959614304   -0.14571665190338906
0.808182526217226  0.40125577134034646   1.0933810666986419   0.03573504927053065   0.27814854889205665   0.02130054188905064   -0.1527914235887764
0.8098628881703406  0.4047239158847562   1.1196147063992117   0.03853782930367718   0.2623363970056967   0.028027800331465288   -0.15812151886359904
0.8115856453189395  0.40851456420713483   1.1442267331749787   0.041637611479287406   0.24612026775766943   0.030997821756102217   -0.1621612924802734
0.8133399739225577  0.4126226008424932   1.1671923309961043   0.044669490535398315   0.22965597821125633   0.030318790561109105   -0.16464289546413113
0.8151052800832995  0.41701310896096505   1.1885038866109787   0.047321102459177145   0.213115556148745   0.0265161192377883   -0.16540422062511323
0.8168562036112125  0.42162805437298495   1.2081712058149283   0.04935935003271745   0.19667319203949593   0.020382475735403062   -0.16442364109249033
0.8185667046332322  0.4263941213764446   1.2262223975243862   0.05063714884133764   0.18051191709458098   0.012777988086201836   -0.16161274944914972
0.8202126114953098  0.43122939079647027   1.2427028056329315   0.05107723540176037   0.16480408108545277   0.004400865604227328   -0.15707836009128204
0.8217723447305784  0.4360467628820617   1.2576749410824246   0.05063579917038638   0.1497213544949319   -0.004414362313739879   -0.15082726590520848
0.8232262909674353  0.4407539938852746   1.2712172986987362   0.049266604690479054   0.13542357616311645   -0.013691944799073253   -0.14297778331815475
0.8245566816085197  0.4452553159549967   1.2834219966878184   0.04693808648981363   0.12204697989082082   -0.023285182006654272   -0.13376596272295624
0.825749699993187  0.4494611394248701   1.2943981524544323   0.04371755245424028   0.10976155766613924   -0.032205340355733504   -0.1228542222468158
0.8267992228516823  0.4533050581335921   1.304258236746091   0.03984621596810244   0.09860084291658712   -0.03871336486137837   -0.11160714749552117
0.8277103920295544  0.456762555613716   1.3131206178447605   0.03575544447460736   0.08862381098669436   -0.04090771493495084   -0.0997703192989276
0.8285017364866927  0.45986567170958687   1.3211022613193386   0.0320242963299692   0.07981643474578003   -0.037311481446381516   -0.08807376240914337
0.8292056544353554  0.4627115968555131   1.3283204964652204   0.02931687298240534   0.0721823514588201   -0.027074233475638653   -0.07634083286959908
0.8298590246963427  0.4654295828886783   1.334884845847458   0.027954142402197613   0.065643493822376   -0.013627305802077227   -0.06538857636444122
0.8304936086778951  0.4681410848070539   1.3408998882556389   0.027847691974375848   0.06015042408180833   -0.0010645042782176516   -0.05493069740567661
0.8311367202647181  0.47095949179636154   1.3464546611517836   0.028908494375328855   0.05554772896144495   0.010608024009530077   -0.046026951203633884
0.8318045990084677  0.4739577899084782   1.3516220050140788   0.03071783453545339   0.05167343862295319   0.018093401601245295   -0.03874290338491749
0.8325061465635322  0.477180865141423   1.3564752362215418   0.032985425462224084   0.04853231207462991   0.02267590926770692   -0.03141126548323287
0.8332396100352888  0.4806267308475313   1.3610730378081488   0.035230610453034696   0.04597801586607051   0.022451849908106183   -0.02554296208559396
0.8339981960051785  0.4842688078287138   1.3654483224399891   0.03720238891599983   0.04375284631840265   0.019717784629651302   -0.022251695476678632
0.8347749915893098  0.48807784972074186   1.369620338503163   0.03887442798904032   0.0417201606317399   0.016720390730404856   -0.020326856866627434
0.835566386610605  0.4920389175978725   1.3735994766296775   0.04039352028106319   0.03979138126514433   0.0151909229202287   -0.01928779366595578
0.8363664155842992  0.4961236350419102   1.3773855792953789   0.04162326627786033   0.03786102665701249   0.01229745996797141   -0.019303546081318297
0.8371680523335512  0.5002958241498462   1.38097152771929   0.04248503669544329   0.03585948423911095   0.008617704175829662   -0.02001542417901549
0.837964419549042  0.504516757716712   1.3843175108623298   0.04295402299878698   0.0334598314303987   0.004689863033436868   -0.02399652808712253
0.8387502963503016  0.5087532791345845   1.3873806758036613   0.043087951994554015   0.03063164941331592   0.0013392899576703287   -0.028281820170827802
0.8395242632256664  0.5129900977796276   1.3901121751110046   0.04306931268913734   0.027314993073432   -0.00018639305416668145   -0.03316656339883919
0.8402840583842388  0.5172052498970993   1.3924580305210765   0.04283082541396609   0.023458554100720126   -0.002384872751712613   -0.03856438972711871
0.841029041069129  0.5213840522862275   1.3943732023025248   0.042446894595682655   0.019151717814482355   -0.0038393081828342022   -0.04306836286237774
0.8417620019762649  0.5255291940190183   1.3957813248003   0.04209445530745548   0.01408122497775018   -0.003524392882271783   -0.05070492836732173
0.8424898395698416  0.529665625502643   1.3966214235217953   0.0419997773581533   0.008400987214955798   -0.0009467794930218232   -0.05680237762794383
0.8432237438242535  0.5338417696575392   1.3968353690388007   0.04240140971373189   0.002139455170055405   0.004016323555785878   -0.06261532044900392
0.8439722617806281  0.5380894646372691   1.3963696364088678   0.04313141751883231   -0.004657326299329964   0.007300078051004238   -0.06796781469385367
0.8447417237166982  0.5424257761239891   1.3951781522879343   0.0440405142805129   -0.011914841209334889   0.009090967616805865   -0.07257514910004924
0.8455366928850506  0.5468555234804918   1.3932250238405115   0.04500515261731037   -0.019531284474229183   0.009646383367974687   -0.07616443264894293
0.8463599295724018  0.5513716302794665   1.3904870924213533   0.045905271225801854   -0.027379314191582016   0.009001186084914833   -0.07848029717352835
0.8472114363185956  0.5559511085418407   1.3869561248196054   0.046579700400896686   -0.035309676017477525   0.006744291750948341   -0.07930361825895497
0.8480866681313093  0.5605477469967062   1.3826416587398613   0.04679221709935711   -0.04314466079744045   0.0021251669846042973   -0.07834984779962921
0.8489744122070941  0.5650852606728367   1.3775912827273218   0.04623539759228145   -0.050503760125397465   -0.005568195070756726   -0.0735909932795703
0.8498558278099461  0.5694566859591013   1.3718328256616892   0.0445940046400235   -0.05758457065632669   -0.016413929522579473   -0.07080810530929219
0.8507061644441073  0.5735390108705587   1.3654356184696237   0.04169945931796027   -0.06397207192065316   -0.02894545322063218   -0.06387501264326476
0.8515019297087226  0.5772306845443562   1.3584880542830473   0.03776466188141855   -0.0694756418657641   -0.03934797436541724   -0.055035699451109296
0.8522255994260888  0.5804714667189504   1.3510996580975445   0.03320597380442352   -0.0738839618550264   -0.04558688076995042   -0.04408319989262295
0.8528834411343093  0.5833143824518405   1.3434016874830013   0.02918034540129356   -0.07697970614543194   -0.04025628403129953   -0.030957442904055506
0.8535229745777588  0.5859825870358707   1.335547500478015   0.027437781848266212   -0.07854187004986424   -0.01742563553027345   -0.015621639044323185
0.8542399625034921  0.5888738054305795   1.3277120559745084   0.029787943016512407   -0.07835444503506578   0.023501611682461912   0.001874250147984701
0.8551590235637353  0.5924625792096798   1.3200910294317407   0.03704587759793566   -0.07621026542767756   0.07257934581423257   0.021441796073882226
0.8563635890723382  0.5970293216594815   1.3129010860687236   0.04722934963276243   -0.0718994336301714   0.10183472034826767   0.04310831797506155
0.8577685530551902  0.6022186670505477   1.3063947915872085   0.05376172372691589   -0.06506294481515029   0.0653237409415346   0.06836488815021104
0.8592024974248575  0.6074001155339727   1.3008077377425373   0.05376207291547331   -0.05587053844671269   3.4918855741810956e-06   0.09192406368437613
0.8606592552884427  0.6125752411163857   1.2964043761739046   0.053762503910126845   -0.044033615686327965   4.309946535372265e-06   0.1183692276038472
0.8621313427256071  0.6177460515699844   1.293442221691017   0.053762740043363344   -0.0296215448288744   2.3613323649302584e-06   0.1441207085745357
0.8636100169337111  0.6229149897899751   1.2921685368786182   0.053762812180718045   -0.012736848123990025   7.213735469994962e-07   0.16884696704884372
0.8650856886561161  0.6280847835996262   1.2927492377306444   0.05376278923810871   0.00580700852026261   -2.2942609335331322e-07   0.18543856644252635
0.8665482253693259  0.6332582966004777   1.2952884322808864   0.05376267330357187   0.02539194550241813   -1.159345368285068e-06   0.19584936982155518
0.8679873390757682  0.6384383463037323   1.2998116595166291   0.053762406185231724   0.045232272357426995   -2.6711834015712993e-06   0.19840326855008877
0.8693931708282986  0.643627490497258   1.3062292113754277   0.05376205016331102   0.0641755185879874   -3.560219206937683e-06   0.189432462305604
0.8707566464043608  0.6488279038550916   1.314381777332873   0.053761849613692236   0.08152565957445343   -2.0054961879459956e-06   0.17350140986466023
0.8719254056872272  0.6534681801959198   1.324055829246239   0.04785202480620563   0.09674051913366098   -0.05909824807486596   0.15214859559207547
0.8727882654469024  0.6570591326144284   1.334979842997692   0.036931647995801856   0.10924013751452907   -0.10920376810403776   0.12499618380868113
0.873356890400927  0.6595559097409309   1.3468720476248952   0.02560708956083452   0.11892204627203232   -0.11324558434967341   0.09681908757503238
0.873754382907526  0.6614083717707938   1.359426183841324   0.018946281600582423   0.12554136216428646   -0.06660807960252091   0.06619315892254159
0.8741023621357072  0.6631387665855607   1.3723450589552328   0.017650370415995917   0.12918875113909076   -0.012959111845865073   0.0364738897480427
0.8744842076324822  0.6651738173290831   1.3853185579961305   0.020705645394718714   0.12973499040897427   0.030552749787227943   0.005462392698835063
0.8749354746210057  0.6677599179243402   1.3980386829505826   0.026251777432623243   0.12720124954452386   0.05546132037904525   -0.025337408644503796
0.8754567370586782  0.6709778859595018   1.410206248448226   0.03259913005626032   0.12167565497643189   0.06347352623637079   -0.0552559456809199
0.876028686723176  0.6747813365203837   1.4215381634949475   0.03846214059018597   0.11331915046721457   0.058630105339256534   -0.08356504509217323
0.8766253047580269  0.6790451986000279   1.4317746037295214   0.04305400435933524   0.1023644023457377   0.04591863769149271   -0.10954748121476872
0.8772233067318452  0.6836153101154495   1.4406849200176512   0.04609069930482709   0.08910316288130032   0.030366949454918492   -0.1326123946443736
0.877806910741551  0.688346826689237   1.4480722217825188   0.047673727280515686   0.07387301764867545   0.01583027975688599   -0.15230145232624875
0.8783684019142072  0.693123138251277   1.4537759345636787   0.04809202062156293   0.05703712781159722   0.004182933410472469   -0.16835889837078227
0.8789068402242188  0.69786258054124   1.4576733993405666   0.04769929667571312   0.03897464776888231   -0.003927239458498209   -0.18062480042714915
0.8794264446188913  0.7025195743718027   1.4596808319456518   0.046858916189837486   0.020074326050850418   -0.008403804858756336   -0.18900321718031893
0.8799351673276359  0.7070820296457675   1.4597530390514895   0.04590729454163187   0.0007220710583782643   -0.009516216482056103   -0.19352254992472157
0.880443718331394  0.7115667884371276   1.457883246245169   0.04513500364473957   -0.018697928063205055   -0.007722908968922999   -0.19419999121583317
0.8809650523528343  0.7160140130926002   1.4541021003661965   0.04477677556295584   -0.03781145878972322   -0.0035822808178373254   -0.1911353072651816
0.881513887169291  0.7204785367824852   1.448477593288177   0.0449813199376134   -0.05624507078019612   0.002045443746575676   -0.18433611990472903
0.8821054682165343  0.7250147067080464   1.4411140116520937   0.045745825742929395   -0.07363581636083237   0.007645058053159818   -0.1739074558063628
0.8827529006784495  0.7296544317151967   1.4321504644703704   0.04684678957486572   -0.0896354718172367   0.011009638319363246   -0.15999655456404324
0.883463301944324  0.7343857070448144   1.42175962627832   0.04784311465948359   -0.10390838192050203   0.00996325084617885   -0.14272910103265318
0.884234632928361  0.7391455770573198   1.4101440947149086   0.04821961636396865   -0.11615531563411469   0.0037650170448504552   -0.12246933713612655
0.885055987469536  0.7438385384841475   1.397532819354455   0.04764295355663959   -0.1261127536045371   -0.005766628073290551   -0.0995743797042241
0.8859129499769893  0.7483770929773418   1.3841750766147707   0.046187510895127605   -0.1335774273968413   -0.014554426615119905   -0.07464673792304241
0.8867964055538682  0.752724991833216   1.3703340222694365   0.04436746354844963   -0.1384105434533406   -0.018200473466779738   -0.04833116056499255
0.887710189689903  0.7569191869284959   1.3562797669182576   0.042925835978508575   -0.1405425535117891   -0.014416275699410475   -0.021320100584485243
0.8886733147852328  0.7610603122984227   1.3422830364328788   0.042516501830120235   -0.13996730485378997   -0.004093341483883507   0.005752486579991606
0.889715290172515  0.7652782233336944   1.3286093583418617   0.043447078393337515   -0.13673678091016836   0.009305765632172877   0.03230523943621617
0.8908657716700487  0.7696865925498463   1.3155136627715864   0.04556020941795914   -0.13095695570275342   0.021131310246216235   0.05779825207414927
0.8921415704256392  0.7743405162387678   1.30323539951303   0.04825626194295298   -0.122782632585565   0.026960525249938482   0.0817432311718841
0.8935351316418828  0.7792087230421947   1.2919944266063041   0.05063738771337998   -0.11240972906725637   0.023811257704269898   0.10372903518308631
0.8950086115650491  0.7841681357599282   1.281995086040238   0.05173675442931261   -0.09999340566066127   0.010993667159326393   0.12416323406595103
0.8964900194911557  0.78900215743416   1.273428498661563   0.05055920785621088   -0.0856658737867548   -0.011775465731017305   0.14327531873906468
0.8978387083670458  0.7932953251492901   1.266411032062207   0.04500027857045411   -0.07017466599355701   -0.05558929285756778   0.15491207793197795
0.8989078961789192  0.7966359965070519   1.2610464134104538   0.03507598565632748   -0.05364618651753454   -0.09924292914126621   0.16528479476022462
0.899633690093437  0.7988762001030811   1.2574821070587294   0.02354843722630831   -0.03564306351724159   -0.11527548430019174   0.18003123000292953
0.9  0.8   1.255699529079933   0.011819937207789634   -0.01782577978796649   -0.11728500018518678   0.178172837292751
0.9  0.8   1.255699529079933   0.0   -6.553949348205607e-22   -0.11819937207789633   0.17825779787966486
