0.1  0.1   0.4587241173208415   3.389033579981815e-28   -2.1501869072184597e-22   2.738675572161374e-19   0.0
0.10050342694651111  0.10024668620859459   0.4556268734014715   0.005606182087519695   -0.030972439193700095   0.05606182087519694   -0.30972439193700096
0.10149505181882053  0.10072505131024283   0.44947303898092433   0.011009782276946116   -0.06153834420547218   0.054036001894264225   -0.30565905011772093
0.10294269200941417  0.10140695941378852   0.44021897327372245   0.01600206481396444   -0.09254065707201854   0.049922825370183235   -0.3100231286654636
0.10482275735522234  0.10226448187623595   0.4279259515382102   0.020663955279932585   -0.12293021735512212   0.046618904659681444   -0.3038956028310358
0.10715093684065802  0.10328372896414237   0.41265144335807474   0.02541512215711184   -0.1527450818013547   0.04751166877179257   -0.2981486444623261
0.10998793065223023  0.10446492711376021   0.39452600619634864   0.030730706069921947   -0.18125437161726127   0.05315583912810104   -0.2850928981590652
0.11345331193146675  0.10582394812881538   0.3737388160629977   0.03722338717774637   -0.20787190133350927   0.06492681107824418   -0.26617529716248006
0.11763286245223219  0.107352221543737   0.3505527021827858   0.04450197994065669   -0.23186113880211925   0.07278592762910323   -0.23989237468609995
0.12242737406867042  0.10896930193550021   0.32529600063583963   0.05059870614312747   -0.25256701546946136   0.06096726202470784   -0.20705876667342094
0.12754212892080363  0.11054231874858861   0.29836427486913514   0.05351177355655309   -0.2693172576670455   0.029130674134256122   -0.1675024219758413
0.1327028190660125  0.11197172423398914   0.2702056229999636   0.05354990459052958   -0.2815865186917145   0.0003813103397649816   -0.12269261024669037
0.13789695682026404  0.11324993990452754   0.2412935321371711   0.05349102944471182   -0.2891209086279254   -0.0005887514581776834   -0.07534389936210904
0.14279028814938322  0.11430428660816784   0.21222156249269156   0.050056306763499606   -0.29071969644479534   -0.03434722681212213   -0.015987878168698982
0.14711730181621124  0.11510757700996942   0.18355578516075088   0.044009456645751045   -0.2866577733194069   -0.06046850117748564   0.040619231253884024
0.15088531819836787  0.11569961791405516   0.15584852904567048   0.03814244340404891   -0.27707256115080414   -0.05867013241702127   0.09585212168602839
0.1542217970335961  0.11613457642729802   0.12963346447048182   0.03364710972159142   -0.2621506457518864   -0.04495333682457498   0.1492191539891767
0.15737116412593904  0.11646780777973312   0.1054167587816283   0.031669474603437935   -0.2421670568885353   -0.019776351181534813   0.1998358886335112
0.16059953563999996  0.11673856277422134   0.08367155166798934   0.03239705372381874   -0.2174520711363896   0.00727579120380817   0.2471498575214568
0.16412407519824312  0.11696739103090822   0.0648333058493298   0.035319600038334155   -0.18838245818659538   0.029225463145154052   0.2906961294979421
0.16807271942548466  0.11716219837544825   0.04929528016003768   0.03953446741112615   -0.15538025689292123   0.042148673727919896   0.3300220129367418
0.17247224639989345  0.11732683152121055   0.0374031948672051   0.04402606236223449   -0.11892085292832585   0.044915949511083464   0.3645940396459536
0.17726050468731233  0.11746788483853605   0.029449651387396726   0.04790335423053713   -0.0795354347980837   0.038772918683026396   0.3938541813024218
0.18231629368273125  0.11759768978162204   0.0256688783593541   0.05057455060546547   -0.03780773028042629   0.026711963749283408   0.417277045176574
0.187497237033127  0.1177336296214189   0.026232415089246612   0.051827264678017515   0.005635367298925161   0.012527140725520431   0.4344309757935145
0.19265457287210663  0.11789503313405401   0.03128569748874703   0.05159860855673679   0.05053282399500413   -0.002286561212807296   0.44897456696078974
0.1976906697870655  0.1181007054527726   0.04081694440175329   0.050402949556096754   0.09531246913006272   -0.011956590006400244   0.44779645135058577
0.20255032893692684  0.1183675094806565   0.05484673634081498   0.04866977649643074   0.14029791939061687   -0.01733173059666015   0.4498545026055413
0.2072305843072263  0.11871088219685388   0.07323502486608298   0.04692834447691966   0.18388288525268007   -0.017414320195110914   0.4358496586206324
0.21177874974136982  0.11914800594437237   0.09581560825416902   0.04569123109195208   0.22580583388086034   -0.012371133849675704   0.4192294862818025
0.21618966784026195  0.11969042481643664   0.12235757620483415   0.044441440917126825   0.26541967950665124   -0.012497901748252589   0.3961384562579093
0.22041401381728534  0.12033995797359752   0.15256463813296214   0.04273990203059006   0.30207061928128015   -0.017015388865367603   0.3665093977462894
0.22440168700453994  0.1210906513435756   0.18607574437633415   0.04057718322416875   0.3351110624337199   -0.021627188064213165   0.3304044315243967
0.22809110816227668  0.12192524406530601   0.22246809808922305   0.037826410734194585   0.36392353712888886   -0.027507724899741556   0.2881247469516904
0.23141542217270772  0.12281407799705168   0.26126231123479493   0.03441088403132049   0.3879421314557189   -0.03415526702874103   0.24018594326829978
0.23431123282028632  0.12371598262490945   0.3019293846027901   0.030330102644699916   0.40667073367995205   -0.040807813866205724   0.18728602224233185
0.23673534640401644  0.12458412998397829   0.3438989812676611   0.02574879900865849   0.4196959666487094   -0.04581303636041429   0.13025232968757294
0.23868998782659354  0.1253798955491623   0.38662566566712575   0.021104184242908938   0.42726684399464665   -0.046446147657495544   0.07570877345937295
0.24025306418367381  0.12609567728769056   0.42943006812182627   0.017191716596296244   0.428044024547005   -0.03912467646612687   0.007771805523583886
0.24160061476724878  0.12678301996913968   0.4716696777879896   0.015127235494414948   0.42239609666163414   -0.020644811018812995   -0.05647927885370894
0.24300868252124377  0.12757564045491043   0.5127035920578994   0.016158285906319705   0.4103391426990971   0.01031050411904759   -0.12056953962537041
0.24481964199350145  0.1286906945192735   0.5519022511621893   0.021267157253878823   0.39198659104290035   0.051088713475591185   -0.18352551656196756
0.24733368418503224  0.13036924991081378   0.5886982293101911   0.03022905281887768   0.36795978148001657   0.08961895564998856   -0.2402680956288376
0.2507275231105878  0.13280464345032353   0.6224357266735222   0.041772340543595445   0.33737497363331126   0.11543287724717755   -0.30584807846705375
0.2547940702054965  0.13591239154625798   0.6525417467371742   0.05118095691064422   0.3010602006365207   0.09408616367048783   -0.36314772996790456
0.2589683452337725  0.13927761241249248   0.6784984465696541   0.05361835832084549   0.2595669983247984   0.024374014102012686   -0.4149320231172231
0.26306930197554873  0.1427312049892169   0.6999150290937735   0.053614501661325996   0.21416582524119324   -3.856659519489805e-05   -0.454011730836052
0.2671146829762637  0.14625354451619582   0.7163931017595458   0.05363952198170767   0.16478072665772495   0.0002502032038167345   -0.49385098583468295
0.2711223688059502  0.14982411118678302   0.7277812722190427   0.053675405968260405   0.11388170459496755   0.00035883986552737363   -0.5089902206275742
0.2751098991220671  0.15342124996627657   0.733972408787262   0.05370270516546202   0.061911365682193714   0.00027299197201611857   -0.5197033891277382
0.27909410291689934  0.15702387663473952   0.7351458379101868   0.05371480130380486   0.011734291229248206   0.00012096138342837967   -0.501770744529455
0.28309157055296935  0.16061229065097413   0.7315273199613809   0.05371821167288916   -0.03618517948806063   3.410369084298536e-05   -0.47919470717308843
0.2871168835861936  0.16416839806136352   0.7235881182247323   0.05371130693780256   -0.07939201736648549   -6.904735086598949e-05   -0.4320683787842486
0.29118066265070114  0.16767422672323892   0.7118219300229244   0.05367041539950445   -0.11766188201807931   -0.00040891538298111463   -0.3826986465159383
0.2952913311820451  0.17111341556987464   0.6966921798311154   0.0535962831709455   -0.1512975019180888   -0.0007413222855895024   -0.33635619900009506
0.29897957889566523  0.17408810056143859   0.6787104068254366   0.0473834591350796   -0.17981773005678844   -0.06212824035865888   -0.2852022813869963
0.30186876214409886  0.17632307452967091   0.6584135546070188   0.03652737121899704   -0.2029685221841784   -0.10856087916082564   -0.23150792127389977
0.3039222552308664  0.1778399085701243   0.6362041812498752   0.025529628598316426   -0.22209373357143447   -0.10997742620680614   -0.19125211387256053
0.3055653346813822  0.17899443013502664   0.6125070779612648   0.02008140962315972   -0.2369710328861057   -0.05448218975156707   -0.14877299314671208
0.30722137177793885  0.18009780183290028   0.5877295528008395   0.019899467251260912   -0.24777525160425218   -0.0018194237189880955   -0.10804218718146513
0.3092038825600354  0.18134699180320407   0.5622619118192583   0.023432508578971778   -0.25467640981581213   0.03533041327710863   -0.06901158211559935
0.31166587837366216  0.18281101557260246   0.536475777739543   0.028644002834238153   -0.2578613407971525   0.05211494255266379   -0.03184930981340403
0.31460016259110923  0.1844551163798314   0.5107222129587878   0.03363493917504394   -0.2575356478075524   0.049909363408057926   0.0032569298960010555
0.31787548927111436  0.18618272938965202   0.485375712437854   0.037030273523771244   -0.25346500520933823   0.03395334348727289   0.04070642598214163
0.32134243790459793  0.18790340431260583   0.46068978366212565   0.038704592773589806   -0.24685928775728336   0.016743192498185688   0.06605717452054907
0.32474193947282926  0.18949120239360037   0.43695659450396135   0.03752027939450329   -0.2373318915816432   -0.011843133790865126   0.09527396175640175
0.32788429944977276  0.19087359766282558   0.4144420530288347   0.034329932864880196   -0.2251454147512669   -0.03190346529623101   0.12186476830376305
0.33069196043862015  0.19203886163604017   0.393395885157227   0.030398684766888177   -0.21046167871607643   -0.039312480979920184   0.14683736035190453
0.3332080231116413  0.19302650720637463   0.37405551539388243   0.02702964140933337   -0.19340369763344553   -0.033690433575548066   0.17057981082630908
0.3355970209899188  0.19391658683218194   0.3566424870852823   0.02549422013455412   -0.17413028308600118   -0.015354212747792481   0.1927341454744433
0.33809042280823687  0.19480260320063633   0.3414280192484646   0.026461439176205706   -0.15214467836817688   0.009672190416515866   0.21985604717824297
0.34091330632261746  0.1957650475233056   0.3285841671754709   0.029824436977082324   -0.1284385207299373   0.03362997800876616   0.2370615763823959
0.34421262512562273  0.1968522417935462   0.31831538587159547   0.03473830154902157   -0.10268781303875446   0.04913864571939248   0.25750707691182845
0.34803070331214925  0.198078705980076   0.3108142408222397   0.040102288512338616   -0.07501145049355758   0.05363986963317043   0.27676362545196875
0.35231414937124306  0.19943315139179574   0.30625632259295765   0.04492486228637047   -0.04557918229282009   0.04822573774031863   0.2943226820073749
0.3569343944220053  0.20088667057430248   0.3047949383417566   0.048434886541631715   -0.014613842512010705   0.03510024255261241   0.30965339780809387
0.36173914606005864  0.20240753906035472   0.3065559720677764   0.05039710235245811   0.01761033726019764   0.019622158108263954   0.3222417977220835
0.3665929459264535  0.20397109506715133   0.31163416803741706   0.05099419626722578   0.050781959696407086   0.005970939147676637   0.33171622436209447
0.37137757480795824  0.2055571501506413   0.3200903471524156   0.050406591098379326   0.08456179114998509   -0.005876051688464534   0.33779831453578
0.37598079125228334  0.2071439012839517   0.3319497896451341   0.048690225705336196   0.11859442492718544   -0.01716365393043125   0.3403263377720036
0.3803183375432952  0.208713485441113   0.3472011341100937   0.046127976601062444   0.15251344464959588   -0.025622491042737512   0.3391901972241044
0.3843402307197964  0.2102541853035514   0.365834107963623   0.0430689920816631   0.1863297385352932   -0.03058984519399344   0.338162938856973
0.38803547340871886  0.2117632746037951   0.38771562678172883   0.03991512125265868   0.2188151881810579   -0.03153870829004429   0.32485449645764747
0.3914307246071134  0.21325017777666408   0.4127764468362249   0.03706563333559451   0.2506082005449606   -0.02849487917064163   0.31793012363902684
0.39458529580887136  0.21473863436103865   0.44086786586249016   0.034880972564605796   0.28091419026265235   -0.02184660770988719   0.30305989717691667
0.3975822405516136  0.21626762746615974   0.4717615370313782   0.03364446121809346   0.3089367116888803   -0.012365113465123338   0.2802252142622799
0.40048022948208745  0.21787082194673232   0.5053038393142882   0.03311883509981416   0.3354230228291015   -0.005256261182792992   0.2648631114022122
0.4033139037151983  0.21957429613920063   0.5412674920752253   0.033062870389308274   0.35963652760936987   -0.0005596471050587994   0.24213504780268402
0.40609739527557476  0.22139536887238423   0.5793504215708809   0.03326278876797804   0.38082929495655654   0.0019991837866975577   0.21192767347186675
0.4088075622550541  0.22332745682969116   0.6193337432026055   0.03328358293728309   0.39983321631724394   0.00020794169305058606   0.1900392136068743
0.41140195113433775  0.22534461859685667   0.6608759334115394   0.03286304193446581   0.4154219020893407   -0.004205410028172848   0.15588685772096736
0.4138343558871429  0.22740893618744573   0.703723490779689   0.03190297791160581   0.42847557368149636   -0.009600640228599976   0.13053671592155588
0.41606133878136775  0.22947344058092098   0.7475555874398004   0.030367138821180494   0.43832096660111436   -0.01535839090425318   0.09845392919618003
0.4180586350876421  0.23149721996822764   0.7919841369407457   0.028433915564945043   0.44428549500945236   -0.019332232562354505   0.059645284083380004
0.41983037027418046  0.23346082473950744   0.8367190889967635   0.02644766392143263   0.4473495205601786   -0.01986251643512411   0.03064025550726302
0.42141314736286767  0.23538074734362036   0.8813556008868907   0.024882295147868837   0.4463651189012703   -0.01565368773563793   -0.009844016589082995
0.42286689796375876  0.23731222126213475   0.9255925310639727   0.024174329995870582   0.4423693017708203   -0.007079651519982588   -0.039958171304500245
0.4242689777494241  0.23935384070001106   0.9690192294016086   0.02476698943046096   0.43426698337635944   0.005926594345903807   -0.08102318394460852
0.42569094995744006  0.241624555254771   1.0113184999861173   0.02679206888160746   0.4229927058450871   0.020250794511464987   -0.11274277531272364
0.42718951089878154  0.2442500231765849   1.0521403176871742   0.030230393155544107   0.408218177010571   0.03438324273936646   -0.14774528834516074
0.4287840210498241  0.24731537861342498   1.0911421461680901   0.034552664985413525   0.39001828480915485   0.04322271829869425   -0.18199892201416196
0.4304601251465969  0.25084990511646515   1.1279936151725656   0.039118029786673864   0.3685146900447585   0.04565364801260338   -0.21503594764396322
0.4321797641984057  0.25482367763015334   1.1623820477955646   0.043298991280454856   0.343884326229991   0.04180961493780986   -0.24630363814767506
0.4338946603336599  0.25915770881294603   1.194018294259402   0.04660975761375358   0.3163624646383694   0.033107663332987224   -0.2752186159162157
0.43555938960822577  0.2637445289507038   1.2226426598394922   0.048795740115029886   0.2862436558009043   0.021859825012763127   -0.30118808837465155
0.4371399071308124  0.26847008080863644   1.2480303171362266   0.04982858216045515   0.2538765729673442   0.010328420454252673   -0.3236708283356007
0.43861297748741457  0.27321863805440705   1.269995158283154   0.04971793659421052   0.21964841146927286   -0.0011064556624464238   -0.34228161498071363
0.4399649889899153  0.2778781841726507   1.2883917981788775   0.04851732178401134   0.18396639895723568   -0.01200614810199168   -0.3568201251203717
0.4411874614220325  0.2823354927981127   1.3031159294328964   0.046219085916863134   0.14724131254019093   -0.022982358671482173   -0.3672508641704476
0.44227557498756104  0.2864809420111705   1.3141030836338525   0.042858768425525086   0.10987154200955825   -0.03360317491338037   -0.3736977053063267
0.4432378529452791  0.2902578655923239   1.3213255735197975   0.03897580096134215   0.07222489885945031   -0.038829674641829424   -0.3764664315010794
0.4440998947193453  0.2936906629857266   1.3247644564088181   0.035393804492293644   0.03438882889020675   -0.03581996469048508   -0.3783606996924356
0.444906778392858  0.2969003422288547   1.3245091510414981   0.033095471149914325   -0.002553053673199188   -0.022983333423793155   -0.3694188256340594
0.4457016982552591  0.30001054463874244   1.320568508221103   0.03210180153528878   -0.039406428203953396   -0.009936696146255516   -0.3685337453075422
0.44652747604260423  0.3031428177405099   1.3130261705728075   0.03239296796857024   -0.07542337648295247   0.0029116643328146764   -0.3601694827899905
0.4474280232687248  0.306412522204937   1.302038202547118   0.03391452873204557   -0.10987968025689539   0.01521560763475325   -0.3445630377394294
0.4484311579597435  0.30986043741339564   1.2876725148676351   0.035908771202932045   -0.14365687679482855   0.0199424247088648   -0.3377719653793316
0.4495485302204866  0.31346394458658466   1.2701184935104672   0.03772768839500015   -0.17554021357168048   0.018189171920681056   -0.31883336776851956
0.4507769492088377  0.31715448152735576   1.2494750376502044   0.03889611307333556   -0.20643455860262694   0.011684246783354134   -0.30894345030946446
0.4520808360804694  0.3207844406938026   1.2259477904616118   0.0385703571724249   -0.23527247188592446   -0.003257559009106699   -0.2883791328329749
0.4534263426265539  0.32424234266658614   1.1997124079330412   0.03710454678194596   -0.2623538252857064   -0.014658103904789319   -0.2708135339978193
0.4547716278212391  0.32742563965155436   1.1709538886437532   0.03455889458525342   -0.2875851928928819   -0.025456521966925397   -0.252313676071756
0.45607862958990164  0.33026823358090857   1.1398293255224068   0.031286728608930045   -0.3112456312134641   -0.03272165976323377   -0.236604383205821
0.45732643099183423  0.33276036945777193   1.1065924138881391   0.027870682746237767   -0.3323691163426767   -0.034160458626922796   -0.21123485129212527
0.4585240088539091  0.3349558600883724   1.0714364349277723   0.025008742161064166   -0.35155978960366735   -0.028619405851736023   -0.19190673260990693
0.4597185525397762  0.33696585059690876   1.0345762183654852   0.023381609144477965   -0.36860216562287096   -0.01627133016586199   -0.17042376019203684
0.4609965573525742  0.3389395153505958   0.996160276094862   0.02351307904439812   -0.38415942270623266   0.001314698999201555   -0.15557257083361675
0.4624595154523034  0.3410133835320806   0.9564388113100333   0.025379471302093996   -0.397214647848288   0.01866392257695876   -0.1305522514205533
0.46419700417757337  0.34327442492273574   0.915593778437489   0.028515215658830053   -0.40845032872544185   0.03135744356736058   -0.11235680877153807
0.4662646490074985  0.3457443193069585   0.8738163031601583   0.03221107482207162   -0.4177747527733062   0.03695859163241566   -0.09324424047864427
0.4686765995545552  0.348388129941545   0.8312266223127518   0.03578720457509829   -0.4258968084740655   0.03576129753026669   -0.08122055700759331
0.4714007422870347  0.3511267116749476   0.7880413439915127   0.03862743006911944   -0.43185278321239134   0.028402254940211407   -0.05955974738325778
0.4743694042274719  0.353861197993451   0.7443604525318777   0.040361329441289125   -0.43680891459635046   0.01733899372169688   -0.04956131383959135
0.4775013937080752  0.35650126518934205   0.7003788213158274   0.040962559619033896   -0.4398163121605026   0.00601230177744771   -0.030073975641521103
0.48071880729823396  0.3589789213923295   0.6562270552535021   0.04060853416505023   -0.441517660623253   -0.0035402545398365987   -0.017013484627503753
0.4839752209270831  0.36126445926746886   0.6119714278274011   0.03978430984804285   -0.4425562742610099   -0.008242243170073863   -0.010386136377569345
0.48725315214672466  0.36335522901424383   0.5677737215478805   0.038879494871627764   -0.44197706279520543   -0.009048149764150843   0.005792114658044387
0.4905746820058671  0.36527327690785727   0.5236804514232571   0.038355531970460065   -0.4409327012462353   -0.00523962901167693   0.010443615489701146
0.49400901385484747  0.3670605040352297   0.4798342927989439   0.03871539235722228   -0.4384615862431315   0.0035986038676221045   0.02471115003103805
0.497633665116568  0.36875061103569046   0.43631063926156904   0.039993197474193116   -0.43523653537374873   0.012778051169708359   0.032250508693828034
0.5015323656129427  0.37036772384703964   0.39318461855049486   0.0422077237067594   -0.43126020711074164   0.022145262325662794   0.039763282630071034
0.5057434332734357  0.3719073955839043   0.3505262934466544   0.04483712735953225   -0.4265832510384044   0.026294036527728572   0.0467695607233726
0.5102679219348739  0.37334874992188166   0.3084028259299998   0.047485260844907916   -0.42123467516654606   0.026481334853756682   0.05348575871858333
0.5150820150044122  0.3746649404074761   0.26688146681837266   0.04990776440249088   -0.4152135911162713   0.02422503557582963   0.060210840502747026
0.5201395513026491  0.3758279849280019   0.2260329275668369   0.051895419802432674   -0.4084853925153578   0.01987655399941789   0.0672819860091348
0.5253589133778714  0.3768097846626684   0.18593449109025978   0.053109011656460224   -0.40098436476577126   0.012135918540275568   0.07501027749586564
0.5306398114327702  0.37758994938489987   0.1466724341498341   0.0533821517551021   -0.39262056940425666   0.00273140098641873   0.08363795361514631
0.5359489596763818  0.3781674192114206   0.10834291061459338   0.05340461260339223   -0.38329523535240717   0.00022460848290130556   0.09325334051849446
0.5412758145783629  0.3785465374495676   0.0710513171605801   0.05340328995975511   -0.37291593454013294   -1.3226436371286075e-05   0.10379300812274302
0.546611284695659  0.3787328760252186   0.034910301558553763   0.05338723015603372   -0.36141015602026333   -0.00016059803721376492   0.1150577851986965
0.5519510415825214  0.3787330759923907   3.7448741479026336e-05   0.05339756890606565   -0.3487285281707474   0.00010338750031933596   0.12681627849515845
0.5572859171922392  0.37855457148075816   -0.033447441612682226   0.053378611476728295   -0.3348489035416125   -0.00018957429337366176   0.13879624629134876
0.5626175250581379  0.37820525358255513   -0.06542479444842934   0.053430389695111866   -0.3197735283574712   0.0005177821838357587   0.15075375184141343
0.5678270758842444  0.3777047636293612   -0.09577766708678812   0.05233537045157337   -0.3035287263835876   -0.010950192435384993   0.1624480197388357
0.5726391686265256  0.3771030636563981   -0.12439353934174546   0.048495648689113005   -0.2861587225495734   -0.038397217624603616   0.17370003834014164
0.5769311558456492  0.37644927678068196   -0.15116526649311982   0.04341496466424798   -0.2677172715137436   -0.050806840248650245   0.1844145103582985
0.5807674374833879  0.3757670686559795   -0.17599079335905626   0.03896468237963615   -0.24825526865936456   -0.0445028228461184   0.19462002854379035
0.5843604198610163  0.3750433286601084   -0.1987716668941874   0.0366514964872808   -0.22780873535131135   -0.023131858923553506   0.20446533308053233
0.5880118183476263  0.374229061969692   -0.21941125972253123   0.037410882308679325   -0.2063959282834381   0.0075938582139852984   0.21412807067873238
0.5920332548094589  0.37325426611111895   -0.23781295073798328   0.04137895380800269   -0.18401691015452076   0.03968071499323368   0.22379018128917338
0.5966323127055767  0.37206091129321767   -0.25387914564189595   0.04751360779108527   -0.1606619490391267   0.061346539830825796   0.23354961115394074
0.6017514080503135  0.37065774338377583   -0.2675336337623357   0.053079202453117494   -0.1365448812043969   0.05565594662032219   0.24117067834729788
0.606903729932622  0.36918382332439253   -0.27862765972296927   0.053589981452102926   -0.11094025960633569   0.005107789989854413   0.2560462159806122
0.6120461130535024  0.3676653895419929   -0.28711928503803325   0.0536187889768566   -0.08491625315064014   0.0002880752475367731   0.2602400645569555
0.6171825179038372  0.36611621131567557   -0.29293091193125004   0.053649424939543014   -0.05811626893216817   0.00030635962686405564   0.26799984218471984
0.622317159354445  0.3645505755466868   -0.2959610176889446   0.053680311276515735   -0.03030105757694584   0.0003088633697271511   0.27815211355222325
0.627452710914294  0.36298304116938784   -0.29624980291267394   0.0536945563794696   -0.0028878522372932265   0.00014245102953867308   0.27413205339652624
0.63259208863965  0.36142801608995045   -0.2938135564846526   0.053694791555201266   0.02436246428021353   2.3517573166842513e-06   0.27250316517506756
0.6377378912049956  0.3598994558778841   -0.2887481013139572   0.053680331932122294   0.050654551706953974   -0.00014459623078973572   0.2629208742674044
0.6428922139058347  0.3584106312902022   -0.28119603521442404   0.05365038784321127   0.07552066099533195   -0.0002994408891101853   0.24866109288377966
0.6480591103474989  0.3569732459344542   -0.27133065895564257   0.053631050241255356   0.09865376258781426   -0.00019337601955922524   0.23133101592482316
0.6531923976367654  0.3556113224371969   -0.2593373773943387   0.053108826014632286   0.11993281561303909   -0.005222242266230697   0.2127905302522483
0.6575533501611508  0.3545191411866158   -0.24539798127068485   0.04495638642513865   0.1393939612365383   -0.08152439589493633   0.19461145623499226
0.6611050171421351  0.35368873708823223   -0.22968096146190328   0.036474524411466334   0.15717019808781557   -0.08481862013672312   0.17776236851277258
0.6641450523101798  0.3530333418787613   -0.21233814649768754   0.031098804966664093   0.17342814964215764   -0.053757194448022426   0.16257951554342054
0.6670590748717924  0.35246232006816786   -0.1935046221611856   0.02969443280778476   0.188335243365019   -0.014043721588793355   0.14907093722861353
0.6701735288860663  0.3519171170726877   -0.17329973196827747   0.03161814370469399   0.20204890192908162   0.019237108969092327   0.13713658564062645
0.6736979528834316  0.35137786006919325   -0.15182821530834237   0.035654400330143284   0.21471516659935094   0.04036256625449297   0.12666264670269312
0.6777227423082882  0.3508550206410558   -0.1291813759758638   0.040586070248366524   0.22646839332478588   0.049316699182232325   0.11753226725434933
0.6822415146954162  0.35037679393994076   -0.10543863420735407   0.0454400755548758   0.23742741768509723   0.048540053065092896   0.10959024360311384
0.6871756453878183  0.3499778948344879   -0.0806694165021206   0.049502289023878876   0.2476921770523347   0.04062213469003063   0.10264759367237422
0.6923916021276061  0.349691066439589   -0.05493523302581976   0.05223837214104094   0.2573418347630083   0.02736083117162073   0.09649657710673673
0.6977207780609201  0.34954025484163465   -0.028291683401735795   0.0533130943261506   0.2664354962408397   0.010747221851096486   0.09093661477831305
0.703052681265332  0.3495360432261112   -0.0007898895541442312   0.05331904867767569   0.27501793847591566   5.954351525089927e-05   0.08582442235075959
0.7083806847372252  0.34968272271609413   0.0275229645876407   0.05330022126528637   0.28312854141784927   -0.00018827412389312126   0.08110602941933698
0.713652616016852  0.3499814538751885   0.056603933112798654   0.05280388217027476   0.2908096852515795   -0.004963390950116145   0.07681143833730177
0.7187527814599378  0.35042328464278266   0.08641492680167621   0.05119267718535488   0.2981099368887757   -0.0161120498491987   0.07300251637196205
0.7236305055288278  0.35099621541681103   0.11692288153659604   0.04911256637975381   0.3050795473491983   -0.02080110805601072   0.06969610460422625
0.7283110128391488  0.35169450688950227   0.14809905429122722   0.04732310182437618   0.3117617275463116   -0.017894645553776345   0.06682180197113309
0.7328622162195723  0.3525222996981725   0.1799175796448253   0.046258721495587775   0.3181852535359807   -0.010643803287884107   0.06423525989669093
0.7373537162243836  0.35349068556582447   0.21235350848990592   0.04594708204215681   0.32435928845080625   -0.003116394534309517   0.06174034914825559
0.7418282889260955  0.35461124079692713   0.24538080226150596   0.046127480842615136   0.3302729377160006   0.0018039880045831766   0.05913649265194295
0.746286748155386  0.3558883222129102   0.2789705471574017   0.04637757609264794   0.3358974489589576   0.002500952500328073   0.05624511242957068
0.7506855164682718  0.35731236732959387   0.3130893530011252   0.04623534055762854   0.34118805843723454   -0.001422355350194064   0.05290609478276923
0.7549537907269767  0.3588592838610038   0.3476980532538659   0.04539946685003401   0.3460870025274072   -0.008358737075945312   0.04898944090172655
0.7590102484744424  0.3604924376108651   0.38275080667808825   0.04372875555931271   0.35052753424222344   -0.016707112907212954   0.04440531714816199
0.7627822318132214  0.3621689508079945   0.4182411894376482   0.04127778434966406   0.3549038275955994   -0.02450971209648654   0.04376293353376009
0.7662246571377223  0.363849073349451   0.45405298237513625   0.03830548768659024   0.35811792937488085   -0.029722966630738163   0.03214101779281468
0.7693327572344525  0.36550756556389996   0.4901674207691133   0.03522908264017546   0.3611443839397703   -0.0307640504641478   0.030264545648893776
0.7721467900679515  0.367142974133022   0.5264527541396616   0.03254741460695141   0.36285333370548317   -0.026816680332240533   0.017089497657129145
0.7747473741916244  0.3687838531144583   0.5628776491497721   0.03074983189550661   0.3642489501011045   -0.017975827114447965   0.013956163956213045
0.7772122117880877  0.3704675997716932   0.5992978590696256   0.029850338662549825   0.3642020991985345   -0.008994932329567818   -0.00046850902570006207
0.7796120537271644  0.37223830212668957   0.6356739813537686   0.029823863201369698   0.3637612228414312   -0.00026475461180127795   -0.004408763571032827
0.7819861252802295  0.3741263457165702   0.6718541864309928   0.03033302546130621   0.36180205077224253   0.0050916225993651   -0.01959172069188717
0.784350495149148  0.37614954134918216   0.7077949728295428   0.031118427731603917   0.35940786398549895   0.007854022702977076   -0.023941867867434786
0.7866953092021444  0.37830497787715744   0.7433414260209364   0.03184974029605029   0.35546453191393645   0.007313125644463769   -0.03943332071562535
0.7889993872133112  0.3805772565040266   0.7784496506316589   0.032360509327989485   0.3510822461072252   0.005107690319391879   -0.043822858067112905
0.7912381100456846  0.38294294426314296   0.8129658095043445   0.03257047511753951   0.34516158872685476   0.0020996578955002664   -0.05920657380370409
0.7933932011392043  0.38538061992860734   0.8468488748104566   0.032537179151495586   0.3388306530611211   -0.0003329596604391645   -0.06330935665733692
0.7954608676458751  0.3878815467088007   0.8799498900291415   0.03244977587395095   0.3310101521868494   -0.0008740327754464029   -0.07820500874271635
0.797450818545153  0.39045319278944224   0.9122336864542616   0.032516562157792916   0.3228379642512011   0.0006678628384196105   -0.08172187935648347
0.7993899261229178  0.393128227644843   0.9435598572448332   0.033039294295965   0.31326170790571567   0.0052273213817208754   -0.09576256345485412
0.8013099846686865  0.3959535586334925   0.9739020542571503   0.03416009369806013   0.3034219701231709   0.01120799402095132   -0.09839737782544761
0.8032474797644699  0.3989919187320158   1.003132217559679   0.03603542608945137   0.2923016330252882   0.01875332391391235   -0.11120337097882702
0.8052250009821824  0.40229405782407096   1.0312149928132173   0.03848988535937939   0.2808277525353805   0.02454459269928018   -0.11473880489907687
0.8072526071141217  0.4058960302411025   1.058091284610751   0.04133447945642259   0.2687629179753389   0.028445940970432033   -0.1206483456004159
0.8093128727114536  0.4097858969530714   1.0837114953189597   0.04401790245846818   0.25620210708208807   0.026834230020455874   -0.12560810893250893
0.8113707983720798  0.41391090806922354   1.1080373323455261   0.046098562594773386   0.2432583702656623   0.02080660136305211   -0.12943736816425755
0.8133851883874782  0.418192480213443   1.1310431334835427   0.04731767868386293   0.23005801138016396   0.01219116089089545   -0.13200358885498323
0.8153194787220647  0.4225463310730043   1.1527167151118907   0.04764188955717123   0.21673581628348138   0.003242108733083023   -0.1332219509668262
0.8171520289220983  0.42690821791294914   1.1730596495169068   0.04731204607721731   0.2034293440501617   -0.003298434799539254   -0.1330647223331965
0.8188786582624826  0.431247387882203   1.1920869592228425   0.04670079753189541   0.19027309705935888   -0.006112485453218952   -0.1315624699080284
0.8205107762469005  0.43557075950858604   1.2098265293768515   0.04621185057414845   0.17739570154008946   -0.004889469577469606   -0.1287739551926939
0.8220716686915184  0.4399212701914957   1.2263178907366596   0.046220480769650095   0.16491361359808043   8.630195501642048e-05   -0.12482087942009021
0.8235615300684902  0.44428250041544737   1.241610940443549   0.04608689183368926   0.15293049706889372   -0.0013358893596083703   -0.1198311652918673
0.8249632764420658  0.4485838598665251   1.2557646359239485   0.04524001107781476   0.14153695480399567   -0.008468807558744967   -0.11393542264898036
0.8262498908836777  0.4527141060003395   1.2688133100718748   0.04326003912070895   0.13048674147926392   -0.019799719571058107   -0.11050213324731782
0.8273972591164415  0.4565601661298698   1.2808787648916617   0.040135560767876374   0.12065454819786745   -0.03124478352832579   -0.09832193281396465
0.828395855652283  0.46004919103067693   1.2920377056472614   0.036291169449119295   0.11158940755599749   -0.03844391318757076   -0.0906514064186997
0.8292589637514304  0.46318640952674045   1.3023195796217806   0.03253781720222887   0.10281873974519046   -0.037533522468904235   -0.08770667810807008
0.8300271665654868  0.4660864332541037   1.3118483775731469   0.030000455301201524   0.09528797951366173   -0.025373619010273445   -0.0753076023152873
0.830753777536594  0.46893032897122394   1.3206493767257867   0.0293525234914962   0.08800999152640218   -0.006479318097053266   -0.07277987987259556
0.8314842100569492  0.4718900282208557   1.3288384576366523   0.030484998466562326   0.08189080910865336   0.011324749750661223   -0.061191824177488204
0.8322570502531429  0.4751270099295198   1.336430441829471   0.03327962222002934   0.07591984192818926   0.027946237534670147   -0.059709671804640915
0.8330889465918451  0.4787234157825426   1.3434810244004836   0.0369136649196518   0.07050582571012234   0.03634042699622466   -0.05414016218066921
0.8339806209120685  0.4826976151093971   1.3500856288866885   0.04073001765641236   0.06604604486205082   0.03816352736760562   -0.04459780848071539
0.8349111536127257  0.4869677560025999   1.3562345282576898   0.043703540308303424   0.06148899371001306   0.029735226518910588   -0.04557051152037739
0.8358465412092705  0.49138252038884195   1.362006970428006   0.04512770162749404   0.05772442170316219   0.014241613191906177   -0.03764572006850877
0.8367646908330095  0.49583463661062493   1.367419842213614   0.04545804393485805   0.05412871785608031   0.0033034230736400526   -0.0359570384708188
0.8376442689851422  0.5002103355725203   1.3724256495981084   0.04463227434361964   0.050058073844944866   -0.008257695912384153   -0.04070644011135446
0.8384681688099138  0.5044098659393783   1.377068282685098   0.04279587155722136   0.04642633086989514   -0.01836402786398272   -0.036317429750497336
0.8392275844115348  0.5083689933824842   1.381284282464156   0.04031302787777087   0.04215999779057968   -0.02482843679450486   -0.04266333079315454
0.839924625448428  0.5120796035057114   1.38510952356341   0.03775512374990866   0.038252410992541   -0.02557904127862213   -0.039075867980386744
0.8405744263831703  0.5156048860381957   1.3885164152390048   0.03584669885586509   0.03406891675594869   -0.019084248940435766   -0.041834942365923104
0.841191659976027  0.5190087704396229   1.391413369910792   0.03459393924725849   0.02896954671786917   -0.012527596086065884   -0.05099370038079525
0.8417910909164932  0.5223603289645053   1.3938161624566476   0.034047411058846525   0.024027925458555692   -0.00546528188411976   -0.04941621259313474
0.8423889470780002  0.5257385336357485   1.3956354543632468   0.03430699460847675   0.01819291906599408   0.0025958354963023043   -0.05835006392561614
0.8430034035388594  0.5292362567309168   1.3968974693225182   0.0355128478057824   0.012620149592714246   0.012058531973056466   -0.055727694732798344
0.8436552001385661  0.5329611615192853   1.3975667423311353   0.03781501618378404   0.006692730086171958   0.023021683780016462   -0.059274195065422905
0.8443545202984689  0.5369586573106554   1.397609303743287   0.040582041949695814   0.0004256141215160337   0.027670257659117698   -0.06267115964655923
0.8451023787375261  0.5412181951410384   1.3969950592049973   0.04324691292258158   -0.006142445382897625   0.026648709728857675   -0.06568059504413659
0.845892487191336  0.5456844151464092   1.3957003044887974   0.045355697001760474   -0.012947547161998656   0.021087840791788923   -0.0680510177910103
0.8467130799056832  0.550269738353361   1.3937102407067474   0.04658171456167175   -0.01990063782050018   0.01226017559911273   -0.06953090658501528
0.8475471604351754  0.5548592265703836   1.39102126249738   0.04664664234847575   -0.02688978209367617   0.0006492778680400882   -0.06989144273175986
0.8483758273966545  0.5593314288595417   1.387581448173564   0.045483274121592025   -0.03439814323816119   -0.011633682268837313   -0.0750836114448502
0.8491807704884643  0.5635782378948674   1.38347772946278   0.04322420660182993   -0.04103718710783557   -0.02259067519762098   -0.06639043869674384
0.84994495366521  0.5675071811571296   1.378693868110183   0.04002570559739853   -0.047838613525971886   -0.031985010044313915   -0.0680142641813631
0.8506552681807562  0.5710579564609471   1.3733575874784079   0.03621125787541144   -0.0533628063177506   -0.03814447721987087   -0.055241927917787155
0.8513082623056143  0.5742263325470764   1.3675448003723971   0.032349665145493436   -0.0581278710601098   -0.03861592729918002   -0.04765064742359197
0.8519026478144278  0.5770225568708446   1.361346660785423   0.028586998096896615   -0.061981395869740316   -0.037626670485968294   -0.03853524809630524
0.8524498838889333  0.579517413681095   1.3548702161857462   0.025541687150408325   -0.06476444599676459   -0.03045310946488288   -0.027830501270242693
0.8529864915562497  0.5818885703400437   1.3482388868616255   0.024311173747680666   -0.0663132932412109   -0.0123051340272766   -0.015488472444463032
0.8535825334799201  0.5844433599753216   1.341592478764272   0.02623397807290423   -0.06646408097353458   0.019228043252235604   -0.001507877323236996
0.8543365816391313  0.5875829541507102   1.3350870496382974   0.03228875998322495   -0.06505429125974553   0.06054781910320728   0.01409789713789048
0.8553418470568153  0.5916562622049742   1.3288379389404812   0.0419552107191989   -0.06249110697816191   0.09666450735973953   0.025631842815836373
0.8566123417561845  0.5966801720367471   1.3230998663040254   0.05182067809176971   -0.05738072636455619   0.09865467372570806   0.051103806136057174
0.8579534387888739  0.6018722420195934   1.3180239271380179   0.053624744249146365   -0.05075939166007733   0.018040661573766482   0.06621334704478866
0.8593173366308638  0.6070639775728022   1.3138956890359337   0.05367898599809417   -0.0412823810208419   0.0005424174894780781   0.09477010639235428
0.8606976001742735  0.6122546935653322   1.3109004538965816   0.05371094857137777   -0.029952351393519663   0.0003196257328359925   0.11330029627322229
0.8620862701159003  0.6174441860978392   1.3093296483481465   0.05372079388069653   -0.015708055484350655   9.845309318769805e-05   0.14244295909169016
0.8634750053797987  0.6226339225405286   1.3093296386913411   0.05372331893858745   -9.656805509613933e-08   2.525057890913423e-05   0.15707958916295559
0.8648548150926914  0.6278259536143738   1.3110450002268401   0.05372249204529316   0.017153615354988824   -8.268932942943086e-06   0.1715371192304392
0.8662160972417419  0.6330224283582219   1.3145907989990864   0.0537181895197274   0.035457987722465535   -4.3025255657561496e-05   0.18304372367476715
0.8675495595554055  0.638224926284336   1.3198858976544372   0.05370670946276942   0.05295098655350724   -0.00011480056957986445   0.17492998831041703
0.8688463154050206  0.6434338893351215   1.3268089451782155   0.0536794856513701   0.06923047523778461   -0.00027223811399313796   0.16279488684277357
0.870098334925128  0.6486496163362278   1.3352069243119027   0.05363894203729067   0.08397979133687049   -0.00040543614079429036   0.14749316099085896
0.8712989529026586  0.6538711072695826   1.3447870437167255   0.05357746830065505   0.09580119404822851   -0.0006147373663561878   0.1182140271135802
0.8722753882231733  0.6583318896543994   1.355301887217285   0.04566399612368426   0.10514843500559373   -0.07913472176970793   0.09347240957365222
0.8729874419010232  0.6617673000605637   1.3664213260648244   0.035084277246254805   0.11119438847539458   -0.10579718877429452   0.06045953469800849
0.8734975587869287  0.6643788897981285   1.377896978775257   0.02660943478287258   0.11475652710432688   -0.08474842463382228   0.035621386289323105
0.873905819198949  0.6666052142188179   1.3894326900109917   0.022634480312525178   0.1153571123573465   -0.03974954470347405   0.006005852530196101
0.8742915181100632  0.6688513552897609   1.400738605086749   0.022790158754628764   0.11305915075757149   0.0015567844210358835   -0.022979615997750114
0.8747016198258021  0.6714045774451395   1.4115353874254415   0.025859479484257736   0.1079678233869244   0.03069320729628972   -0.050913273706470835
0.8751545238201833  0.6744168112641247   1.4215593458426823   0.030460916940177704   0.1002395841724111   0.046014374559199704   -0.07728239214513302
0.8756496669037862  0.6779246126240777   1.430567940804297   0.03542574918633035   0.09008594961614731   0.049648322461526485   -0.1015363455626379
0.8761769261742166  0.6818820829106579   1.438344957689006   0.039924395308407294   0.07777016884708929   0.04498646122076938   -0.12315780769058039
0.8767233682090446  0.6861927813833572   1.4447047002268742   0.043451950727161986   0.06359742537868222   0.03527555418754694   -0.14172743468407062
0.877277785701341  0.6907409287342198   1.4494951572255272   0.04581814387436741   0.047904569986527014   0.023661931472054216   -0.15692855392155194
0.8778329676510542  0.6954161452947213   1.4525998414681136   0.04708065089277599   0.031046842425865792   0.012625070184085782   -0.16857727560661226
0.8783862865201814  0.7001295570643615   1.4539387406534383   0.047457783640952364   0.013388991853247528   0.0037713274817638156   -0.17657850572618264
0.8789391881584183  0.7048203630781295   1.45346846125676   0.04723278657920343   -0.004702793966781909   -0.0022499706174893322   -0.18091785820029435
0.8794968399502779  0.7094601819529283   1.4511818100254235   0.04673210321813264   -0.022866512313367216   -0.005006833610707952   -0.18163718346585309
0.8800679138939772  0.7140536162053783   1.4471070253299072   0.046287972175019426   -0.040747846955164285   -0.004441310431132148   -0.17881334641797067
0.880664399674074  0.7186342808649403   1.4413067822244745   0.046193380488134976   -0.0580024310543265   -0.0009459168688444925   -0.1725458409916221
0.88130082850399  0.7232534009773033   1.4338769975588954   0.04662758010875429   -0.07429784665578952   0.0043419962061931805   -0.16295415601463017
0.881992090729913  0.7279592622878267   1.4249455249882022   0.04756361439048573   -0.08931472570693248   0.009360342817314326   -0.15016879051142965
0.882749567236198  0.7327714798077483   1.414670402486522   0.04871468784321031   -0.10275122501680112   0.01151073452724583   -0.1343649930986864
0.8835768033289473  0.7376621841616233   1.403237687896602   0.04960172237952752   -0.11432714589920241   0.00887034536317212   -0.1157592088240129
0.8844674889625546  0.742558603205779   1.3908582886504768   0.049767700724350626   -0.1237939924612495   0.0016597834482310531   -0.09466846562047096
0.8854081938942978  0.7473712100834157   1.377763375493017   0.049036833836697685   -0.1309491315745969   -0.007308668876529358   -0.07155139113347404
0.886385799833863  0.7520356226230344   1.3641985490266533   0.04765758881104299   -0.13564826466364058   -0.013792450256547071   -0.046991330890436514
0.8873963087437171  0.7565464629694474   1.35041687289434   0.0462264089971542   -0.13781676132313295   -0.014311798138887813   -0.02168496659492381
0.888449779523234  0.7609635728795782   1.3366722616167583   0.045409977583642326   -0.13744611277581562   -0.008164314135118778   0.003706485473173293
0.8895680909053003  0.7653878391300062   1.3232145179101202   0.045634145332126175   -0.13457743706638162   0.0022416774848385565   0.02868675709433991
0.8907760649712455  0.7699194266606055   1.3102864982984976   0.04689828023656883   -0.12928019611622393   0.01264134904442646   0.052972409501577035
0.89208922807345  0.774615363908989   1.2981232188544605   0.04876086953054232   -0.12163279444037146   0.01862589293973489   0.07647401675852451
0.893502672811595  0.7794605587602119   1.2869522111069733   0.050471515901649715   -0.11171007747487315   0.017106463711073914   0.0992271696549832
0.8949848835116625  0.7843597061524323   1.2770066540170422   0.051184561862043086   -0.09945557089931041   0.007130459603933823   0.12254506575562732
0.8964713355184459  0.7891253748663809   1.268450534200764   0.04992107556891838   -0.08556119816278206   -0.012634862931247071   0.1389437273652835
0.8978242493910289  0.7933587955896014   1.2614749990505503   0.044443477548925324   -0.06975535150213699   -0.05477598019993058   0.15805846660645057
0.8989019981041557  0.7966717701280434   1.2562827133523504   0.0348386890984885   -0.051922856982000234   -0.0960478845043682   0.1783249452013677
0.899632352152692  0.7988900183758221   1.2527269661253888   0.023353891163971064   -0.03555747226961515   -0.11484797934517438   0.1636538471238509
0.9  0.8   1.2509491928871395   0.011692836035978973   -0.017777732382493285   -0.11661055127992093   0.17779739887121862
0.9  0.8   1.2509491928871395   5.966687398644106e-29   5.244374502110829e-22   -0.11692836035978973   0.17777732382493283
