0.1  0.1   3.314679038279212   0.0   -1.1364684479741471e-21   0.0   0.0
0.09946483487842535  0.09990693351622369   3.313773109409018   0.005431970892342394   -0.00905928870194017   0.05431970892342394   -0.0905928870194017
0.09877954119963857  0.09978906317055185   3.3119257528746804   0.006953566312145088   -0.018473565343378857   0.01521595419802694   -0.09414276641438687
0.09810162079973701  0.0996744537248394   3.309069391715688   0.006875401033025491   -0.028563611589922572   -0.0007816527911959687   -0.10090046246543716
0.09743240466360654  0.09956404246865563   3.305105589256515   0.006782631365108385   -0.03963802459173264   -0.0009276966791710666   -0.11074413001810064
0.09667633225839774  0.09944333632045582   3.2999055871590803   0.007656470832776569   -0.052000020974345834   0.008738394676681853   -0.12361996382613202
0.09568483078004249  0.09929174187604611   3.293311530442115   0.010030234579294077   -0.06594056716965184   0.023737637465175074   -0.13940546195306
0.09429564928162427  0.09909095008518187   3.285138163637519   0.014036176754466086   -0.08173366804596381   0.04005942175172009   -0.1579310087631198
0.09237005598061981  0.09883218218874495   3.2751758305578473   0.019429025670630113   -0.09962333079671654   0.0539284891616403   -0.17889662750752708
0.08981952112597535  0.09852049260401023   3.2631952770437382   0.02569509377680676   -0.1198055351410872   0.06266068106176641   -0.20182204344370666
0.08661276497192613  0.09817488161690126   3.2489541290554   0.032253266479449504   -0.14241147988338246   0.06558172702642745   -0.22605944742295253
0.08277182217188672  0.09782588762918451   3.2322053819882344   0.03856765276321312   -0.1674874706716567   0.06314386283763618   -0.25075990788274244
0.07836184409691176  0.0975117419910031   3.2127077186714006   0.04421153028764019   -0.19497663316834202   0.05643877524427065   -0.27489162496685343
0.07347993705322454  0.09727407631338097   3.1902372065787206   0.04887688754158011   -0.2247051209267935   0.046653572539399266   -0.2972848775845146
0.06825982478049954  0.09715395917425255   3.1645990449617227   0.05221494064630031   -0.2563816161699844   0.03338053104720198   -0.31676495243190894
0.06290659175953667  0.0971858269301204   3.1356397314378675   0.053533278743778175   -0.2895931352385513   0.013183380974778622   -0.33211519068566897
0.05755707806801734  0.09739098362165817   3.1032609073678086   0.05353446180156692   -0.3237882407005858   1.1830577887513001e-05   -0.34195105462034475
0.0522253407474805  0.09778712888367658   3.0674294528032204   0.05346433757545594   -0.35831454564588255   -0.0007012422611099073   -0.3452630494529682
0.04690005939169465  0.09839375410866466   3.028167375170905   0.05359721604884912   -0.3926207763231535   0.0013287847339319065   -0.34306230677270905
0.04159982355598033  0.09922746465876885   2.985574146509568   0.05365405221932683   -0.42593228661336624   0.0005683617047770978   -0.3331151029021276
0.036344315587859326  0.10030282879014818   2.9397620292367734   0.053643985700204726   -0.45812117272794795   -0.00010066519122108976   -0.32188886114581605
0.031152988729472184  0.1016319520697293   2.8909489917721625   0.05358772550027921   -0.4881303746461101   -0.0005626019992551859   -0.30009201918162237
0.026447327026334237  0.10309889324219065   2.839400669253277   0.04929012930378497   -0.5154832251888575   -0.04297596196494233   -0.27352850542747364
0.022785098424139005  0.104461602327227   2.7853683516832524   0.039075432672173144   -0.5403231757002448   -0.10214696631611829   -0.24839950511387285
0.020227211967000877  0.10558080892712354   2.729139136280787   0.027920255265418904   -0.562292154024654   -0.1115517740675424   -0.21968978324409275
0.018734737846542674  0.10634001151266106   2.671019405830146   0.016744753106940596   -0.5811973045064115   -0.11175502158478305   -0.18905150481757566
0.018183608616558163  0.10666312559035002   2.61132513187036   0.006388631585433975   -0.596942739597857   -0.10356121521506623   -0.15745435091445437
0.018134843198670966  0.10669586208443443   2.550385409743636   0.0005873452159209035   -0.6093972212672404   -0.058012863695130715   -0.12454481669383324
0.018101957576485646  0.10672102048834016   2.4885431385226324   0.0004140542758624082   -0.6184227122100371   -0.0017329094005849538   -0.09025490942796734
0.01809479784983573  0.10672724247960998   2.4261559787548603   9.485507949665757e-05   -0.6238715976777177   -0.0031919919636575066   -0.05448885467680632
0.01808352691219347  0.1067383478069624   2.3635955129258104   0.00015822842062673565   -0.6256046582905058   0.0006337334113007807   -0.017330606127880656
0.0179392331537796  0.10689943864650699   2.301246817615563   0.0021626591803233725   -0.62348695310247   0.020044307596966366   0.02117705188035835
0.017396757191819198  0.10758597704621063   2.239509102630225   0.008749943677375418   -0.6173771498533801   0.06587284497052046   0.06109803249089866
0.016334062631965664  0.10911295585416779   2.1787961976513377   0.018603720078232293   -0.6071290497888784   0.09853776400856878   0.10248100064501685
0.014772101240897575  0.11166781992527715   2.119532533417372   0.029945039337145377   -0.5926366423396532   0.1134131925891308   0.14492407449225186
0.0128276035087206  0.11530161682794504   2.062139417126672   0.04121353098228632   -0.5739311629070009   0.11268491645140946   0.1870547943265242
0.010691954860962912  0.11988286074094706   2.007017386403661   0.05054581183153095   -0.5512203072301101   0.09332280849244626   0.22710855676890745
0.008679675453680247  0.12486688058665407   1.9545280666364462   0.05374916021239153   -0.5248931976721444   0.03203348380860577   0.26327109557965694
0.006921316833740544  0.12993128196724874   1.9049742683623772   0.05360968791187233   -0.49553798274069233   -0.001394723005191976   0.2935521493145202
0.005395785670127379  0.13508504621446055   1.858582391789881   0.05374805228749448   -0.46391876572496177   0.0013836437562214652   0.31619217015730555
0.004093749203521903  0.14029952303145649   1.8154892964886746   0.05374576023776879   -0.4309309530120635   -2.292049725692427e-05   0.329878127128983
0.0029999933777040883  0.14556161725558067   1.7757338248483208   0.053745639292942016   -0.3975547164035412   -1.2094482677063457e-06   0.33376236608522303
0.0020988821257853668  0.15086022082907335   1.739250434363351   0.05374681508458265   -0.3648339048496956   1.1757916406349147e-05   0.32720811553845586
0.0013751294786807906  0.1561860729915266   1.7058631873814774   0.05374804103453223   -0.3338724698187354   1.2259499495753641e-05   0.3096143503096018
0.0008145512831211341  0.16153166044865053   1.6752818910368503   0.05374900294433104   -0.30581296344627   9.619097988090827e-06   0.2805950637246538
0.0004048125999970569  0.16689102992203889   1.647100668556911   0.05375009482850679   -0.28181222479939483   1.0918841757489356e-05   0.24000738646875192
0.0001361618853888735  0.17225943727141896   1.6207975233328895   0.053751251776434875   -0.26303145224021357   1.1569479280935781e-05   0.18780772559181244
2.122202049998029e-06  0.17763301010980548   1.5957353938255265   0.053752443373445515   -0.25062129507363246   1.1915970106379444e-05   0.12410157166581176
1.1077027239936298e-07  0.18300837452155722   1.5711705212735514   0.05375364788085037   -0.245648725519749   1.2045074048605315e-05   0.04972569553883417
0.00013185114499168106  0.18838204055610283   1.546285315120044   0.05375280660315363   -0.24885206153507508   -8.412776967388827e-06   -0.032033360153260616
0.0004028522275295434  0.1937503993843614   1.5203579636518887   0.05375194703048313   -0.25927351468155174   -8.595726705029655e-06   -0.10421453146476667
0.0008214960039128024  0.19910916436451168   1.492831499091941   0.05375092996775933   -0.2752646455994782   -1.0170627238064838e-05   -0.15991130917926502
0.0013981239022461465  0.2044530619986533   1.4633082164559643   0.053749178279599345   -0.29523282635976406   -1.7516881599802295e-05   -0.1996818076028584
0.0021441299453311504  0.20977558241451313   1.4315431730504342   0.053745463616536905   -0.3176504340553039   -3.7146630624400965e-05   -0.2241760769553985
0.003071140999955917  0.21506920268978022   1.3974356449422332   0.0537417576137186   -0.3410752810820102   -3.706002818308625e-05   -0.23424847026706233
0.004189932764552261  0.22032397045025331   1.3610188335101445   0.053725486716303804   -0.3641681143208861   -0.00016270897414791586   -0.23092833238875907
0.005505547298627199  0.22551206139388458   1.3224477622602075   0.053523013033329264   -0.38571071249937083   -0.002024736829745431   -0.21542598178484781
0.006920973226290819  0.23027593634719504   1.2819870256191805   0.04969701714135673   -0.4046073664102698   -0.03825995891972534   -0.18896653910898942
0.00838215728268222  0.23453075638848464   1.2399967189778178   0.04498727868010382   -0.4199030664136262   -0.04709738461252907   -0.15295700003356397
0.009957241271494199  0.23854536844436822   1.1969127119139384   0.043125398005187957   -0.430840070638795   -0.01861880674915864   -0.10937004225168798
0.011785428898367933  0.24266608181015434   1.153228874731253   0.04508053753231442   -0.4368383718268559   0.019551395271264694   -0.059983011880609144
0.013973282847705968  0.24706735936723978   1.1094752565162984   0.049150736554134315   -0.43753618214954365   0.04070199021819889   -0.006978103226877925
0.016499402171759055  0.2516415191398558   1.0662206777385699   0.05225343669537434   -0.4325457877772848   0.031027001412400283   0.049903943722588925
0.019246935742616916  0.2561556173780073   1.0240363228729814   0.05284507888789101   -0.42184354865588447   0.005916421925166646   0.10702239121400396
0.022116849191582064  0.260466975191015   0.9834885581122864   0.05179209340848766   -0.40547764760694993   -0.010529854794033488   0.16365901048934484
0.024857693234119228  0.26426031759994834   0.9451020553784356   0.04679922296034886   -0.3838650273385086   -0.04992870448138803   0.2161262026844136
0.027315382749867917  0.267417567415844   0.909348569961668   0.04001057879585664   -0.35753485416767594   -0.06788644164492214   0.26330173170832616
0.029478750992808417  0.2700166233761085   0.8766286553095874   0.03381605245907599   -0.32719914652080606   -0.0619452633678065   0.30335707646869886
0.03145162680084231  0.27225011464469995   0.8472764411403837   0.02980054060046569   -0.29352214169203683   -0.04015511858610303   0.3367700482876927
0.03338994459010661  0.27433394169882974   0.8215594257501752   0.02845946423195935   -0.25717015390208536   -0.013410763685063404   0.36351987789951384
0.03543887467928662  0.2764422683747537   0.7996846385960876   0.0293992446888691   -0.21874787154087594   0.009397804569097489   0.38422282361209453
0.037696228542532295  0.27868342175900673   0.7817968778886141   0.03180945607151879   -0.1788776070747351   0.024102113826496886   0.39870264466140853
0.04019909916057943  0.28110058356372114   0.7679795495452159   0.03479516133150444   -0.13817328343398363   0.02985705259985655   0.4070432364075147
0.04292569247143672  0.28368301661631745   0.7582510307815414   0.03755432272582465   -0.09728518763674375   0.027591613943202066   0.40888095797239876
0.04580784911182851  0.2863818615094529   0.7525642952181141   0.039484922004428276   -0.056867355634271935   0.01930599278603627   0.4041783200247181
0.04875148395466136  0.2891285770796298   0.7508061423352157   0.040260939521317964   -0.017581528828983898   0.00776017516889696   0.39285826805288043
0.05165994472564535  0.2918533757790988   0.7528065459815243   0.03985432474522963   0.02000403646308515   -0.004066147760883423   0.37585565292069045
0.054454575820310616  0.29450069117149863   0.7583343666887488   0.03849446939770418   0.05527820707224326   -0.013598553475254509   0.3527417060915811
0.0570873482550278  0.29703891917947056   0.7671166152066564   0.03657060583783269   0.0878224851790769   -0.019238635598714957   0.3254427810683364
0.05954358240075905  0.2994631024462504   0.7788310164751467   0.034510506645937036   0.11714401268490449   -0.020600991918956427   0.2932152750582758
0.06183605974184335  0.30179131561478745   0.7931318808846219   0.03267419305436042   0.143008644094752   -0.018363135915766198   0.25864631409847527
0.06399477039786762  0.3040572908234872   0.8096357139569444   0.03129644603285875   0.16503833072322505   -0.013777470215016716   0.22029686628473047
0.06605667497084768  0.30630259446276864   0.8279520271347908   0.030484158017974283   0.18316313177846247   -0.008122880148844684   0.18124801055237427
0.06805812623145065  0.3085701988817465   0.8476623141566532   0.030245391301055625   0.19710287021862477   -0.0023876671691865576   0.13939738440162305
0.07003102016196767  0.31090092745360853   0.868354653651671   0.030536218064402466   0.20692339495017645   0.002908267633468433   0.09820524731551633
0.07200142892093232  0.31333159372003977   0.8895978279021834   0.03129001306515299   0.212431742505126   0.007537950007505224   0.05508347554949614
0.07398993973614232  0.3158947242315282   0.9109783262912832   0.03244042737254546   0.21380498389099797   0.01150414307392476   0.013732413858719603
0.07601180326267101  0.3186175424790988   0.9320720459910359   0.03391411406658666   0.21093719699752622   0.014736866940411975   -0.028677868934717618
0.07807720582917105  0.3215209673662913   0.9524817343396372   0.035631115387087034   0.20409688348601412   0.017170013205003602   -0.06840313511512092
0.08019076510311081  0.32461709237300984   0.9718121160260623   0.03748749506394149   0.19330381686425147   0.018563796768544687   -0.10793066621762641
0.08235178423153938  0.3279075674468878   0.9896906452292024   0.039366521163614984   0.17878529203139917   0.018790260996734903   -0.14518524832852298
0.08455456461923799  0.33138210747676083   1.0057672746579396   0.04113960361455579   0.16076629428737235   0.01773082450940811   -0.18018997744026843
0.08679006053340327  0.33501948675854676   1.019718103888798   0.04269422680155177   0.1395082923085861   0.015546231869959782   -0.21258001978786226
0.08904798508973252  0.3387901469267104   1.0312492521719057   0.043950086923531285   0.115311482831075   0.012558601219795141   -0.24196809477511122
0.09131872947513418  0.34265950547844537   1.0400998840080198   0.0448644800100564   0.08850631836114238   0.009143930865251107   -0.26805164469932613
0.09359457606829161  0.34659091644070195   1.0460450278667244   0.04542628079619482   0.059451438587047045   0.005618007861384163   -0.29054879774095344
0.09586991113962526  0.3505474331002531   1.0488978489272858   0.04564118070794872   0.028528210605610484   0.002148999117539025   -0.30923227981436563
0.09814040384661887  0.3544919964384599   1.0485108576887276   0.045513423362394584   -0.0038699123855778683   -0.001277573455541366   -0.32398122991188355
0.10040138234235069  0.3583863260124163   1.0447769829851814   0.04503090781758908   -0.037338747035465504   -0.004825155448054998   -0.3346883464988763
0.10264579495405542  0.3621892658740568   1.0376299610289208   0.044158509443640734   -0.07147021956260591   -0.008723983739483514   -0.341314725271404
0.10486233307133591  0.3658557404598851   1.027043764196647   0.04284399271063414   -0.10586196832273838   -0.013145167330065856   -0.3439174876013249
0.10703436102186388  0.36933744773198246   1.0130316686104954   0.041036558026296355   -0.14012095586151502   -0.01807434684337788   -0.34258987538776636
0.10914040986428461  0.37258621620151905   0.9956448019122587   0.038716841678166324   -0.1738686669823676   -0.02319716348130029   -0.3374771112085262
0.11115675270609253  0.37556008420407755   0.9749746564752243   0.03592983349857714   -0.20670145437034346   -0.02787008179589185   -0.3283278738797581
0.11306200865192836  0.37823074367963844   0.9511317178809278   0.03280613091107855   -0.23842938594296528   -0.031237025874985943   -0.31727931572621854
0.1148429139350125  0.3805903459079448   0.9242633573771429   0.02956238539622162   -0.2686836050378484   -0.03243745514856926   -0.30254219094883095
0.1164994930745942  0.38265469556723986   0.894550962576333   0.026468460403903004   -0.2971239480080982   -0.030939249923186196   -0.2844034297024983
0.11804778596672112  0.38446107319644424   0.8621798807980787   0.02379119799232769   -0.3237108177825434   -0.026772624115753152   -0.2658686977444524
0.11951841964602389  0.3860606174266402   0.8273614888846451   0.02172856452472928   -0.348183919134337   -0.020626334675984057   -0.24473101351793491
0.12095099210052157  0.38750739058160516   0.7903300428088211   0.020360295673965332   -0.3703144607582386   -0.013682688507639486   -0.22130541623901653
0.12238574135236466  0.38884751831125297   0.7513120132167893   0.019632747508780905   -0.39018029592031944   -0.007275481651844233   -0.1986583516208085
0.12385631107904044  0.39011293281179216   0.7105541590273287   0.01940064220377794   -0.40757854189460574   -0.002321053050029666   -0.17398245974286303
0.1253887019880903  0.3913227462192677   0.6683019256741178   0.019524011829145056   -0.4225223335321086   0.0012336962536711445   -0.1494379163750285
0.12701010106257712  0.39249210892916625   0.6248168433904501   0.0199908581757955   -0.4348508228366771   0.004668463466504432   -0.12328489304568484
0.1287689968030715  0.3936453406602933   0.5803415199909728   0.021032493080010844   -0.4447532339947723   0.010416349042153463   -0.0990241115809521
0.13076104689540977  0.39482628644644324   0.5351302892982509   0.023157928491576503   -0.45211230692721993   0.02125435411565657   -0.07359072932447622
0.13314703759525706  0.3960971988858539   0.4894299001590356   0.027033627297137687   -0.45700389139215297   0.038756988055611855   -0.04891584464933023
0.13613935269968508  0.3975186664128379   0.44348047056726075   0.033127812506195474   -0.459494295917748   0.060941852090577835   -0.02490404525595053
0.1399298415868753  0.39911015706200226   0.39751256356264675   0.0411103983078338   -0.4596790700461403   0.0798258580163833   -0.0018477412839227095
0.14454855944912073  0.40080525382498877   0.3517438024700058   0.04919949971992421   -0.45768761092640975   0.0808910141209041   0.019914591197304692
0.1496719208403673  0.4024259499763382   0.30637443032363504   0.053735917187956804   -0.453693721463708   0.045364174680325935   0.03993889462701828
0.15486359891137924  0.4038158206379091   0.26157737768080735   0.053745010604628794   -0.44797052642827645   9.093416671986535e-05   0.057231950354315046
0.1601120075805101  0.40497575421096077   0.2175103438464178   0.05375057158030547   -0.4406703383438956   5.5609756766708444e-05   0.07300188084380926
0.16540592597936946  0.4059078273822969   0.1742787280786904   0.05375344864332076   -0.43231615767727394   2.8770630152907113e-05   0.08354180666621608
0.17073464963441604  0.4066151534538796   0.13196691204280936   0.05375463325462155   -0.42311816035881045   1.1846113007914443e-05   0.09197997318463495
0.1760880733227336  0.4071016276544173   0.09062270800796511   0.05375481590929644   -0.4134420403484425   1.8265467489770154e-06   0.09676120010367922
0.18145668756768615  0.4073717095804055   0.050265191965369556   0.053754035344193894   -0.4035751604259555   -7.80565102553175e-06   0.09866879922487024
0.18683152700015027  0.407430251755851   0.010891462215345343   0.05375158240561141   -0.39373729750024206   -2.4529385824795034e-05   0.09837862925713399
0.1922041366906005  0.40728238286871676   -0.02751578389001031   0.05374644182985281   -0.3840724610535566   -5.140575758599149e-05   0.09664836446685525
0.19756659694695242  0.40693343330183485   -0.06498104622954731   0.0537380180144163   -0.3746526233953701   -8.42381543651075e-05   0.094198376581865
0.20271597424352641  0.4064088093351505   -0.10153072944958931   0.05176032925792471   -0.36549683220042006   -0.019776887564915923   0.09155791194950039
0.20727066543600356  0.4057800015742074   -0.13718994949277943   0.04597892023422114   -0.35659220043190093   -0.0578140902370357   0.08904631768519124
0.21124816343840958  0.4050891206332895   -0.17198146481320498   0.04037054227238652   -0.34791515320425576   -0.05608377961834617   0.08677047227645188
0.21482954484315303  0.404341017610309   -0.20592570001472407   0.036586815793716455   -0.339442352015191   -0.03783726478670067   0.08472801189064713
0.21819882384258835  0.40351992220103566   -0.23904111176295506   0.034678867696573426   -0.33115411748230983   -0.01907948097143022   0.08288234532881189
0.2214679209158391  0.402610439272303   -0.2713444980379014   0.033932513717660255   -0.3230338627494637   -0.007463539789131771   0.08120254732846119
0.2246665497349526  0.40161098534781164   -0.3028513785212566   0.033511392793561134   -0.3150688048335518   -0.004211209240991172   0.07965057915911895
0.2277669623364658  0.4005366127111042   -0.33357632495744055   0.032812855502267695   -0.30724946436183964   -0.006985372912934426   0.0781934047171216
0.23071957250262212  0.3994133153735432   -0.363533306319833   0.03159066903669607   -0.299569813623924   -0.012221864655716218   0.0767965073791567
0.23348299102470746  0.3982685503731519   -0.3927360134361924   0.029911484139582247   -0.29202707116359444   -0.016791848971138234   0.07542742460329553
0.2360408106302438  0.39712263376654156   -0.4211938509934996   0.02802778265181005   -0.2845783755730721   -0.018837014877721953   0.07448695590522356
0.2384048061166902  0.3959838132111799   -0.4489295394321287   0.02624002080268435   -0.2773568843862913   -0.017877618491257047   0.07221491186780761
0.24060831689497197  0.39484794700300757   -0.47595494705385644   0.024790425153416458   -0.27025407621727654   -0.01449595649267888   0.07102808169014752
0.24269503883472346  0.39370176211254154   -0.5022866752508504   0.02380787318718916   -0.2633172819699389   -0.009825519662273   0.06936794247337642
0.24470802687355728  0.39252787272239614   -0.5279433645208297   0.023302654665903807   -0.25656689269979377   -0.005052185212853517   0.06750389270145087
0.24668164486805758  0.39130982209870174   -0.5529462895494828   0.02319227308846175   -0.2500292502865318   -0.0011038157744205942   0.06537642413262025
0.24863825828598063  0.39003539253072733   -0.5773198713979726   0.023350603398893124   -0.24373581848489825   0.0015833031043137752   0.0629343180163355
0.2505891367821707  0.3886975815151649   -0.6010966818518163   0.02365515846545329   -0.23776810453843664   0.0030455506656016512   0.059677139464616086
0.2525380401109452  0.3872935492296149   -0.6243007362604978   0.024019847717616994   -0.2320405440868139   0.003646892521637047   0.057275604516227444
0.25448563142605873  0.38582225752673627   -0.6469747125879443   0.02440862799434935   -0.22673976327446554   0.0038878027673235503   0.05300780812348337
0.25643319950224797  0.3842819594612239   -0.6691568883745509   0.024830504509600164   -0.22182175786606567   0.004218765152508157   0.049180054083998795
0.25838475648012776  0.38266837916382734   -0.6908801689219437   0.025322353788812646   -0.21723280547392942   0.004918492792124798   0.04588952392136261
0.2603474685154223  0.38097386744214   -0.7121948023342655   0.02592992192125893   -0.21314633412321682   0.006075681324462797   0.04086471350712579
0.2623303640742296  0.3791880782008027   -0.7331446849247095   0.02668504826979742   -0.20949882590443922   0.007551263485384952   0.03647508218777597
0.26434231192921387  0.3772995532197555   -0.7537656639224533   0.027594312412552384   -0.20620978997743877   0.00909264142754964   0.0328903592700048
0.2663900529202687  0.3752975342885943   -0.7741085762945834   0.02863795203427567   -0.20342912372130104   0.010436396217232862   0.02780666256137727
0.2684767171274831  0.3731737824104361   -0.7942064880400593   0.02977329265239393   -0.20097911745476002   0.011353406181182609   0.02450006266541009
0.2706010958106479  0.37092379409181303   -0.8141052034739109   0.03094419529318204   -0.1989871543385146   0.01170902640788108   0.019919631162454123
0.2727577942414607  0.36854737891519807   -0.8338295394595389   0.03209158334067829   -0.1972433598562807   0.01147388047496251   0.017437944822339103
0.27493768061423235  0.3660487872313273   -0.8534146606617293   0.03315850569749035   -0.19585121202190425   0.010669223568120542   0.013921478343764554
0.27712866134702846  0.3634365810321737   -0.8728714550962814   0.03409401384170114   -0.1945679443455205   0.009355081442107956   0.012832676763837574
0.27931641066457186  0.36072330069001246   -0.892218700955739   0.034854178073182474   -0.19347245859457501   0.007601642314813287   0.010954857509454722
0.28148541491866824  0.3579248079564715   -0.9114477749851938   0.03540641330884999   -0.19229074029454918   0.00552235235667524   0.011817183000258594
0.28362022284697924  0.35505897839360834   -0.9305556618068933   0.03573567401653609   -0.1910788682169952   0.003292607076861001   0.012118720775539599
0.2857071482756219  0.3521436837624137   -0.9495091274561742   0.03585275516803264   -0.18953465649280937   0.0011708115149655315   0.015442117241858231
0.28773602245379837  0.34919408642643107   -0.9682728149579848   0.035800076641410286   -0.18763687501810433   -0.0005267852662235914   0.01897781474705074
0.28970162537417515  0.34621999152063904   -0.9867911414177212   0.035649453501074756   -0.1851832645973649   -0.0015062314033552876   0.024536104207394105
0.2916044643295006  0.3432236160203729   -1.0050048788765797   0.03549515773806412   -0.18213737458858498   -0.0015429576301064013   0.03045890008779892
0.2934506778915349  0.3401986324212915   -1.0228217850566352   0.03543872217130859   -0.17816906180055472   -0.000564355667555254   0.039683127880302774
0.2952510289520333  0.33713050747588186   -1.0401452304939807   0.03557338137102479   -0.17323445437345544   0.001346591997161926   0.04934607427099261
0.29701945698932236  0.3339979811218215   -1.0568605749863464   0.03597229361877594   -0.16715344492365808   0.003989122477511574   0.06081009449797371
0.2987716749282465  0.3307749397776046   -1.0728386673956185   0.03668550560101334   -0.15978092409271896   0.007132119822374002   0.07372520830939126
0.30052346592176077  0.32743344241287536   -1.087934871530281   0.037728472435881844   -0.150962041346625   0.010429668348685004   0.08818882746093955
0.30228899489115907  0.3239473524224626   -1.1020023399876246   0.03907673983719919   -0.14067468457343785   0.013482674013173497   0.1028735677318718
0.30407945351164656  0.32029623941925156   -1.114868590484062   0.04066493358398077   -0.12866250496437337   0.015881937467815688   0.12012179609064459
0.30590211874634426  0.3164688330258814   -1.1263577867424712   0.04239239113070605   -0.11489196258409233   0.017274575467252917   0.1377054238028104
0.30776020180996777  0.3124651177361822   -1.1362873704748255   0.044138655158824446   -0.0992958373235419   0.0174626402811839   0.1559612526055044
0.309653876355349  0.30829569623159736   -1.1444704226287115   0.04579309878870412   -0.0818305215388606   0.01654443629879676   0.17465315784681285
0.31158183879906937  0.30397935315977653   -1.1507186557909745   0.04727351975266062   -0.062482331622631095   0.014804209639565039   0.19348189916229513
0.3135430324731417  0.299539501623825   -1.1548451159156046   0.04853716337870646   -0.04126460124629902   0.012636436260458375   0.21217730376332072
0.3155380724147532  0.29500067193658513   -1.156667014304237   0.04957939017212139   -0.018218983886325243   0.010422267934149212   0.23045617359973777
0.3175700929470193  0.29038596324894067   -1.1560083183348033   0.05042285564639525   0.006586959694336451   0.00843465474273873   0.2480594358066169
0.31964491395035816  0.28571597261691195   -1.1527026072429984   0.05110156034714668   0.033057110918050435   0.006787047007514201   0.2647015122371399
0.3217706289093664  0.2810091181736134   -1.146595079331242   0.05164604809406973   0.061075279117564954   0.005444877469230468   0.2801816819951451
0.32395684648246564  0.2762827955033589   -1.1375450314385918   0.052074632269740385   0.09050047892650066   0.004285841756706639   0.2942519980893572
0.3262138053421454  0.2715547515927573   -1.1254276804419534   0.052391089428319645   0.12117350996638399   0.0031645715857925474   0.3067303103988332
0.3285515012832823  0.26684423126616685   -1.1101361424699385   0.05258690336997185   0.15291537972014946   0.0019581394165220692   0.3174186975376545
0.3309787048817831  0.26217304185458085   -1.0915829159643857   0.052641549965294764   0.18553226505552844   0.0005464659532291702   0.3261688533537901
0.3335014894767584  0.2575671103820125   -1.0697013045665862   0.05251575653328902   0.2188161139779937   -0.001257934320057448   0.3328384892246527
0.3361211212356889  0.25305842879289325   -1.0444500275250674   0.05214468354919527   0.25251277041518744   -0.0037107298409374727   0.33696656437193717
0.33883221054611895  0.2486856893953942   -1.015802105340336   0.05144983487589204   0.28647922184731267   -0.006948486733032339   0.33966451432125205
0.3416222058802858  0.2444918893904712   -0.9837635830004505   0.050370658568220816   0.3203852233988583   -0.010791763076712264   0.3390600155154561
0.3444726317508061  0.24051969644506938   -0.9483589726908667   0.048890944395489494   0.354046103095838   -0.014797141727313218   0.33660879696979756
0.3473615503508039  0.23680631176349592   -0.9096305950377521   0.04704792925385276   0.3872837765311456   -0.01843015141636727   0.3323767343530761
0.3502659235328835  0.23338003705075586   -0.867652615366461   0.04491630214960119   0.4197797967129111   -0.021316271042515732   0.3249602018176544
0.3531646438065624  0.2302577568869611   -0.822511138431987   0.04260423998413909   0.4514147693447393   -0.023120621654620924   0.31634972631828284
0.35604130720117066  0.22744412383892998   -0.7743218039238173   0.040238940362354016   0.4818933450816962   -0.023652996217850848   0.30478575736956803
0.3588859845570942  0.22493294954062995   -0.7232095451097508   0.037944941185545984   0.5111225881406677   -0.0229399917680803   0.2922924305897162
0.3616967190319522  0.2227092136414532   -0.6693263590785884   0.03584024223891611   0.5388318603116211   -0.021046989466298714   0.2770927217095333
0.36447978206856047  0.2207523298518613   -0.6128304430891615   0.03402180775870314   0.5649591598942699   -0.018184344802129708   0.2612729958264887
0.36724912480541444  0.21903953760297507   -0.5538994219417315   0.03256211983580032   0.5893102114743002   -0.014596879229028314   0.24351051580030192
0.37002449504033147  0.21754944563084191   -0.4927288248389252   0.031500879394515346   0.6117059710280632   -0.010612404412849582   0.22395759553763045
0.3728282762824269  0.21626521446438243   -0.4295160701260454   0.030838999566185587   0.6321275471287974   -0.006618798283297653   0.2042157610073416
0.3756814745844684  0.21517665355611493   -0.3644772053931235   0.030538017947764968   0.6503886473292195   -0.003009816184206195   0.1826110020042219
0.3785995191270184  0.2142809180232901   -0.29783376086537233   0.030524295400664786   0.6664344452775124   -0.0001372254710018092   0.16045797948292723
0.38158763182653455  0.21358185474551003   -0.22981487469703646   0.030687956874563303   0.680188861683358   0.0016366147389851485   0.13754416405845837
0.38463819470131333  0.2130875029951943   -0.16065601743890934   0.030903587989129587   0.6915885725812714   0.002156311145662868   0.11399710897913251
0.38773033297729814  0.21280659350492964   -0.09059766476260454   0.031048718587939842   0.7005835267630477   0.001451305988102541   0.08994954181776406
0.39083186143273335  0.2127449147447867   -0.01988394823516478   0.031021416842767557   0.7071371652743978   -0.00027301745172285386   0.06553638511349999
0.3939032816315694  0.2129024273877128   0.051238438641923   0.030754564328729226   0.7112238687708778   -0.002668525140383339   0.04086703496480018
0.3969029555868482  0.2132717929432667   0.12251849819905622   0.0302232935855902   0.7128005955713322   -0.005312707431390243   0.01576726800454425
0.3997923506145564  0.21383862160244896   0.19371551426146913   0.029444691125932062   0.711970160624129   -0.007786024596581357   -0.008304349472031498
0.40254030185605544  0.2145831099257314   0.26457365855356524   0.028470157866018336   0.7085814429209614   -0.009745332599137272   -0.03388717703167668
0.40512559640660767  0.21548266212759823   0.33484701489330454   0.027373238896774094   0.7027335633973928   -0.01096918969244243   -0.05847879523568541
0.4075377394433374  0.21651475039198295   0.4043006696740443   0.026236692274608123   0.6945365478073978   -0.01136546622165965   -0.08197015589995067
0.4097754241037309  0.21765899345300652   0.47268739223691936   0.025132697471742533   0.6838672256287499   -0.011039948028655983   -0.10669322178647898
0.41184589732792687  0.21889947921046984   0.5397806629094629   0.024136412920278363   0.6709327067254359   -0.009962845514641678   -0.12934518903314077
0.413764178930245  0.2202269513488818   0.6053441311421829   0.023328065895080536   0.6556346823271997   -0.008083470251978291   -0.15298024398236046
0.41555173787459637  0.2216406973708758   0.669155657805779   0.022790447108898368   0.6381152666359616   -0.005376187861821648   -0.1751941569123806
0.4172353768910384  0.22315047271035535   0.7310074161402411   0.02261429174965857   0.6185175833446209   -0.0017615535923979815   -0.19597683291340828
0.4188452548657905  0.224777466134238   0.7906857659812183   0.0228884571235142   0.5967834984097726   0.002741653738556288   -0.2173408493484829
0.4204121205553511  0.2265538976375801   0.8479986382910553   0.023687078703775608   0.5731287230983686   0.007986215802614098   -0.23654775311404092
0.4219637955127486  0.22852034001035035   0.9027511692307485   0.025049133276105414   0.547525309396932   0.013620545723298091   -0.25603413701436506
0.42352189790506606  0.2307212756963564   0.9547698369012035   0.0269662770120026   0.5201866767045509   0.01917143735897184   -0.27338632692381065
0.4250989288211827  0.23319846270322261   1.0038834752480448   0.029365765744102625   0.4911363834684126   0.02399488732100024   -0.29050293236138286
0.4266970804153327  0.2359841400146716   1.0499372790209154   0.03211555168669212   0.4605380377287056   0.02749785942589498   -0.30598345739706995
0.4283081816359862  0.23909389757917862   1.0927900588908102   0.035023191249799565   0.42852779869894764   0.029076395631074402   -0.3201023902975798
0.4299157683505484  0.242522131004396   1.1323157385230629   0.03786438889327931   0.3952567963225271   0.028411976434797512   -0.33271002376420555
0.431498467327113  0.2462407529806793   1.1684054114170253   0.04041421216962665   0.360896728939627   0.025498232763473374   -0.3436006738290016
0.43303412017312404  0.2502020411838741   1.2009685751867187   0.04248533145949611   0.32563163769693165   0.020711192898694608   -0.3526509124269527
0.43450385555433013  0.2543455723712482   1.22993524529561   0.04396472767061328   0.2896667010889146   0.014793962111171694   -0.35964936608017095
0.4358950030790699  0.2586070712939503   1.2552574982265325   0.04482818812285484   0.2532225293092224   0.008634604522415596   -0.3644417177969216
0.437201950761181  0.26292543629807746   1.276911280216106   0.04511805464849514   0.216537819895735   0.0028986652564029626   -0.36684709413487404
0.4384248923754577  0.2672449539950285   1.2948968491107917   0.04489300538636651   0.17985568894685763   -0.0022504926212863576   -0.3668213094887738
0.4395675297405795  0.2715134759878456   1.3092395030803556   0.044188120746798364   0.14342653969563943   -0.007048846395681384   -0.36429149251218174
0.4406352020832088  0.2756807743052844   1.3199885682446248   0.04301894872930343   0.10749065164269253   -0.011691720174949275   -0.3593588805294691
0.4416342685042049  0.2797009623024059   1.3272182814512816   0.04142468496652876   0.0722971320665662   -0.015942637627746743   -0.35193519576126353
0.4425725351747955  0.28353873932145357   1.3310179598311471   0.03950807106538116   0.03799678379865672   -0.01916613901147607   -0.3430034826790947
0.4434598295841999  0.28717563509753413   1.331500714535954   0.037435681181237496   0.004827547048067997   -0.02072389884143664   -0.3316923675058872
0.44430815889379754  0.29061235317022865   1.328791292091867   0.03539871993265841   -0.0270942244408681   -0.02036961248579083   -0.31921771488936096
0.44513127443408057  0.2938661375080363   1.3230226777006275   0.03356282423994999   -0.057686143912393496   -0.01835895692708422   -0.305919194715254
0.4459434469274717  0.29696335804626356   1.3143441266832405   0.03201936792230286   -0.086785510173872   -0.015434563176471334   -0.29099366261478504
0.4467585730698323  0.2999330095635789   1.3029085489214143   0.030794903413150936   -0.1143557776182616   -0.012244645091519166   -0.275702674443896
0.44758944952140883  0.3028016434380127   1.2888692932619936   0.029865391313916065   -0.14039255659420793   -0.00929512099234873   -0.2603677897594634
0.44844691772216005  0.3055893477199419   1.272391433909601   0.02916598511757547   -0.16477859352392504   -0.006994061963405946   -0.24386036929717103
0.44933985378114333  0.3083097000543477   1.253634230288518   0.02863154139884836   -0.18757203621083227   -0.005344437187271096   -0.22793442686907256
0.4502756026481403  0.3109716402477327   1.2327601219800692   0.028216221460792234   -0.2087410830844866   -0.004153199380561268   -0.2116904687365429
0.4512604674458025  0.31358129972063675   1.209930147901488   0.02789315549412038   -0.22829974078581103   -0.00323065966671854   -0.19558657701324458
0.45230093052153814  0.3161453234518124   1.185305916528662   0.027670889226768663   -0.24624231372826316   -0.002222662673517126   -0.1794257294245212
0.45340508311047634  0.31867359714768473   1.1590391333980414   0.027588622330408367   -0.2626678313062037   -0.000822668963602997   -0.16425517577940546
0.4545831567380245  0.32117910059593263   1.1312762452207636   0.027686467815715397   -0.27762888177277856   0.000978454853070307   -0.1496105046657488
0.45584918018808246  0.3236798867258315   1.102161077807568   0.028029888768225368   -0.2911516741319553   0.0034342095250997065   -0.1352279235917672
0.4572202819319314  0.32619589310049685   1.071837293855945   0.028653460644994255   -0.30323783951622946   0.006235718767688861   -0.12086165384274163
0.4587163438288826  0.32874714059014465   1.0404338249868095   0.029575437364379425   -0.31403468869135576   0.009219767193851744   -0.10796849175126262
0.4603577482690137  0.33134939365441785   1.0080637014311027   0.03076675079790061   -0.32370123555706903   0.01191313433521181   -0.09666546865713292
0.46216216917219316  0.33400991309385325   0.9748369759889702   0.032147003722655325   -0.3322672544213241   0.013802529247547128   -0.08566018864255122
0.4641411425191498  0.336724498792987   0.9408615272991399   0.03359361699178342   -0.3397544868983034   0.01446613269128099   -0.07487232476979261
0.46629635628357585  0.33947537729171984   0.9062200694076638   0.03494607114564064   -0.34641457891476113   0.013524541538572184   -0.06660092016457697
0.46861944080156137  0.3422345781271943   0.8709995294658931   0.03606925412063126   -0.352205399417706   0.011231829749906176   -0.05790820502944943
0.47109331702371904  0.34496833743861216   0.8352610366545101   0.03686936877045818   -0.35738492811383105   0.008001146498269277   -0.05179528696125024
0.4736953551330796  0.3476424800617531   0.7990633559247566   0.037311715440949106   -0.3619768072975344   0.004423466704909244   -0.04591879183703345
0.4764023747375561  0.3502280987696641   0.7624644949830586   0.03743444836206208   -0.36598860941698036   0.0012273292111296243   -0.04011802119445939
0.47919602088979835  0.35270562006243644   0.7254974531768433   0.03733975171325929   -0.369670418062153   -0.0009469664880279014   -0.03681808645172655
0.48206789316521637  0.3550672218348116   0.6882040822607209   0.03718173381863677   -0.3729337091612233   -0.001580178946225115   -0.03263291099070249
0.4850228175808581  0.3573163817102801   0.6506031058191503   0.03713529109563148   -0.3760097644157058   -0.0004644272300529203   -0.030760552544826222
0.4880780402083455  0.3594641130866706   0.6127168072553836   0.03734586371827989   -0.3788629856376677   0.002105726226484068   -0.02853221221961785
0.4912594713221412  0.3615238989250505   0.5745734836806456   0.03790016046379929   -0.3814332357473788   0.005542967455194118   -0.025702501097111512
0.4945944674091801  0.3635057277352207   0.5361824685017014   0.038794128851393335   -0.3839101517894441   0.00893968387594043   -0.02476916042065255
0.4981053089106716  0.3654126112323287   0.497562273994391   0.0399527379789395   -0.3862019450731031   0.011586091275461589   -0.022917932836590098
0.5018058751459041  0.36724026542706073   0.45874366175216424   0.04127288494503884   -0.3881861224222671   0.013201469660993417   -0.01984177349163997
0.5057027503480442  0.36897931038499027   0.4197448320396334   0.04267307547711425   -0.38998829712530875   0.014001905320754116   -0.018021747030416837
0.509802853540323  0.3706198255139811   0.3806060031149067   0.044161222894957865   -0.3913882892472669   0.014881474178436145   -0.013999921219581523
0.5141221960310766  0.37215441177730507   0.34137294962064324   0.04583849316023927   -0.39233053494263465   0.01677270265281398   -0.009422456953677159
0.5186862412578647  0.3735767663220901   0.3021042826553645   0.0478054403632442   -0.3926866696527876   0.019669472030049415   -0.0035613471015290507
0.5235169385213971  0.3748767092467423   0.2628732388854959   0.05002548116635593   -0.39231043769868545   0.02220040803111724   0.003762319541021143
0.5286029887042951  0.37603419260049925   0.22376877241058488   0.05216097600426962   -0.39104466474911037   0.021354948379136925   0.012657729495750345
0.5338641306550428  0.37701819316519614   0.18489556056698828   0.05352370665157846   -0.3887321184359663   0.013627306473088407   0.023125463131441384
0.5391705353182626  0.3778005005138344   0.14637262655375144   0.05363761295730299   -0.3852293401323685   0.0011390630572453396   0.03502778303597781
0.5445033184961968  0.37838047353059523   0.10833039105988518   0.05364228287743606   -0.3804223549386625   4.6699201330624774e-05   0.04806985193705967
0.5498573860373462  0.3787607497438324   0.07090659316480394   0.05367555238052336   -0.3742379789508125   0.00033269503087295956   0.06184375987849988
0.5552213284243205  0.3789444923442992   0.034241751499541874   0.05367088528616493   -0.36664841665262066   -4.667094358429191e-05   0.07589562298191903
0.5604659053319329  0.3789364947092194   -0.0015249330915463775   0.052445830055428404   -0.35766684591088255   -0.012250552307365247   0.08981570741738062
0.5653958098277326  0.37875767861012616   -0.036255822407045946   0.0493314641329467   -0.3473088931549957   -0.03114365922481698   0.10357952755886837
0.5699229039903396  0.37844103228795783   -0.069830988456653   0.04538154520336846   -0.3357516604960706   -0.03949918929578243   0.11557232658925139
0.574042546197047  0.37801885706433425   -0.10212211876004774   0.041412176748784925   -0.32291130303394744   -0.03969368454583531   0.1284035746212319
0.5778014653771315  0.37751587723052177   -0.13301954524740725   0.03792421669017099   -0.3089742648735951   -0.034879600586139356   0.1393703816035228
0.5812851009715517  0.3769450479457744   -0.16241684135534143   0.035300939119286834   -0.2939729610793416   -0.026232775708841662   0.15001303794253482
0.5846247222417783  0.3763020362678437   -0.19021258940387145   0.0340096078285325   -0.2779574804853004   -0.012913312907543285   0.16015480594041254
0.5880110713050702  0.3755579081761102   -0.21630560408361274   0.034671438671282556   -0.2609301467974128   0.006618308427500581   0.17027333687887597
0.5916863879239438  0.37465613321449526   -0.24060667334150712   0.037843295747549174   -0.2430106925789438   0.0317185707626662   0.17919454218468958
0.5958824848395234  0.3735263435834579   -0.2630105597691418   0.04345532641154223   -0.22403886427634634   0.056120306639930624   0.18971828302597468
0.6006800826001955  0.3721290020721973   -0.28341797530889795   0.049969498268741704   -0.20407415539756227   0.0651417185719947   0.19964708878784085
0.605810105082023  0.37053233843186034   -0.30173574676899517   0.05372752129442666   -0.18317771460097176   0.03758023025684944   0.20896440796590496
0.6109154829433066  0.36885261377084844   -0.31785527929766416   0.053746030591380604   -0.16119532528669037   0.00018509296953953683   0.21982389314281386
0.6159977375847671  0.3671022684478966   -0.3316802299496959   0.053752228781908475   -0.1382495065203168   6.198190527872618e-05   0.22945818766373552
0.6210599251857616  0.3652937126059876   -0.34313460748148983   0.05375557416767625   -0.11454377531794009   3.34538576777388e-05   0.23705731202376737
0.6261057412384815  0.3634395425565352   -0.3521499499403967   0.05375705182594383   -0.09015342458906798   1.4776582675745004e-05   0.24390350728872104
0.6311393330804252  0.36155236864570484   -0.3586969881393926   0.053757299226246655   -0.06547038198995953   2.4740030282439433e-06   0.24683042599108454
0.6361650712483335  0.35964464821771414   -0.36278877776892443   0.053756340429518844   -0.040917896295318654   -9.587967278098269e-06   0.24552485694640883
0.6411873346941186  0.3577286664601186   -0.36445504537848256   0.05375324754310865   -0.016662676095580396   -3.092886410192626e-05   0.24255220199738256
0.6462101933574831  0.3558164650906012   -0.36375838136032135   0.053745346989035464   0.006966640181612193   -7.900554073185765e-05   0.23629316277192586
0.6510884673761321  0.35397597566633715   -0.360770623097216   0.05213919708036792   0.029877582631053366   -0.016061499086675455   0.2291094244944117
0.6552493334581385  0.3524308305627468   -0.35556841731230737   0.04438499740175743   0.052022057849085715   -0.07754199678610496   0.2214447521803234
0.6587513406419085  0.3511595245224002   -0.34822838142672596   0.03725623889149067   0.07340035885581468   -0.07128758510266757   0.21378301006728992
0.6619339989763724  0.35003790544821567   -0.33882535403843905   0.033745138052030096   0.09403027388286855   -0.035111008394605674   0.20629915027053852
0.6651562528843371  0.34894345322731163   -0.32742854745851296   0.034030495017317045   0.1139680657992614   0.002853569652869485   0.1993779191639285
0.6686605426808068  0.3478050125401797   -0.3141148460164259   0.036845751689654684   0.13313701442087053   0.02815256672337635   0.19168948621609128
0.6725426311621666  0.3466086344280472   -0.2989434627551462   0.04062256954489329   0.15171383261279667   0.03776817855238607   0.1857681819192613
0.6767735238154523  0.3453829432555055   -0.2819810150824313   0.044048577155309174   0.1696244767271494   0.03426007610415885   0.17910644114352733
0.6812468676515689  0.34417719129997015   -0.26328446956102536   0.04632995019897973   0.1869654552140591   0.022813730436705627   0.1734097848690971
0.6858296194240787  0.34304152586439834   -0.24291924729895514   0.047213716004985036   0.20365222262070226   0.008837658060053027   0.16686767406643166
0.6904041876507293  0.342014071565115   -0.2209349899529709   0.04688532478014276   0.21984257345984243   -0.003283912248422801   0.1619035083914016
0.6948986237920594  0.34111519828373665   -0.19739257605642652   0.045834407822582975   0.23542413896544384   -0.010509169575597856   0.15581565505601397
0.6992995421298457  0.34034909657915735   -0.17235062436858004   0.044671013014730344   0.250419516878465   -0.011633948078526283   0.14995377913021113
0.7036414721363833  0.33971122240556045   -0.1458668601629143   0.04388535022420755   0.26483764205665694   -0.007856627905227948   0.1441812517819205
0.7079813131587581  0.3391966690708291   -0.11801407651234046   0.04370238578586815   0.2785278365057387   -0.0018296443833940017   0.13690194449081658
0.7123700310696955  0.33880568444556125   -0.08885399920465945   0.04406099621998871   0.29160077307681026   0.0035861043412056715   0.1307293657107164
0.7168332411034538  0.33854444828959757   -0.05846429915294321   0.04470848704062926   0.3038970005171621   0.006474908206405473   0.12296227440351883
0.7213655114351548  0.33842239896851134   -0.026922452296712182   0.045339133644562574   0.31541846856231026   0.006306466039333111   0.11521468045148117
0.7259346336092133  0.3384483983644212   0.0056901773053556265   0.04569196144844141   0.3261262960206781   0.0035282780387883936   0.10707827458367818
0.7304932857726649  0.33862759348110427   0.039288565878627564   0.04562172775902415   0.33598388573271937   -0.0007023368941726627   0.09857589712041259
0.7349913675493603  0.3389600852084524   0.07378437037974668   0.045103536910750655   0.3449580450111911   -0.005181908482734924   0.08974159278471731
0.739385778176922  0.3394413663585941   0.10908643200936953   0.044206873118449654   0.35302061629622844   -0.008966637923009977   0.08062571285037355
0.7436459705788094  0.3400638998502607   0.14510103862354168   0.04305436940584183   0.3601460661417217   -0.011525037126078287   0.07125449845493183
0.7477549500416196  0.34081896545645285   0.18173242713230456   0.04177778871056865   0.3663138850876286   -0.012765806952731783   0.06167818945906901
0.751706722414943  0.3416980092989091   0.21887926167918023   0.04048360528352311   0.3714683454687569   -0.012941834270455477   0.05154460381128367
0.7555019172155809  0.3426932089397409   0.25645219557863547   0.039235093857286706   0.3757293389945523   -0.012485114262364035   0.04260993525795349
0.7591434296009129  0.34379712585947275   0.29434229010989055   0.03805160314388412   0.3789009453125508   -0.011834907134025723   0.03171606317998532
0.7626334951785118  0.3450021224941592   0.3324501253026429   0.036922316592469175   0.38107835192752404   -0.011292865514149548   0.021774066149732575
0.7659729407119448  0.3463000095919339   0.3706867808714337   0.03582793238429486   0.3823665556879079   -0.010943842081743158   0.012882037603838452
0.7691614684725044  0.34768184570843824   0.4089449933492415   0.03475079903072092   0.38258212477807746   -0.010771333535739377   0.002155690901695937
0.7722007673991231  0.3491392484363606   0.44712927857784796   0.03370661756495455   0.38184285228606496   -0.01044181465766368   -0.007392724920124803
0.7750979726946773  0.35066660523232307   0.48515662417950073   0.032751514937114326   0.38027345601652773   -0.009551026278402243   -0.0156939626953726
0.7778672080491873  0.3522629819321351   0.5229371281290754   0.0319641721562921   0.37780503949574645   -0.007873427808222288   -0.024684165207812626
0.780529716745086  0.3539336285230308   0.560374132579583   0.031432487313936205   0.37437004450507577   -0.005316848423558899   -0.03434994990670727
0.7831109683741696  0.35568970372241365   0.5973949383691686   0.031219641379321723   0.3702080578958566   -0.002128459346144847   -0.04161986609219111
0.7856350582364846  0.35754522128647925   0.6339119132750234   0.03132726458469872   0.3651697490585472   0.0010762320537699554   -0.05038308837309467
0.7881188564540197  0.3595124628545811   0.6698619767145366   0.03168484333667891   0.3595006343951323   0.003575787519801913   -0.05669114663414893
0.7905682713711245  0.3615973122686082   0.7051684001796232   0.03216555691310946   0.3530642346508659   0.004807135764305483   -0.06436399744266438
0.7929776741911471  0.3637963357641556   0.739778824386329   0.03262043268122318   0.3461042420670592   0.004548757681137273   -0.0695999258380667
0.7953331991915021  0.3660970541060849   0.7736281325976992   0.03292689313644433   0.3384930821137022   0.0030646045522113976   -0.07611159953356955
0.7976183357025899  0.3684815605454652   0.8066749363613195   0.033026837320204665   0.3304680376362009   0.00099944183760342   -0.08025044477501266
0.799819496048805  0.37093164890600927   0.8388656889906989   0.0329363626471162   0.32190752629379454   -0.0009047467308847454   -0.08560511342406406
0.8019296417110254  0.37343371736128833   0.870169495331501   0.03273081311347297   0.3130380634080217   -0.0020554953364322576   -0.0886946288577286
0.8039489515056744  0.3759812108788332   0.9005437720656987   0.032507438023778916   0.30374276734197675   -0.002233750896940513   -0.09295296066044882
0.8058836573753686  0.3785752329515832   0.9299677820450978   0.03236052736922529   0.29424009979399096   -0.001469106545536293   -0.09502667547985849
0.8077437868440135  0.3812231903570719   0.9584098056932282   0.03236009898224048   0.2844202364813039   -4.283869848067097e-06   -0.09819863312687079
0.8095415079704047  0.38393776607715346   0.9858593531037424   0.03255875087949442   0.2744954741051426   0.001986518972539363   -0.09924762376161278
0.8112896960979936  0.38673548220392895   1.012295833730158   0.032989964012503654   0.26436480626415376   0.004312131330092379   -0.10130667840988786
0.8130013472070624  0.3896363048922863   1.0377198397862721   0.03368162969404216   0.2542400605611438   0.006916656815385026   -0.10124745703010059
0.8146885392692772  0.39266201409620355   1.0621226421694017   0.0346432291241309   0.24402802383129568   0.009615994300887326   -0.10212036729848065
0.8163616030324223  0.395834659832094   1.0855165096830866   0.03586756657624475   0.23393867513684696   0.012243374521138639   -0.10089348694448734
0.8180276254457199  0.3991730331671066   1.1079072797461187   0.03731000831617962   0.22390770063032275   0.014424417399348717   -0.10030974506524204
0.8196895910215821  0.4026897185950339   1.1293126344936744   0.038896279994810656   0.21405354747555572   0.015862716786310342   -0.0985415315476703
0.8213454862940446  0.4063873984824153   1.149756708885773   0.04051521405954622   0.2044407439209876   0.01618934064735566   -0.09612803554568132
0.8229887029326535  0.41025749271177275   1.1692700860814855   0.04204496434236551   0.19513377195712314   0.015297502828192828   -0.09306971963864469
0.8246090856247866  0.4142804190905328   1.187889622476737   0.043370008897727   0.1861953639525154   0.013250445553614947   -0.08938408004607709
0.8261943761279339  0.41842735235133816   1.205658336148715   0.04439617263790104   0.17768713671977954   0.01026163740174043   -0.08508227232735886
0.8277317280354379  0.4226629721041713   1.222624627171672   0.045059877472199854   0.16966291022957106   0.006637048342988149   -0.08024226490208475
0.8292090336161014  0.4269486171608763   1.238841771285286   0.04533120926108203   0.16217144113614018   0.0027133178888216355   -0.07491469093430891
0.8306159278200707  0.4312453778083489   1.2543669153106312   0.04521228081266315   0.15525144025345344   -0.0011892844841887476   -0.06920000882686715
0.8319445011176593  0.43551704192180396   1.2692602839870453   0.0447350212979118   0.14893368676413685   -0.004772595147513485   -0.06317753489316581
0.8331897610640079  0.4397328392304459   1.2835839290002542   0.04395863883417335   0.14323645013209127   -0.007763824637384564   -0.056972366320456116
0.8343498608898697  0.443869957434375   1.2974051160264828   0.04296693919660368   0.13821187026228782   -0.009916996375696648   -0.050245798698034354
0.8354262085674709  0.4479157402382429   1.3107773294604932   0.0418651201110778   0.1337221343401007   -0.01101819085525882   -0.04489735922187137
0.8364232412430463  0.4518692808689102   1.323760104855805   0.04077322365781633   0.12982775395311955   -0.010918964532614681   -0.03894380386981143
0.8373479428833055  0.4557421048368658   1.3364177438100882   0.03981687909702234   0.12657638954283315   -0.009563445607939872   -0.03251364410286374
0.8382092171889782  0.45955772570887093   1.3487936009606099   0.03911618088271592   0.1237585715052165   -0.007006982143064257   -0.028178180376166536
0.8390166227669537  0.46334851785879755   1.3609409504891077   0.03875823640375125   0.12147349528497746   -0.0035794447896466647   -0.022850762202390504
0.8397792215962545  0.46715140794408017   1.372889868670522   0.038785989706582966   0.11948918181414281   0.0002775330283171439   -0.019843134708346616
0.8405046354622204  0.47100389967412615   1.3846782474988417   0.039201935930521736   0.11788378828319754   0.0041594622393877154   -0.016053935309452604
0.8411979740175188  0.47493736613188164   1.3963220123653863   0.0399410524730514   0.11643764866544465   0.007391165425296682   -0.014461396177528885
0.8418611264697105  0.47897072609168584   1.4078374284077475   0.040875131486270075   0.11515416042361289   0.009340790132186711   -0.012834882418317588
0.8424923474713133  0.4831030848053144   1.4192172250385042   0.041802904792569054   0.11379796630756817   0.009277733062989863   -0.013561941160447157
0.8430868055039279  0.48731115655220364   1.4304588057360246   0.04249852724448993   0.11241580697520255   0.006956224519208719   -0.01382159332365624
0.8436382228607004  0.4915532764163842   1.4415348202468048   0.042778080886623424   0.11076014510780208   0.0027955364213349087   -0.016556618674004757
0.8441410749077778  0.49578097159685275   1.4524101558914169   0.042574953576259136   0.10875335644612216   -0.002031273103642918   -0.020067886616799178
0.8445924305981722  0.4999534374044727   1.463040526424831   0.04196807462227437   0.1063037053341397   -0.0060687895398476525   -0.0244965111198245
0.8449929988384985  0.5040512650350514   1.473354538683988   0.04117359129963247   0.10314012259157165   -0.00794483322641904   -0.03163582742568062
0.8453466307148843  0.5080817932851243   1.4832820851405517   0.04046012046278456   0.09927546456563588   -0.007134708368479014   -0.038646580259357584
0.8456589571856836  0.5120742412108521   1.4927260105352533   0.04004645835028448   0.09443925394701616   -0.004136621125000825   -0.04836210618619739
0.8459357923665927  0.5160674321733802   1.5015802664828495   0.04002775509643867   0.0885425594759624   -0.00018703253845813654   -0.058966944710537504
0.8461819923803524  0.5200941343968979   1.509730498114984   0.04034221764313015   0.08150231632134404   0.0031446254669149003   -0.07040243154618352
0.8464013433095404  0.5241705444676427   1.5170383430811745   0.040823074228927295   0.07307844966190481   0.004808565857971351   -0.08423866659439228
0.8465969724390165  0.528292491892459   1.5233715482746928   0.04126587128517747   0.0633320519351843   0.004427970562501788   -0.0974639772672051
0.8467721334739386  0.5324389021038545   1.528577409114994   0.04150108315371992   0.0520586084030119   0.0023521186854244492   -0.11273443532172407
0.8469308228658171  0.5365808376837586   1.5325021979444893   0.041449743872754345   0.03924788829495346   -0.0005133928096556689   -0.12810720108058435
0.847078089204994  0.5406917701787658   1.5349885404931112   0.041135694175691476   0.024863425486218053   -0.003140496970628685   -0.1438446280873541
0.8472201677851819  0.5447589964876901   1.5358779771248434   0.040697071357720084   0.008894366317322976   -0.0043862281797139085   -0.15969059168895078
0.8473644943819258  0.5487906828876571   1.5350135356276118   0.040342688797607995   -0.008644414972317726   -0.0035438256011209525   -0.175387812896407
0.8475197213837466  0.5528148946875017   1.5322421723594202   0.040272044934547835   -0.027713632681914353   -0.0007064386306015777   -0.19069217709596628
0.8476956652079681  0.5568683343444842   1.5274175013766105   0.040572563737188344   -0.04824670982809856   0.003005188026405066   -0.20533077146184212
0.8479028256466578  0.560975994549746   1.5204063088173865   0.04112880719064135   -0.0701119255922401   0.005562434534530112   -0.21865215764141535
0.848151065150931  0.5651277641219912   1.5110761726215938   0.04159184226804825   -0.09330136195792685   0.0046303507740688725   -0.23189436365686747
0.8484470572001325  0.5692620227275483   1.4993233272993554   0.041448408305765266   -0.11752845322238475   -0.0014343396228297543   -0.24227091264457914
0.848791284656803  0.5732667003931811   1.485050743805246   0.04019444706367381   -0.14272583494109364   -0.012539612420914554   -0.251973817187089
0.8491763608897354  0.5770063258677255   1.468186101538894   0.037593992066592634   -0.16864642266351895   -0.026004549970811707   -0.25920587722425303
0.8495899844215505  0.5803766155551126   1.4486805732787116   0.033955760929448894   -0.19505528260182564   -0.036382311371437485   -0.26408859938306667
0.8500259970493041  0.583377487298958   1.4265106760366897   0.03032381610973637   -0.22169897242021844   -0.0363194481971252   -0.26643689818392813
0.8505029447903139  0.5861707751337506   1.4016794679735418   0.02833714183832861   -0.24831208063147747   -0.01986674271407759   -0.2661310821125904
0.8510856744181153  0.5890968376056047   1.3742167990114464   0.029835239915761515   -0.27462668962095543   0.014980980774329003   -0.26314608989477933
0.8518953069438212  0.5926081494532106   1.3441787067407702   0.03603444979158004   -0.30038092270675953   0.061992098758185336   -0.25754233085804085
0.8530628115468255  0.5970120607374151   1.3116512789085721   0.04556040122428743   -0.3252742783219809   0.09525951432707384   -0.2489335561522145
0.8546196812618089  0.6021530203836121   1.2767393656264037   0.05371527659172892   -0.34911913282168733   0.08154875367441494   -0.23844854499706414
0.8563675615676412  0.6072360205944316   1.239594866408911   0.05375125738688296   -0.3714449921749254   0.0003598079515403586   -0.22325859353238048
0.85831348204911  0.6122471364610284   1.2003986003106277   0.05375675655083488   -0.3919626609828307   5.499163951919413e-05   -0.20517668807905326
0.8604633384121639  0.6171744183985185   1.159379347631874   0.053758710618169475   -0.41019252678754037   1.954067334595947e-05   -0.1822986580470968
0.862821059815373  0.6220057765188004   1.1167916047230684   0.053759530784378076   -0.42587742908805415   8.201662086026964e-06   -0.1568490230051379
0.8653883400078378  0.6267291294798517   1.072934681398566   0.05375964172248107   -0.4385692332450242   1.109381029956071e-06   -0.1269180415697
0.8681646008303561  0.6313326908530205   1.0281239538797735   0.05375909362254982   -0.44810727518792415   -5.480999312564792e-06   -0.09538041942899983
0.8711470362884017  0.6358052613565298   0.9826820060848902   0.05375761171245524   -0.45441947794883353   -1.4819100945766913e-05   -0.06312202760909322
0.8743305593554256  0.6401364854976231   0.9369535467502671   0.053753438660855045   -0.4572845933462328   -4.1730516001912865e-05   -0.02865115397399284
0.8777060457937356  0.6443147385049367   0.8912748216062701   0.05371378490512451   -0.4567872514399682   -0.0003965375573053659   0.0049734190626462196
0.8807690274694133  0.6477731981022615   0.8459667059688699   0.04619826785916   -0.45308115637400204   -0.0751551704596451   0.03706095065966137
0.8832294607178593  0.6503134308048637   0.8013545744676652   0.035364549980775796   -0.44612131501204755   -0.10833717878384205   0.06959841361954523
0.8850199414276402  0.6520074977380931   0.757736270416155   0.024648902503678318   -0.4361830405151022   -0.10715647477097477   0.09938274496945232
0.8864152429778589  0.6532200005173213   0.7154158220292609   0.018485208696898524   -0.42320448386894033   -0.061636938067797985   0.1297855664616192
0.8877517524895175  0.6542890588474469   0.6746728328218026   0.017114740395241353   -0.40742989207458297   -0.013704683016571665   0.15774591794357398
0.8892711407683366  0.6554104090777014   0.6357945288079414   0.018883768375788083   -0.38878304013861126   0.01769027980546729   0.1864685193597169
0.8910960179654837  0.6566563122904827   0.5990428790479062   0.022096270274157965   -0.36751649760035354   0.03212501898369878   0.21266542538257757
0.8932470970257143  0.6580190065681556   0.5646835916201876   0.02546385048998833   -0.34359287427718643   0.03367580215830368   0.23923623323167129
0.8956834812139498  0.6594562090282073   0.5329536643285404   0.028286956046670707   -0.3172992729164722   0.028231055566823805   0.26293601360714136
0.8983481705985633  0.6609261165873976   0.5040894599207165   0.030432216069549455   -0.2886420440782381   0.021452600228787467   0.28657228838234117
0.9012016523741808  0.6624055241221318   0.4783039286293018   0.03214188061954252   -0.25785531291414704   0.017096645499930573   0.307867311640911
0.9042341622055664  0.6638920982495508   0.4557869698360634   0.03377279750592253   -0.22516958793238342   0.016309168863800245   0.3268572498176359
0.907459220489614  0.6653974930376164   0.4367207515999693   0.035591030335520725   -0.19066218236094137   0.01818232829598185   0.3450740557144207
0.9108952477045001  0.6669371512775579   0.4212665678917984   0.03765213210066349   -0.15454183708170924   0.020611017651427706   0.36120345279232113
0.9145459084781793  0.6685219631739759   0.4095669532588016   0.03979818190760295   -0.11699614632996802   0.021460498069394613   0.3754569075174122
0.9183879686344649  0.6701542669677262   0.40174458940843466   0.04174427136698957   -0.07822363850366944   0.019460894593866126   0.3877250782629858
0.9223693371494971  0.6718277189006646   0.39790064247573104   0.0431876563665417   -0.03843946932703638   0.014433849995521343   0.39784169176633055
0.9264162109947218  0.6735297218485321   0.3981143567605937   0.04390216618085357   0.0021371428486266033   0.0071450981431186375   0.40576612175662985
0.930445475632814  0.6752448812481397   0.40244269651382597   0.043791260874563885   0.04328339753232312   -0.00110905306289685   0.4114625468369651
0.9343781608783286  0.6769584524774105   0.4109200517929431   0.042897948200437165   0.08477355279117074   -0.008933126741267132   0.4149015525884764
0.9381509481171365  0.6786593941904243   0.42355628550420216   0.041384932355123166   0.126362337112591   -0.015130158453140002   0.41588784321420263
0.9417235575734784  0.6803428203323437   0.4403461928899792   0.039493622146924576   0.16789907385777042   -0.01891310208198591   0.4153673674517942
0.9450806200124975  0.6820113297733276   0.46125653263074645   0.03748838750083228   0.20910339740767253   -0.02005234646092291   0.4120432354990207
0.9482281829303829  0.6836750264432065   0.48623886890978013   0.03560202091372452   0.2498233627903368   -0.018863665871077694   0.40719965382664264
0.9511865642939001  0.6853501983252648   0.5152305998893045   0.03399738390883013   0.2899173097952432   -0.016046370048943888   0.4009394700490645
0.9539812883463378  0.6870565348979253   0.5481454013761311   0.03274456753184092   0.32914801486826617   -0.012528163769892057   0.3923070507302293
0.9566360185938021  0.6888144254441705   0.5848851098166497   0.03183986786935477   0.3673970844051852   -0.009046996624861511   0.38249069536919045
0.9591682688050731  0.6906427168471301   0.6253407325319302   0.031232900260171052   0.40455622715280626   -0.006069676091837174   0.3715914274762105
0.9615877914866462  0.692557162836201   0.66938241838712   0.030853190194396023   0.4404168585518974   -0.0037971006577502907   0.35860631399091153
0.963898005822933  0.69457063861404   0.7168747576701097   0.03064502404556   0.474923392829897   -0.0020816614883602527   0.34506534277999606
0.9660986594562655  0.6966945858780678   0.7676628096687953   0.03058435612248603   0.5078805199868558   -0.0006066792307397053   0.32957127156958793
0.9681880888811303  0.6989409972282535   0.8215880038852449   0.030679112235744543   0.5392519421644965   0.000947561132585128   0.31371422177640623
0.9701646181435285  0.701324533572241   0.8784772682442897   0.03096435600529361   0.5688926435904482   0.00285243769549074   0.2964070142595187
0.9720263515161692  0.7038637713368066   0.9381433607964246   0.031486155014228245   0.5966609255213493   0.005217990089346334   0.2776828193090104
0.9737694587956338  0.7065808827257948   1.0003987855426297   0.03228175535483048   0.6225542474620511   0.00795600340602232   0.2589332194070176
0.9753859444668093  0.709499782759246   1.0650406376419062   0.033366155502840056   0.6464185209927649   0.010844001480095813   0.23864273530713812
0.9768615445231701  0.712642829619143   1.1318608100669396   0.03472195139942628   0.6682017242503331   0.013557958965862212   0.21783203257568193
0.9781743425509047  0.7160259956876921   1.200644094940523   0.03628946308366255   0.6878328487358341   0.015675116842362675   0.19631124485500903
0.9792952924075303  0.7196545060232649   1.2711686098409913   0.03797711921200268   0.7052451490046842   0.016876561283401294   0.174123002688502
0.9801903949591343  0.7235193284964109   1.3432064845072238   0.0396712255001312   0.720378746662325   0.016941062881285194   0.15133597657640926
0.9808241986705059  0.7275950327117316   1.4165241987654658   0.04124690533280258   0.7331771425824196   0.015756798326713742   0.12798395920094413
0.9811641035454812  0.7318393889660965   1.4908829112415547   0.04257944966529859   0.7435871247608884   0.013325443324960197   0.1040998217846886
0.9811848260716171  0.7361949479295066   1.5660386435780185   0.043556082591105307   0.7515573233646369   0.00976632925806709   0.07970198603748405
0.9808723071344212  0.7405925680847748   1.641742522637397   0.044087108224658327   0.757038790593787   0.005310256335530275   0.054814672291501186
0.9802264023024213  0.7449564483935228   1.717741047216077   0.04411422038422267   0.7599852457868002   0.0002711215956433874   0.02946455193013115
0.9792618190883992  0.7492103901957764   1.7937762458936453   0.04361930952426401   0.7603519867756815   -0.004949108599586617   0.0036674098888143203
0.9780068229897105  0.7532849122249845   1.8695860244273523   0.04263419399287984   0.7580977853370714   -0.00985115531384161   -0.02254201438610037
0.9764993429671778  0.7571246759626777   1.944904628861411   0.04125079584643037   0.7531860443405846   -0.013833981464494719   -0.04911740996486866
0.9747804635549026  0.7606951726907287   2.0194631369219653   0.03962700256008094   0.7455850806055444   -0.016237932863494366   -0.07600963735040209
0.9728861038196529  0.7639869720880567   2.092990127607403   0.03797965518377297   0.735269906854382   -0.01647347376307968   -0.10315173751162411
0.9708385708603825  0.7670159983935223   2.1652125381939085   0.03656144359636368   0.7222241058650498   -0.014182115874092838   -0.13045800989332168
0.9686402638666433  0.7698190847982019   2.2358565708892293   0.03562281155498987   0.7064403269532079   -0.009386320413738084   -0.15783778911841898
0.9662716877206524  0.7724453703837282   2.3046452900787076   0.03536598498006261   0.6878871918947829   -0.0025682657492726406   -0.1855313505842496
0.9636947702082427  0.7749455136417132   2.3713151292278787   0.035904345386334406   0.6666983914917125   0.0053836040627178875   -0.21188800403070351
0.960861234826168  0.7773613687321271   2.435594600857806   0.03723610959719944   0.6427947162992735   0.013317642108650347   -0.23903675192438986
0.9577235866053523  0.7797188749057838   2.497221141142188   0.03924623767499045   0.6162654028438137   0.020101280777910176   -0.26529313455459885
0.9542456380548145  0.7820257214699672   2.5559397594509305   0.041734478780587524   0.5871861830874333   0.024882411055970666   -0.2907921975638048
0.9504095617007066  0.784273795749249   2.6115049650843343   0.04446270320135009   0.5556520563340367   0.02728224420762562   -0.31534126753396535
0.9462192420833113  0.7864441974637605   2.6636835504006706   0.04719048855254838   0.5217858531633607   0.027277853511982964   -0.33866203170676074
0.9417014622714818  0.7885125191151788   2.712256194254702   0.04968731113866064   0.4857264385403132   0.02496822586112263   -0.3605941462304738
0.9369071735890934  0.7904528843124521   2.7570202384627533   0.05172061587884217   0.44764044208051995   0.02033304740181527   -0.38085996459793303
0.9319127672486194  0.7922409809377751   2.7977911408765483   0.05304845354509116   0.40770902413794524   0.013278376662489948   -0.3993141794257466
0.9268120380169843  0.793859086933416   2.8344041293553324   0.053512340359571385   0.36612988478783937   0.004638868144802222   -0.41579139350105937
0.9216660877618557  0.7953103274021671   2.8667154654155538   0.05346672135674761   0.3231133606022124   -0.0004561900282376862   -0.43016524185626936
0.916481574908486  0.7966175372137752   2.894603293793345   0.05346772018547157   0.2788782837779093   9.98828723947831e-06   -0.4423507682430316
0.9114205003296858  0.7977685692062277   2.9179680497393337   0.051903131446788965   0.23364755945989   -0.01564588738682597   -0.4523072431801924
0.9069400732816018  0.7986994863208128   2.9367332056863815   0.04576115515088298   0.18765155947047965   -0.06141976295905993   -0.4599599998941037
0.903477574633545  0.7993680804366808   2.9508444285653557   0.035264592695176525   0.14111222878974333   -0.10496562455706446   -0.4653933068073632
0.9011608255878425  0.7997928294283247   2.9602680071836946   0.023553636336384087   0.09423578618339042   -0.11710956358792443   -0.46876442606352914
0.9  0.8   2.9649837389420863   0.011791673719867094   0.0471573175839162   -0.11761962616516991   -0.4707846859947421
0.9  0.8   2.9649837389420863   7.9439794079766375e-28   -5.832524847972806e-22   -0.11791673719867095   -0.4715731758391621
