0.1  0.1   0.5231879749404241   0.0   8.947685895811818e-22   -3.346710137338183e-18   0.0
0.10079970600116582  0.10045712070112534   0.5192835832467408   0.009211346392889019   -0.03904391693683359   0.0921134639288902   -0.3904391693683359
0.10226222017614849  0.10127856053444619   0.5117532728254685   0.016774120280334474   -0.075303104212723   0.07562773887445456   -0.36259187275889426
0.10423237170576923  0.10235565090251095   0.5003094237964709   0.02245355364000268   -0.11443849028997556   0.056794333596682046   -0.39135386077252554
0.10656015934920095  0.10358343228705054   0.48536226086397954   0.026317375327215797   -0.14947162932491326   0.038638216872131176   -0.35033139034937705
0.10913037345084814  0.10487844407855824   0.4667257852890441   0.028780298935991048   -0.1863647557493547   0.024629236087752523   -0.3689312642444141
0.11187984507960518  0.10618899797068053   0.4447991330748224   0.03045840728189317   -0.21926652214221778   0.016781083459021177   -0.32901766392863097
0.11480405245508421  0.10749458671859682   0.41991959916794347   0.03202428883440163   -0.24879533906878837   0.015658815525084586   -0.29528816926570567
0.11793988622286809  0.10879264908692537   0.39246973486377174   0.03393879687208154   -0.27449864304171745   0.019145080376799184   -0.25703303972929076
0.12134022393276385  0.11008370854703729   0.3628723026690222   0.03637187247157156   -0.2959743219474955   0.024330755994900113   -0.21475678905778053
0.12504125952308498  0.11135797945204373   0.3315889223292017   0.03914259927517323   -0.3128338033982053   0.02770726803601674   -0.16859481450709862
0.12903251176626318  0.11258876286477058   0.29911811398239213   0.041767118978588334   -0.3247080834680954   0.026245197034151034   -0.11874280069890036
0.13324411629342933  0.11373619828865861   0.26599036681562865   0.043651140586741716   -0.331277471667635   0.018840216081533825   -0.06569388199539614
0.13756444459720107  0.11476035825089825   0.23275951316528154   0.04440060841995214   -0.3323085365034708   0.007494678332104225   -0.010310648358357963
0.14187764454176988  0.11563464614652116   0.19999086539177185   0.04400917300546876   -0.32768647773509696   -0.003914354144833734   0.04622058768373841
0.14610353640818619  0.11635242756492686   0.168247514313227   0.04286417178861972   -0.31743351078544874   -0.01145001216849047   0.10252966949648237
0.15022309838464099  0.11692488612426359   0.13807679497375316   0.041591465086000395   -0.3017071933947381   -0.012727067026193183   0.157263173907106
0.15427555687555922  0.11737245668324009   0.10999840058191676   0.040770993642376005   -0.28078394391836414   -0.008204714436243913   0.20923249476373973
0.15833536373079396  0.11771630892676829   0.08449504250951098   0.04074342409172106   -0.2550335807240577   -0.00027569550654944026   0.2575036319430643
0.16248218376475587  0.11797376637188503   0.06200592419093736   0.04154804535727372   -0.2248911831857363   0.008046212655526548   0.30142397538321397
0.16677575890283436  0.1181581689354647   0.0429221107488745   0.04297533219390524   -0.1908381344206286   0.014272868366315179   0.340530487651077
0.17124189901854128  0.11828139049442027   0.027583171128068403   0.04467839644134673   -0.15338939620806097   0.017030642474414975   0.3744873821256764
0.17587054672945276  0.11835672714867271   0.016274732371348858   0.046292607663839726   -0.11308438756719542   0.016142112224929877   0.40305008640865536
0.18062305579413818  0.11840057830552958   0.009226686761481763   0.04752711366562816   -0.07048045609867096   0.012345060017884373   0.42603931468524464
0.18544441190960356  0.11843245562670306   0.006611595558877362   0.04821461495824799   -0.026150912026043988   0.006875012926198288   0.4432954407262698
0.19027636118702462  0.11847373582355729   0.008542968940939519   0.048321256062113474   0.019313733820621556   0.001066411038654902   0.4546464584666554
0.19506772429349278  0.11854596694577994   0.015074134335283377   0.04791907527595215   0.06531165394343859   -0.004021807861613343   0.4599792012281702
0.19977872548916364  0.11866941076204492   0.026197313487190108   0.04712618236327883   0.11123179151906727   -0.007928929126733092   0.459201375756287
0.20438046951517524  0.11886207149637083   0.04184245882559952   0.04605775313611195   0.15645145338409416   -0.010684292271668863   0.4521966186502686
0.20885197515574463  0.11913910688294503   0.06187663731992434   0.0448007938535085   0.20034178494324822   -0.012569592826034488   0.43890331559154094
0.21317548448315332  0.11951229666906688   0.08610299171309414   0.043395856392799935   0.24226354393169805   -0.0140493746070857   0.41921758988449803
0.21733065400774304  0.11998914432950178   0.11426024927618007   0.04182441567952048   0.28157257563085925   -0.015714407132794494   0.3930903169916126
0.22128914417561416  0.12057131589882697   0.1460223124151612   0.04001070874810424   0.3176206313898111   -0.018137069314162417   0.36048055758951825
0.22501211399117915  0.12125262552606268   0.1809988600220002   0.03784796831504639   0.3497654760683901   -0.0216274043305785   0.3214484467857895
0.2284535493956707  0.1220176363530566   0.21873745148751092   0.03525438867531603   0.3773859146551071   -0.025935796397303573   0.2762043858671709
0.2315693406321516  0.12284226172462015   0.25872803241659525   0.03223067177822288   0.3999058092908438   -0.03023716897093151   0.22519894635736654
0.2343283228645277  0.12369704770753569   0.30044081728535843   0.028883632103935172   0.41712784868763103   -0.033470396742877065   0.17222039396787223
0.23672554864446047  0.12455425176139415   0.3434130804634668   0.025458771042462032   0.42972263178108433   -0.03424861061473138   0.12594783093453335
0.23879827968115344  0.12539869342660204   0.3868739332380623   0.022381455887428753   0.4346085277459545   -0.03077315155033285   0.04885895964870112
0.24062569463534578  0.12623746427732901   0.43030737139799163   0.020107167763847255   0.4343343815992938   -0.022742881235814978   -0.0027414614666070357
0.24232916297516996  0.12710896300291913   0.47288649726623305   0.019134561436020575   0.42579125868241413   -0.009726063278266776   -0.08543122916879654
0.24405265722327893  0.1280823732303238   0.5141264236478456   0.0197938371572586   0.4123992638161254   0.006592757212380253   -0.1339199486628869
0.24595429406279404  0.12925684251772565   0.5532672555558685   0.022350840647392598   0.39140831908022783   0.025570034901339977   -0.20990944735897585
0.24818802720232808  0.1307519173362369   0.5898349755405684   0.02687901123850947   0.3656771998469996   0.04528170591116868   -0.25731119233228333
0.25088017659365847  0.13268650475300897   0.6231025888990289   0.033151616579547356   0.332676133584605   0.0627260534103789   -0.3300106626239452
0.25410125007272033  0.13514889717600512   0.6526935351430193   0.040544655384334306   0.29590946243990435   0.07393038804786954   -0.3676667114470069
0.2578286301200405  0.1381508570629207   0.6780132456609405   0.04785929917979413   0.2531971051792115   0.07314643795459824   -0.42712357260692835
0.2618991150730508  0.141570895840426   0.698779568195952   0.053165320456404645   0.20766322535011517   0.05306021276610512   -0.45533879829096313
0.26594761541798095  0.1450828699845447   0.7145523099231028   0.05359507200466852   0.15772741727150932   0.004297515482638738   -0.4993580807860585
0.26996331369935045  0.14864228898414494   0.7252368946591712   0.05366124886890562   0.10684584736068323   0.0006617686423709974   -0.508815699108261
0.273962833473752  0.15222613295066956   0.7306387902889943   0.05370297571105323   0.05401895629823079   0.0004172684214760831   -0.5282689106245244
0.2779620572225453  0.1558120535434369   0.7309634904877451   0.053714632169027554   0.0032470019875083956   0.00011656457974327241   -0.5077195431072238
0.2819781475615017  0.15937976242967122   0.7263433178605616   0.053719203556612374   -0.0462017262718358   4.5713875848226506e-05   -0.494487282593442
0.2860265395952243  0.16291034756254313   0.7171826956250628   0.05371639362350747   -0.0916062223549886   -2.8099331049144044e-05   -0.4540449608315279
0.2901203260004043  0.16638727499611644   0.7040981298531074   0.05371043800748773   -0.13084565771955334   -5.955616019728315e-05   -0.3923943536456473
0.29426129552213076  0.16978782836749928   0.6875332017625659   0.053583012057440996   -0.16564928090541498   -0.0012742595004673544   -0.3480362318586163
0.2980511168355313  0.1727783529760693   0.6680553687651978   0.04827627059121064   -0.1947783299736812   -0.05306741466230362   -0.2912904906826626
0.3010338602118475  0.175028507509187   0.6463053826760912   0.03736302111963372   -0.2174998608910664   -0.10913249471576915   -0.2272153091738521
0.3032999120265712  0.1766554499469982   0.6226805271156955   0.0278961153621062   -0.23624855560395566   -0.09466905757527523   -0.18748694712889216
0.305177053504997  0.177933325792969   0.5976936247159014   0.022708207343909506   -0.24986902399794203   -0.05187908018196693   -0.13620468393986368
0.3069828576138476  0.1790953393789099   0.57178385642617   0.021473714288520993   -0.2590976828973132   -0.012344930553885147   -0.09228658899371235
0.30893854139919125  0.18028193710968246   0.545362948474733   0.0228751245743677   -0.26420907951437045   0.014014102858467093   -0.05111396617057229
0.31115749588102615  0.1815489373516955   0.5188152401104603   0.02555200306377858   -0.26547708364272743   0.026768784894108815   -0.012680041283569927
0.3136626135430994  0.18289309697073225   0.4924703125577627   0.02842952616959439   -0.26344927552697583   0.0287752310581581   0.020278081157516153
0.316415300156623  0.18428016605672579   0.4667599294565059   0.0308240883751447   -0.2571038310125673   0.023945622055503078   0.06345444514408564
0.31934783721965054  0.18566764669377336   0.44192409142161915   0.032442065507930815   -0.2483583803488679   0.016179771327861123   0.08745450663699367
0.3223902675628394  0.18701994245827072   0.41825301141649657   0.03329427312291216   -0.23671080005122608   0.0085220761498135   0.11647580297641817
0.3254913498022376  0.18831653982553856   0.39602137453951675   0.0336123129051159   -0.22231636876979796   0.0031803978220373394   0.14394431281428138
0.3286290422444255  0.18955340273632726   0.3754921372528573   0.033726760475690044   -0.20529237286659466   0.0011444757057414874   0.17023995903203293
0.33181155433165954  0.1907404129409147   0.3569976663994255   0.033966713722679065   -0.18494470853431774   0.0023995324698901834   0.20347664332276932
0.3350717647456629  0.191896188188485   0.34068644283025845   0.03459015519836762   -0.16311223569167044   0.006234414756885514   0.218324728426473
0.3384543298280873  0.1930428670285474   0.3268390118262538   0.03571640925272725   -0.13847431004004623   0.011262540543596362   0.24637925651624196
0.3420009531787707  0.19420120220595521   0.31568039902667266   0.03730988819982328   -0.11158612799581152   0.01593478947096029   0.2688818204423473
0.34573748887297306  0.19538750449170103   0.3074219016793792   0.039203331627827374   -0.08258497347293427   0.018934434280040924   0.29001154522877237
0.3496693367053686  0.19661349571319459   0.3022565382326261   0.04118553368877486   -0.05165363446753118   0.019822020609474814   0.30931339005403086
0.3537810867658389  0.19788687718361928   0.30032584118329847   0.043044150507354294   -0.01930697049327698   0.01858616818579442   0.32346663974254203
0.35803950407415447  0.1992128915922698   0.3018702728865933   0.04460093293161987   0.015444317032948816   0.015567824242655723   0.34751287526225805
0.36240179710208115  0.20059538734654608   0.306906099180543   0.045761222636732886   0.05035826293949701   0.011602897051130153   0.349139459065482
0.3668202993928728  0.20203791075248886   0.31556394904259716   0.04648014228723714   0.08657849862054146   0.0071891965050425635   0.36220235681044455
0.3712481433379739  0.2035440803474764   0.3278807460443052   0.04677002122195955   0.1231679700170806   0.0028987893472240713   0.36589471396539136
0.3756312408661017  0.20511357276517714   0.34385337991968296   0.0465562567119511   0.15972633875377745   -0.0021376451000844465   0.36558368736696867
0.3799161387662333  0.20674306017268113   0.3633970465784751   0.045842752126978616   0.19543666658792194   -0.007135045849724867   0.3571032783414448
0.384059408091327  0.20842937244629497   0.3865265995940655   0.0447329071091866   0.23129553015590357   -0.011098450177920148   0.3585886356798164
0.3880262781712015  0.2101677613372993   0.4130203373972955   0.043310569341627164   0.2649373780322999   -0.01422337767559435   0.3364184787639632
0.3917920170855781  0.2119531446009416   0.44272383101276075   0.04167539198295911   0.29703493615465254   -0.016351773586680645   0.32097558122352654
0.3953407122471972  0.2137805472811263   0.4755364224743554   0.03991570856897662   0.32812591461594676   -0.017596834139824873   0.31090978461294205
0.39866352628597845  0.2156441397774217   0.5111333882164479   0.03809733603358637   0.3559696574209253   -0.01818372535390244   0.27843742804978544
0.4017596068765605  0.2175392208336474   0.5492620666613898   0.036300202799758916   0.3812867844494181   -0.017971332338274578   0.2531712702849281
0.40463325626789637  0.21946215346738457   0.5897271097524351   0.03457677072574817   0.4046504309104542   -0.017234320740107473   0.2336364646103612
0.40729244679457755  0.22141004635551678   0.6322154803632646   0.032962980691711254   0.42488370610829435   -0.016137900340369094   0.20233275197840134
0.4097511686561764  0.22338355688054953   0.6763590180203609   0.031527855913643724   0.4414353765709632   -0.01435124778067532   0.16551670462668822
0.4120284379718051  0.22538787705946792   0.7217348249950688   0.030336866871052966   0.45375806974707905   -0.011909890425907592   0.12322693176115887
0.41414780186406003  0.22743460809836194   0.7679656524004381   0.029463216479813526   0.4623082740536924   -0.008736503912394384   0.08550204306613338
0.4161327573409415  0.22953966738544224   0.8147548559031378   0.028933238407276886   0.4678920350269966   -0.0052997807253663785   0.05583760973304273
0.41801058692269766  0.2317279478461112   0.8616011496303281   0.02883542146850441   0.4684629372719021   -0.0009781693877247914   0.005709022449053714
0.4198107256873793  0.234034958042002   0.908189275625908   0.02926225489611711   0.46588125995580043   0.004268334276127013   -0.025816773161016243
0.4215591323179596  0.23650118536010203   0.9540956803881655   0.030231114650967634   0.45906404762257397   0.009688597548505255   -0.06817212333226456
0.42327808352437907  0.23917120533022998   0.9987940107308213   0.03175499943462924   0.4469833034265591   0.01523884783661605   -0.12080744196014834
0.42498072362222294  0.24208489152220922   1.0419566107580567   0.03374692656837975   0.43162600027235265   0.019919271337505064   -0.15357303154206456
0.42667038157185244  0.2452705205518941   1.0831254420418106   0.03605991722330631   0.41168831283754054   0.023129906549265604   -0.19937687434812149
0.4283400078189541  0.24873655658501603   1.1218870118258888   0.03847214263322203   0.38761569784078065   0.02412225409915722   -0.24072614996759908
0.42997549713185906  0.25246932297659674   1.1578454494885022   0.04075336823716442   0.35958437662613635   0.02281225603942389   -0.28031321214644267
0.4315604721949733  0.256435665380272   1.19062946825177   0.042713016767589464   0.3278401876326763   0.019596485304250497   -0.31744188993460076
0.43308124555603816  0.26059026825293413   1.2198992630397532   0.0442419220256684   0.29269794787983217   0.015289052580789376   -0.3514223975284417
0.43453026310419646  0.2648843990803263   1.2453530738802787   0.04532020677095849   0.25453810840525665   0.010782847452900873   -0.38159839474575435
0.4359072494497925  0.2692725798397393   1.266732695601833   0.04599154462858758   0.21379621721554054   0.00671337857629082   -0.4074189118971613
0.43721772361134587  0.27371313571146944   1.2838272876098056   0.04629889737137188   0.17094592007972423   0.003073527427843024   -0.42850297135816295
0.43846932872240685  0.2781606955059366   1.296477004089702   0.04620314218685347   0.12649716479896642   -0.0009575518451840727   -0.44448755280757846
0.4396712745283526  0.28256835840855365   1.3045747026474437   0.04568606569133368   0.08097698557741809   -0.005170764955197854   -0.4552017922154832
0.44083360521856546  0.2868901238486843   1.3080651598478465   0.044753401158917135   0.034904572004028495   -0.00932664532416551   -0.46072413573389587
0.44196609958109595  0.29108346243578215   1.3070193808155293   0.043435736424283826   -0.010457790323173366   -0.013176647346333064   -0.45362362327201866
0.4430809790637546  0.29512125327364186   1.3013972877611992   0.04188879457701011   -0.05622093054329954   -0.015469418472737105   -0.4576314022012617
0.44419208876675254  0.29899378479270394   1.2913816000741423   0.04028779609040371   -0.10015687687057087   -0.016009984866064066   -0.43935946327271325
0.44531343709477084  0.3027014527748455   1.2771022039035855   0.03873528615944634   -0.14279396170556713   -0.015525099309573704   -0.4263708483499627
0.44645984960308693  0.3062538369344569   1.2586312806261861   0.03732786473490975   -0.18470923277399331   -0.014074214245365807   -0.41915271068426174
0.4476441760145754  0.30966107349761063   1.2362687884396957   0.036071997513636274   -0.223624921864904   -0.012558672212734875   -0.38915689090910693
0.44887701884452047  0.31293091379638804   1.210243118440634   0.03494532446959631   -0.26025669999061957   -0.011266730440399584   -0.36631778125715597
0.45016923913145357  0.3160738302442228   1.1807122153189333   0.033981990918763874   -0.29530903121700314   -0.00963333550832433   -0.3505233122638358
0.45153007034661263  0.31909878243041906   1.1480516206241356   0.0331695603301033   -0.32660594694797856   -0.008124305886605827   -0.31296915730975394
0.4529691362068998  0.32201581944588   1.112497841337296   0.03252693576070832   -0.3555377928683974   -0.006426245693949741   -0.289318459204188
0.4544952549004235  0.3248332356629754   1.0743685672769283   0.032041960625208664   -0.3812927406036773   -0.004849751354996566   -0.2575494773527996
0.4561181952557523  0.32756049375581675   1.0340013498381186   0.03173621291509674   -0.4036721743880948   -0.0030574771011191923   -0.22379433784417407
0.45784914654339764  0.3302080050269841   0.9917521621184144   0.0316314847757089   -0.42249187719704256   -0.0010472813938783958   -0.18819702808947833
0.4596998827155221  0.3327855266296427   0.9480723305549394   0.03173143865471899   -0.4367983156347507   0.0009995387901007697   -0.14306438437708122
0.4616795753192991  0.33529705262599435   0.9032655584888798   0.03197959605091858   -0.44806772066059536   0.0024815739619960244   -0.11269405025844662
0.46379190894937206  0.33773942036843924   0.8577318439862014   0.032291041411004404   -0.45533714502678435   0.00311445360085816   -0.07269424366188967
0.4660438126143822  0.3401142790164235   0.8119666453372747   0.032727700368939815   -0.45765198648926686   0.004366589579354119   -0.023148414624825146
0.4684314526033647  0.34241235147235666   0.7662854611917859   0.033139043030397095   -0.456811841454889   0.004113426614572787   0.008401450343778396
0.4709453386321429  0.34462224729065066   0.7211336357374108   0.033471274988260455   -0.4515182545437504   0.0033223195786336243   0.05293586911138602
0.4735681430852802  0.3467296499819947   0.6768666549625977   0.03364557816842924   -0.44266980774813064   0.0017430318016878647   0.08848446795619766
0.4762729259131468  0.34871822861430085   0.6339669788317153   0.033571260212842326   -0.42899676130882425   -0.0007431795558691827   0.13673046439306324
0.4790255070361687  0.3505720961076024   0.5927194910457098   0.03318663514358308   -0.4124748778600555   -0.003846250692592449   0.16521883448768793
0.48178997206547913  0.35228068956629977   0.5535900926773719   0.03249855151445982   -0.39129398368337875   -0.006880836291232599   0.21180894176676762
0.4845335098741235  0.3538400283796139   0.5168357943107385   0.03155715012824496   -0.3675429836663344   -0.009414013862148577   0.23751000017044338
0.4872303462779429  0.35525364753327393   0.4828014747320427   0.03044872033527212   -0.34034319578695754   -0.011084297929728405   0.27199787879376897
0.4898692702877345  0.3565346218590106   0.4519119923834646   0.02933396521551007   -0.30889482348578096   -0.011147551197620514   0.3144837230117658
0.49245885820534224  0.357704694031321   0.42438069823161106   0.02841660513050748   -0.2753129415185352   -0.009173600850025875   0.33581881967245786
0.4950405373843062  0.35879804560629885   0.40060287798862076   0.028036556581719954   -0.23777820242990286   -0.0038004854878752733   0.37534739088632296
0.4976983113284629  0.35986193312962494   0.3807586841599532   0.028627991547651385   -0.19844193828667595   0.005914349659314283   0.39336264143226923
0.5005560944367571  0.36095432002399797   0.36511142203348607   0.030594498559456847   -0.15647262126467132   0.01966507011805463   0.4196931702200461
0.5037675237057475  0.36214109842182196   0.3539825990749138   0.034236998868573086   -0.11128822958572229   0.03642500309116239   0.4518439167894904
0.5074785674317864  0.3634852285129452   0.3474994362299992   0.03946964813427105   -0.06483162844914701   0.05232649265697965   0.46456601136575276
0.5117713697256695  0.36503208487837285   0.3458540626225237   0.04562994208809323   -0.016453736074754255   0.06160293953822174   0.48377892374392756
0.516579491273318  0.36678322322706797   0.3492724844896662   0.05117081036414069   0.0341842186714248   0.05540868276047457   0.5063795474617905
0.5215874017105729  0.36865563565016407   0.35779800375234844   0.05346503084234395   0.08525519262682224   0.022942204782032672   0.5107097395539746
0.5265779196439745  0.37060035772276995   0.37158125518374935   0.053560445464241976   0.13783251431400917   0.000954146218980278   0.5257732168718692
0.5315262346017776  0.3726380950617853   0.3906408907386135   0.05351466563890053   0.19059635554864152   -0.00045779825341443325   0.5276384123463238
0.5364352981942837  0.37480051109023427   0.4149211799450961   0.05364228596486282   0.24280289206482636   0.0012762032596229339   0.5220653651618483
0.5412474710745042  0.37709118963080845   0.4442782038552994   0.053295605827663566   0.2935702391020333   -0.0034668013719925997   0.5076734703720693
0.5459788714262639  0.3795452165098578   0.47847038520859525   0.053299528339121896   0.34192181353295853   3.92251145832645e-05   0.48351574430925226
0.550113796640981  0.38189710763656026   0.5171524036478496   0.04756994681851659   0.38682018439254295   -0.05729581520605303   0.44898370859584424
0.5533758401904678  0.38394166158098253   0.5598717521592326   0.038498219374928686   0.4271934851138291   -0.0907172744358791   0.4037330072128615
0.5557047374035339  0.38555579529606676   0.6060728301663694   0.028335825167439842   0.46201078007136887   -0.10162394207488838   0.34817294957539724
0.5571586132570826  0.3866726653003504   0.6550488331538603   0.01833344922266598   0.48976002987490824   -0.10002375944773863   0.27749249803539433
0.5578793970662409  0.38728741676867223   0.7061712063262365   0.009473376733501982   0.5112237317237627   -0.08860072489163996   0.21463701848854475
0.5580972064481171  0.387493835339118   0.7585539276183124   0.003000825770652909   0.5238272129207587   -0.06472550962849072   0.12603481196995953
0.5581298035435796  0.38752817715491344   0.8114566301337811   0.00047349033197260915   0.5290270251546877   -0.025273354386803   0.05199812233929079
0.5582219044122402  0.3876360205311056   0.8639705579432181   0.0014181947608333896   0.5251392780943696   0.009447044288607803   -0.03887747060318227
0.5587996862720388  0.38838729799191685   0.9152043023631964   0.009477603603417732   0.5123374441997834   0.08059408842584344   -0.12801833894586143
0.5599953160605604  0.39011068051470776   0.9642643304717715   0.02097517082423689   0.4906002810857505   0.11497567220819155   -0.21737163114032948
0.5617284421293328  0.3928717939781754   1.0102642508719415   0.032599806024570764   0.4599992040016995   0.11624635200333874   -0.30601077084050937
0.5639198448130772  0.3967128071075863   1.0523299289794341   0.04422174530999173   0.4206567810749268   0.11621939285420964   -0.3934242292677272
0.5664032272434772  0.40146911498812665   1.0896065850976504   0.053655990299401914   0.37276656118216267   0.09434244989410184   -0.478902198927641
0.5687378297018555  0.40630798371605487   1.1212719054164821   0.05372617537548375   0.3166532031883163   0.0007018507608183719   -0.5611335799384645
0.5709492729409187  0.41120424412569384   1.1465630959194102   0.053725084642634674   0.252911905029282   -1.0907328490706566e-05   -0.6374129815903422
0.5730714214928202  0.4161411015994162   1.164817966913047   0.05373646452100674   0.18254870993636693   0.00011379878372070144   -0.7036319509291509
0.5751406366039595  0.42110043879583403   1.1755200044019114   0.05373702318135086   0.10702037488864365   5.586603441144238e-06   -0.7552833504772327
0.5771958259446407  0.4260655003743986   1.1783390640073075   0.05373605838259805   0.028190596053964505   -9.647987528125362e-06   -0.7882977883467914
0.579276620689192  0.4310196239694747   1.1731575538727153   0.05373364622304789   -0.051815101345924534   -2.4121595501644742e-05   -0.8000569739988904
0.5814218935266788  0.4359457432857826   1.1600747003466543   0.05372973763732321   -0.13082853526060964   -3.9085857246723324e-05   -0.790134339146851
0.5836676306037033  0.4408259450084768   1.1395148074185555   0.05372122846073853   -0.20559892928098894   -8.509176584681159e-05   -0.7477039402037932
0.5860470672419483  0.4456412753693774   1.1118494847293188   0.05371138166164898   -0.2766532268923658   -9.846799089551025e-05   -0.7105429761137689
0.5885877832226195  0.4503701155695688   1.0777705987070183   0.053681623795656004   -0.3407888602230049   -0.00029757865992968935   -0.6413563333063906
0.5913070019842868  0.45497982937802345   1.0378446725168902   0.053519727269167455   -0.3992592619012823   -0.001618965264885547   -0.5847040167827741
0.5937715277643587  0.45875875284573836   0.9928924450486054   0.04511557369189182   -0.449522274682846   -0.0840415357727563   -0.5026301278156371
0.5957504249509844  0.46148861567369254   0.9435489725055968   0.033716739365900104   -0.49343472543008743   -0.1139883432599172   -0.43912450747241455
0.5971554486137297  0.46322560980207134   0.890662815519384   0.02234108344484603   -0.5288615698621283   -0.11375655921054073   -0.3542684443204078
0.5980901392228727  0.46425768855249083   0.834874560775338   0.013924198655172224   -0.5578825474404603   -0.08416884789673806   -0.2902097757833196
0.5988426263432279  0.46499766685434657   0.7770170475432895   0.010553694867282838   -0.5785751323204852   -0.033705037878893854   -0.20692584880025033
0.5997138153594331  0.4657582298430959   0.7177058892869087   0.011564715136185032   -0.5931115825638065   0.010110202689021925   -0.14536450243321228
0.6009773942273952  0.4667343032976806   0.6577258561070097   0.015966687021114565   -0.5998003317989898   0.04401971884929532   -0.06688749235183444
0.6028690048778582  0.46802186272804586   0.5976335135177514   0.022882307881116875   -0.6009234258925837   0.06915620860002314   -0.011230940935939146
0.6055685964308843  0.46963309383989915   0.5380946129650226   0.03143860723530704   -0.5953890055272884   0.08556299354190168   0.05534420365295353
0.6091673666533696  0.47150504420307626   0.47964829980288515   0.04056518861834543   -0.5844631316213735   0.09126581383038393   0.10925873905915022
0.6135977569022228  0.47349825461964645   0.4227666037835647   0.04858111312209357   -0.5688169601932049   0.08015924503748131   0.1564617142816848
0.6185712376112666  0.4754149809682513   0.36784786039670814   0.053300422379766774   -0.5491874338685656   0.04719309257673206   0.19629526324639313
0.6236499857397743  0.4770708773377015   0.31517605198989396   0.05341879382681874   -0.5267180840681417   0.0011837144705196744   0.22469349800423988
0.6288069451224239  0.47847090315785645   0.2650933752833867   0.05343622588782198   -0.5008267670650717   0.0001743206100324117   0.2589131700306999
0.6340119192826674  0.47962229185090205   0.21770348424942773   0.053308021845890466   -0.47389891033959036   -0.0012820404193152086   0.2692785672548129
0.6392653350111318  0.48054136613102816   0.1731951567427294   0.05333204885283477   -0.4450832750669833   0.00024027006944315617   0.2881563527260709
0.6444785972956721  0.48123170494757733   0.13165378599825373   0.0525877089527515   -0.4154137074447567   -0.0074433990008327495   0.2966956762222659
0.6495633205898619  0.48170637730925214   0.09308287222821084   0.05106831192566388   -0.38570913770042886   -0.01519397027087623   0.29704569744327836
0.6545834950186339  0.4819958062946382   0.05758942262663896   0.050285107569573266   -0.3549344960157188   -0.00783204356090608   0.30774641684710086
0.6595227158150971  0.48211962942873093   0.02506411620549897   0.0494077263641196   -0.3252530642113999   -0.008773812054536742   0.2968143180431889
0.6644062739399373  0.4820979681249117   -0.004435528612467972   0.04883606164582258   -0.29499644817966947   -0.005716647182970064   0.30256616031730427
0.669251051096809  0.4819474306680381   -0.031062117679253914   0.04847115350973337   -0.26626589066785944   -0.003649081360892267   0.28730557511810056
0.6740618104129639  0.481683474502101   -0.05481291983924634   0.04817995231990527   -0.23750802159992432   -0.002912011898280917   0.2875786906793511
0.6788372223978233  0.48132091938489885   -0.07577585442106533   0.04789155023397221   -0.20962934581818982   -0.0028840208593306276   0.27878675781734485
0.6835676889761377  0.4808747253781101   -0.09404522119121685   0.04751463263062151   -0.1826936677015152   -0.0037691760335069975   0.2693567811667463
0.6882417475819526  0.48035983375853086   -0.10971704542629553   0.04702333168810043   -0.15671824235078666   -0.004913009425210731   0.25975425350728537
0.6928471122935784  0.479790772311201   -0.12294172802743933   0.046403895373035346   -0.13224682601143814   -0.006194363150650922   0.24471416339348498
0.6973778574201462  0.4791813681053269   -0.13370176093489283   0.04571545131358426   -0.10760032907453526   -0.006884440594510846   0.24646496936902895
0.7018414244277189  0.4785424932411969   -0.1421654363376725   0.04509056611210487   -0.08463675402779638   -0.0062488520147938615   0.22963575046738885
0.706266046844915  0.4778814232763185   -0.14831003530216783   0.04473734126343833   -0.06144598964495317   -0.003532248486665429   0.2319076438284322
0.7107053356439922  0.47720061055769203   -0.15217512617478313   0.04491190376665101   -0.038650908726153434   0.0017456250321268155   0.22795080918799726
0.7152332879238631  0.47649875800842106   -0.1537806018289793   0.04582024536130451   -0.01605475654196159   0.009083415946535016   0.22596152184191842
0.7199279360388365  0.4757742194581171   -0.15312476306909556   0.04750229155977261   0.006558387598837804   0.016820461984680984   0.226131441407994
0.7248424166253259  0.47503024700467866   -0.15024296350371072   0.04970474267758307   0.028817995653848322   0.022024511178104632   0.2225960805501052
0.7299732515675111  0.47428108181740164   -0.14498776721268386   0.051852401759001514   0.052551962910268576   0.02147659081418447   0.23733967256420252
0.7352392449117495  0.47355301468359734   -0.13738728696493457   0.05316085745440902   0.07600480247749247   0.01308455695407498   0.23452839567223904
0.7405221206001383  0.4728769920474328   -0.12727320324517982   0.053259536370085465   0.10114083719754784   0.0009867891567643921   0.2513603472005536
0.7458113074484044  0.47226846431045816   -0.11454764086947372   0.05324077715673006   0.12725562375706082   -0.00018759213355389596   0.26114786559512954
0.751110930459127  0.47174150165873213   -0.09910821339038693   0.053257575697808514   0.15439427479086792   0.0001679854107844132   0.2713865103380714
0.756311651877677  0.47132007887634975   -0.08085494194833552   0.05217767763599627   0.18253271442051416   -0.010798980618122395   0.2813843962964625
0.7613174440790899  0.47102088993674046   -0.059697531796543635   0.05014725275156148   0.21157410151791883   -0.02030424884434787   0.29041387097404664
0.7661074898671628  0.47085047643430944   -0.035561593234260905   0.04793076195265998   0.2413593856228272   -0.022164907989015013   0.29785284104908333
0.7707211512945934  0.4708117489538835   -0.008393890947672735   0.04613823965506137   0.2716770228658818   -0.017925222975986106   0.303176372430546
0.7752259075464151  0.4709101206237185   0.021833820089181222   0.04505830209154483   0.3022771103685396   -0.010799375635165406   0.3060008750265781
0.7796860202848888  0.4711562195643085   0.05512184422742489   0.0446689717012026   0.33288024138243666   -0.0038933039034223134   0.30603131013897084
0.7841423526825363  0.471564845436191   0.09143984926357097   0.044750277699100165   0.3631800503614607   0.0008130599789756737   0.3029980897902407
0.7886052545843941  0.47215160404977297   0.13072490489917427   0.045013085937520486   0.39285055635603316   0.002628082384203215   0.2967050599457238
0.7930635409203122  0.4729301242570525   0.17288003549066291   0.04525749746300945   0.42155130591488643   0.0024441152548895823   0.28700749558853306
0.7974857306952265  0.473908677771189   0.21777333367534626   0.04529164314236189   0.4489329818468336   0.00034145679352448334   0.2738167593194719
0.8018208915785516  0.4750862711871556   0.26523768926473473   0.04492254015258399   0.47464355589388474   -0.0036910298977790136   0.2571057404705113
0.80600983440364  0.47645156610725503   0.31507126521959733   0.044058225350863914   0.49833575954862575   -0.008643148017200756   0.23692203654740987
0.809990061738862  0.4779818063186439   0.3670389059265267   0.042642519560373834   0.5196764070692934   -0.014157057904900794   0.21340647520667697
0.813704863107221  0.4796446312515837   0.42087419779131124   0.04069979848100334   0.5383529186478454   -0.019427210793705005   0.18676511578551977
0.8171141200027273  0.4814034487231601   0.4762823408569734   0.03836205348760316   0.5540814306566219   -0.023377449934001815   0.15728512008776446
0.8202021617742911  0.4832248610010171   0.5329062194924371   0.035851840495060294   0.566238786354637   -0.025102129925428627   0.12157355698015043
0.8229790699712729  0.48508612662046224   0.5904899317020963   0.03342982028156927   0.5758371220965915   -0.024220202134910204   0.09598335741954661
0.8254763991710959  0.4869794099080882   0.6486797393781307   0.031338753548095385   0.5818980767603438   -0.020910667334738876   0.06060954663752146
0.8277396015382347  0.488913035293612   0.7070289759260415   0.029767418574939034   0.5834923654791093   -0.01571334973156352   0.01594288718765657
0.8298189647373202  0.49091027741253007   0.7652564110826827   0.02883180083741914   0.5822743515664124   -0.009356177375198949   -0.012180139126970664
0.8317606346977723  0.4930035582400739   0.8229548984309474   0.028551544368527568   0.5769848734826462   -0.002802564688915707   -0.05289478083766135
0.8336018920661118  0.49522975243911305   0.8797554637865592   0.028889737465571084   0.5680056535561191   0.0033819309704351537   -0.08979219926527192
0.8353702703108459  0.497627537141023   0.9353400851398727   0.029793511194820477   0.5558462135331341   0.009037737292493906   -0.12159440022984984
0.8370820304569264  0.5002315842822433   0.9892742338546192   0.031162773161908575   0.5393414871474649   0.013692619670880955   -0.16504726385669038
0.8387434553391129  0.5030706562657519   1.0413302749216617   0.032894775218398155   0.5205604106704259   0.017320020564895813   -0.18781076477039013
0.8403506316837422  0.506160629961703   1.0911776838113654   0.034829518004711   0.49847408889703654   0.019347427863128507   -0.22086321773389359
0.8418964510139538  0.5095111877764286   1.138534212400628   0.03689958681540147   0.47356528589262326   0.020700688106904622   -0.24908803004413346
0.8433707475707508  0.5131218894529712   1.1831441468492045   0.03900091913579805   0.4460993444857691   0.02101332320396579   -0.2746594140685413
0.8447622878740951  0.5169821029824658   1.2248134678805933   0.041033684832250374   0.4166932103138888   0.02032765696452333   -0.2940613417188031
0.8460613894274668  0.5210721394453521   1.263248429018132   0.04291394075788492   0.38434961137538637   0.01880255925634538   -0.32343598938502427
0.8472605229051141  0.5253647587151797   1.2983925696277496   0.04456960992975914   0.3514414060961724   0.016556691718742272   -0.3290820527921398
0.8483556120538585  0.5298259310346618   1.3300846214020359   0.045936128164889345   0.3169205177428643   0.013665182351302034   -0.3452088835330809
0.8493451250566517  0.5344107973150682   1.3582350361589184   0.04690430128666877   0.2815041475688245   0.009681731217794247   -0.3541637017403976
0.8502304895342598  0.539064438242822   1.3827911751138897   0.04737113482140171   0.24556138954971277   0.004668335347329428   -0.359427580191118
0.8510179530076414  0.5437342213695255   1.4037384173793521   0.04735712530586607   0.20947242265462487   -0.00014009515535645073   -0.3608896689508786
0.8517175099808177  0.5483724630845316   1.4211008607534892   0.046906999654147165   0.17362443374137138   -0.004501256517189063   -0.35847988913253515
0.8523411918609486  0.5529349770779528   1.4349413700252134   0.046049444109313956   0.13840509271724055   -0.00857555544833203   -0.35219341024130807
0.8529016037864032  0.5573809852724146   1.4454092600847512   0.04481188502106817   0.10467890059537838   -0.012375590882457849   -0.33726192121862186
0.8534112002511349  0.5616698662375005   1.4525327366080758   0.043190494891286714   0.07123476523324687   -0.01621390129781459   -0.33444135362131505
0.8538806334727772  0.5657627754548639   1.456601053173566   0.04119741910746127   0.0406831656549009   -0.019930757838254442   -0.3055159957834597
0.8543166006867701  0.5696042021871804   1.4577888958530345   0.038660867490827165   0.011878426794684803   -0.02536551616634109   -0.288047388602161
0.8547226572779166  0.5731361098798244   1.4563308188847819   0.03555172837510252   -0.014580769682525523   -0.03109139115724636   -0.26459196477210334
0.8551008287082503  0.5763177120942801   1.4524894501114625   0.03203998483418701   -0.03841368773319359   -0.035117435409155094   -0.23832918050668064
0.8554560258121738  0.5791618955277308   1.446554129856737   0.028662770950747304   -0.05935320254725324   -0.03377213883439711   -0.2093951481405965
0.8558029922312645  0.5817760034389065   1.4388391863153824   0.02637033535479998   -0.07714943541354742   -0.022924355959473255   -0.17796232866294182
0.8561747041553256  0.5843926098706368   1.4296817526082293   0.026428770257165494   -0.09157433707153122   0.0005843490236551862   -0.14424901657983794
0.8566279907875715  0.5873645252462946   1.4194394263158638   0.03006285044875537   -0.10242326292365281   0.036340801915898724   -0.10848925852121578
0.8572369050420234  0.5910840882819814   1.4085298129988173   0.03769074919090872   -0.10909613317046686   0.07627898742153354   -0.06672870246814057
0.8580565150954937  0.5957585646526566   1.397223404509556   0.04745786550166732   -0.11306408489261344   0.09767116310758601   -0.03967951722146586
0.8590401302381739  0.6010221796228922   1.3860564233851773   0.05354730740549985   -0.1116698112437865   0.06089441903832532   0.013942736488269441
0.8600823853973292  0.6062887159258721   1.3754194175378647   0.05368677718710697   -0.10637005847312515   0.001394697816071132   0.05299752770661341
0.8611758982992992  0.6115469579708376   1.3657571480060977   0.05370742953280205   -0.09662269531767272   0.00020652345695085277   0.09747363155452433
0.8623139283303136  0.6167971382870103   1.357338366009337   0.05372104401797374   -0.08418781996760603   0.0001361448517169254   0.12434875350066676
0.8634872280610937  0.6220401443634883   1.3506397989727321   0.053726850806859516   -0.06698567036604555   5.80678888576483e-05   0.1720214960156049
0.86468519185209  0.6272774797060868   1.345929370758906   0.053725970196324045   -0.04710428213826553   -8.806105354623465e-06   0.19881388227780028
0.8658970712975543  0.6325110722977382   1.343248863520916   0.05372070662763124   -0.02680507237989831   -5.263568692813511e-05   0.20299209758367212
0.867111074578256  0.6377426017397675   1.3427769348518481   0.05370540407479377   -0.004719286690677657   -0.00015302552837470593   0.22085785689220652
0.8683161190888733  0.6429753681833285   1.3444542094667127   0.05369727826009687   0.016772746148643488   -8.125814696897929e-05   0.21492032839321143
0.8695012642931549  0.6482066796973176   1.3480085935824146   0.05363878196941432   0.03554384115702115   -0.0005849629068254086   0.18771095008377658
0.8706544334971494  0.6534256850579307   1.353334584881844   0.05344886918087983   0.05325991299429343   -0.0018991278853450434   0.17716071837272282
0.8716272120645905  0.6579729885510284   1.3600485978402541   0.04650190017580938   0.06714012958410152   -0.06946969005070446   0.1388021658980811
0.8723833059608868  0.6616493465256059   1.3679607464529504   0.03753303336696494   0.07912148612696286   -0.08968866808844442   0.11981356542861328
0.8729690577209339  0.6646304676445225   1.3767808528903274   0.030381224876639065   0.08820106437376976   -0.07151808490325869   0.09079578246806892
0.873456106751422  0.6672386341253858   1.386182658333081   0.026532525605373315   0.0940180544275362   -0.03848699271265752   0.05816990053766448
0.8739075217413815  0.6697924059628776   1.395839567111542   0.025933619282943132   0.09656908778460958   -0.0059890632243018395   0.025510333570733824
0.87436562790897  0.672537379665377   1.405431243770647   0.027829376364186892   0.09591676659104983   0.018957570812437586   -0.006523211935597485
0.8748516845785906  0.6756248672532048   1.41464996945587   0.03125512868486309   0.09218725685222968   0.03425752320676205   -0.0372950973882016
0.8753710668456349  0.6791183796282881   1.4232068666564004   0.03531909774354169   0.08556897200530332   0.040639690586785925   -0.06618284846926353
0.8759196525151142  0.6830123777133955   1.430837602837315   0.03932450549412741   0.07630736180914736   0.040054077505857266   -0.09261610196155949
0.876489165515131  0.687253374464177   1.4373073774685654   0.04279065142916469   0.06469774631250509   0.03466145935037271   -0.1160961549664228
0.8770709650434881  0.6917602488170961   1.4424147497013422   0.04544271902537492   0.05107372232776654   0.026520675962102336   -0.1362402398473856
0.8776582551788283  0.6964415731343686   1.4459944944576453   0.04718019400823712   0.03579744756302908   0.017374749828622058   -0.15276274764737457
0.8782471551681424  0.7012100298326805   1.4479194385021046   0.04804683390306026   0.019249440444595017   0.008666398948231383   -0.1654800711843406
0.8788370888487834  0.705994018711442   1.4481015564307789   0.04820225237440479   0.001821179286742487   0.0015541847134452483   -0.1742826115785253
0.8794308068544775  0.7107457247989751   1.446492152653064   0.04788654488744908   -0.01609403777714983   -0.003157074869557079   -0.17915217063892314
0.8800343779153337  0.7154459444402178   1.4430818960436835   0.047388144826967835   -0.03410256609380267   -0.004984000604812406   -0.18008528316652847
0.8806571152932365  0.7201042223387443   1.4379002360988615   0.04699718589631624   -0.051816599448220056   -0.003909589306515973   -0.17714033354417386
0.8813109350930313  0.7247511464017266   1.431014417453952   0.046926947032296946   -0.06885818644909404   -0.0007023886401929634   -0.1704158700087398
0.8820085223454387  0.7294215257713643   1.4225282936994565   0.047221892625193745   -0.08486123754495724   0.002949455928968015   -0.16003051095863186
0.8827602990555192  0.7341333928748676   1.4125802119333206   0.047714630694252816   -0.09948081766135854   0.004927380690590772   -0.14619580116401323
0.8835714162882916  0.73887408480237   1.4013403674792146   0.04809581178936759   -0.1123984445410599   0.003811810951147671   -0.1291762687970135
0.884440843665843  0.7436038985339374   1.3890071799369421   0.04809058317400178   -0.12333187542272465   -5.2286153658111626e-05   -0.10933430881664741
0.885363531353362  0.7482756584644592   1.3758026536165762   0.04762005188691731   -0.13204526320366047   -0.004705312870844769   -0.08713387780935836
0.8863350185060404  0.752859901696984   1.3619671245280183   0.04686050928315699   -0.13835529088557763   -0.007595426037603055   -0.06310027681917153
0.8873578294521192  0.7573693317641057   1.347754051388164   0.04623970346107318   -0.14213073139854182   -0.006208058220838176   -0.03775440512964181
0.8884418683246337  0.7618500899701859   1.3334253545630184   0.04610025420589062   -0.1432869682514584   -0.0013944925518255859   -0.011562368529165734
0.8896011475193422  0.7663610423229057   1.3192477512195597   0.04657533615530069   -0.1417760334345857   0.004750819494100677   0.015109348168726689
0.8908476543216093  0.7709486551291651   1.3054900432177152   0.04753942623576001   -0.13757708001844554   0.009640900804593249   0.04198953416140182
0.8921846810998313  0.7756269118482141   1.2924211773948777   0.04865565386982911   -0.13068865822837708   0.011162276340691014   0.06888421790068458
0.8936009886639915  0.7803646074560607   1.2803082551250615   0.0494486468863415   -0.12112922269815944   0.007929930165123856   0.09559435530217637
0.8950630588339558  0.7850717619792996   1.2696379341862745   0.0492899106182362   -0.10670320938787085   -0.0015873626810530273   0.14426013310288593
0.8965047419093631  0.789565331548568   1.260338411137764   0.04719175517371597   -0.09299523048510452   -0.020981554445202347   0.13707978902766302
0.8978174541042907  0.7935516722368887   1.2526778441850968   0.04196918558902617   -0.07660566952667243   -0.05222569584689793   0.1638956095843212
0.8988857143492702  0.7967330425111148   1.2468398164816283   0.03355934560256619   -0.05838027703468611   -0.08409839986459987   0.18225392491986314
0.8996253206508584  0.7989062620905963   1.2427643203064604   0.02295626455237789   -0.04075496175167655   -0.10603081050188291   0.17625315283009568
0.9  0.8   1.2407579358482004   0.01156134606842384   -0.020063844582600354   -0.11394918483954052   0.2069111716907619
0.9  0.8   1.2407579358482004   1.5961514987905393e-26   -5.575133941939117e-22   -0.11561346068423839   0.20063844582600351
