graph_load_time: 5.35901
n_generated: 905660
n_expanded: 466189
n_domCheck: 4871916
rt_initHeu: 5.20336
rt_search: 60.0121
N: 45
Label: 1821564
[3600,22844,]
7406 47607 87807 48007 88207 48407 88607 48807 89007 49207 9208 49409 9410 49611 9612 49813 9814 50015 10016 50217 10218 50419 10420 50621 10622 50823 10824 51025 11026 51227 11228 51429 11430 51631 91831 52031 12032 12033 12034 52235 12236 52437 12438 52639 12640 52841 12842 53043 13044 53245 13246 53447 13448 53649 13650 13651 13652 13653 13654 13655 13656 53857 13858 13859 54060 14061 54262 14263 54464 14465 54666 94866 55066 15067 55268 95468 55668 15669 55870 96070 56270 96470 56670 96870 57070 97270 57470 97670 57870 98070 58270 98470 58670 98870 59070 99270 59470 99670 59870 100070 60270 20271 60472 20473 20474 20475 60676 20677 60878 20879 61080 21081 61282 21283 61484 21485 61686 21687 61888 21889 62090 102290 62490 22491 62692 102892 63092 103292 63492 103692 63892 104092 64292 104492 64692 104892 65092 105091 65291 105491 145490 25489 65688 105888 66088 106288 66488 106688 66888 107088 67288 107488 67688 107888 68088 108288 68488 108688 68888 109088 69288 29289 69490 109690 69890 110090 70091 30092 70293 30294 30295 30296 30297 30298 30299 30300 30301 30302 30303 70504 30505 70706 30707 70908 30909 71110 31111 71312 31313 31314 31315 31316 31317 31318 31319 151120 111121 71122 30922 30923 30924 30925 30926 30927 30928 30929 30930 30931 30932 30933 30934 30935 30936 30937 30938 30939 30940 30941 30942 30943 30944 30945 30946 30947 30948 30949 30950 30951 30952 30953 30954 30955 30956 30957 71158 31159 71360 111560 71760 31761 71962 112162 72362 32363 72564 112764 72964 32965 73166 33167 73368 33369 73570 33571 73772 33773 33774 33775 33776 33777 33778 33779 33780 33781 
Label: 1366612
[3510,22853,]
7406 47607 87807 48007 88207 48407 88607 48807 89007 49207 9208 49409 9410 49611 9612 49813 9814 50015 10016 50217 10218 50419 10420 50621 10622 50823 10824 51025 11026 51227 11228 51429 11430 51631 91831 52031 12032 12033 12034 52235 12236 52437 12438 52639 12640 52841 12842 53043 13044 53245 13246 53447 13448 53649 13650 13651 13652 13653 13654 13655 13656 53857 13858 13859 54060 14061 54262 14263 54464 14465 54666 94866 55066 15067 55268 95468 55668 15669 55870 96070 56270 96470 56670 96870 57070 97270 57470 97670 57870 98070 58270 98470 58670 98870 59070 99270 59470 99670 59870 100070 60270 20271 60472 20473 20474 20475 60676 20677 60878 20879 61080 21081 61282 21283 61484 21485 61686 21687 61888 21889 62090 102290 62490 22491 62692 22693 62894 22895 63096 23097 23098 23099 23100 23101 23102 23103 23104 23105 63306 23307 23308 63509 23510 63711 23712 23713 63914 23915 23916 23917 143718 103719 63720 23721 143522 103523 63524 23525 143326 103327 63328 23329 23330 63531 103731 63931 104131 64331 104531 64731 104931 65131 25132 65333 105533 65733 105933 66133 26134 66335 106535 66735 106935 67135 107335 67535 107735 67935 108135 68335 108535 68735 108935 68936 28937 69138 29139 69340 29341 69542 29543 69744 29745 69946 29947 70148 30149 70350 30351 70552 30553 70754 30755 70956 30957 71158 31159 71360 111560 71760 31761 71962 112162 72362 32363 72564 112764 72964 32965 73166 113366 73367 33368 73569 33570 73771 33772 33773 33774 33775 33776 33777 33778 33779 33780 33781 
Label: 303550
[3330,26707,]
7406 47607 87807 48007 88207 48407 88607 48807 89007 49207 9208 49409 9410 49611 9612 49813 9814 50015 10016 50217 10218 50419 10420 50621 10622 50823 10824 51025 11026 51227 11228 51429 11430 51631 11632 51833 11834 52035 12036 52237 12238 52439 12440 52641 12642 52843 12844 53045 13046 53247 13248 53449 13450 53651 13652 53853 13854 54055 14056 54257 14258 54459 14460 54661 14662 54863 14864 55065 15066 55267 15268 55469 95669 55869 96069 56269 96469 56669 96869 57069 97269 57469 97669 57869 98069 58269 98469 58669 98869 59069 99269 59469 99669 59869 19870 60071 20072 60273 20274 60475 20476 60677 20678 60879 20880 61081 21082 61283 21284 61485 21486 61687 21688 61889 21890 62091 22092 62293 22294 62495 22496 62697 22698 62899 22900 63101 23102 23103 23104 23105 63306 23307 23308 63509 23510 63711 23712 23713 23714 23715 23716 23717 23718 23719 23720 23721 23722 23723 23724 23725 23726 63927 23928 64129 24130 64331 104531 64731 104931 65131 25132 65333 105533 65733 105933 66133 26134 66335 106535 66735 106935 67135 107335 67535 107735 67935 108135 68335 108535 68735 28736 68937 28938 69139 29140 69341 29342 69543 29544 69745 29746 69947 29948 70149 30150 70351 30352 70553 30554 70755 30756 70957 30958 71159 111359 71559 31560 71761 111961 72161 32162 72363 32364 72565 32566 72767 32768 72969 32970 73171 33172 73373 33374 73575 33576 73777 33778 33779 33780 33781 
Label: 1865280
[3610,22838,]
7406 47607 87807 48007 88207 48407 88607 48807 89007 49207 9208 49409 9410 49611 9612 49813 9814 50015 10016 50217 10218 50419 10420 50621 10622 50823 10824 51025 11026 51227 11228 51429 11430 51631 91831 52031 12032 12033 12034 52235 12236 52437 12438 52639 12640 52841 12842 53043 13044 53245 13246 53447 13448 53649 13650 13651 13652 13653 13654 13655 13656 53857 13858 13859 54060 14061 54262 14263 54464 14465 54666 94866 55066 15067 55268 95468 55668 15669 55870 96070 56270 96470 56670 96870 57070 97270 57470 97670 57870 98070 58270 98470 58670 98870 59070 99270 59470 99670 59870 100070 60270 20271 60472 20473 20474 20475 60676 20677 60878 20879 61080 21081 61282 21283 61484 21485 61686 21687 61888 21889 62090 102290 62490 22491 62692 102892 63092 103292 63492 103692 63892 104092 64292 104492 64692 104892 65092 105091 65291 105491 145490 25489 65688 105888 66088 106288 66488 106688 66888 107088 67288 107488 67688 107888 68088 108288 68488 108688 68888 109088 69288 29289 69490 109690 69890 110090 70091 30092 70293 30294 30295 30296 30297 30298 30299 30300 30301 30302 30303 70504 30505 70706 30707 70908 30909 71110 31111 71312 31313 31314 31315 31316 31317 31318 151119 111120 71121 31122 31123 31124 31125 31126 31127 31128 31129 31130 31131 31132 31133 31134 31135 31136 31137 31138 31139 31140 31141 31142 31143 31144 31145 31146 31147 31148 150949 110950 70951 30952 30953 30954 30955 30956 30957 71158 31159 71360 111560 71760 31761 71962 112162 72362 32363 72564 112764 72964 32965 73166 33167 73368 33369 73570 33571 73772 33773 33774 33775 33776 33777 33778 33779 33780 33781 
Label: 1251828
[3490,22866,]
7406 47607 87807 48007 88207 48407 88607 48807 89007 49207 9208 49409 9410 49611 9612 49813 9814 50015 10016 50217 10218 50419 10420 50621 10622 50823 10824 51025 11026 51227 11228 51429 11430 51631 91831 52031 12032 12033 12034 52235 12236 52437 12438 52639 12640 52841 12842 53043 13044 53245 13246 53447 13448 53649 13650 13651 13652 13653 13654 13655 53856 13857 54058 14059 54260 14261 54462 14463 54664 14665 54866 14867 55068 95268 55468 15469 55670 95870 56070 96270 56470 96670 56870 97070 57270 97470 57670 97870 58070 98270 58470 98670 58870 99070 59270 99470 59670 99870 60070 20071 60272 20273 60474 20475 60676 20677 60878 20879 61080 21081 61282 21283 61484 21485 61686 21687 61888 21889 62090 102290 62490 22491 62692 22693 62894 22895 63096 23097 23098 23099 23100 23101 23102 23103 23104 23105 63306 23307 23308 63509 23510 63711 23712 23713 63914 23915 23916 23917 143718 103719 63720 23721 143522 103523 63524 23525 143326 103327 63328 23329 23330 63531 103731 63931 104131 64331 104531 64731 104931 65131 25132 65333 105533 65733 105933 66133 26134 66335 106535 66735 106935 67135 107335 67535 107735 67935 108135 68335 108535 68735 108935 68936 28937 69138 29139 69340 29341 69542 29543 69744 29745 69946 29947 70148 30149 70350 30351 70552 30553 70754 30755 70956 30957 71158 31159 71360 111560 71760 31761 71962 112162 72362 32363 72564 112764 72964 32965 73166 33167 73368 33369 73570 33571 73772 33773 33774 33775 33776 33777 33778 33779 33780 33781 
Label: 1070313
[3460,22933,]
7406 47607 87807 48007 88207 48407 88607 48807 89007 49207 9208 49409 9410 49611 9612 49813 9814 50015 10016 50217 10218 50419 10420 50621 10622 50823 10824 51025 11026 51227 11228 51429 11430 51631 91831 52031 12032 12033 12034 52235 12236 52437 12438 52639 12640 52841 12842 53043 13044 53245 13246 53447 13448 53649 13650 13651 13652 13653 13654 13655 13656 53857 13858 13859 54060 14061 54262 14263 54464 14465 54666 94866 55066 15067 55268 95468 55668 15669 55870 96070 56270 96470 56670 96870 57070 97270 57470 97670 57870 98070 58270 98470 58670 98870 59070 99270 59470 99670 59870 100070 60270 20271 60472 20473 20474 20475 60676 20677 60878 20879 61080 21081 61282 21283 61484 21485 61686 21687 61888 21889 62090 102290 62490 22491 62692 22693 62894 22895 63096 23097 23098 23099 23100 23101 23102 23103 23104 23105 63306 23307 23308 63509 23510 63711 23712 23713 63914 23915 23916 23917 143718 103719 63720 23721 143522 103523 63524 23525 23526 23527 23528 63729 23730 63931 104131 64331 104531 64731 104931 65131 25132 65333 105533 65733 105933 66133 26134 66335 106535 66735 106935 67135 107335 67535 107735 67935 108135 68335 108535 68735 108935 68936 28937 69138 29139 69340 29341 69542 29543 69744 29745 69946 29947 70148 30149 70350 30351 70552 30553 70754 30755 70956 30957 71158 31159 71360 111560 71760 31761 71962 112162 72362 32363 72564 112764 72964 32965 73166 33167 73368 33369 73570 33571 73772 33773 33774 33775 33776 33777 33778 33779 33780 33781 
Label: 954732
[3440,22961,]
7406 47607 87807 48007 88207 48407 88607 48807 89007 49207 9208 49409 9410 49611 9612 49813 9814 50015 10016 50217 10218 50419 10420 50621 10622 50823 10824 51025 11026 51227 11228 51429 11430 51631 91831 52031 12032 12033 12034 52235 12236 52437 12438 52639 12640 52841 12842 53043 13044 53245 13246 53447 13448 53649 13650 13651 13652 13653 13654 13655 53856 13857 54058 14059 54260 14261 54462 14463 54664 14665 54866 14867 55068 95268 55468 15469 55670 95870 56070 96270 56470 96670 56870 97070 57270 97470 57670 97870 58070 98270 58470 98670 58870 99070 59270 99470 59670 99870 60070 20071 60272 20273 60474 20475 60676 20677 60878 20879 61080 21081 61282 21283 61484 21485 61686 21687 61888 21889 62090 102290 62490 22491 62692 22693 62894 22895 63096 23097 23098 23099 23100 23101 23102 23103 23104 23105 63306 23307 23308 63509 23510 63711 23712 23713 63914 23915 23916 23917 143718 103719 63720 23721 143522 103523 63524 23525 23526 23527 23528 63729 23730 63931 104131 64331 104531 64731 104931 65131 25132 65333 105533 65733 105933 66133 26134 66335 106535 66735 106935 67135 107335 67535 107735 67935 108135 68335 108535 68735 28736 68937 28938 69139 29140 69341 29342 69543 29544 69745 29746 69947 29948 70149 30150 70351 30352 70553 30554 70755 30756 70957 30958 71159 111359 71559 31560 71761 111961 72161 32162 72363 112563 72763 32764 72965 32966 73167 33168 73369 33370 73571 33572 73773 33774 33775 33776 33777 33778 33779 33780 33781 
Label: 841570
[3420,23135,]
7406 47607 87807 48007 88207 48407 88607 48807 89007 49207 9208 49409 9410 49611 9612 49813 9814 50015 10016 50217 10218 50419 10420 50621 10622 50823 10824 51025 11026 51227 11228 51429 11430 51631 11632 51833 11834 52035 12036 52237 12238 52439 12440 52641 12642 52843 12844 53045 13046 53247 13248 53449 13450 53651 13652 13653 13654 13655 53856 13857 54058 14059 54260 14261 54462 14463 54664 14665 54866 14867 55068 95268 55468 15469 55670 95870 56070 96270 56470 96670 56870 97070 57270 97470 57670 97870 58070 98270 58470 98670 58870 99070 59270 99470 59670 99870 60070 20071 60272 20273 60474 20475 60676 20677 60878 20879 61080 21081 61282 21283 61484 21485 61686 21687 61888 21889 62090 22091 62292 22293 62494 22495 62696 22697 62898 22899 63100 23101 23102 23103 23104 23105 63306 23307 23308 63509 23510 63711 23712 23713 63914 23915 23916 23917 143718 103719 63720 23721 143522 103523 63524 23525 23526 23527 23528 63729 23730 63931 104131 64331 104531 64731 104931 65131 25132 65333 105533 65733 105933 66133 26134 66335 106535 66735 106935 67135 107335 67535 107735 67935 108135 68335 108535 68735 28736 68937 28938 69139 29140 69341 29342 69543 29544 69745 29746 69947 29948 70149 30150 70351 30352 70553 30554 70755 30756 70957 30958 71159 111359 71559 31560 71761 111961 72161 32162 72363 112563 72763 32764 72965 32966 73167 33168 73369 33370 73571 33572 73773 33774 33775 33776 33777 33778 33779 33780 33781 
Label: 363788
[3340,26273,]
7406 47607 87807 48007 88207 48407 88607 48807 89007 49207 9208 49409 9410 49611 9612 49813 9814 50015 10016 50217 10218 50419 10420 50621 10622 50823 10824 51025 11026 51227 11228 51429 11430 51631 11632 51833 11834 52035 12036 52237 12238 52439 12440 52641 12642 52843 12844 53045 13046 53247 13248 53449 13450 53651 13652 53853 13854 54055 14056 54257 14258 54459 14460 54661 14662 54863 14864 55065 15066 55267 15268 55469 95669 55869 96069 56269 96469 56669 96869 57069 97269 57469 97669 57869 98069 58269 98469 58669 98869 59069 99269 59469 99669 59869 19870 60071 20072 60273 20274 60475 20476 60677 20678 60879 20880 61081 21082 61283 21284 61485 21486 61687 21688 61889 21890 62091 22092 62293 22294 62495 22496 62697 22698 62899 22900 63101 23102 23103 23104 23105 63306 23307 23308 63509 23510 63711 23712 23713 23714 23715 23716 23717 23718 23719 23720 23721 23722 23723 23724 23725 23726 23727 23728 23729 23730 63931 104131 64331 104531 64731 104931 65131 25132 65333 105533 65733 105933 66133 26134 66335 106535 66735 106935 67135 107335 67535 107735 67935 108135 68335 108535 68735 28736 68937 28938 69139 29140 69341 29342 69543 29544 69745 29746 69947 29948 70149 30150 70351 30352 70553 30554 70755 30756 70957 30958 71159 111359 71559 31560 71761 111961 72161 32162 72363 32364 72565 32566 72767 32768 72969 32970 73171 33172 73373 33374 73575 33576 73777 33778 33779 33780 33781 
Label: 1012691
[3450,22943,]
7406 47607 87807 48007 88207 48407 88607 48807 89007 49207 9208 49409 9410 49611 9612 49813 9814 50015 10016 50217 10218 50419 10420 50621 10622 50823 10824 51025 11026 51227 11228 51429 11430 51631 91831 52031 12032 12033 12034 52235 12236 52437 12438 52639 12640 52841 12842 53043 13044 53245 13246 53447 13448 53649 13650 13651 13652 13653 13654 13655 53856 13857 54058 14059 54260 14261 54462 14463 54664 14665 54866 14867 55068 95268 55468 15469 55670 95870 56070 96270 56470 96670 56870 97070 57270 97470 57670 97870 58070 98270 58470 98670 58870 99070 59270 99470 59670 99870 60070 20071 60272 20273 60474 20475 60676 20677 60878 20879 61080 21081 61282 21283 61484 21485 61686 21687 61888 21889 62090 102290 62490 22491 62692 22693 62894 22895 63096 23097 23098 23099 23100 23101 23102 23103 23104 23105 63306 23307 23308 63509 23510 63711 23712 23713 63914 23915 23916 23917 143718 103719 63720 23721 143522 103523 63524 23525 23526 23527 23528 63729 23730 63931 104131 64331 104531 64731 104931 65131 25132 65333 105533 65733 105933 66133 26134 66335 106535 66735 106935 67135 107335 67535 107735 67935 108135 68335 108535 68735 108935 68936 28937 69138 29139 69340 29341 69542 29543 69744 29745 69946 29947 70148 30149 70350 30351 70552 30553 70754 30755 70956 30957 71158 31159 71360 111560 71760 31761 71962 112162 72362 32363 72564 112764 72964 32965 73166 33167 73368 33369 73570 33571 73772 33773 33774 33775 33776 33777 33778 33779 33780 33781 
Label: 785958
[3410,23394,]
7406 47607 87807 48007 88207 48407 88607 48807 89007 49207 9208 49409 9410 49611 9612 49813 9814 50015 10016 50217 10218 50419 10420 50621 10622 50823 10824 51025 11026 51227 11228 51429 11430 51631 11632 51833 11834 52035 12036 52237 12238 52439 12440 52641 12642 52843 12844 53045 13046 53247 13248 53449 13450 53651 13652 13653 13654 13655 53856 13857 54058 14059 54260 14261 54462 14463 54664 14665 54866 14867 55068 95268 55468 15469 55670 95870 56070 96270 56470 96670 56870 97070 57270 97470 57670 97870 58070 98270 58470 98670 58870 99070 59270 99470 59670 99870 60070 20071 60272 20273 60474 20475 60676 20677 60878 20879 61080 21081 61282 21283 61484 21485 61686 21687 61888 21889 62090 22091 62292 22293 62494 22495 62696 22697 62898 22899 63100 23101 23102 23103 23104 23105 63306 23307 23308 63509 23510 63711 23712 23713 63914 23915 23916 23917 143718 103719 63720 23721 143522 103523 63524 23525 23526 23527 23528 63729 23730 63931 104131 64331 104531 64731 104931 65131 25132 65333 105533 65733 105933 66133 26134 66335 106535 66735 106935 67135 107335 67535 107735 67935 108135 68335 108535 68735 28736 68937 28938 69139 29140 69341 29342 69543 29544 69745 29746 69947 29948 70149 30150 70351 30352 70553 30554 70755 30756 70957 30958 71159 111359 71559 31560 71761 111961 72161 32162 72363 32364 72565 32566 72767 32768 72969 32970 73171 33172 73373 33374 73575 33576 73777 33778 33779 33780 33781 
Label: 29843
[3280,124743,]
7406 47607 87807 48007 88207 48407 88607 48807 89007 49207 9208 49409 9410 49611 9612 49813 9814 50015 10016 50217 10218 50419 10420 50621 10622 50823 10824 51025 11026 51227 11228 51429 11430 51631 11632 51833 11834 52035 12036 52237 12238 52439 12440 52641 12642 52843 12844 53045 13046 53247 13248 53449 13450 53651 13652 53853 13854 54055 14056 54257 14258 54459 14460 54661 14662 54863 14864 55065 15066 55267 15268 55469 95669 55869 96069 56269 96469 56669 96869 57069 97269 57469 97669 57869 98069 58269 98469 58669 98869 59069 19070 59271 19272 59473 19474 59675 19676 59877 19878 60079 20080 60281 20282 60483 20484 60685 20686 60887 20888 61089 21090 61291 21292 61493 21494 61695 21696 61897 21898 62099 22100 62301 22302 62503 22504 62705 22706 62907 22908 63109 23110 63311 23312 63513 23514 63715 23716 63917 23918 23919 64120 24121 64322 24323 64524 24525 64726 24727 64928 24929 65130 25131 65332 105532 65732 25733 65934 106134 66334 106534 66734 106934 67134 27135 67336 107536 67736 107936 68136 108336 68536 108736 68936 28937 69138 29139 69340 29341 69542 29543 69744 29745 69946 29947 70148 30149 70350 30351 70552 30553 70754 30755 70956 30957 71158 31159 71360 111560 71760 31761 71962 31963 72164 32165 72366 32367 72568 32569 72770 32771 72972 32973 73174 33175 73376 33377 73578 33579 73780 33781 
Label: 128406
[3300,46765,]
7406 47607 87807 48007 88207 48407 88607 48807 89007 49207 9208 49409 9410 49611 9612 49813 9814 50015 10016 50217 10218 50419 10420 50621 10622 50823 10824 51025 11026 51227 11228 51429 11430 51631 11632 51833 11834 52035 12036 52237 12238 52439 12440 52641 12642 52843 12844 53045 13046 53247 13248 53449 13450 53651 13652 53853 13854 54055 14056 54257 14258 54459 14460 54661 14662 54863 14864 55065 15066 55267 15268 55469 95669 55869 96069 56269 96469 56669 96869 57069 97269 57469 97669 57869 98069 58269 98469 58669 98869 59069 99269 59469 19470 59671 19672 59873 19874 60075 20076 60277 20278 60479 20480 60681 20682 60883 20884 61085 21086 61287 21288 61489 21490 61691 21692 61893 21894 62095 22096 62297 22298 62499 22500 62701 22702 62903 22904 63105 23106 63307 23308 63509 23510 63711 23712 23713 23714 23715 23716 23717 23718 23719 23720 23721 63922 23923 64124 24125 64326 24327 64528 24529 64730 24731 64932 105132 65332 105532 65732 25733 65934 106134 66334 106534 66734 106934 67134 27135 67336 107536 67736 107936 68136 108336 68536 108736 68936 28937 69138 29139 69340 29341 69542 29543 69744 29745 69946 29947 70148 30149 70350 30351 70552 30553 70754 30755 70956 30957 71158 31159 71360 111560 71760 31761 71962 31963 72164 32165 72366 32367 72568 32569 72770 32771 72972 32973 73174 33175 73376 33377 73578 33579 73780 33781 
Label: 1536105
[3540,22847,]
7406 47607 87807 48007 88207 48407 88607 48807 89007 49207 9208 49409 9410 49611 9612 49813 9814 50015 10016 50217 10218 50419 10420 50621 10622 50823 10824 51025 11026 51227 11228 51429 11430 51631 91831 52031 12032 12033 12034 52235 12236 52437 12438 52639 12640 52841 12842 53043 13044 53245 13246 53447 13448 53649 13650 13651 13652 13653 13654 13655 13656 53857 13858 13859 54060 14061 54262 14263 54464 14465 54666 94866 55066 15067 55268 95468 55668 15669 55870 96070 56270 96470 56670 96870 57070 97270 57470 97670 57870 98070 58270 98470 58670 98870 59070 99270 59470 99670 59870 100070 60270 20271 60472 20473 20474 20475 60676 20677 60878 20879 61080 21081 61282 21283 61484 21485 61686 21687 61888 21889 62090 102290 62490 22491 62692 22693 62894 22895 63096 23097 63298 23299 23300 23301 143102 103103 63104 23105 63306 23307 23308 63509 23510 63711 23712 23713 63914 23915 23916 23917 143718 103719 63720 23721 143522 103523 63524 23525 143326 103327 63328 23329 23330 63531 103731 63931 104131 64331 104531 64731 104931 65131 25132 65333 105533 65733 105933 66133 26134 66335 106535 66735 106935 67135 107335 67535 107735 67935 108135 68335 108535 68735 108935 68936 28937 69138 29139 69340 29341 69542 29543 69744 29745 69946 29947 70148 30149 70350 30351 70552 30553 70754 30755 70956 30957 71158 31159 71360 111560 71760 31761 71962 112162 72362 32363 72564 112764 72964 32965 73166 113366 73367 33368 73569 33570 73771 33772 33773 33774 33775 33776 33777 33778 33779 33780 33781 
Label: 2384407
[3750,22740,]
7406 47607 87807 48007 88207 48407 88607 48807 89007 49207 9208 49409 9410 49611 9612 49813 9814 50015 10016 50217 10218 50419 10420 50621 10622 50823 10824 51025 11026 51227 11228 51429 11430 51631 91831 52031 12032 12033 12034 52235 12236 52437 12438 52639 12640 52841 12842 53043 13044 53245 13246 53447 13448 53649 13650 13651 13652 13653 13654 13655 53856 13857 54058 14059 54260 14261 54462 14463 54664 14665 54866 14867 55068 95268 55468 15469 55670 95870 56070 96270 56470 96670 56870 97070 57270 97470 57670 97870 58070 98270 58470 98670 58870 99070 59270 99470 59670 99870 60070 20071 60272 20273 60474 20475 60676 20677 60878 20879 61080 21081 61282 21283 61484 21485 61686 21687 61888 21889 62090 102290 62490 22491 62692 102892 63092 103292 63492 103692 63892 104092 64292 104492 64692 104892 65092 105091 65291 105491 145490 25489 65688 105888 66088 106288 66488 106688 66888 107088 67288 107488 67688 107888 68088 108288 68488 108688 68888 109088 69288 29289 69490 109690 69890 110090 70091 30092 70293 30294 30295 30296 30297 30298 30299 30300 30301 30302 30303 70504 30505 70706 30707 70908 30909 71110 31111 31112 31113 31114 31115 31116 31117 31118 31119 31120 31121 31122 31123 31124 31125 31126 71327 31328 71529 31530 71731 31732 71933 31934 72135 32136 72337 32338 72539 32540 72741 112941 73141 113341 73541 113741 73941 114141 74341 34342 74543 114743 74943 34944 75145 35146 75347 35348 75549 35550 35551 35552 35553 35554 35555 35556 35557 35558 35559 35560 35561 35562 35563 35564 35565 35566 35567 35568 35569 35570 35571 35572 35573 155374 115375 75376 35377 155178 34978 154779 34579 154380 34180 153981 33781 
Label: 425777
[3350,25920,]
7406 47607 87807 48007 88207 48407 88607 48807 89007 49207 9208 49409 9410 49611 9612 49813 9814 50015 10016 50217 10218 50419 10420 50621 10622 50823 10824 51025 11026 51227 11228 51429 11430 51631 11632 51833 11834 52035 12036 52237 12238 52439 12440 52641 12642 52843 12844 53045 13046 53247 13248 53449 13450 53651 13652 13653 13654 13655 53856 13857 54058 14059 54260 14261 54462 14463 54664 14665 54866 14867 55068 95268 55468 15469 55670 95870 56070 96270 56470 96670 56870 97070 57270 97470 57670 97870 58070 98270 58470 98670 58870 99070 59270 99470 59670 99870 60070 20071 60272 20273 60474 20475 60676 20677 60878 20879 61080 21081 61282 21283 61484 21485 61686 21687 61888 21889 62090 22091 62292 22293 62494 22495 62696 22697 62898 22899 63100 23101 23102 23103 23104 23105 63306 23307 23308 63509 23510 63711 23712 23713 23714 23715 23716 23717 23718 23719 23720 23721 23722 23723 23724 23725 23726 23727 23728 23729 23730 63931 104131 64331 104531 64731 104931 65131 25132 65333 105533 65733 105933 66133 26134 66335 106535 66735 106935 67135 107335 67535 107735 67935 108135 68335 108535 68735 28736 68937 28938 69139 29140 69341 29342 69543 29544 69745 29746 69947 29948 70149 30150 70351 30352 70553 30554 70755 30756 70957 30958 71159 111359 71559 31560 71761 111961 72161 32162 72363 32364 72565 32566 72767 32768 72969 32970 73171 33172 73373 33374 73575 33576 73777 33778 33779 33780 33781 
Label: 897665
[3430,23014,]
7406 47607 87807 48007 88207 48407 88607 48807 89007 49207 9208 49409 9410 49611 9612 49813 9814 50015 10016 50217 10218 50419 10420 50621 10622 50823 10824 51025 11026 51227 11228 51429 11430 51631 91831 52031 12032 12033 12034 52235 12236 52437 12438 52639 12640 52841 12842 53043 13044 53245 13246 53447 13448 53649 13650 13651 13652 13653 13654 13655 53856 13857 54058 14059 54260 14261 54462 14463 54664 14665 54866 14867 55068 95268 55468 15469 55670 95870 56070 96270 56470 96670 56870 97070 57270 97470 57670 97870 58070 98270 58470 98670 58870 99070 59270 99470 59670 99870 60070 20071 60272 20273 60474 20475 60676 20677 60878 20879 61080 21081 61282 21283 61484 21485 61686 21687 61888 21889 62090 22091 62292 22293 62494 22495 62696 22697 62898 22899 63100 23101 23102 23103 23104 23105 63306 23307 23308 63509 23510 63711 23712 23713 63914 23915 23916 23917 143718 103719 63720 23721 143522 103523 63524 23525 23526 23527 23528 63729 23730 63931 104131 64331 104531 64731 104931 65131 25132 65333 105533 65733 105933 66133 26134 66335 106535 66735 106935 67135 107335 67535 107735 67935 108135 68335 108535 68735 28736 68937 28938 69139 29140 69341 29342 69543 29544 69745 29746 69947 29948 70149 30150 70351 30352 70553 30554 70755 30756 70957 30958 71159 111359 71559 31560 71761 111961 72161 32162 72363 112563 72763 32764 72965 32966 73167 33168 73369 33370 73571 33572 73773 33774 33775 33776 33777 33778 33779 33780 33781 
Label: 1130939
[3470,22930,]
7406 47607 87807 48007 88207 48407 88607 48807 89007 49207 9208 49409 9410 49611 9612 49813 9814 50015 10016 50217 10218 50419 10420 50621 10622 50823 10824 51025 11026 51227 11228 51429 11430 51631 91831 52031 12032 12033 12034 52235 12236 52437 12438 52639 12640 52841 12842 53043 13044 53245 13246 53447 13448 53649 13650 13651 13652 13653 13654 13655 13656 53857 13858 13859 54060 14061 54262 14263 54464 14465 54666 94866 55066 15067 55268 95468 55668 15669 55870 96070 56270 96470 56670 96870 57070 97270 57470 97670 57870 98070 58270 98470 58670 98870 59070 99270 59470 99670 59870 100070 60270 20271 60472 20473 20474 20475 60676 20677 60878 20879 61080 21081 61282 21283 61484 21485 61686 21687 61888 21889 62090 102290 62490 22491 62692 22693 62894 22895 63096 23097 23098 23099 23100 23101 23102 23103 23104 23105 63306 23307 23308 63509 23510 63711 23712 23713 63914 23915 23916 23917 143718 103719 63720 23721 143522 103523 63524 23525 23526 23527 23528 63729 23730 63931 104131 64331 104531 64731 104931 65131 25132 65333 105533 65733 105933 66133 26134 66335 106535 66735 106935 67135 107335 67535 107735 67935 108135 68335 108535 68735 108935 68936 28937 69138 29139 69340 29341 69542 29543 69744 29745 69946 29947 70148 30149 70350 30351 70552 30553 70754 30755 70956 30957 71158 31159 71360 111560 71760 31761 71962 112162 72362 32363 72564 112764 72964 32965 73166 113366 73367 33368 73569 33570 73771 33772 33773 33774 33775 33776 33777 33778 33779 33780 33781 
Label: 670622
[3390,24184,]
7406 47607 87807 48007 88207 48407 88607 48807 89007 49207 9208 49409 9410 49611 9612 49813 9814 50015 10016 50217 10218 50419 10420 50621 10622 50823 10824 51025 11026 51227 11228 51429 11430 51631 11632 51833 11834 52035 12036 52237 12238 52439 12440 52641 12642 52843 12844 53045 13046 53247 13248 53449 13450 53651 13652 13653 13654 13655 53856 13857 54058 14059 54260 14261 54462 14463 54664 14665 54866 14867 55068 95268 55468 15469 55670 95870 56070 96270 56470 96670 56870 97070 57270 97470 57670 97870 58070 98270 58470 98670 58870 99070 59270 99470 59670 99870 60070 20071 60272 20273 60474 20475 60676 20677 60878 20879 61080 21081 61282 21283 61484 21485 61686 21687 61888 21889 62090 22091 62292 22293 62494 22495 62696 22697 62898 22899 63100 23101 23102 23103 23104 23105 63306 23307 23308 63509 23510 63711 23712 23713 23714 23715 23716 23717 23718 23719 23720 143521 103522 63523 23524 23525 23526 23527 23528 63729 23730 63931 104131 64331 104531 64731 104931 65131 25132 65333 105533 65733 105933 66133 26134 66335 106535 66735 106935 67135 107335 67535 107735 67935 108135 68335 108535 68735 28736 68937 28938 69139 29140 69341 29342 69543 29544 69745 29746 69947 29948 70149 30150 70351 30352 70553 30554 70755 30756 70957 30958 71159 111359 71559 31560 71761 111961 72161 32162 72363 112563 72763 32764 72965 32966 73167 33168 73369 33370 73571 33572 73773 33774 33775 33776 33777 33778 33779 33780 33781 
Label: 187982
[3310,36439,]
7406 47607 87807 48007 88207 48407 88607 48807 89007 49207 9208 49409 9410 49611 9612 49813 9814 50015 10016 50217 10218 50419 10420 50621 10622 50823 10824 51025 11026 51227 11228 51429 11430 51631 11632 51833 11834 52035 12036 52237 12238 52439 12440 52641 12642 52843 12844 53045 13046 53247 13248 53449 13450 53651 13652 53853 13854 54055 14056 54257 14258 54459 14460 54661 14662 54863 14864 55065 15066 55267 15268 55469 95669 55869 96069 56269 96469 56669 96869 57069 97269 57469 97669 57869 98069 58269 98469 58669 98869 59069 99269 59469 19470 59671 19672 59873 19874 60075 20076 60277 20278 60479 20480 60681 20682 60883 20884 61085 21086 61287 21288 61489 21490 61691 21692 61893 21894 62095 22096 62297 22298 62499 22500 62701 22702 62903 22904 63105 23106 63307 23308 63509 23510 63711 23712 23713 23714 23715 23716 23717 23718 23719 23720 23721 23722 23723 23724 23725 63926 23927 64128 24129 64330 24331 64532 104732 64932 105132 65332 105532 65732 25733 65934 106134 66334 106534 66734 106934 67134 27135 67336 107536 67736 107936 68136 108336 68536 108736 68936 28937 69138 29139 69340 29341 69542 29543 69744 29745 69946 29947 70148 30149 70350 30351 70552 30553 70754 30755 70956 30957 71158 31159 71360 111560 71760 31761 71962 31963 72164 32165 72366 32367 72568 32569 72770 32771 72972 32973 73174 33175 73376 33377 73578 33579 73780 33781 
Label: 610186
[3380,24443,]
7406 47607 87807 48007 88207 48407 88607 48807 89007 49207 9208 49409 9410 49611 9612 49813 9814 50015 10016 50217 10218 50419 10420 50621 10622 50823 10824 51025 11026 51227 11228 51429 11430 51631 11632 51833 11834 52035 12036 52237 12238 52439 12440 52641 12642 52843 12844 53045 13046 53247 13248 53449 13450 53651 13652 13653 13654 13655 53856 13857 54058 14059 54260 14261 54462 14463 54664 14665 54866 14867 55068 95268 55468 15469 55670 95870 56070 96270 56470 96670 56870 97070 57270 97470 57670 97870 58070 98270 58470 98670 58870 99070 59270 99470 59670 99870 60070 20071 60272 20273 60474 20475 60676 20677 60878 20879 61080 21081 61282 21283 61484 21485 61686 21687 61888 21889 62090 22091 62292 22293 62494 22495 62696 22697 62898 22899 63100 23101 23102 23103 23104 23105 63306 23307 23308 63509 23510 63711 23712 23713 23714 23715 23716 23717 23718 23719 23720 143521 103522 63523 23524 23525 23526 23527 23528 63729 23730 63931 104131 64331 104531 64731 104931 65131 25132 65333 105533 65733 105933 66133 26134 66335 106535 66735 106935 67135 107335 67535 107735 67935 108135 68335 108535 68735 28736 68937 28938 69139 29140 69341 29342 69543 29544 69745 29746 69947 29948 70149 30150 70351 30352 70553 30554 70755 30756 70957 30958 71159 111359 71559 31560 71761 111961 72161 32162 72363 32364 72565 32566 72767 32768 72969 32970 73171 33172 73373 33374 73575 33576 73777 33778 33779 33780 33781 
Label: 1989812
[3640,22828,]
7406 47607 87807 48007 88207 48407 88607 48807 89007 49207 9208 49409 9410 49611 9612 49813 9814 50015 10016 50217 10218 50419 10420 50621 10622 50823 10824 51025 11026 51227 11228 51429 11430 51631 91831 52031 12032 12033 12034 52235 12236 52437 12438 52639 12640 52841 12842 53043 13044 53245 93445 53446 13447 53648 13649 13650 13651 13652 13653 13654 13655 13656 53857 13858 13859 54060 14061 54262 14263 54464 14465 54666 94866 55066 15067 55268 95468 55668 15669 55870 96070 56270 96470 56670 96870 57070 97270 57470 97670 57870 98070 58270 98470 58670 98870 59070 99270 59470 99670 59870 100070 60270 20271 60472 20473 20474 20475 60676 20677 60878 20879 61080 21081 61282 21283 61484 21485 61686 21687 61888 21889 62090 102290 62490 22491 62692 102892 63092 103292 63492 103692 63892 104092 64292 104492 64692 104892 65092 105091 65291 105491 145490 25489 65688 105888 66088 106288 66488 106688 66888 107088 67288 107488 67688 107888 68088 108288 68488 108688 68888 109088 69288 29289 69490 109690 69890 110090 70091 30092 70293 30294 30295 30296 30297 30298 30299 30300 30301 30302 30303 30304 70505 30506 70707 110907 71107 31108 71309 31310 31311 31312 31313 31314 31315 31316 31317 31318 151119 111120 71121 31122 31123 31124 31125 31126 31127 31128 31129 31130 31131 31132 31133 31134 31135 31136 31137 31138 31139 31140 31141 31142 31143 31144 31145 31146 31147 31148 150949 110950 70951 30952 30953 30954 30955 30956 30957 71158 31159 71360 111560 71760 31761 71962 112162 72362 32363 72564 112764 72964 32965 73166 113366 73367 33368 73569 33570 73771 33772 33773 33774 33775 33776 33777 33778 33779 33780 33781 
Label: 2028437
[3650,22827,]
7406 47607 87807 48007 88207 48407 88607 48807 89007 49207 9208 49409 9410 49611 9612 49813 9814 50015 10016 50217 10218 50419 10420 50621 10622 50823 10824 51025 11026 51227 11228 51429 11430 51631 91831 52031 12032 12033 12034 52235 12236 52437 12438 52639 12640 52841 12842 53043 13044 53245 93445 53446 13447 53648 13649 13650 13651 13652 13653 13654 13655 13656 53857 13858 13859 54060 14061 54262 14263 54464 14465 54666 94866 55066 15067 55268 95468 55668 15669 55870 96070 56270 96470 56670 96870 57070 97270 57470 97670 57870 98070 58270 98470 58670 98870 59070 99270 59470 99670 59870 100070 60270 20271 60472 20473 20474 20475 60676 20677 60878 20879 61080 21081 61282 21283 61484 21485 61686 21687 61888 21889 62090 102290 62490 22491 62692 102892 63092 103292 63492 103692 63892 104092 64292 104492 64692 104892 65092 105091 65291 105491 145490 25489 65688 105888 66088 106288 66488 106688 66888 107088 67288 107488 67688 107888 68088 108288 68488 108688 68888 109088 69288 29289 69490 109690 69890 110090 70091 30092 70293 30294 30295 30296 30297 30298 30299 30300 30301 30302 30303 30304 70505 30506 70707 110907 70908 111108 71308 31309 31310 31311 31312 31313 31314 31315 31316 31317 31318 151119 111120 71121 31122 31123 31124 31125 31126 31127 31128 31129 31130 31131 31132 31133 31134 31135 31136 31137 31138 31139 31140 31141 31142 31143 31144 31145 31146 31147 31148 150949 110950 70951 30952 30953 30954 30955 30956 30957 71158 31159 71360 111560 71760 31761 71962 112162 72362 32363 72564 112764 72964 32965 73166 113366 73367 33368 73569 33570 73771 33772 33773 33774 33775 33776 33777 33778 33779 33780 33781 
Label: 2284188
[3720,22788,]
7406 47607 87807 48007 88207 48407 88607 48807 89007 49207 9208 49409 9410 49611 9612 49813 9814 50015 10016 50217 10218 50419 10420 50621 10622 50823 10824 51025 11026 51227 11228 51429 11430 51631 91831 52031 12032 12033 12034 52235 12236 52437 12438 52639 12640 52841 12842 53043 13044 53245 13246 53447 13448 53649 13650 13651 13652 13653 13654 13655 53856 13857 54058 14059 54260 14261 54462 14463 54664 14665 54866 14867 55068 95268 55468 15469 55670 95870 56070 96270 56470 96670 56870 97070 57270 97470 57670 97870 58070 98270 58470 98670 58870 99070 59270 99470 59670 99870 60070 20071 60272 20273 60474 20475 60676 20677 60878 20879 61080 21081 61282 21283 61484 21485 61686 21687 61888 21889 62090 102290 62490 22491 62692 102892 63092 103292 63492 103692 63892 104092 64292 104492 64692 104892 65092 105091 65291 105491 145490 25489 65688 105888 66088 106288 66488 106688 66888 107088 67288 107488 67688 107888 68088 108288 68488 108688 68888 109088 69288 29289 69490 109690 69890 110090 70091 30092 70293 30294 30295 30296 30297 30298 30299 30300 30301 30302 30303 70504 30505 70706 30707 70908 30909 71110 31111 31112 31113 31114 31115 31116 31117 31118 31119 31120 31121 31122 31123 31124 31125 31126 71327 31328 71529 31530 71731 31732 71933 31934 72135 32136 72337 32338 72539 32540 72741 112941 73141 113341 73541 113741 73941 114141 74341 34342 74543 114743 74943 34944 75145 35146 75347 35348 35349 35350 35351 35352 35353 35354 35355 35356 35357 35358 35359 35360 35361 35362 35363 35364 35365 35366 35367 35368 35369 35370 35371 35372 35373 35374 35375 35376 35377 155178 34978 154779 34579 154380 34180 153981 33781 
Label: 2067782
[3660,22825,]
7406 47607 87807 48007 88207 48407 88607 48807 89007 49207 9208 49409 9410 49611 9612 49813 9814 50015 10016 50217 10218 50419 10420 50621 10622 50823 10824 51025 11026 51227 11228 51429 11430 51631 91831 52031 12032 12033 12034 52235 12236 52437 12438 52639 12640 52841 12842 53043 13044 53245 13246 53447 13448 53649 13650 13651 13652 13653 13654 13655 13656 53857 13858 13859 54060 14061 54262 14263 54464 14465 54666 94866 55066 15067 55268 95468 55668 15669 55870 96070 56270 96470 56670 96870 57070 97270 57470 97670 57870 98070 58270 98470 58670 98870 59070 99270 59470 99670 59870 100070 60270 20271 60472 20473 20474 20475 60676 20677 60878 20879 61080 21081 61282 21283 61484 21485 61686 21687 61888 21889 62090 102290 62490 22491 62692 22693 62894 103094 63294 103494 63694 103894 64094 104294 64494 104694 144693 24692 64891 105091 65291 105491 145490 25489 65688 105888 66088 106288 66488 106688 66888 107088 67288 107488 67688 107888 68088 108288 68488 108688 68888 109088 69288 29289 69490 109690 69890 110090 70091 30092 70293 30294 30295 30296 30297 30298 30299 30300 30301 30302 30303 30304 70505 30506 70707 110907 71107 31108 71309 31310 31311 31312 31313 31314 31315 31316 31317 31318 151119 111120 71121 31122 31123 31124 31125 31126 31127 31128 31129 31130 31131 31132 31133 31134 31135 31136 31137 31138 31139 31140 31141 31142 31143 31144 31145 31146 31147 31148 150949 110950 70951 30952 30953 30954 30955 30956 30957 71158 31159 71360 111560 71760 31761 71962 112162 72362 32363 72564 112764 72964 32965 73166 113366 73367 33368 73569 33570 73771 33772 33773 33774 33775 33776 33777 33778 33779 33780 33781 
Label: 2215443
[3700,22820,]
7406 47607 87807 48007 88207 48407 88607 48807 89007 49207 9208 49409 9410 49611 9612 49813 9814 50015 10016 50217 10218 50419 10420 50621 10622 50823 10824 51025 11026 51227 11228 51429 11430 51631 91831 52031 12032 12033 12034 52235 12236 52437 12438 52639 12640 52841 12842 53043 13044 53245 93445 53446 13447 53648 13649 13650 13651 13652 13653 13654 13655 13656 53857 13858 13859 54060 14061 54262 14263 54464 14465 54666 94866 55066 15067 55268 95468 55668 15669 55870 96070 56270 96470 56670 96870 57070 97270 57470 97670 57870 98070 58270 98470 58670 98870 59070 99270 59470 99670 59870 100070 60270 20271 60472 20473 20474 20475 60676 20677 60878 20879 61080 21081 61282 21283 61484 21485 61686 21687 61888 21889 62090 102290 62490 22491 62692 22693 62894 103094 63294 103494 63694 103894 64094 104294 64494 104694 144693 24692 64891 105091 65291 105491 145490 25489 65688 105888 66088 106288 66488 106688 66888 107088 67288 107488 67688 107888 68088 108288 68488 108688 68888 109088 69288 29289 69490 109690 69890 110090 70091 30092 70293 30294 30295 30296 30297 30298 30299 30300 30301 30302 30303 30304 70505 30506 70707 110907 71107 31108 71309 31310 71511 31512 31513 31514 31515 151316 111317 71318 31319 151120 111121 71122 31123 31124 31125 31126 31127 31128 31129 31130 31131 31132 31133 31134 31135 31136 31137 31138 31139 31140 31141 31142 31143 31144 31145 31146 31147 31148 150949 110950 70951 30952 30953 30954 30955 30956 30957 71158 31159 71360 111560 71760 31761 71962 112162 72362 32363 72564 112764 72964 32965 73166 113366 73367 33368 73569 33570 73771 33772 33773 33774 33775 33776 33777 33778 33779 33780 33781 
Label: 1192276
[3480,22884,]
7406 47607 87807 48007 88207 48407 88607 48807 89007 49207 9208 49409 9410 49611 9612 49813 9814 50015 10016 50217 10218 50419 10420 50621 10622 50823 10824 51025 11026 51227 11228 51429 11430 51631 91831 52031 12032 12033 12034 52235 12236 52437 12438 52639 12640 52841 12842 53043 13044 53245 13246 53447 13448 53649 13650 13651 13652 13653 13654 13655 53856 13857 54058 14059 54260 14261 54462 14463 54664 14665 54866 14867 55068 95268 55468 15469 55670 95870 56070 96270 56470 96670 56870 97070 57270 97470 57670 97870 58070 98270 58470 98670 58870 99070 59270 99470 59670 99870 60070 20071 60272 20273 60474 20475 60676 20677 60878 20879 61080 21081 61282 21283 61484 21485 61686 21687 61888 21889 62090 102290 62490 22491 62692 22693 62894 22895 63096 23097 23098 23099 23100 23101 23102 23103 23104 23105 63306 23307 23308 63509 23510 63711 23712 23713 63914 23915 23916 23917 143718 103719 63720 23721 143522 103523 63524 23525 143326 103327 63328 23329 23330 63531 103731 63931 104131 64331 104531 64731 104931 65131 25132 65333 105533 65733 105933 66133 26134 66335 106535 66735 106935 67135 107335 67535 107735 67935 108135 68335 108535 68735 28736 68937 28938 69139 29140 69341 29342 69543 29544 69745 29746 69947 29948 70149 30150 70351 30352 70553 30554 70755 30756 70957 30958 71159 111359 71559 31560 71761 111961 72161 32162 72363 112563 72763 32764 72965 32966 73167 33168 73369 33370 73571 33572 73773 33774 33775 33776 33777 33778 33779 33780 33781 
Label: 728477
[3400,23747,]
7406 47607 87807 48007 88207 48407 88607 48807 89007 49207 9208 49409 9410 49611 9612 49813 9814 50015 10016 50217 10218 50419 10420 50621 10622 50823 10824 51025 11026 51227 11228 51429 11430 51631 11632 51833 11834 52035 12036 52237 12238 52439 12440 52641 12642 52843 12844 53045 13046 53247 13248 53449 13450 53651 13652 53853 13854 54055 14056 54257 14258 54459 14460 54661 14662 54863 14864 55065 15066 55267 15268 55469 95669 55869 96069 56269 96469 56669 96869 57069 97269 57469 97669 57869 98069 58269 98469 58669 98869 59069 99269 59469 99669 59869 19870 60071 20072 60273 20274 60475 20476 60677 20678 60879 20880 61081 21082 61283 21284 61485 21486 61687 21688 61889 21890 62091 22092 62293 22294 62495 22496 62697 22698 62899 22900 63101 23102 23103 23104 23105 63306 23307 23308 63509 23510 63711 23712 23713 63914 23915 23916 23917 143718 103719 63720 23721 143522 103523 63524 23525 23526 23527 23528 63729 23730 63931 104131 64331 104531 64731 104931 65131 25132 65333 105533 65733 105933 66133 26134 66335 106535 66735 106935 67135 107335 67535 107735 67935 108135 68335 108535 68735 28736 68937 28938 69139 29140 69341 29342 69543 29544 69745 29746 69947 29948 70149 30150 70351 30352 70553 30554 70755 30756 70957 30958 71159 111359 71559 31560 71761 111961 72161 32162 72363 32364 72565 32566 72767 32768 72969 32970 73171 33172 73373 33374 73575 33576 73777 33778 33779 33780 33781 
Label: 2317406
[3730,22778,]
7406 47607 87807 48007 88207 48407 88607 48807 89007 49207 9208 49409 9410 49611 9612 49813 9814 50015 10016 50217 10218 50419 10420 50621 10622 50823 10824 51025 11026 51227 11228 51429 11430 51631 91831 52031 12032 12033 12034 52235 12236 52437 12438 52639 12640 52841 12842 53043 13044 53245 13246 53447 13448 53649 13650 13651 13652 13653 13654 13655 13656 53857 13858 13859 54060 14061 54262 14263 54464 14465 54666 94866 55066 15067 55268 95468 55668 15669 55870 96070 56270 96470 56670 96870 57070 97270 57470 97670 57870 98070 58270 98470 58670 98870 59070 99270 59470 99670 59870 100070 60270 20271 60472 20473 20474 20475 60676 20677 60878 20879 61080 21081 61282 21283 61484 21485 61686 21687 61888 21889 62090 102290 62490 22491 62692 102892 63092 103292 63492 103692 63892 104092 64292 104492 64692 104892 65092 105091 65291 105491 145490 25489 65688 105888 66088 106288 66488 106688 66888 107088 67288 107488 67688 107888 68088 108288 68488 108688 68888 109088 69288 29289 69490 109690 69890 110090 70091 30092 70293 30294 30295 30296 30297 30298 30299 30300 30301 30302 30303 70504 30505 70706 30707 70908 30909 71110 31111 31112 31113 31114 31115 31116 31117 31118 31119 31120 31121 31122 31123 31124 31125 31126 71327 31328 71529 31530 71731 31732 71933 31934 72135 32136 72337 32338 72539 32540 72741 112941 73141 113341 73541 113741 73941 114141 74341 34342 74543 114743 74943 34944 75145 35146 75347 35348 35349 35350 35351 35352 35353 35354 35355 35356 35357 35358 35359 35360 35361 35362 35363 35364 35365 35366 35367 35368 35369 35370 35371 35372 35373 35374 35375 35376 35377 155178 34978 154779 34579 154380 34180 153981 33781 
Label: 2250191
[3710,22811,]
7406 47607 87807 48007 88207 48407 88607 48807 89007 49207 9208 49409 9410 49611 9612 49813 9814 50015 10016 50217 10218 50419 10420 50621 10622 50823 10824 51025 11026 51227 11228 51429 11430 51631 91831 52031 12032 12033 12034 52235 12236 52437 12438 52639 12640 52841 12842 53043 13044 53245 13246 53447 13448 53649 13650 13651 13652 13653 13654 13655 53856 13857 54058 14059 54260 14261 54462 14463 54664 14665 54866 14867 55068 95268 55468 15469 55670 95870 56070 96270 56470 96670 56870 97070 57270 97470 57670 97870 58070 98270 58470 98670 58870 99070 59270 99470 59670 99870 60070 20071 60272 20273 60474 20475 60676 20677 60878 20879 61080 21081 61282 21283 61484 21485 61686 21687 61888 21889 62090 102290 62490 22491 62692 102892 63092 103292 63492 103692 63892 104092 64292 104492 64692 104892 65092 105091 65291 105491 145490 25489 65688 105888 66088 106288 66488 106688 66888 107088 67288 107488 67688 107888 68088 108288 68488 108688 68888 109088 69288 29289 69490 109690 69890 110090 70091 30092 70293 30294 30295 30296 30297 30298 30299 30300 30301 30302 30303 70504 30505 70706 30707 70908 30909 71110 31111 31112 31113 31114 31115 31116 31117 31118 31119 31120 31121 31122 31123 31124 71325 31326 71527 31528 71729 31730 71931 31932 72133 32134 72335 32336 72537 32538 72739 32740 72941 113141 73341 113541 73741 113941 74141 114341 74541 34542 74743 34744 74945 34946 75147 35148 75349 35350 35351 35352 35353 35354 35355 35356 35357 35358 35359 35360 35361 35362 35363 35364 35365 35366 35367 35368 35369 35370 35371 35372 35373 35374 35375 35376 35377 155178 34978 154779 34579 154380 34180 153981 33781 
Label: 1906398
[3620,22833,]
7406 47607 87807 48007 88207 48407 88607 48807 89007 49207 9208 49409 9410 49611 9612 49813 9814 50015 10016 50217 10218 50419 10420 50621 10622 50823 10824 51025 11026 51227 11228 51429 11430 51631 91831 52031 12032 12033 12034 52235 12236 52437 12438 52639 12640 52841 12842 53043 13044 53245 13246 53447 13448 53649 13650 13651 13652 13653 13654 13655 13656 53857 13858 13859 54060 14061 54262 14263 54464 14465 54666 94866 55066 15067 55268 95468 55668 15669 55870 96070 56270 96470 56670 96870 57070 97270 57470 97670 57870 98070 58270 98470 58670 98870 59070 99270 59470 99670 59870 100070 60270 20271 60472 20473 20474 20475 60676 20677 60878 20879 61080 21081 61282 21283 61484 21485 61686 21687 61888 21889 62090 102290 62490 22491 62692 102892 63092 103292 63492 103692 63892 104092 64292 104492 64692 104892 65092 105091 65291 105491 145490 25489 65688 105888 66088 106288 66488 106688 66888 107088 67288 107488 67688 107888 68088 108288 68488 108688 68888 109088 69288 29289 69490 109690 69890 110090 70091 30092 70293 30294 30295 30296 30297 30298 30299 30300 30301 30302 30303 30304 70505 30506 70707 110907 71107 31108 71309 31310 31311 31312 31313 31314 31315 31316 31317 31318 151119 111120 71121 31122 31123 31124 31125 31126 31127 31128 31129 31130 31131 31132 31133 31134 31135 31136 31137 31138 31139 31140 31141 31142 31143 31144 31145 31146 31147 31148 150949 110950 70951 30952 30953 30954 30955 30956 30957 71158 31159 71360 111560 71760 31761 71962 112162 72362 32363 72564 112764 72964 32965 73166 33167 73368 33369 73570 33571 73772 33773 33774 33775 33776 33777 33778 33779 33780 33781 
Label: 2446912
[3770,22726,]
7406 47607 87807 48007 88207 48407 88607 48807 89007 49207 9208 49409 9410 49611 9612 49813 9814 50015 10016 50217 10218 50419 10420 50621 10622 50823 10824 51025 11026 51227 11228 51429 11430 51631 91831 52031 12032 12033 12034 52235 12236 52437 12438 52639 12640 52841 12842 53043 13044 53245 13246 53447 13448 53649 13650 13651 13652 13653 13654 13655 13656 53857 13858 13859 54060 14061 54262 14263 54464 14465 54666 94866 55066 15067 55268 95468 55668 15669 55870 96070 56270 96470 56670 96870 57070 97270 57470 97670 57870 98070 58270 98470 58670 98870 59070 99270 59470 99670 59870 100070 60270 20271 60472 20473 20474 20475 60676 20677 60878 20879 61080 21081 61282 21283 61484 21485 61686 21687 61888 21889 62090 102290 62490 22491 62692 102892 63092 103292 63492 103692 63892 104092 64292 104492 64692 104892 65092 105091 65291 105491 145490 25489 65688 105888 66088 106288 66488 106688 66888 107088 67288 107488 67688 107888 68088 108288 68488 108688 68888 109088 69288 29289 69490 109690 69890 110090 70091 30092 70293 30294 30295 30296 30297 30298 30299 30300 30301 30302 30303 70504 30505 70706 30707 70908 30909 71110 31111 31112 31113 31114 31115 31116 31117 31118 31119 31120 31121 31122 31123 31124 31125 31126 71327 31328 71529 31530 71731 31732 71933 31934 72135 32136 72337 32338 72539 32540 72741 112941 73141 113341 73541 113741 73941 114141 74341 34342 74543 114743 74943 34944 75145 35146 75347 35348 75549 35550 35551 75752 35753 35754 35755 35756 35757 35758 35759 35760 35761 35762 35763 35764 35765 35766 35767 35768 35769 35770 35771 35772 35773 35774 35775 35776 155577 35377 155178 34978 154779 34579 154380 34180 153981 33781 
Label: 549935
[3370,24796,]
7406 47607 87807 48007 88207 48407 88607 48807 89007 49207 9208 49409 9410 49611 9612 49813 9814 50015 10016 50217 10218 50419 10420 50621 10622 50823 10824 51025 11026 51227 11228 51429 11430 51631 11632 51833 11834 52035 12036 52237 12238 52439 12440 52641 12642 52843 12844 53045 13046 53247 13248 53449 13450 53651 13652 53853 13854 54055 14056 54257 14258 54459 14460 54661 14662 54863 14864 55065 15066 55267 15268 55469 95669 55869 96069 56269 96469 56669 96869 57069 97269 57469 97669 57869 98069 58269 98469 58669 98869 59069 99269 59469 99669 59869 19870 60071 20072 60273 20274 60475 20476 60677 20678 60879 20880 61081 21082 61283 21284 61485 21486 61687 21688 61889 21890 62091 22092 62293 22294 62495 22496 62697 22698 62899 22900 63101 23102 23103 23104 23105 63306 23307 23308 63509 23510 63711 23712 23713 23714 23715 23716 23717 23718 23719 23720 143521 103522 63523 23524 23525 23526 23527 23528 63729 23730 63931 104131 64331 104531 64731 104931 65131 25132 65333 105533 65733 105933 66133 26134 66335 106535 66735 106935 67135 107335 67535 107735 67935 108135 68335 108535 68735 28736 68937 28938 69139 29140 69341 29342 69543 29544 69745 29746 69947 29948 70149 30150 70351 30352 70553 30554 70755 30756 70957 30958 71159 111359 71559 31560 71761 111961 72161 32162 72363 32364 72565 32566 72767 32768 72969 32970 73171 33172 73373 33374 73575 33576 73777 33778 33779 33780 33781 
Label: 2351409
[3740,22769,]
7406 47607 87807 48007 88207 48407 88607 48807 89007 49207 9208 49409 9410 49611 9612 49813 9814 50015 10016 50217 10218 50419 10420 50621 10622 50823 10824 51025 11026 51227 11228 51429 11430 51631 91831 52031 12032 12033 12034 52235 12236 52437 12438 52639 12640 52841 12842 53043 13044 53245 13246 53447 13448 53649 13650 13651 13652 13653 13654 13655 53856 13857 54058 14059 54260 14261 54462 14463 54664 14665 54866 14867 55068 95268 55468 15469 55670 95870 56070 96270 56470 96670 56870 97070 57270 97470 57670 97870 58070 98270 58470 98670 58870 99070 59270 99470 59670 99870 60070 20071 60272 20273 60474 20475 60676 20677 60878 20879 61080 21081 61282 21283 61484 21485 61686 21687 61888 21889 62090 102290 62490 22491 62692 102892 63092 103292 63492 103692 63892 104092 64292 104492 64692 104892 65092 105091 65291 105491 145490 25489 65688 105888 66088 106288 66488 106688 66888 107088 67288 107488 67688 107888 68088 108288 68488 108688 68888 109088 69288 29289 69490 109690 69890 110090 70091 30092 70293 30294 30295 30296 30297 30298 30299 30300 30301 30302 30303 70504 30505 70706 30707 70908 30909 71110 31111 31112 31113 31114 31115 31116 31117 31118 31119 31120 31121 31122 31123 31124 71325 31326 71527 31528 71729 31730 71931 31932 72133 32134 72335 32336 72537 32538 72739 32740 72941 113141 73341 113541 73741 113941 74141 114341 74541 34542 74743 34744 74945 34946 75147 35148 75349 35350 75551 35552 35553 35554 35555 35556 35557 35558 35559 35560 35561 35562 35563 35564 35565 35566 35567 35568 35569 35570 35571 35572 35573 155374 115375 75376 35377 155178 34978 154779 34579 154380 34180 153981 33781 
Label: 81502
[3290,83976,]
7406 47607 87807 48007 88207 48407 88607 48807 89007 49207 9208 49409 9410 49611 9612 49813 9814 50015 10016 50217 10218 50419 10420 50621 10622 50823 10824 51025 11026 51227 11228 51429 11430 51631 11632 51833 11834 52035 12036 52237 12238 52439 12440 52641 12642 52843 12844 53045 13046 53247 13248 53449 13450 53651 13652 53853 13854 54055 14056 54257 14258 54459 14460 54661 14662 54863 14864 55065 15066 55267 15268 55469 95669 55869 96069 56269 96469 56669 96869 57069 97269 57469 97669 57869 98069 58269 98469 58669 98869 59069 99269 59469 19470 59671 19672 59873 19874 60075 20076 60277 20278 60479 20480 60681 20682 60883 20884 61085 21086 61287 21288 61489 21490 61691 21692 61893 21894 62095 22096 62297 22298 62499 22500 62701 22702 62903 22904 63105 23106 63307 23308 63509 23510 63711 23712 23713 63914 23915 23916 23917 23918 23919 64120 24121 64322 24323 64524 24525 64726 24727 64928 24929 65130 25131 65332 105532 65732 25733 65934 106134 66334 106534 66734 106934 67134 27135 67336 107536 67736 107936 68136 108336 68536 108736 68936 28937 69138 29139 69340 29341 69542 29543 69744 29745 69946 29947 70148 30149 70350 30351 70552 30553 70754 30755 70956 30957 71158 31159 71360 111560 71760 31761 71962 31963 72164 32165 72366 32367 72568 32569 72770 32771 72972 32973 73174 33175 73376 33377 73578 33579 73780 33781 
Label: 2107172
[3670,22823,]
7406 47607 87807 48007 88207 48407 88607 48807 89007 49207 9208 49409 9410 49611 9612 49813 9814 50015 10016 50217 10218 50419 10420 50621 10622 50823 10824 51025 11026 51227 11228 51429 11430 51631 91831 52031 12032 12033 12034 52235 12236 52437 12438 52639 12640 52841 12842 53043 13044 53245 93445 53446 13447 53648 13649 13650 13651 13652 13653 13654 13655 13656 53857 13858 13859 54060 14061 54262 14263 54464 14465 54666 94866 55066 15067 55268 95468 55668 15669 55870 96070 56270 96470 56670 96870 57070 97270 57470 97670 57870 98070 58270 98470 58670 98870 59070 99270 59470 99670 59870 100070 60270 20271 60472 20473 20474 20475 60676 20677 60878 20879 61080 21081 61282 21283 61484 21485 61686 21687 61888 21889 62090 102290 62490 22491 62692 22693 62894 103094 63294 103494 63694 103894 64094 104294 64494 104694 144693 24692 64891 105091 65291 105491 145490 25489 65688 105888 66088 106288 66488 106688 66888 107088 67288 107488 67688 107888 68088 108288 68488 108688 68888 109088 69288 29289 69490 109690 69890 110090 70091 30092 70293 30294 30295 30296 30297 30298 30299 30300 30301 30302 30303 30304 70505 30506 70707 110907 71107 31108 71309 31310 31311 31312 31313 31314 31315 31316 31317 31318 151119 111120 71121 31122 31123 31124 31125 31126 31127 31128 31129 31130 31131 31132 31133 31134 31135 31136 31137 31138 31139 31140 31141 31142 31143 31144 31145 31146 31147 31148 150949 110950 70951 30952 30953 30954 30955 30956 30957 71158 31159 71360 111560 71760 31761 71962 112162 72362 32363 72564 112764 72964 32965 73166 113366 73367 33368 73569 33570 73771 33772 33773 33774 33775 33776 33777 33778 33779 33780 33781 
Label: 1947931
[3630,22830,]
7406 47607 87807 48007 88207 48407 88607 48807 89007 49207 9208 49409 9410 49611 9612 49813 9814 50015 10016 50217 10218 50419 10420 50621 10622 50823 10824 51025 11026 51227 11228 51429 11430 51631 91831 52031 12032 12033 12034 52235 12236 52437 12438 52639 12640 52841 12842 53043 13044 53245 13246 53447 13448 53649 13650 13651 13652 13653 13654 13655 13656 53857 13858 13859 54060 14061 54262 14263 54464 14465 54666 94866 55066 15067 55268 95468 55668 15669 55870 96070 56270 96470 56670 96870 57070 97270 57470 97670 57870 98070 58270 98470 58670 98870 59070 99270 59470 99670 59870 100070 60270 20271 60472 20473 20474 20475 60676 20677 60878 20879 61080 21081 61282 21283 61484 21485 61686 21687 61888 21889 62090 102290 62490 22491 62692 102892 63092 103292 63492 103692 63892 104092 64292 104492 64692 104892 65092 105091 65291 105491 145490 25489 65688 105888 66088 106288 66488 106688 66888 107088 67288 107488 67688 107888 68088 108288 68488 108688 68888 109088 69288 29289 69490 109690 69890 110090 70091 30092 70293 30294 30295 30296 30297 30298 30299 30300 30301 30302 30303 30304 70505 30506 70707 110907 71107 31108 71309 31310 31311 31312 31313 31314 31315 31316 31317 31318 151119 111120 71121 31122 31123 31124 31125 31126 31127 31128 31129 31130 31131 31132 31133 31134 31135 31136 31137 31138 31139 31140 31141 31142 31143 31144 31145 31146 31147 31148 150949 110950 70951 30952 30953 30954 30955 30956 30957 71158 31159 71360 111560 71760 31761 71962 112162 72362 32363 72564 112764 72964 32965 73166 113366 73367 33368 73569 33570 73771 33772 33773 33774 33775 33776 33777 33778 33779 33780 33781 
Label: 487799
[3360,25572,]
7406 47607 87807 48007 88207 48407 88607 48807 89007 49207 9208 49409 9410 49611 9612 49813 9814 50015 10016 50217 10218 50419 10420 50621 10622 50823 10824 51025 11026 51227 11228 51429 11430 51631 11632 51833 11834 52035 12036 52237 12238 52439 12440 52641 12642 52843 12844 53045 13046 53247 13248 53449 13450 53651 13652 53853 13854 54055 14056 54257 14258 54459 14460 54661 14662 54863 14864 55065 15066 55267 15268 55469 95669 55869 96069 56269 96469 56669 96869 57069 97269 57469 97669 57869 98069 58269 98469 58669 98869 59069 99269 59469 99669 59869 19870 60071 20072 60273 20274 60475 20476 60677 20678 60879 20880 61081 21082 61283 21284 61485 21486 61687 21688 61889 21890 62091 22092 62293 22294 62495 22496 62697 22698 62899 22900 63101 23102 23103 23104 23105 63306 23307 23308 63509 23510 63711 23712 23713 63914 23915 23916 23917 23918 143719 103720 63721 23722 23723 23724 23725 23726 63927 23928 64129 24130 64331 104531 64731 104931 65131 25132 65333 105533 65733 105933 66133 26134 66335 106535 66735 106935 67135 107335 67535 107735 67935 108135 68335 108535 68735 28736 68937 28938 69139 29140 69341 29342 69543 29544 69745 29746 69947 29948 70149 30150 70351 30352 70553 30554 70755 30756 70957 30958 71159 111359 71559 31560 71761 111961 72161 32162 72363 32364 72565 32566 72767 32768 72969 32970 73171 33172 73373 33374 73575 33576 73777 33778 33779 33780 33781 
Label: 1481339
[3530,22850,]
7406 47607 87807 48007 88207 48407 88607 48807 89007 49207 9208 49409 9410 49611 9612 49813 9814 50015 10016 50217 10218 50419 10420 50621 10622 50823 10824 51025 11026 51227 11228 51429 11430 51631 91831 52031 12032 12033 12034 52235 12236 52437 12438 52639 12640 52841 12842 53043 13044 53245 13246 53447 13448 53649 13650 13651 13652 13653 13654 13655 13656 53857 13858 13859 54060 14061 54262 14263 54464 14465 54666 94866 55066 15067 55268 95468 55668 15669 55870 96070 56270 96470 56670 96870 57070 97270 57470 97670 57870 98070 58270 98470 58670 98870 59070 99270 59470 99670 59870 100070 60270 20271 60472 20473 20474 20475 60676 20677 60878 20879 61080 21081 61282 21283 61484 21485 61686 21687 61888 21889 62090 102290 62490 22491 62692 22693 62894 22895 63096 23097 63298 23299 23300 23301 143102 103103 63104 23105 63306 23307 23308 63509 23510 63711 23712 23713 63914 23915 23916 23917 143718 103719 63720 23721 143522 103523 63524 23525 143326 103327 63328 23329 23330 63531 103731 63931 104131 64331 104531 64731 104931 65131 25132 65333 105533 65733 105933 66133 26134 66335 106535 66735 106935 67135 107335 67535 107735 67935 108135 68335 108535 68735 108935 68936 28937 69138 29139 69340 29341 69542 29543 69744 29745 69946 29947 70148 30149 70350 30351 70552 30553 70754 30755 70956 30957 71158 31159 71360 111560 71760 31761 71962 112162 72362 32363 72564 112764 72964 32965 73166 33167 73368 33369 73570 33571 73772 33773 33774 33775 33776 33777 33778 33779 33780 33781 
Label: 1588030
[3550,22845,]
7406 47607 87807 48007 88207 48407 88607 48807 89007 49207 9208 49409 9410 49611 9612 49813 9814 50015 10016 50217 10218 50419 10420 50621 10622 50823 10824 51025 11026 51227 11228 51429 11430 51631 91831 52031 12032 12033 12034 52235 12236 52437 12438 52639 12640 52841 12842 53043 13044 53245 93445 53446 13447 53648 13649 13650 13651 13652 13653 13654 13655 13656 53857 13858 13859 54060 14061 54262 14263 54464 14465 54666 94866 55066 15067 55268 95468 55668 15669 55870 96070 56270 96470 56670 96870 57070 97270 57470 97670 57870 98070 58270 98470 58670 98870 59070 99270 59470 99670 59870 100070 60270 20271 60472 20473 20474 20475 60676 20677 60878 20879 61080 21081 61282 21283 61484 21485 61686 21687 61888 21889 62090 102290 62490 22491 62692 22693 62894 22895 63096 23097 63298 23299 23300 23301 143102 103103 63104 23105 63306 23307 23308 63509 23510 63711 23712 23713 63914 23915 23916 23917 143718 103719 63720 23721 143522 103523 63524 23525 143326 103327 63328 23329 23330 63531 103731 63931 104131 64331 104531 64731 104931 65131 25132 65333 105533 65733 105933 66133 26134 66335 106535 66735 106935 67135 107335 67535 107735 67935 108135 68335 108535 68735 108935 68936 28937 69138 29139 69340 29341 69542 29543 69744 29745 69946 29947 70148 30149 70350 30351 70552 30553 70754 30755 70956 30957 71158 31159 71360 111560 71760 31761 71962 112162 72362 32363 72564 112764 72964 32965 73166 113366 73367 33368 73569 33570 73771 33772 33773 33774 33775 33776 33777 33778 33779 33780 33781 
Label: 2416442
[3760,22730,]
7406 47607 87807 48007 88207 48407 88607 48807 89007 49207 9208 49409 9410 49611 9612 49813 9814 50015 10016 50217 10218 50419 10420 50621 10622 50823 10824 51025 11026 51227 11228 51429 11430 51631 91831 52031 12032 12033 12034 52235 12236 52437 12438 52639 12640 52841 12842 53043 13044 53245 13246 53447 13448 53649 13650 13651 13652 13653 13654 13655 13656 53857 13858 13859 54060 14061 54262 14263 54464 14465 54666 94866 55066 15067 55268 95468 55668 15669 55870 96070 56270 96470 56670 96870 57070 97270 57470 97670 57870 98070 58270 98470 58670 98870 59070 99270 59470 99670 59870 100070 60270 20271 60472 20473 20474 20475 60676 20677 60878 20879 61080 21081 61282 21283 61484 21485 61686 21687 61888 21889 62090 102290 62490 22491 62692 102892 63092 103292 63492 103692 63892 104092 64292 104492 64692 104892 65092 105091 65291 105491 145490 25489 65688 105888 66088 106288 66488 106688 66888 107088 67288 107488 67688 107888 68088 108288 68488 108688 68888 109088 69288 29289 69490 109690 69890 110090 70091 30092 70293 30294 30295 30296 30297 30298 30299 30300 30301 30302 30303 70504 30505 70706 30707 70908 30909 71110 31111 31112 31113 31114 31115 31116 31117 31118 31119 31120 31121 31122 31123 31124 31125 31126 71327 31328 71529 31530 71731 31732 71933 31934 72135 32136 72337 32338 72539 32540 72741 112941 73141 113341 73541 113741 73941 114141 74341 34342 74543 114743 74943 34944 75145 35146 75347 35348 75549 35550 35551 35552 35553 35554 35555 35556 35557 35558 35559 35560 35561 35562 35563 35564 35565 35566 35567 35568 35569 35570 35571 35572 35573 155374 115375 75376 35377 155178 34978 154779 34579 154380 34180 153981 33781 
Label: 1307832
[3500,22856,]
7406 47607 87807 48007 88207 48407 88607 48807 89007 49207 9208 49409 9410 49611 9612 49813 9814 50015 10016 50217 10218 50419 10420 50621 10622 50823 10824 51025 11026 51227 11228 51429 11430 51631 91831 52031 12032 12033 12034 52235 12236 52437 12438 52639 12640 52841 12842 53043 13044 53245 13246 53447 13448 53649 13650 13651 13652 13653 13654 13655 13656 53857 13858 13859 54060 14061 54262 14263 54464 14465 54666 94866 55066 15067 55268 95468 55668 15669 55870 96070 56270 96470 56670 96870 57070 97270 57470 97670 57870 98070 58270 98470 58670 98870 59070 99270 59470 99670 59870 100070 60270 20271 60472 20473 20474 20475 60676 20677 60878 20879 61080 21081 61282 21283 61484 21485 61686 21687 61888 21889 62090 102290 62490 22491 62692 22693 62894 22895 63096 23097 23098 23099 23100 23101 23102 23103 23104 23105 63306 23307 23308 63509 23510 63711 23712 23713 63914 23915 23916 23917 143718 103719 63720 23721 143522 103523 63524 23525 143326 103327 63328 23329 23330 63531 103731 63931 104131 64331 104531 64731 104931 65131 25132 65333 105533 65733 105933 66133 26134 66335 106535 66735 106935 67135 107335 67535 107735 67935 108135 68335 108535 68735 108935 68936 28937 69138 29139 69340 29341 69542 29543 69744 29745 69946 29947 70148 30149 70350 30351 70552 30553 70754 30755 70956 30957 71158 31159 71360 111560 71760 31761 71962 112162 72362 32363 72564 112764 72964 32965 73166 33167 73368 33369 73570 33571 73772 33773 33774 33775 33776 33777 33778 33779 33780 33781 
Label: 2144275
[3680,22822,]
7406 47607 87807 48007 88207 48407 88607 48807 89007 49207 9208 49409 9410 49611 9612 49813 9814 50015 10016 50217 10218 50419 10420 50621 10622 50823 10824 51025 11026 51227 11228 51429 11430 51631 91831 52031 12032 12033 12034 52235 12236 52437 12438 52639 12640 52841 12842 53043 13044 53245 93445 53446 13447 53648 13649 13650 13651 13652 13653 13654 13655 13656 53857 13858 13859 54060 14061 54262 14263 54464 14465 54666 94866 55066 15067 55268 95468 55668 15669 55870 96070 56270 96470 56670 96870 57070 97270 57470 97670 57870 98070 58270 98470 58670 98870 59070 99270 59470 99670 59870 100070 60270 20271 60472 20473 20474 20475 60676 20677 60878 20879 61080 21081 61282 21283 61484 21485 61686 21687 61888 21889 62090 102290 62490 22491 62692 22693 62894 103094 63294 103494 63694 103894 64094 104294 64494 104694 144693 24692 64891 105091 65291 105491 145490 25489 65688 105888 66088 106288 66488 106688 66888 107088 67288 107488 67688 107888 68088 108288 68488 108688 68888 109088 69288 29289 69490 109690 69890 110090 70091 30092 70293 30294 30295 30296 30297 30298 30299 30300 30301 30302 30303 30304 70505 30506 70707 110907 70908 111108 71308 31309 31310 31311 31312 31313 31314 31315 31316 31317 31318 151119 111120 71121 31122 31123 31124 31125 31126 31127 31128 31129 31130 31131 31132 31133 31134 31135 31136 31137 31138 31139 31140 31141 31142 31143 31144 31145 31146 31147 31148 150949 110950 70951 30952 30953 30954 30955 30956 30957 71158 31159 71360 111560 71760 31761 71962 112162 72362 32363 72564 112764 72964 32965 73166 113366 73367 33368 73569 33570 73771 33772 33773 33774 33775 33776 33777 33778 33779 33780 33781 
Label: 245651
[3320,28927,]
7406 47607 87807 48007 88207 48407 88607 48807 89007 49207 9208 49409 9410 49611 9612 49813 9814 50015 10016 50217 10218 50419 10420 50621 10622 50823 10824 51025 11026 51227 11228 51429 11430 51631 11632 51833 11834 52035 12036 52237 12238 52439 12440 52641 12642 52843 12844 53045 13046 53247 13248 53449 13450 53651 13652 53853 13854 54055 14056 54257 14258 54459 14460 54661 14662 54863 14864 55065 15066 55267 15268 55469 95669 55869 96069 56269 96469 56669 96869 57069 97269 57469 97669 57869 98069 58269 98469 58669 98869 59069 99269 59469 99669 59869 19870 60071 20072 60273 20274 60475 20476 60677 20678 60879 20880 61081 21082 61283 21284 61485 21486 61687 21688 61889 21890 62091 22092 62293 22294 62495 22496 62697 22698 62899 22900 63101 23102 23103 23104 23105 63306 23307 23308 63509 23510 63711 23712 23713 23714 23715 23716 23717 23718 23719 23720 23721 23722 23723 23724 23725 63926 23927 64128 24129 64330 24331 64532 104732 64932 105132 65332 105532 65732 25733 65934 106134 66334 106534 66734 106934 67134 27135 67336 107536 67736 107936 68136 108336 68536 108736 68936 28937 69138 29139 69340 29341 69542 29543 69744 29745 69946 29947 70148 30149 70350 30351 70552 30553 70754 30755 70956 30957 71158 31159 71360 111560 71760 31761 71962 31963 72164 32165 72366 32367 72568 32569 72770 32771 72972 32973 73174 33175 73376 33377 73578 33579 73780 33781 
Label: 1425835
[3520,22851,]
7406 47607 87807 48007 88207 48407 88607 48807 89007 49207 9208 49409 9410 49611 9612 49813 9814 50015 10016 50217 10218 50419 10420 50621 10622 50823 10824 51025 11026 51227 11228 51429 11430 51631 91831 52031 12032 12033 12034 52235 12236 52437 12438 52639 12640 52841 12842 53043 13044 53245 93445 53446 13447 53648 13649 13650 13651 13652 13653 13654 13655 13656 53857 13858 13859 54060 14061 54262 14263 54464 14465 54666 94866 55066 15067 55268 95468 55668 15669 55870 96070 56270 96470 56670 96870 57070 97270 57470 97670 57870 98070 58270 98470 58670 98870 59070 99270 59470 99670 59870 100070 60270 20271 60472 20473 20474 20475 60676 20677 60878 20879 61080 21081 61282 21283 61484 21485 61686 21687 61888 21889 62090 102290 62490 22491 62692 22693 62894 22895 63096 23097 23098 23099 23100 23101 23102 23103 23104 23105 63306 23307 23308 63509 23510 63711 23712 23713 63914 23915 23916 23917 143718 103719 63720 23721 143522 103523 63524 23525 143326 103327 63328 23329 23330 63531 103731 63931 104131 64331 104531 64731 104931 65131 25132 65333 105533 65733 105933 66133 26134 66335 106535 66735 106935 67135 107335 67535 107735 67935 108135 68335 108535 68735 108935 68936 28937 69138 29139 69340 29341 69542 29543 69744 29745 69946 29947 70148 30149 70350 30351 70552 30553 70754 30755 70956 30957 71158 31159 71360 111560 71760 31761 71962 112162 72362 32363 72564 112764 72964 32965 73166 113366 73367 33368 73569 33570 73771 33772 33773 33774 33775 33776 33777 33778 33779 33780 33781 
