graph_load_time: 5.52028
n_generated: 615478
n_expanded: 296772
n_domCheck: 3122882
rt_initHeu: 5.37119
rt_search: 38.4314
N: 47
Label: 1425060
[3870,3907,]
3706 43907 84107 44307 84507 44707 84907 45107 85307 45507 85707 45907 86107 46307 86507 46707 86907 47107 87307 47507 87707 47907 88107 48307 88507 48707 88907 49107 89307 49507 89707 49907 9908 50109 90309 50509 10510 50711 90911 51111 11112 51313 91513 51713 11714 51915 92115 52315 12316 52517 92717 52917 12918 53119 93319 53519 13520 53721 93921 54121 94321 54521 14522 54723 94923 55123 95323 55523 95723 55923 96123 56323 96523 56723 96923 57123 97323 57523 97723 57923 98123 58323 98523 58723 98923 138922 18921 59120 99320 59520 99720 59920 100120 60320 100520 60720 100920 140919 20918 61117 101317 61517 101717 61917 102117 62317 102517 62717 102917 63117 103317 143316 23315 63514 103714 143713 23712 63911 104111 144110 24109 64308 104508 144507 24506 24505 64704 104904 144903 24902 24901 24900 65099 105299 145298 25297 25296 25295 65494 105694 145693 25692 25691 65890 106090 146089 26088 66287 106487 66687 106887 146886 26885 67084 107284 67484 107684 67884 108084 68284 108484 68684 108884 69084 109284 69484 109684 69884 110084 70284 110484 70684 110884 71084 111284 71484 111684 71884 112084 72284 112484 72684 112884 73084 113284 73484 113684 73884 33885 74086 114286 74486 34487 74688 114888 75088 35089 75290 115490 75690 35691 75892 35893 76094 36095 76296 36297 36298 76499 36500 76701 36702 36703 36704 36705 36706 36707 36708 36709 36710 36711 36712 36713 36714 36715 36716 36717 36718 36719 36720 36721 36722 36723 36724 36725 36726 36727 36728 36729 36730 36731 36732 36733 36734 36735 36736 36737 36738 36739 36740 36741 36742 36743 36744 36745 36746 36747 36748 36749 36750 36751 36752 36753 36754 36755 36756 36757 36758 36759 36760 36761 36762 36763 36764 156565 36365 156166 35966 155767 35567 155368 35168 
Label: 1394424
[3840,3976,]
3706 43907 84107 44307 84507 44707 84907 45107 85307 45507 85707 45907 86107 46307 86507 46707 86907 47107 87307 47507 87707 47907 88107 48307 88507 48707 88907 49107 89307 49507 89707 49907 9908 50109 90309 50509 10510 50711 90911 51111 11112 51313 91513 51713 11714 51915 92115 52315 12316 52517 92717 52917 12918 53119 93319 53519 13520 53721 93921 54121 94321 54521 14522 54723 94923 55123 95323 55523 95723 55923 96123 56323 96523 56723 96923 57123 97323 57523 97723 57923 98123 58323 98523 58723 98923 138922 18921 59120 99320 59520 99720 59920 100120 60320 100520 60720 100920 140919 20918 61117 101317 61517 101717 61917 102117 62317 102517 62717 102917 63117 103317 143316 23315 63514 103714 143713 23712 63911 104111 144110 24109 64308 104508 144507 24506 24505 64704 104904 144903 24902 24901 24900 65099 105299 145298 25297 25296 25295 65494 105694 145693 25692 65891 106091 146090 26089 66288 106488 146487 26486 66685 106885 67085 107285 67485 107685 67885 108085 68285 108485 68685 108885 69085 109285 69485 109685 69885 110085 70285 110485 70685 110885 71085 111285 71485 111685 71885 112085 72285 112485 72685 112885 73085 113285 73485 113685 73885 114085 74285 34286 74487 114687 74887 34888 75089 35090 75291 35292 75493 35494 75695 35696 75897 35898 76099 36100 76301 36302 76503 36504 76705 36706 36707 36708 36709 36710 36711 36712 36713 36714 36715 36716 36717 36718 36719 36720 36721 36722 36723 36724 36725 36726 36727 36728 36729 36730 36731 36732 36733 36734 36735 36736 36737 36738 36739 36740 36741 36742 36743 36744 36745 36746 36747 36748 36749 36750 36751 36752 36753 36754 36755 36756 36757 36758 36759 36760 36761 36762 36763 36764 156565 36365 156166 35966 155767 35567 155368 35168 
Label: 1286513
[3770,4306,]
3706 43907 84107 44307 84507 44707 84907 45107 85307 45507 85707 45907 86107 46307 86507 46707 86907 47107 87307 47507 87707 47907 88107 48307 88507 48707 88907 49107 89307 49507 89707 49907 9908 9909 50110 90310 50510 10511 50712 90912 51112 91312 51512 11513 51714 91914 52114 12115 52316 92516 52716 12717 52918 93118 53318 13319 53520 93720 53920 13921 54122 94322 54522 94722 54922 95122 55322 95522 55722 95922 56122 96322 56522 96722 56922 97122 57322 97522 57722 97922 58122 98322 58522 98722 58922 99122 59322 99522 139521 19520 59719 99919 60119 100319 60519 100719 60919 101119 61319 101519 61719 101919 141918 21917 62116 102316 62516 102716 62916 103116 63316 103516 143515 23514 63713 103913 143912 23911 64110 104310 144309 24308 24307 64506 104706 144705 24704 24703 24702 64901 105101 145100 25099 25098 25097 65296 105496 145495 25494 65693 105893 145892 25891 66090 106290 146289 26288 26287 66486 106686 66886 107086 67286 107486 67686 107886 68086 108286 68486 108686 68886 109086 69286 109486 69686 109886 70086 110286 70486 110686 70886 111086 71286 111486 71686 111886 72086 112286 72486 112686 72886 113086 73286 113486 73686 113886 74086 114286 74486 34487 74688 114888 75088 35089 75290 35291 75492 35493 75694 35695 75896 35897 76098 36099 76300 36301 36302 36303 36304 36305 36306 36307 36308 36309 36310 36311 36312 36313 36314 36315 36316 36317 36318 36319 36320 36321 36322 36323 36324 36325 36326 36327 36328 36329 36330 36331 36332 36333 36334 36335 36336 36337 36338 36339 36340 36341 36342 36343 36344 36345 36346 36347 36348 36349 36350 36351 36352 36353 36354 36355 36356 36357 36358 36359 36360 36361 36362 36363 36364 36365 156166 35966 155767 35567 155368 35168 
Label: 1383954
[3830,3997,]
3706 43907 84107 44307 84507 44707 84907 45107 85307 45507 85707 45907 86107 46307 86507 46707 86907 47107 87307 47507 87707 47907 88107 48307 88507 48707 88907 49107 89307 49507 89707 49907 9908 9909 50110 90310 50510 10511 50712 90912 51112 91312 51512 11513 51714 91914 52114 12115 52316 92516 52716 12717 52918 93118 53318 13319 53520 93720 53920 13921 54122 94322 54522 94722 54922 95122 55322 95522 55722 95922 56122 96322 56522 96722 56922 97122 57322 97522 57722 97922 58122 98322 58522 98722 58922 99122 59322 99522 139521 19520 59719 99919 60119 100319 60519 100719 60919 101119 61319 101519 61719 101919 141918 21917 62116 102316 62516 102716 62916 103116 63316 103516 143515 23514 63713 103913 143912 23911 64110 104310 144309 24308 24307 64506 104706 144705 24704 24703 24702 64901 105101 145100 25099 25098 25097 65296 105496 145495 25494 25493 65692 105892 145891 25890 25889 66088 106288 146287 26286 66485 106685 66885 107085 67285 107485 67685 107885 68085 108285 68485 108685 68885 109085 69285 109485 69685 109885 70085 110285 70485 110685 70885 111085 71285 111485 71685 111885 72085 112285 72485 112685 72885 113085 73285 113485 73685 113885 74085 114285 74485 34486 74687 114887 75087 35088 75289 35290 75491 35492 75693 35694 75895 35896 76097 36098 76299 36300 76501 36502 76703 36704 36705 36706 36707 36708 36709 36710 36711 36712 36713 36714 36715 36716 36717 36718 36719 36720 36721 36722 36723 36724 36725 36726 36727 36728 36729 36730 36731 36732 36733 36734 36735 36736 36737 36738 36739 36740 36741 36742 36743 36744 36745 36746 36747 36748 36749 36750 36751 36752 36753 36754 36755 36756 36757 36758 36759 36760 36761 36762 36763 36764 156565 36365 156166 35966 155767 35567 155368 35168 
Label: 1358618
[3810,4072,]
3706 43907 84107 44307 84507 44707 84907 45107 85307 45507 85707 45907 86107 46307 86507 46707 86907 47107 87307 47507 87707 47907 88107 48307 88507 48707 88907 49107 89307 49507 89707 49907 9908 9909 50110 90310 50510 10511 50712 90912 51112 91312 51512 11513 51714 91914 52114 12115 52316 92516 52716 12717 52918 93118 53318 13319 53520 93720 53920 13921 54122 94322 54522 94722 54922 95122 55322 95522 55722 95922 56122 96322 56522 96722 56922 97122 57322 97522 57722 97922 58122 98322 58522 98722 58922 99122 59322 99522 139521 19520 59719 99919 60119 100319 60519 100719 60919 101119 61319 101519 61719 101919 141918 21917 62116 102316 62516 102716 62916 103116 63316 103516 143515 23514 63713 103913 143912 23911 64110 104310 144309 24308 24307 64506 104706 144705 24704 24703 24702 64901 105101 145100 25099 25098 25097 65296 105496 145495 25494 65693 105893 145892 25891 66090 106290 146289 26288 26287 66486 106686 66886 107086 67286 107486 67686 107886 68086 108286 68486 108686 68886 109086 69286 109486 69686 109886 70086 110286 70486 110686 70886 111086 71286 111486 71686 111886 72086 112286 72486 112686 72886 113086 73286 113486 73686 113886 74086 114286 74486 34487 74688 114888 75088 35089 75290 35291 75492 35493 75694 35695 75896 35897 76098 36099 76300 36301 76502 36503 76704 36705 36706 36707 36708 36709 36710 36711 36712 36713 36714 36715 36716 36717 36718 36719 36720 36721 36722 36723 36724 36725 36726 36727 36728 36729 36730 36731 36732 36733 36734 36735 36736 36737 36738 36739 36740 36741 36742 36743 36744 36745 36746 36747 36748 36749 36750 36751 36752 36753 36754 36755 36756 36757 36758 36759 36760 36761 36762 36763 36764 156565 36365 156166 35966 155767 35567 155368 35168 
Label: 1343115
[3800,4130,]
3706 43907 84107 44307 84507 44707 84907 45107 85307 45507 85707 45907 86107 46307 86507 46707 86907 47107 87307 47507 87707 47907 88107 48307 88507 48707 88907 49107 89307 49507 89707 49907 9908 9909 50110 90310 50510 10511 50712 90912 51112 91312 51512 11513 51714 91914 52114 12115 52316 92516 52716 12717 52918 93118 53318 13319 53520 93720 53920 13921 54122 94322 54522 94722 54922 95122 55322 95522 55722 95922 56122 96322 56522 96722 56922 97122 57322 97522 57722 97922 58122 98322 58522 98722 58922 99122 59322 99522 139521 19520 59719 99919 60119 100319 60519 100719 60919 101119 61319 101519 61719 101919 141918 21917 62116 102316 62516 102716 62916 103116 63316 103516 143515 23514 63713 103913 143912 23911 64110 104310 144309 24308 24307 64506 104706 144705 24704 24703 24702 64901 105101 145100 25099 25098 25097 65296 105496 145495 25494 65693 105893 145892 25891 66090 106290 146289 26288 26287 66486 106686 66886 107086 67286 107486 67686 107886 68086 108286 68486 108686 68886 109086 69286 109486 69686 109886 70086 110286 70486 110686 70886 111086 71286 111486 71686 111886 72086 112286 72486 112686 72886 113086 73286 113486 73686 113886 74086 114286 74486 34487 74688 34689 74890 34891 75092 35093 75294 35295 75496 35497 75698 35699 75900 35901 76102 36103 76304 36305 76506 36507 76708 36709 36710 36711 36712 36713 36714 36715 36716 36717 36718 36719 36720 36721 36722 36723 36724 36725 36726 36727 36728 36729 36730 36731 36732 36733 36734 36735 36736 36737 36738 36739 36740 36741 36742 36743 36744 36745 36746 36747 36748 36749 36750 36751 36752 36753 36754 36755 36756 36757 36758 36759 36760 36761 36762 36763 36764 156565 36365 156166 35966 155767 35567 155368 35168 
Label: 1372446
[3820,4042,]
3706 43907 84107 44307 84507 44707 84907 45107 85307 45507 85707 45907 86107 46307 86507 46707 86907 47107 87307 47507 87707 47907 88107 48307 88507 48707 88907 49107 89307 49507 89707 49907 9908 9909 50110 90310 50510 10511 50712 90912 51112 91312 51512 11513 51714 91914 52114 12115 52316 92516 52716 12717 52918 93118 53318 13319 53520 93720 53920 13921 54122 94322 54522 94722 54922 95122 55322 95522 55722 95922 56122 96322 56522 96722 56922 97122 57322 97522 57722 97922 58122 98322 58522 98722 58922 99122 59322 99522 139521 19520 59719 99919 60119 100319 60519 100719 60919 101119 61319 101519 61719 101919 141918 21917 62116 102316 62516 102716 62916 103116 63316 103516 143515 23514 63713 103913 143912 23911 64110 104310 144309 24308 24307 64506 104706 144705 24704 24703 24702 64901 105101 145100 25099 25098 25097 65296 105496 145495 25494 25493 65692 105892 145891 25890 25889 66088 106288 146287 26286 66485 106685 66885 107085 67285 107485 67685 107885 68085 108285 68485 108685 68885 109085 69285 109485 69685 109885 70085 110285 70485 110685 70885 111085 71285 111485 71685 111885 72085 112285 72485 112685 72885 113085 73285 113485 73685 113885 74085 114285 74485 34486 74687 34688 74889 34890 75091 35092 75293 35294 75495 35496 75697 35698 75899 35900 76101 36102 76303 36304 76505 36506 76707 36708 36709 36710 36711 36712 36713 36714 36715 36716 36717 36718 36719 36720 36721 36722 36723 36724 36725 36726 36727 36728 36729 36730 36731 36732 36733 36734 36735 36736 36737 36738 36739 36740 36741 36742 36743 36744 36745 36746 36747 36748 36749 36750 36751 36752 36753 36754 36755 36756 36757 36758 36759 36760 36761 36762 36763 36764 156565 36365 156166 35966 155767 35567 155368 35168 
Label: 1307573
[3780,4257,]
3706 43907 84107 44307 84507 44707 84907 45107 85307 45507 85707 45907 86107 46307 86507 46707 86907 47107 87307 47507 87707 47907 88107 48307 88507 48707 88907 49107 89307 49507 89707 49907 9908 50109 90309 50509 10510 50711 90911 51111 11112 51313 91513 51713 11714 51915 92115 52315 12316 52517 92717 52917 12918 53119 93319 53519 13520 53721 93921 54121 94321 54521 94721 54921 95121 55321 95521 55721 95921 56121 96321 56521 96721 56921 97121 57321 97521 57721 97921 58121 98321 58521 98721 58921 99121 59321 99521 59721 99921 60121 100321 140320 20319 60518 100718 60918 101118 61318 101518 61718 101918 62118 102318 142317 22316 62515 102715 62915 103115 63315 103515 143514 23513 63712 103912 143911 23910 64109 104309 144308 24307 64506 104706 144705 24704 24703 24702 64901 105101 145100 25099 25098 25097 65296 105496 145495 25494 65693 105893 145892 25891 66090 106290 146289 26288 26287 66486 106686 66886 107086 67286 107486 67686 107886 68086 108286 68486 108686 68886 109086 69286 109486 69686 109886 70086 110286 70486 110686 70886 111086 71286 111486 71686 111886 72086 112286 72486 112686 72886 113086 73286 113486 73686 113886 74086 114286 74486 34487 74688 34689 74890 34891 75092 35093 75294 35295 75496 35497 75698 35699 75900 35901 76102 36103 76304 36305 76506 36507 76708 36709 36710 36711 36712 36713 36714 36715 36716 36717 36718 36719 36720 36721 36722 36723 36724 36725 36726 36727 36728 36729 36730 36731 36732 36733 36734 36735 36736 36737 36738 36739 36740 36741 36742 36743 36744 36745 36746 36747 36748 36749 36750 36751 36752 36753 36754 36755 36756 36757 36758 36759 36760 36761 36762 36763 36764 156565 36365 156166 35966 155767 35567 155368 35168 
Label: 1264471
[3760,4345,]
3706 43907 84107 44307 84507 44707 84907 45107 85307 45507 85707 45907 86107 46307 86507 46707 86907 47107 87307 47507 87707 47907 88107 48307 88507 48707 88907 49107 89307 49507 89707 49907 9908 9909 50110 90310 50510 10511 50712 90912 51112 91312 51512 11513 51714 91914 52114 12115 52316 92516 52716 12717 52918 93118 53318 13319 53520 93720 53920 13921 54122 94322 54522 94722 54922 95122 55322 95522 55722 95922 56122 96322 56522 96722 56922 97122 57322 97522 57722 97922 58122 98322 58522 98722 58922 99122 59322 99522 139521 19520 59719 99919 60119 100319 60519 100719 60919 101119 61319 101519 61719 101919 141918 21917 62116 102316 62516 102716 62916 103116 63316 103516 143515 23514 63713 103913 143912 23911 64110 104310 144309 24308 24307 64506 104706 144705 24704 24703 24702 64901 105101 145100 25099 25098 25097 65296 105496 145495 25494 65693 105893 145892 25891 66090 106290 146289 26288 26287 66486 106686 66886 107086 67286 107486 67686 107886 68086 108286 68486 108686 68886 109086 69286 109486 69686 109886 70086 110286 70486 110686 70886 111086 71286 111486 71686 111886 72086 112286 72486 112686 72886 113086 73286 113486 73686 113886 74086 114286 74486 34487 74688 34689 74890 34891 75092 35093 75294 35295 75496 35497 75698 35699 75900 35901 76102 36103 76304 36305 36306 36307 36308 36309 36310 36311 36312 36313 36314 36315 36316 36317 36318 36319 36320 36321 36322 36323 36324 36325 36326 36327 36328 36329 36330 36331 36332 36333 36334 36335 36336 36337 36338 36339 36340 36341 36342 36343 36344 36345 36346 36347 36348 36349 36350 36351 36352 36353 36354 36355 36356 36357 36358 36359 36360 36361 36362 36363 36364 36365 156166 35966 155767 35567 155368 35168 
Label: 173679
[2930,4685,]
3706 43907 84107 44307 84507 44707 84907 45107 85307 45507 85707 45907 86107 46307 86507 46707 86907 47107 87307 47507 87707 47907 88107 48307 88507 48707 88907 49107 89307 49507 89707 49907 9908 50109 90309 50509 10510 50711 90911 51111 11112 51313 91513 51713 11714 51915 92115 52315 12316 52517 92717 52917 12918 53119 93319 53519 13520 53721 93921 54121 94321 54521 14522 54723 94923 55123 95323 55523 95723 55923 96123 56323 96523 56723 96923 57123 97323 57523 97723 57923 98123 58323 98523 58723 98923 138922 18921 59120 99320 59520 99720 59920 100120 60320 100520 60720 100920 140919 20918 61117 101317 61517 101717 61917 102117 62317 102517 62717 102917 63117 103317 63517 103717 63917 104117 64317 104517 64717 24718 64919 24920 65121 25122 65323 25324 65525 25526 65727 25728 65929 25930 66131 26132 66333 26334 66535 106735 66935 26936 67137 27138 67339 27340 67541 107741 67941 27942 68143 28144 68345 28346 68547 108747 68947 28948 69149 29150 69351 109551 69751 109951 70151 110351 70551 110751 70951 111151 71351 111551 71751 111951 72151 112351 72551 112751 72951 113151 73351 113551 73751 33752 73953 33954 74155 34156 74357 34358 74559 34560 74761 34762 74963 34964 75165 35166 35167 35168 
Label: 1241821
[3750,4418,]
3706 43907 84107 44307 84507 44707 84907 45107 85307 45507 85707 45907 86107 46307 86507 46707 86907 47107 87307 47507 87707 47907 88107 48307 88507 48707 88907 49107 89307 49507 89707 49907 9908 9909 50110 90310 50510 10511 50712 90912 51112 91312 51512 11513 51714 91914 52114 12115 52316 92516 52716 12717 52918 93118 53318 13319 53520 93720 53920 13921 54122 94322 54522 94722 54922 95122 55322 95522 55722 95922 56122 96322 56522 96722 56922 97122 57322 97522 57722 97922 58122 98322 58522 98722 58922 99122 59322 99522 139521 19520 59719 99919 60119 100319 60519 100719 60919 101119 61319 101519 61719 101919 141918 21917 62116 102316 62516 102716 62916 103116 63316 103516 143515 23514 63713 103913 143912 23911 64110 104310 144309 24308 24307 64506 104706 144705 24704 24703 24702 64901 105101 145100 25099 25098 25097 65296 105496 145495 25494 65693 105893 145892 25891 66090 106290 146289 26288 66487 106687 66887 107087 67287 107487 67687 107887 68087 108287 68487 108687 68887 109087 69287 109487 69687 109887 70087 110287 70487 110687 70887 111087 71287 111487 71687 111887 72087 112287 72487 112687 72887 113087 73287 113487 73687 113887 74087 114287 74487 114687 74887 34888 75089 35090 75291 35292 75493 35494 75695 35696 75897 35898 76099 36100 76301 36302 36303 36304 36305 36306 36307 36308 36309 36310 36311 36312 36313 36314 36315 36316 36317 36318 36319 36320 36321 36322 36323 36324 36325 36326 36327 36328 36329 36330 36331 36332 36333 36334 36335 36336 36337 36338 36339 36340 36341 36342 36343 36344 36345 36346 36347 36348 36349 36350 36351 36352 36353 36354 36355 36356 36357 36358 36359 36360 36361 36362 36363 36364 36365 156166 35966 155767 35567 155368 35168 
Label: 160941
[2920,4710,]
3706 43907 84107 44307 84507 44707 84907 45107 85307 45507 85707 45907 86107 46307 86507 46707 86907 47107 87307 47507 87707 47907 88107 48307 88507 48707 88907 49107 89307 49507 89707 49907 9908 50109 90309 50509 10510 50711 90911 51111 11112 51313 91513 51713 11714 51915 92115 52315 12316 52517 92717 52917 12918 53119 93319 53519 13520 53721 93921 54121 94321 54521 14522 54723 94923 55123 95323 55523 95723 55923 96123 56323 96523 56723 96923 57123 97323 57523 97723 57923 98123 58323 98523 58723 98923 138922 18921 59120 99320 59520 99720 59920 100120 60320 100520 140519 100719 60919 101119 61319 101519 141518 101718 61918 102118 62318 102518 62718 102918 63118 103318 63518 103718 63918 104118 64318 104518 64718 24719 64920 24921 65122 25123 65324 25325 65526 25527 65728 25729 65930 25931 66132 26133 66334 106534 66734 26735 66936 26937 67138 27139 67340 27341 67542 107742 67942 27943 68144 28145 68346 108546 68746 28747 68948 109148 69348 29349 69550 29551 69752 109952 70152 110352 70552 110752 70952 111152 71352 111552 71752 111952 72152 112352 72552 112752 72952 113152 73352 113552 73752 33753 73954 33955 74156 34157 74358 34359 74560 34561 74762 34763 74964 34965 75166 35167 35168 
Label: 1217606
[3740,4471,]
3706 43907 84107 44307 84507 44707 84907 45107 85307 45507 85707 45907 86107 46307 86507 46707 86907 47107 87307 47507 87707 47907 88107 48307 88507 48707 88907 49107 89307 49507 89707 49907 9908 9909 50110 90310 50510 10511 50712 90912 51112 91312 51512 11513 51714 91914 52114 12115 52316 92516 52716 12717 52918 93118 53318 13319 53520 93720 53920 13921 54122 94322 54522 94722 54922 95122 55322 95522 55722 95922 56122 96322 56522 96722 56922 97122 57322 97522 57722 97922 58122 98322 58522 98722 58922 99122 59322 99522 139521 19520 59719 99919 60119 100319 60519 100719 60919 101119 61319 101519 61719 101919 141918 21917 62116 102316 62516 102716 62916 103116 63316 103516 143515 23514 63713 103913 143912 23911 64110 104310 144309 24308 24307 64506 104706 144705 24704 24703 24702 64901 105101 145100 25099 25098 25097 65296 105496 145495 25494 65693 105893 145892 25891 66090 106290 146289 26288 66487 106687 66887 107087 67287 107487 67687 107887 68087 108287 68487 108687 68887 109087 69287 109487 69687 109887 70087 110287 70487 110687 70887 111087 71287 111487 71687 111887 72087 112287 72487 112687 72887 113087 73287 113487 73687 113887 74087 114287 74487 34488 74689 34690 74891 34892 75093 35094 75295 35296 75497 35498 75699 35700 75901 35902 76103 36104 76305 36306 36307 36308 36309 36310 36311 36312 36313 36314 36315 36316 36317 36318 36319 36320 36321 36322 36323 36324 36325 36326 36327 36328 36329 36330 36331 36332 36333 36334 36335 36336 36337 36338 36339 36340 36341 36342 36343 36344 36345 36346 36347 36348 36349 36350 36351 36352 36353 36354 36355 36356 36357 36358 36359 36360 36361 36362 36363 36364 36365 156166 35966 155767 35567 155368 35168 
Label: 1435058
[3880,3889,]
3706 43907 84107 44307 84507 44707 84907 45107 85307 45507 85707 45907 86107 46307 86507 46707 86907 47107 87307 47507 87707 47907 88107 48307 88507 48707 88907 49107 89307 49507 89707 49907 9908 50109 90309 50509 10510 50711 90911 51111 11112 51313 91513 51713 11714 51915 92115 52315 12316 52517 92717 52917 12918 53119 93319 53519 13520 53721 93921 54121 94321 54521 14522 54723 94923 55123 95323 55523 95723 55923 96123 56323 96523 56723 96923 57123 97323 57523 97723 57923 98123 58323 98523 58723 98923 138922 18921 59120 99320 59520 99720 59920 100120 60320 100520 60720 100920 140919 20918 61117 101317 61517 101717 61917 102117 62317 102517 62717 102917 63117 103317 143316 23315 63514 103714 143713 23712 63911 104111 144110 24109 64308 104508 144507 24506 24505 64704 104904 144903 24902 24901 24900 65099 105299 145298 25297 25296 25295 65494 105694 145693 25692 25691 65890 106090 146089 26088 26087 66286 106486 66686 106886 67086 107286 147285 27284 67483 107683 67883 108083 68283 108483 68683 108883 69083 109283 69483 109683 69883 110083 70283 110483 70683 110883 71083 111283 71483 111683 71883 112083 72283 112483 72683 112883 73083 113283 73483 33484 73685 113885 74085 114285 74485 34486 74687 114887 75087 35088 75289 35290 75491 35492 75693 35694 75895 35896 76097 36098 76299 36300 76501 36502 76703 36704 36705 36706 36707 36708 36709 36710 36711 36712 36713 36714 36715 36716 36717 36718 36719 36720 36721 36722 36723 36724 36725 36726 36727 36728 36729 36730 36731 36732 36733 36734 36735 36736 36737 36738 36739 36740 36741 36742 36743 36744 36745 36746 36747 36748 36749 36750 36751 36752 36753 36754 36755 36756 36757 36758 36759 36760 36761 36762 36763 36764 156565 36365 156166 35966 155767 35567 155368 35168 
Label: 1192763
[3730,4545,]
3706 43907 84107 44307 84507 44707 84907 45107 85307 45507 85707 45907 86107 46307 86507 46707 86907 47107 87307 47507 87707 47907 88107 48307 88507 48707 88907 49107 89307 49507 89707 49907 9908 50109 90309 50509 10510 50711 90911 51111 11112 51313 91513 51713 11714 51915 92115 52315 12316 52517 92717 52917 12918 53119 93319 53519 13520 53721 93921 54121 94321 54521 94721 54921 95121 55321 95521 55721 95921 56121 96321 56521 96721 56921 97121 57321 97521 57721 97921 58121 98321 58521 98721 58921 99121 59321 99521 59721 99921 60121 100321 140320 20319 60518 100718 60918 101118 61318 101518 61718 101918 62118 102318 142317 22316 62515 102715 62915 103115 63315 103515 143514 23513 63712 103912 143911 23910 64109 104309 144308 24307 64506 104706 144705 24704 24703 24702 64901 105101 145100 25099 25098 25097 65296 105496 145495 25494 65693 105893 145892 25891 66090 106290 146289 26288 66487 106687 66887 107087 67287 107487 67687 107887 68087 108287 68487 108687 68887 109087 69287 109487 69687 109887 70087 110287 70487 110687 70887 111087 71287 111487 71687 111887 72087 112287 72487 112687 72887 113087 73287 113487 73687 113887 74087 114287 74487 114687 74887 34888 75089 35090 75291 35292 75493 35494 75695 35696 75897 35898 76099 36100 76301 36302 36303 36304 36305 36306 36307 36308 36309 36310 36311 36312 36313 36314 36315 36316 36317 36318 36319 36320 36321 36322 36323 36324 36325 36326 36327 36328 36329 36330 36331 36332 36333 36334 36335 36336 36337 36338 36339 36340 36341 36342 36343 36344 36345 36346 36347 36348 36349 36350 36351 36352 36353 36354 36355 36356 36357 36358 36359 36360 36361 36362 36363 36364 36365 156166 35966 155767 35567 155368 35168 
Label: 7493
[2820,5073,]
3706 43907 84107 44307 84507 44707 84907 45107 85307 45507 85707 45907 86107 46307 86507 46707 86907 47107 87307 47507 87707 47907 88107 48307 88507 48707 88907 49107 89307 49507 89707 49907 9908 50109 90309 50509 10510 50711 90911 51111 11112 51313 91513 51713 11714 51915 92115 52315 12316 52517 92717 52917 12918 53119 93319 53519 13520 53721 93921 54121 94321 54521 94721 54921 95121 55321 95521 55721 95921 56121 96321 56521 96721 56921 97121 57321 97521 57721 97921 58121 98321 58521 98721 58921 99121 59321 99521 59721 99921 60121 100321 60521 100721 60921 101121 61321 101521 61721 101921 62121 102321 62521 102721 62921 103121 63321 103521 63721 103921 64121 104321 64521 104721 64921 24922 65123 25124 65325 25326 65527 25528 65729 25730 65931 106131 66331 26332 66533 26534 66735 26736 66937 26938 67139 107339 67539 27540 67741 27742 67943 27944 68145 108345 68545 28546 68747 28748 68949 109149 69349 109549 69749 29750 69951 110151 70351 110551 70751 110951 71151 111351 71551 111751 71951 112151 72351 112551 72751 112951 73151 113351 73551 33552 73753 33754 73955 33956 74157 34158 74359 34360 74561 34562 74763 34764 74965 34966 75167 35168 
Label: 1552703
[4060,3708,]
3706 43905 84105 44305 84505 44705 84905 45105 85305 45505 85705 45905 86105 46305 86505 46705 86905 47105 87305 47505 87705 47905 88105 48305 88505 48705 88905 49105 9106 49307 89507 49707 9708 49909 90109 50309 10310 50511 90711 50911 10912 51113 91313 51513 11514 51715 91915 52115 92315 52515 12516 52717 92917 53117 13118 53319 93519 53719 13720 53921 94121 54321 14322 54523 94723 54923 95123 55323 95523 55723 95923 56123 96323 56523 96723 56923 97123 57323 97523 57723 97923 58123 98323 58523 98723 138722 18721 58920 99120 59320 99520 59720 99920 60120 100320 60520 100720 60920 101120 141119 21118 61317 101517 61717 101917 62117 102317 62517 102717 62917 103117 143116 23115 63314 103514 63714 103914 143913 23912 64111 104311 144310 24309 24308 24307 64506 104706 144705 24704 64903 104902 144901 24900 65099 105299 145298 25297 25296 25295 65494 105694 145693 25692 25691 65890 106090 146089 26088 66287 106487 66687 106887 146886 26885 67084 107284 67484 107684 67884 108084 148083 28082 68281 108481 68681 108881 69081 109281 69481 109681 69881 110081 70281 110481 70681 110881 71081 111281 71481 111681 71881 112081 72281 112481 72681 112881 73081 33082 33083 73284 113484 73684 113884 74084 34085 74286 114486 74686 34687 74888 115088 75288 35289 75490 35491 75692 115892 76092 36093 76294 36295 76496 36497 76698 36699 76900 36901 77102 37103 77304 37305 37306 37307 77508 37509 37510 37511 37512 37513 77714 37715 37716 37717 37718 37719 37720 37721 37722 37723 37724 37725 37726 37727 37728 37729 37730 37731 37732 37733 37734 37735 37736 37737 37738 37739 37740 37741 37742 37743 37744 37745 37746 37747 37748 37749 37750 37751 37752 37753 37754 37755 37756 37757 37758 157559 117560 77561 37562 157363 37163 156964 36764 156565 36365 156166 35966 155767 35567 155368 35168 
Label: 1460805
[3910,3814,]
3706 43907 84107 44307 84507 44707 84907 45107 85307 45507 85707 45907 86107 46307 86507 46707 86907 47107 87307 47507 87707 47907 88107 48307 88507 48707 88907 49107 89307 49507 89707 49907 9908 50109 90309 50509 10510 50711 90911 51111 11112 51313 91513 51713 11714 51915 92115 52315 12316 52517 92717 52917 12918 53119 93319 53519 13520 53721 93921 54121 94321 54521 14522 54723 94923 55123 95323 55523 95723 55923 96123 56323 96523 56723 96923 57123 97323 57523 97723 57923 98123 58323 98523 58723 98923 138922 18921 59120 99320 59520 99720 59920 100120 60320 100520 60720 100920 140919 20918 61117 101317 61517 101717 61917 102117 62317 102517 62717 102917 63117 103317 143316 23315 63514 103714 143713 23712 63911 104111 144110 24109 64308 104508 144507 24506 24505 64704 104904 144903 24902 24901 24900 65099 105299 145298 25297 25296 25295 65494 105694 145693 25692 25691 65890 106090 146089 26088 66287 106487 66687 106887 146886 26885 67084 107284 67484 107684 67884 108084 68284 108484 68684 108884 69084 109284 69484 109684 69884 110084 70284 110484 70684 110884 71084 111284 71484 111684 71884 112084 72284 112484 72684 112884 73084 113284 73484 113684 73884 33885 74086 114286 74486 34487 74688 114888 75088 35089 75290 115490 75690 35691 75892 35893 76094 36095 76296 36297 36298 76499 36500 76701 36702 76903 36904 77105 37106 37107 37108 37109 37110 37111 37112 37113 37114 37115 37116 37117 37118 37119 37120 37121 37122 37123 37124 37125 37126 37127 37128 37129 37130 37131 37132 37133 37134 37135 37136 37137 37138 37139 37140 37141 37142 37143 37144 37145 37146 37147 37148 37149 37150 37151 37152 37153 37154 37155 37156 37157 37158 37159 37160 37161 37162 37163 156964 36764 156565 36365 156166 35966 155767 35567 155368 35168 
Label: 1508461
[3970,3747,]
3706 43907 84107 44307 84507 44707 84907 45107 85307 45507 85707 45907 86107 46307 86507 46707 86907 47107 87307 47507 87707 47907 88107 48307 88507 48707 88907 49107 89307 49507 89707 49907 9908 50109 90309 50509 10510 50711 90911 51111 11112 51313 91513 51713 11714 51915 92115 52315 12316 52517 92717 52917 12918 53119 93319 53519 13520 53721 93921 54121 94321 54521 14522 54723 94923 55123 95323 55523 95723 55923 96123 56323 96523 56723 96923 57123 97323 57523 97723 57923 98123 58323 98523 58723 98923 138922 18921 59120 99320 59520 99720 59920 100120 60320 100520 60720 100920 140919 20918 61117 101317 61517 101717 61917 102117 62317 102517 62717 102917 63117 103317 143316 23315 63514 103714 143713 23712 63911 104111 144110 24109 64308 104508 144507 24506 24505 64704 104904 144903 24902 24901 24900 65099 105299 145298 25297 25296 25295 65494 105694 145693 25692 25691 65890 106090 146089 26088 26087 66286 106486 66686 106886 67086 107286 147285 27284 67483 107683 67883 108083 68283 108483 68683 108883 69083 109283 69483 109683 69883 110083 70283 110483 70683 110883 71083 111283 71483 111683 71883 112083 72283 112483 72683 112883 73083 113283 73483 33484 73685 113885 74085 114285 74485 34486 74687 114887 75087 35088 75289 35290 75491 115691 75891 35892 76093 36094 76295 36296 76497 36498 76699 36700 76901 36902 77103 37104 77305 37306 37307 77508 37509 37510 37511 37512 37513 37514 37515 37516 37517 37518 37519 37520 37521 37522 37523 37524 37525 37526 37527 37528 37529 37530 37531 37532 37533 37534 37535 37536 37537 37538 37539 37540 37541 37542 37543 37544 37545 37546 37547 37548 37549 37550 37551 37552 37553 37554 37555 37556 37557 37558 37559 37560 37561 37562 157363 37163 156964 36764 156565 36365 156166 35966 155767 35567 155368 35168 
Label: 1543979
[4040,3710,]
3706 43905 84105 44305 84505 44705 84905 45105 85305 45505 85705 45905 86105 46305 86505 46705 86905 47105 87305 47505 87705 47905 88105 48305 88505 48705 88905 49105 9106 49307 89507 49707 9708 49909 90109 50309 10310 50511 90711 50911 10912 51113 91313 51513 11514 51715 91915 52115 92315 52515 12516 52717 92917 53117 13118 53319 93519 53719 13720 53921 94121 54321 14322 54523 94723 54923 95123 55323 95523 55723 95923 56123 96323 56523 96723 56923 97123 57323 97523 57723 97923 58123 98323 58523 98723 138722 18721 58920 99120 59320 99520 59720 99920 60120 100320 60520 100720 60920 101120 141119 21118 61317 101517 61717 101917 62117 102317 62517 102717 62917 103117 143116 23115 63314 103514 63714 103914 143913 23912 64111 104311 144310 24309 64508 104507 144506 24505 64704 104703 144702 24701 64900 105100 145099 25098 65297 105296 145295 25294 65493 105693 145692 25691 65890 106090 146089 26088 66287 106487 66687 106887 146886 26885 67084 107284 67484 107684 67884 108084 148083 28082 68281 108481 68681 108881 69081 109281 69481 109681 69881 110081 70281 110481 70681 110881 71081 111281 71481 111681 71881 112081 72281 112481 72681 112881 73081 33082 33083 73284 113484 73684 113884 74084 34085 74286 114486 74686 34687 74888 115088 75288 35289 75490 35491 75692 115892 76092 36093 76294 36295 76496 36497 76698 36699 76900 36901 77102 37103 77304 37305 37306 37307 77508 37509 37510 37511 37512 37513 37514 37515 37516 37517 37518 37519 37520 37521 37522 37523 37524 37525 37526 37527 37528 37529 37530 37531 37532 37533 37534 37535 37536 37537 37538 37539 37540 37541 37542 37543 37544 37545 37546 37547 37548 37549 37550 37551 37552 37553 37554 37555 37556 37557 37558 37559 37560 37561 37562 157363 37163 156964 36764 156565 36365 156166 35966 155767 35567 155368 35168 
Label: 1515161
[3980,3741,]
3706 43907 84107 44307 84507 44707 84907 45107 85307 45507 85707 45907 86107 46307 86507 46707 86907 47107 87307 47507 87707 47907 88107 48307 88507 48707 88907 49107 89307 49507 89707 49907 9908 50109 90309 50509 10510 50711 90911 51111 11112 51313 91513 51713 11714 51915 92115 52315 12316 52517 92717 52917 12918 53119 93319 53519 13520 53721 93921 54121 94321 54521 14522 54723 94923 55123 95323 55523 95723 55923 96123 56323 96523 56723 96923 57123 97323 57523 97723 57923 98123 58323 98523 58723 98923 138922 18921 59120 99320 59520 99720 59920 100120 60320 100520 60720 100920 140919 20918 61117 101317 61517 101717 61917 102117 62317 102517 62717 102917 63117 103317 143316 23315 63514 103714 143713 23712 63911 104111 144110 24109 64308 104508 144507 24506 24505 64704 104904 144903 24902 24901 24900 65099 105299 145298 25297 65496 105495 145494 25493 65692 105892 145891 25890 25889 66088 106288 146287 26286 26285 26284 66483 106683 66883 107083 67283 107483 67683 107883 68083 108283 68483 108683 68883 109083 69283 109483 69683 109883 70083 110283 70483 110683 70883 111083 71283 111483 71683 111883 72083 112283 72483 112683 72883 113083 73283 113483 73683 113883 74083 34084 34085 74286 114486 74686 34687 74888 115088 75288 35289 75490 35491 75692 115892 76092 36093 76294 36295 76496 36497 76698 36699 76900 36901 77102 37103 77304 37305 37306 37307 77508 37509 37510 37511 37512 37513 37514 37515 37516 37517 37518 37519 37520 37521 37522 37523 37524 37525 37526 37527 37528 37529 37530 37531 37532 37533 37534 37535 37536 37537 37538 37539 37540 37541 37542 37543 37544 37545 37546 37547 37548 37549 37550 37551 37552 37553 37554 37555 37556 37557 37558 37559 37560 37561 37562 157363 37163 156964 36764 156565 36365 156166 35966 155767 35567 155368 35168 
Label: 125624
[2890,4743,]
3706 43905 84105 44305 84505 44705 84905 45105 85305 45505 85705 45905 86105 46305 86505 46705 86905 47105 87305 47505 87705 47905 88105 48305 88505 48705 88905 49105 9106 9107 49308 89508 49708 89908 50108 10109 50310 90510 50710 10711 50912 91112 51312 11313 51514 91714 51914 11915 52116 92316 52516 12517 52718 92918 53118 93318 53518 13519 53720 93920 54120 14121 54322 94522 54722 94922 55122 95322 55522 95722 55922 96122 56322 96522 56722 96922 57122 97322 57522 97722 57922 98122 58322 98522 58722 98922 59122 99322 139321 19320 59519 99719 59919 100119 60319 100519 60719 100919 61119 101319 61519 101719 61919 102119 62319 102519 62719 102919 63119 103319 63519 103719 63919 104119 64319 104519 64719 24720 64921 24922 65123 25124 65325 25326 65527 25528 65729 25730 65931 106131 66331 26332 66533 26534 66735 26736 66937 26938 67139 107339 67539 27540 67741 27742 67943 27944 68145 108345 68545 28546 68747 28748 68949 109149 69349 109549 69749 29750 69951 110151 70351 110551 70751 110951 71151 111351 71551 111751 71951 112151 72351 112551 72751 112951 73151 113351 73551 33552 73753 33754 73955 33956 74157 34158 74359 34360 74561 34562 74763 34764 74965 34966 75167 35168 
Label: 149696
[2910,4721,]
3706 43905 84105 44305 84505 44705 84905 45105 85305 45505 85705 45905 86105 46305 86505 46705 86905 47105 87305 47505 87705 47905 88105 48305 88505 48705 88905 49105 9106 49307 89507 49707 9708 49909 90109 50309 10310 50511 90711 50911 10912 51113 91313 51513 11514 51715 91915 52115 92315 52515 12516 52717 92917 53117 13118 53319 93519 53719 13720 53921 94121 54321 14322 54523 94723 54923 95123 55323 95523 55723 95923 56123 96323 56523 96723 56923 97123 57323 97523 57723 97923 58123 98323 58523 98723 138722 18721 58920 99120 59320 99520 59720 99920 60120 100320 60520 100519 60719 100919 61119 101319 61519 101719 61919 102119 62319 102519 62719 102919 63119 103319 63519 103719 63919 104119 64319 104519 64719 24720 64921 24922 65123 25124 65325 25326 65527 25528 65729 25730 65931 106131 66331 26332 66533 26534 66735 26736 66937 26938 67139 107339 67539 27540 67741 27742 67943 27944 68145 108345 68545 28546 68747 28748 68949 109149 69349 109549 69749 29750 69951 110151 70351 110551 70751 110951 71151 111351 71551 111751 71951 112151 72351 112551 72751 112951 73151 113351 73551 33552 73753 33754 73955 33956 74157 34158 74359 34360 74561 34562 74763 34764 74965 34966 75167 35168 
Label: 1527037
[4000,3727,]
3706 43907 84107 44307 84507 44707 84907 45107 85307 45507 85707 45907 86107 46307 86507 46707 86907 47107 87307 47507 87707 47907 88107 48307 88507 48707 88907 49107 89307 49507 89707 49907 9908 50109 90309 50509 10510 50711 90911 51111 11112 51313 91513 51713 11714 51915 92115 52315 12316 52517 92717 52917 12918 53119 93319 53519 13520 53721 93921 54121 94321 54521 14522 54723 94923 55123 95323 55523 95723 55923 96123 56323 96523 56723 96923 57123 97323 57523 97723 57923 98123 58323 98523 58723 98923 138922 18921 59120 99320 59520 99720 59920 100120 60320 100520 60720 100920 140919 20918 61117 101317 61517 101717 61917 102117 62317 102517 62717 102917 63117 103317 143316 23315 63514 103714 143713 23712 63911 104111 144110 24109 64308 104508 144507 24506 64705 104704 144703 24702 64901 105101 145100 25099 65298 105297 145296 25295 65494 105694 145693 25692 65891 106091 146090 26089 66288 106488 146487 26486 66685 106885 67085 107285 67485 107685 147684 27683 67882 108082 68282 108482 68682 108882 69082 109282 69482 109682 69882 110082 70282 110482 70682 110882 71082 111282 71482 111682 71882 112082 72282 112482 72682 112882 73082 33083 73284 113484 73684 113884 74084 34085 74286 114486 74686 34687 74888 115088 75288 35289 75490 35491 75692 115892 76092 36093 76294 36295 76496 36497 76698 36699 76900 36901 77102 37103 77304 37305 37306 37307 77508 37509 37510 37511 37512 37513 37514 37515 37516 37517 37518 37519 37520 37521 37522 37523 37524 37525 37526 37527 37528 37529 37530 37531 37532 37533 37534 37535 37536 37537 37538 37539 37540 37541 37542 37543 37544 37545 37546 37547 37548 37549 37550 37551 37552 37553 37554 37555 37556 37557 37558 37559 37560 37561 37562 157363 37163 156964 36764 156565 36365 156166 35966 155767 35567 155368 35168 
Label: 1468757
[3920,3800,]
3706 43907 84107 44307 84507 44707 84907 45107 85307 45507 85707 45907 86107 46307 86507 46707 86907 47107 87307 47507 87707 47907 88107 48307 88507 48707 88907 49107 89307 49507 89707 49907 9908 50109 90309 50509 10510 50711 90911 51111 11112 51313 91513 51713 11714 51915 92115 52315 12316 52517 92717 52917 12918 53119 93319 53519 13520 53721 93921 54121 94321 54521 14522 54723 94923 55123 95323 55523 95723 55923 96123 56323 96523 56723 96923 57123 97323 57523 97723 57923 98123 58323 98523 58723 98923 138922 18921 59120 99320 59520 99720 59920 100120 60320 100520 60720 100920 140919 20918 61117 101317 61517 101717 61917 102117 62317 102517 62717 102917 63117 103317 143316 23315 63514 103714 143713 23712 63911 104111 144110 24109 64308 104508 144507 24506 24505 64704 104904 144903 24902 24901 24900 65099 105299 145298 25297 25296 25295 65494 105694 145693 25692 25691 65890 106090 146089 26088 26087 66286 106486 66686 106886 67086 107286 147285 27284 67483 107683 67883 108083 68283 108483 68683 108883 69083 109283 69483 109683 69883 110083 70283 110483 70683 110883 71083 111283 71483 111683 71883 112083 72283 112483 72683 112883 73083 113283 73483 33484 73685 113885 74085 114285 74485 34486 74687 114887 75087 35088 75289 35290 75491 35492 75693 35694 75895 35896 76097 36098 76299 36300 76501 36502 76703 36704 76905 36906 77107 37108 37109 37110 37111 37112 37113 37114 37115 37116 37117 37118 37119 37120 37121 37122 37123 37124 37125 37126 37127 37128 37129 37130 37131 37132 37133 37134 37135 37136 37137 37138 37139 37140 37141 37142 37143 37144 37145 37146 37147 37148 37149 37150 37151 37152 37153 37154 37155 37156 37157 37158 37159 37160 37161 37162 37163 156964 36764 156565 36365 156166 35966 155767 35567 155368 35168 
Label: 1476128
[3930,3781,]
3706 43907 84107 44307 84507 44707 84907 45107 85307 45507 85707 45907 86107 46307 86507 46707 86907 47107 87307 47507 87707 47907 88107 48307 88507 48707 88907 49107 89307 49507 89707 49907 9908 50109 90309 50509 10510 50711 90911 51111 11112 51313 91513 51713 11714 51915 92115 52315 12316 52517 92717 52917 12918 53119 93319 53519 13520 53721 93921 54121 94321 54521 14522 54723 94923 55123 95323 55523 95723 55923 96123 56323 96523 56723 96923 57123 97323 57523 97723 57923 98123 58323 98523 58723 98923 138922 18921 59120 99320 59520 99720 59920 100120 60320 100520 60720 100920 140919 20918 61117 101317 61517 101717 61917 102117 62317 102517 62717 102917 63117 103317 143316 23315 63514 103714 143713 23712 63911 104111 144110 24109 64308 104508 144507 24506 24505 64704 104904 144903 24902 24901 24900 65099 105299 145298 25297 25296 25295 65494 105694 145693 25692 25691 65890 106090 146089 26088 26087 66286 106486 66686 106886 67086 107286 147285 27284 67483 107683 67883 108083 68283 108483 68683 108883 69083 109283 69483 109683 69883 110083 70283 110483 70683 110883 71083 111283 71483 111683 71883 112083 72283 112483 72683 112883 73083 113283 73483 33484 73685 113885 74085 114285 74485 34486 74687 114887 75087 35088 75289 35290 75491 115691 75891 35892 76093 36094 76295 36296 76497 36498 76699 36700 76901 36902 77103 37104 37105 37106 37107 37108 37109 37110 37111 37112 37113 37114 37115 37116 37117 37118 37119 37120 37121 37122 37123 37124 37125 37126 37127 37128 37129 37130 37131 37132 37133 37134 37135 37136 37137 37138 37139 37140 37141 37142 37143 37144 37145 37146 37147 37148 37149 37150 37151 37152 37153 37154 37155 37156 37157 37158 37159 37160 37161 37162 37163 156964 36764 156565 36365 156166 35966 155767 35567 155368 35168 
Label: 1536565
[4020,3717,]
3706 43907 84107 44307 84507 44707 84907 45107 85307 45507 85707 45907 86107 46307 86507 46707 86907 47107 87307 47507 87707 47907 88107 48307 88507 48707 88907 49107 89307 49507 89707 49907 9908 50109 90309 50509 10510 50711 90911 51111 11112 51313 91513 51713 11714 51915 92115 52315 12316 52517 92717 52917 12918 53119 93319 53519 13520 53721 93921 54121 94321 54521 14522 54723 94923 55123 95323 55523 95723 55923 96123 56323 96523 56723 96923 57123 97323 57523 97723 57923 98123 58323 98523 58723 98923 138922 18921 59120 99320 59520 99720 59920 100120 60320 100520 60720 100920 140919 20918 61117 101317 61517 101717 61917 102117 62317 102517 62717 102917 63117 103317 143316 23315 63514 103714 143713 23712 63911 104111 144110 24109 64308 104508 144507 24506 64705 104704 144703 24702 64901 105101 145100 25099 65298 105297 145296 25295 65494 105694 145693 25692 25691 65890 106090 146089 26088 66287 106487 66687 106887 146886 26885 67084 107284 67484 107684 67884 108084 148083 28082 68281 108481 68681 108881 69081 109281 69481 109681 69881 110081 70281 110481 70681 110881 71081 111281 71481 111681 71881 112081 72281 112481 72681 112881 73081 33082 33083 73284 113484 73684 113884 74084 34085 74286 114486 74686 34687 74888 115088 75288 35289 75490 35491 75692 115892 76092 36093 76294 36295 76496 36497 76698 36699 76900 36901 77102 37103 77304 37305 37306 37307 77508 37509 37510 37511 37512 37513 37514 37515 37516 37517 37518 37519 37520 37521 37522 37523 37524 37525 37526 37527 37528 37529 37530 37531 37532 37533 37534 37535 37536 37537 37538 37539 37540 37541 37542 37543 37544 37545 37546 37547 37548 37549 37550 37551 37552 37553 37554 37555 37556 37557 37558 37559 37560 37561 37562 157363 37163 156964 36764 156565 36365 156166 35966 155767 35567 155368 35168 
Label: 1483559
[3940,3776,]
3706 43907 84107 44307 84507 44707 84907 45107 85307 45507 85707 45907 86107 46307 86507 46707 86907 47107 87307 47507 87707 47907 88107 48307 88507 48707 88907 49107 89307 49507 89707 49907 9908 50109 90309 50509 10510 50711 90911 51111 11112 51313 91513 51713 11714 51915 92115 52315 12316 52517 92717 52917 12918 53119 93319 53519 13520 53721 93921 54121 94321 54521 14522 54723 94923 55123 95323 55523 95723 55923 96123 56323 96523 56723 96923 57123 97323 57523 97723 57923 98123 58323 98523 58723 98923 138922 18921 59120 99320 59520 99720 59920 100120 60320 100520 60720 100920 140919 20918 61117 101317 61517 101717 61917 102117 62317 102517 62717 102917 63117 103317 143316 23315 63514 103714 143713 23712 63911 104111 144110 24109 64308 104508 144507 24506 24505 64704 104904 144903 24902 24901 24900 65099 105299 145298 25297 65496 105495 145494 25493 65692 105892 145891 25890 25889 66088 106288 146287 26286 26285 26284 66483 106683 66883 107083 67283 107483 67683 107883 68083 108283 68483 108683 68883 109083 69283 109483 69683 109883 70083 110283 70483 110683 70883 111083 71283 111483 71683 111883 72083 112283 72483 112683 72883 113083 73283 113483 73683 113883 74083 34084 34085 74286 114486 74686 34687 74888 115088 75288 35289 75490 35491 75692 115892 76092 36093 76294 36295 76496 36497 76698 36699 76900 36901 77102 37103 37104 37105 37106 37107 37108 37109 37110 37111 37112 37113 37114 37115 37116 37117 37118 37119 37120 37121 37122 37123 37124 37125 37126 37127 37128 37129 37130 37131 37132 37133 37134 37135 37136 37137 37138 37139 37140 37141 37142 37143 37144 37145 37146 37147 37148 37149 37150 37151 37152 37153 37154 37155 37156 37157 37158 37159 37160 37161 37162 37163 156964 36764 156565 36365 156166 35966 155767 35567 155368 35168 
Label: 1443852
[3890,3857,]
3706 43907 84107 44307 84507 44707 84907 45107 85307 45507 85707 45907 86107 46307 86507 46707 86907 47107 87307 47507 87707 47907 88107 48307 88507 48707 88907 49107 89307 49507 89707 49907 9908 50109 90309 50509 10510 50711 90911 51111 11112 51313 91513 51713 11714 51915 92115 52315 12316 52517 92717 52917 12918 53119 93319 53519 13520 53721 93921 54121 94321 54521 14522 54723 94923 55123 95323 55523 95723 55923 96123 56323 96523 56723 96923 57123 97323 57523 97723 57923 98123 58323 98523 58723 98923 138922 18921 59120 99320 59520 99720 59920 100120 60320 100520 60720 100920 140919 20918 61117 101317 61517 101717 61917 102117 62317 102517 62717 102917 63117 103317 143316 23315 63514 103714 143713 23712 63911 104111 144110 24109 64308 104508 144507 24506 24505 64704 104904 144903 24902 24901 24900 65099 105299 145298 25297 25296 25295 65494 105694 145693 25692 65891 106091 146090 26089 66288 106488 146487 26486 66685 106885 67085 107285 67485 107685 67885 108085 68285 108485 68685 108885 69085 109285 69485 109685 69885 110085 70285 110485 70685 110885 71085 111285 71485 111685 71885 112085 72285 112485 72685 112885 73085 113285 73485 113685 73885 114085 74285 34286 74487 114687 74887 34888 75089 115289 75489 35490 75691 35692 75893 35894 76095 36096 76297 36298 76499 36500 76701 36702 76903 36904 77105 37106 37107 37108 37109 37110 37111 37112 37113 37114 37115 37116 37117 37118 37119 37120 37121 37122 37123 37124 37125 37126 37127 37128 37129 37130 37131 37132 37133 37134 37135 37136 37137 37138 37139 37140 37141 37142 37143 37144 37145 37146 37147 37148 37149 37150 37151 37152 37153 37154 37155 37156 37157 37158 37159 37160 37161 37162 37163 156964 36764 156565 36365 156166 35966 155767 35567 155368 35168 
Label: 1540539
[4030,3713,]
3706 43905 84105 44305 84505 44705 84905 45105 85305 45505 85705 45905 86105 46305 86505 46705 86905 47105 87305 47505 87705 47905 88105 48305 88505 48705 88905 49105 9106 49307 89507 49707 9708 49909 90109 50309 10310 50511 90711 50911 10912 51113 91313 51513 11514 51715 91915 52115 92315 52515 12516 52717 92917 53117 13118 53319 93519 53719 13720 53921 94121 54321 14322 54523 94723 54923 95123 55323 95523 55723 95923 56123 96323 56523 96723 56923 97123 57323 97523 57723 97923 58123 98323 58523 98723 138722 18721 58920 99120 59320 99520 59720 99920 60120 100320 60520 100720 60920 101120 141119 21118 61317 101517 61717 101917 62117 102317 62517 102717 62917 103117 143116 23115 63314 103514 63714 103914 143913 23912 64111 104311 144310 24309 24308 24307 64506 104706 144705 24704 64903 104902 144901 24900 65099 105299 145298 25297 25296 25295 65494 105694 145693 25692 25691 65890 106090 146089 26088 66287 106487 66687 106887 146886 26885 67084 107284 67484 107684 67884 108084 148083 28082 68281 108481 68681 108881 69081 109281 69481 109681 69881 110081 70281 110481 70681 110881 71081 111281 71481 111681 71881 112081 72281 112481 72681 112881 73081 33082 33083 73284 113484 73684 113884 74084 34085 74286 114486 74686 34687 74888 115088 75288 35289 75490 35491 75692 115892 76092 36093 76294 36295 76496 36497 76698 36699 76900 36901 77102 37103 77304 37305 37306 37307 77508 37509 37510 37511 37512 37513 37514 37515 37516 37517 37518 37519 37520 37521 37522 37523 37524 37525 37526 37527 37528 37529 37530 37531 37532 37533 37534 37535 37536 37537 37538 37539 37540 37541 37542 37543 37544 37545 37546 37547 37548 37549 37550 37551 37552 37553 37554 37555 37556 37557 37558 37559 37560 37561 37562 157363 37163 156964 36764 156565 36365 156166 35966 155767 35567 155368 35168 
Label: 1521191
[3990,3731,]
3706 43907 84107 44307 84507 44707 84907 45107 85307 45507 85707 45907 86107 46307 86507 46707 86907 47107 87307 47507 87707 47907 88107 48307 88507 48707 88907 49107 89307 49507 89707 49907 9908 50109 90309 50509 10510 50711 90911 51111 11112 51313 91513 51713 11714 51915 92115 52315 12316 52517 92717 52917 12918 53119 93319 53519 13520 53721 93921 54121 94321 54521 14522 54723 94923 55123 95323 55523 95723 55923 96123 56323 96523 56723 96923 57123 97323 57523 97723 57923 98123 58323 98523 58723 98923 138922 18921 59120 99320 59520 99720 59920 100120 60320 100520 60720 100920 140919 20918 61117 101317 61517 101717 61917 102117 62317 102517 62717 102917 63117 103317 143316 23315 63514 103714 143713 23712 63911 104111 144110 24109 64308 104508 144507 24506 24505 64704 104904 144903 24902 24901 24900 65099 105299 145298 25297 25296 25295 65494 105694 145693 25692 65891 106091 146090 26089 66288 106488 146487 26486 66685 106885 67085 107285 67485 107685 147684 27683 67882 108082 68282 108482 68682 108882 69082 109282 69482 109682 69882 110082 70282 110482 70682 110882 71082 111282 71482 111682 71882 112082 72282 112482 72682 112882 73082 33083 73284 113484 73684 113884 74084 34085 74286 114486 74686 34687 74888 115088 75288 35289 75490 35491 75692 115892 76092 36093 76294 36295 76496 36497 76698 36699 76900 36901 77102 37103 77304 37305 37306 37307 77508 37509 37510 37511 37512 37513 37514 37515 37516 37517 37518 37519 37520 37521 37522 37523 37524 37525 37526 37527 37528 37529 37530 37531 37532 37533 37534 37535 37536 37537 37538 37539 37540 37541 37542 37543 37544 37545 37546 37547 37548 37549 37550 37551 37552 37553 37554 37555 37556 37557 37558 37559 37560 37561 37562 157363 37163 156964 36764 156565 36365 156166 35966 155767 35567 155368 35168 
Label: 1501780
[3960,3759,]
3706 43907 84107 44307 84507 44707 84907 45107 85307 45507 85707 45907 86107 46307 86507 46707 86907 47107 87307 47507 87707 47907 88107 48307 88507 48707 88907 49107 89307 49507 89707 49907 9908 50109 90309 50509 10510 50711 90911 51111 11112 51313 91513 51713 11714 51915 92115 52315 12316 52517 92717 52917 12918 53119 93319 53519 13520 53721 93921 54121 94321 54521 14522 54723 94923 55123 95323 55523 95723 55923 96123 56323 96523 56723 96923 57123 97323 57523 97723 57923 98123 58323 98523 58723 98923 138922 18921 59120 99320 59520 99720 59920 100120 60320 100520 60720 100920 140919 20918 61117 101317 61517 101717 61917 102117 62317 102517 62717 102917 63117 103317 143316 23315 63514 103714 143713 23712 63911 104111 144110 24109 64308 104508 144507 24506 24505 64704 104904 144903 24902 24901 24900 65099 105299 145298 25297 25296 25295 65494 105694 145693 25692 25691 65890 106090 146089 26088 26087 66286 106486 66686 106886 67086 107286 147285 27284 67483 107683 67883 108083 68283 108483 68683 108883 69083 109283 69483 109683 69883 110083 70283 110483 70683 110883 71083 111283 71483 111683 71883 112083 72283 112483 72683 112883 73083 113283 73483 33484 73685 113885 74085 114285 74485 34486 74687 114887 75087 35088 75289 35290 75491 115691 75891 35892 76093 36094 76295 36296 76497 36498 76699 36700 76901 36902 77103 37104 77305 37306 37307 37308 37309 37310 37311 37312 37313 37314 37315 37316 37317 37318 37319 37320 37321 37322 37323 37324 37325 37326 37327 37328 37329 37330 37331 37332 37333 37334 37335 37336 37337 37338 37339 37340 37341 37342 37343 37344 37345 37346 37347 37348 37349 37350 37351 37352 37353 37354 37355 37356 37357 37358 37359 157160 117161 77162 37163 156964 36764 156565 36365 156166 35966 155767 35567 155368 35168 
Label: 1560098
[4070,3705,]
3706 43905 84105 44305 84505 44705 84905 45105 85305 45505 85705 45905 86105 46305 86505 46705 86905 47105 87305 47505 87705 47905 88105 48305 88505 48705 88905 49105 9106 49307 89507 49707 9708 49909 90109 50309 10310 50511 90711 50911 10912 51113 91313 51513 11514 51715 91915 52115 92315 52515 12516 52717 92917 53117 13118 53319 93519 53719 13720 53921 94121 54321 14322 54523 94723 54923 95123 55323 95523 55723 95923 56123 96323 56523 96723 56923 97123 57323 97523 57723 97923 58123 98323 58523 98723 138722 18721 58920 99120 59320 99520 59720 99920 60120 100320 60520 100720 60920 101120 141119 21118 61317 101517 61717 101917 62117 102317 62517 102717 62917 103117 143116 23115 63314 103514 63714 103914 143913 23912 64111 104311 144310 24309 64508 104507 144506 24505 64704 104703 144702 24701 64900 105100 145099 25098 65297 105296 145295 25294 65493 105693 145692 25691 65890 106090 146089 26088 66287 106487 66687 106887 146886 26885 67084 107284 67484 107684 67884 108084 148083 28082 68281 108481 68681 108881 69081 109281 69481 109681 69881 110081 70281 110481 70681 110881 71081 111281 71481 111681 71881 112081 72281 112481 72681 112881 73081 33082 33083 73284 113484 73684 113884 74084 34085 74286 114486 74686 34687 74888 115088 75288 35289 75490 35491 75692 115892 76092 36093 76294 36295 76496 36497 76698 36699 76900 36901 77102 37103 77304 37305 37306 37307 77508 37509 37510 37511 37512 37513 77714 37715 37716 37717 37718 37719 37720 37721 37722 37723 37724 37725 37726 37727 37728 37729 37730 37731 37732 37733 37734 37735 37736 37737 37738 37739 37740 37741 37742 37743 37744 37745 37746 37747 37748 37749 37750 37751 37752 37753 37754 37755 37756 37757 37758 157559 117560 77561 37562 157363 37163 156964 36764 156565 36365 156166 35966 155767 35567 155368 35168 
Label: 139861
[2900,4727,]
3706 43907 84107 44307 84507 44707 84907 45107 85307 45507 85707 45907 86107 46307 86507 46707 86907 47107 87307 47507 87707 47907 88107 48307 88507 48707 88907 49107 89307 49507 89707 49907 9908 50109 90309 50509 10510 50711 90911 51111 11112 51313 91513 51713 11714 51915 92115 52315 12316 52517 92717 52917 12918 53119 93319 53519 13520 53721 93921 54121 94321 54521 14522 54723 94923 55123 95323 55523 95723 55923 96123 56323 96523 56723 96923 57123 97323 57523 97723 57923 98123 58323 98523 58723 98923 138922 18921 59120 99320 59520 99720 59920 100120 60320 100520 140519 100719 60919 101119 61319 101519 61719 101919 62119 102319 62519 102719 62919 103119 63319 103519 63719 103919 64119 104319 64519 104719 64919 24920 65121 25122 65323 25324 65525 25526 65727 25728 65929 25930 66131 26132 66333 26334 66535 106735 66935 26936 67137 27138 67339 27340 67541 107741 67941 27942 68143 28144 68345 28346 68547 108747 68947 28948 69149 29150 69351 109551 69751 109951 70151 110351 70551 110751 70951 111151 71351 111551 71751 111951 72151 112351 72551 112751 72951 113151 73351 113551 73751 33752 73953 33954 74155 34156 74357 34358 74559 34560 74761 34762 74963 34964 75165 35166 35167 35168 
Label: 1531966
[4010,3721,]
3706 43907 84107 44307 84507 44707 84907 45107 85307 45507 85707 45907 86107 46307 86507 46707 86907 47107 87307 47507 87707 47907 88107 48307 88507 48707 88907 49107 89307 49507 89707 49907 9908 50109 90309 50509 10510 50711 90911 51111 11112 51313 91513 51713 11714 51915 92115 52315 12316 52517 92717 52917 12918 53119 93319 53519 13520 53721 93921 54121 94321 54521 14522 54723 94923 55123 95323 55523 95723 55923 96123 56323 96523 56723 96923 57123 97323 57523 97723 57923 98123 58323 98523 58723 98923 138922 18921 59120 99320 59520 99720 59920 100120 60320 100520 60720 100920 140919 20918 61117 101317 61517 101717 61917 102117 62317 102517 62717 102917 63117 103317 143316 23315 63514 103714 143713 23712 63911 104111 144110 24109 64308 104508 144507 24506 24505 64704 104904 144903 24902 24901 24900 65099 105299 145298 25297 25296 25295 65494 105694 145693 25692 25691 65890 106090 146089 26088 66287 106487 66687 106887 146886 26885 67084 107284 67484 107684 67884 108084 148083 28082 68281 108481 68681 108881 69081 109281 69481 109681 69881 110081 70281 110481 70681 110881 71081 111281 71481 111681 71881 112081 72281 112481 72681 112881 73081 33082 33083 73284 113484 73684 113884 74084 34085 74286 114486 74686 34687 74888 115088 75288 35289 75490 35491 75692 115892 76092 36093 76294 36295 76496 36497 76698 36699 76900 36901 77102 37103 77304 37305 37306 37307 77508 37509 37510 37511 37512 37513 37514 37515 37516 37517 37518 37519 37520 37521 37522 37523 37524 37525 37526 37527 37528 37529 37530 37531 37532 37533 37534 37535 37536 37537 37538 37539 37540 37541 37542 37543 37544 37545 37546 37547 37548 37549 37550 37551 37552 37553 37554 37555 37556 37557 37558 37559 37560 37561 37562 157363 37163 156964 36764 156565 36365 156166 35966 155767 35567 155368 35168 
Label: 82929
[2860,4952,]
3706 43905 84105 44305 84505 44705 84905 45105 85305 45505 85705 45905 86105 46305 86505 46705 86905 47105 87305 47505 87705 47905 88105 48305 88505 48705 88905 49105 9106 9107 49308 89508 49708 89908 50108 10109 50310 90510 50710 10711 50912 91112 51312 11313 51514 91714 51914 11915 52116 92316 52516 12517 52718 92918 53118 93318 53518 13519 53720 93920 54120 14121 54322 94522 54722 94922 55122 95322 55522 95722 55922 96122 56322 96522 56722 96922 57122 97322 57522 97722 57922 98122 58322 98522 58722 98922 138921 99121 59321 99521 59721 99921 60121 100321 60521 100721 60921 101121 61321 101521 61721 101921 62121 102321 62521 102721 62921 103121 63321 103521 63721 103921 64121 104321 64521 104721 64921 24922 65123 25124 65325 25326 65527 25528 65729 25730 65931 106131 66331 26332 66533 26534 66735 26736 66937 26938 67139 107339 67539 27540 67741 27742 67943 27944 68145 108345 68545 28546 68747 28748 68949 109149 69349 109549 69749 29750 69951 110151 70351 110551 70751 110951 71151 111351 71551 111751 71951 112151 72351 112551 72751 112951 73151 113351 73551 33552 73753 33754 73955 33956 74157 34158 74359 34360 74561 34562 74763 34764 74965 34966 75167 35168 
Label: 1491019
[3950,3766,]
3706 43907 84107 44307 84507 44707 84907 45107 85307 45507 85707 45907 86107 46307 86507 46707 86907 47107 87307 47507 87707 47907 88107 48307 88507 48707 88907 49107 89307 49507 89707 49907 9908 50109 90309 50509 10510 50711 90911 51111 11112 51313 91513 51713 11714 51915 92115 52315 12316 52517 92717 52917 12918 53119 93319 53519 13520 53721 93921 54121 94321 54521 14522 54723 94923 55123 95323 55523 95723 55923 96123 56323 96523 56723 96923 57123 97323 57523 97723 57923 98123 58323 98523 58723 98923 138922 18921 59120 99320 59520 99720 59920 100120 60320 100520 60720 100920 140919 20918 61117 101317 61517 101717 61917 102117 62317 102517 62717 102917 63117 103317 143316 23315 63514 103714 143713 23712 63911 104111 144110 24109 64308 104508 144507 24506 24505 64704 104904 144903 24902 24901 24900 65099 105299 145298 25297 25296 25295 65494 105694 145693 25692 65891 106091 146090 26089 66288 106488 146487 26486 66685 106885 67085 107285 67485 107685 147684 27683 67882 108082 68282 108482 68682 108882 69082 109282 69482 109682 69882 110082 70282 110482 70682 110882 71082 111282 71482 111682 71882 112082 72282 112482 72682 112882 73082 33083 73284 113484 73684 113884 74084 34085 74286 114486 74686 34687 74888 115088 75288 35289 75490 35491 75692 115892 76092 36093 76294 36295 76496 36497 76698 36699 76900 36901 77102 37103 37104 37105 37106 37107 37108 37109 37110 37111 37112 37113 37114 37115 37116 37117 37118 37119 37120 37121 37122 37123 37124 37125 37126 37127 37128 37129 37130 37131 37132 37133 37134 37135 37136 37137 37138 37139 37140 37141 37142 37143 37144 37145 37146 37147 37148 37149 37150 37151 37152 37153 37154 37155 37156 37157 37158 37159 37160 37161 37162 37163 156964 36764 156565 36365 156166 35966 155767 35567 155368 35168 
Label: 66169
[2850,4958,]
3706 43907 84107 44307 84507 44707 84907 45107 85307 45507 85707 45907 86107 46307 86507 46707 86907 47107 87307 47507 87707 47907 88107 48307 88507 48707 88907 49107 89307 49507 89707 49708 89908 50108 10109 50310 90510 50710 10711 50912 91112 51312 11313 51514 91714 51914 11915 52116 92316 52516 12517 52718 92918 53118 93318 53518 13519 53720 93920 54120 14121 54322 94522 54722 94922 55122 95322 55522 95722 55922 96122 56322 96522 56722 96922 57122 97322 57522 97722 57922 98122 58322 98522 58722 98922 138921 99121 59321 99521 59721 99921 60121 100321 60521 100721 60921 101121 61321 101521 61721 101921 62121 102321 62521 102721 62921 103121 63321 103521 63721 103921 64121 104321 64521 104721 64921 24922 65123 25124 65325 25326 65527 25528 65729 25730 65931 106131 66331 26332 66533 26534 66735 26736 66937 26938 67139 107339 67539 27540 67741 27742 67943 27944 68145 108345 68545 28546 68747 28748 68949 109149 69349 109549 69749 29750 69951 110151 70351 110551 70751 110951 71151 111351 71551 111751 71951 112151 72351 112551 72751 112951 73151 113351 73551 33552 73753 33754 73955 33956 74157 34158 74359 34360 74561 34562 74763 34764 74965 34966 75167 35168 
Label: 1167050
[3720,4598,]
3706 43907 84107 44307 84507 44707 84907 45107 85307 45507 85707 45907 86107 46307 86507 46707 86907 47107 87307 47507 87707 47907 88107 48307 88507 48707 88907 49107 89307 49507 89707 49907 9908 50109 90309 50509 10510 50711 90911 51111 11112 51313 91513 51713 11714 51915 92115 52315 12316 52517 92717 52917 12918 53119 93319 53519 13520 53721 93921 54121 94321 54521 94721 54921 95121 55321 95521 55721 95921 56121 96321 56521 96721 56921 97121 57321 97521 57721 97921 58121 98321 58521 98721 58921 99121 59321 99521 59721 99921 60121 100321 140320 20319 60518 100718 60918 101118 61318 101518 61718 101918 62118 102318 142317 22316 62515 102715 62915 103115 63315 103515 143514 23513 63712 103912 143911 23910 64109 104309 144308 24307 64506 104706 144705 24704 24703 24702 64901 105101 145100 25099 25098 25097 65296 105496 145495 25494 65693 105893 145892 25891 66090 106290 146289 26288 66487 106687 66887 107087 67287 107487 67687 107887 68087 108287 68487 108687 68887 109087 69287 109487 69687 109887 70087 110287 70487 110687 70887 111087 71287 111487 71687 111887 72087 112287 72487 112687 72887 113087 73287 113487 73687 113887 74087 114287 74487 34488 74689 34690 74891 34892 75093 35094 75295 35296 75497 35498 75699 35700 75901 35902 76103 36104 76305 36306 36307 36308 36309 36310 36311 36312 36313 36314 36315 36316 36317 36318 36319 36320 36321 36322 36323 36324 36325 36326 36327 36328 36329 36330 36331 36332 36333 36334 36335 36336 36337 36338 36339 36340 36341 36342 36343 36344 36345 36346 36347 36348 36349 36350 36351 36352 36353 36354 36355 36356 36357 36358 36359 36360 36361 36362 36363 36364 36365 156166 35966 155767 35567 155368 35168 
Label: 182391
[2940,4680,]
3706 43905 84105 44305 84505 44705 84905 45105 85305 45505 85705 45905 86105 46305 86505 46705 86905 47105 87305 47505 87705 47905 88105 48305 88505 48705 88905 49105 9106 49307 89507 49707 9708 49909 90109 50309 10310 50511 90711 50911 10912 51113 91313 51513 11514 51715 91915 52115 92315 52515 12516 52717 92917 53117 13118 53319 93519 53719 13720 53921 94121 54321 14322 54523 94723 54923 95123 55323 95523 55723 95923 56123 96323 56523 96723 56923 97123 57323 97523 57723 97923 58123 98323 58523 98723 138722 18721 58920 99120 59320 99520 59720 99920 60120 100320 60520 100720 60920 101120 141119 21118 61317 101517 61717 101917 62117 102317 62517 102717 62917 103117 63317 103517 63717 103917 64117 104317 64517 24518 64719 24720 64921 24922 65123 25124 65325 25326 65527 25528 65729 25730 65931 106131 66331 26332 66533 26534 66735 26736 66937 26938 67139 107339 67539 27540 67741 27742 67943 27944 68145 108345 68545 28546 68747 28748 68949 109149 69349 109549 69749 29750 69951 110151 70351 110551 70751 110951 71151 111351 71551 111751 71951 112151 72351 112551 72751 112951 73151 113351 73551 33552 73753 33754 73955 33956 74157 34158 74359 34360 74561 34562 74763 34764 74965 34966 75167 35168 
Label: 114693
[2880,4749,]
3706 43907 84107 44307 84507 44707 84907 45107 85307 45507 85707 45907 86107 46307 86507 46707 86907 47107 87307 47507 87707 47907 88107 48307 88507 48707 88907 49107 89307 49507 89707 49708 89908 50108 10109 50310 90510 50710 10711 50912 91112 51312 11313 51514 91714 51914 11915 52116 92316 52516 12517 52718 92918 53118 93318 53518 13519 53720 93920 54120 14121 54322 94522 54722 94922 55122 95322 55522 95722 55922 96122 56322 96522 56722 96922 57122 97322 57522 97722 57922 98122 58322 98522 58722 98922 59122 99322 139321 19320 59519 99719 59919 100119 60319 100519 60719 100919 61119 101319 61519 101719 61919 102119 62319 102519 62719 102919 63119 103319 63519 103719 63919 104119 64319 104519 64719 24720 64921 24922 65123 25124 65325 25326 65527 25528 65729 25730 65931 106131 66331 26332 66533 26534 66735 26736 66937 26938 67139 107339 67539 27540 67741 27742 67943 27944 68145 108345 68545 28546 68747 28748 68949 109149 69349 109549 69749 29750 69951 110151 70351 110551 70751 110951 71151 111351 71551 111751 71951 112151 72351 112551 72751 112951 73151 113351 73551 33552 73753 33754 73955 33956 74157 34158 74359 34360 74561 34562 74763 34764 74965 34966 75167 35168 
Label: 1404787
[3850,3950,]
3706 43907 84107 44307 84507 44707 84907 45107 85307 45507 85707 45907 86107 46307 86507 46707 86907 47107 87307 47507 87707 47907 88107 48307 88507 48707 88907 49107 89307 49507 89707 49907 9908 50109 90309 50509 10510 50711 90911 51111 11112 51313 91513 51713 11714 51915 92115 52315 12316 52517 92717 52917 12918 53119 93319 53519 13520 53721 93921 54121 94321 54521 14522 54723 94923 55123 95323 55523 95723 55923 96123 56323 96523 56723 96923 57123 97323 57523 97723 57923 98123 58323 98523 58723 98923 138922 18921 59120 99320 59520 99720 59920 100120 60320 100520 60720 100920 140919 20918 61117 101317 61517 101717 61917 102117 62317 102517 62717 102917 63117 103317 143316 23315 63514 103714 143713 23712 63911 104111 144110 24109 64308 104508 144507 24506 24505 64704 104904 144903 24902 24901 24900 65099 105299 145298 25297 25296 25295 65494 105694 145693 25692 65891 106091 146090 26089 66288 106488 146487 26486 66685 106885 67085 107285 67485 107685 67885 108085 68285 108485 68685 108885 69085 109285 69485 109685 69885 110085 70285 110485 70685 110885 71085 111285 71485 111685 71885 112085 72285 112485 72685 112885 73085 113285 73485 113685 73885 114085 74285 34286 74487 114687 74887 34888 75089 115289 75489 35490 75691 35692 75893 35894 76095 36096 76297 36298 76499 36500 76701 36702 36703 36704 36705 36706 36707 36708 36709 36710 36711 36712 36713 36714 36715 36716 36717 36718 36719 36720 36721 36722 36723 36724 36725 36726 36727 36728 36729 36730 36731 36732 36733 36734 36735 36736 36737 36738 36739 36740 36741 36742 36743 36744 36745 36746 36747 36748 36749 36750 36751 36752 36753 36754 36755 36756 36757 36758 36759 36760 36761 36762 36763 36764 156565 36365 156166 35966 155767 35567 155368 35168 
Label: 1326789
[3790,4188,]
3706 43907 84107 44307 84507 44707 84907 45107 85307 45507 85707 45907 86107 46307 86507 46707 86907 47107 87307 47507 87707 47907 88107 48307 88507 48707 88907 49107 89307 49507 89707 49907 9908 9909 50110 90310 50510 10511 50712 90912 51112 91312 51512 11513 51714 91914 52114 12115 52316 92516 52716 12717 52918 93118 53318 13319 53520 93720 53920 13921 54122 94322 54522 94722 54922 95122 55322 95522 55722 95922 56122 96322 56522 96722 56922 97122 57322 97522 57722 97922 58122 98322 58522 98722 58922 99122 59322 99522 139521 19520 59719 99919 60119 100319 60519 100719 60919 101119 61319 101519 61719 101919 141918 21917 62116 102316 62516 102716 62916 103116 63316 103516 143515 23514 63713 103913 143912 23911 64110 104310 144309 24308 24307 64506 104706 144705 24704 24703 24702 64901 105101 145100 25099 25098 25097 65296 105496 145495 25494 65693 105893 145892 25891 66090 106290 146289 26288 66487 106687 66887 107087 67287 107487 67687 107887 68087 108287 68487 108687 68887 109087 69287 109487 69687 109887 70087 110287 70487 110687 70887 111087 71287 111487 71687 111887 72087 112287 72487 112687 72887 113087 73287 113487 73687 113887 74087 114287 74487 114687 74887 34888 75089 35090 75291 35292 75493 35494 75695 35696 75897 35898 76099 36100 76301 36302 76503 36504 76705 36706 36707 36708 36709 36710 36711 36712 36713 36714 36715 36716 36717 36718 36719 36720 36721 36722 36723 36724 36725 36726 36727 36728 36729 36730 36731 36732 36733 36734 36735 36736 36737 36738 36739 36740 36741 36742 36743 36744 36745 36746 36747 36748 36749 36750 36751 36752 36753 36754 36755 36756 36757 36758 36759 36760 36761 36762 36763 36764 156565 36365 156166 35966 155767 35567 155368 35168 
Label: 98627
[2870,4848,]
3706 43907 84107 44307 84507 44707 84907 45107 85307 45507 85707 45907 86107 46307 86507 46707 86907 47107 87307 47507 87707 47907 88107 48307 88507 48707 88907 49107 89307 49507 89707 49907 9908 9909 50110 90310 50510 10511 50712 90912 51112 91312 51512 11513 51714 91914 52114 12115 52316 92516 52716 12717 52918 93118 53318 13319 53520 93720 53920 13921 54122 94322 54522 94722 54922 95122 55322 95522 55722 95922 56122 96322 56522 96722 56922 97122 57322 97522 57722 97922 58122 98322 58522 98722 58922 98921 59121 99321 59521 99721 139720 99920 60120 100320 60520 100720 60920 101120 61320 101520 61720 101920 62120 102320 62520 102720 62920 103120 63320 103520 63720 103920 64120 104320 64520 104720 64920 24921 65122 25123 65324 25325 65526 25527 65728 25729 65930 25931 66132 26133 66334 106534 66734 26735 66936 26937 67138 27139 67340 27341 67542 107742 67942 27943 68144 28145 68346 108546 68746 28747 68948 109148 69348 29349 69550 29551 69752 109952 70152 110352 70552 110752 70952 111152 71352 111552 71752 111952 72152 112352 72552 112752 72952 113152 73352 113552 73752 33753 73954 33955 74156 34157 74358 34359 74560 34561 74762 34763 74964 34965 75166 35167 35168 
Label: 1415094
[3860,3924,]
3706 43907 84107 44307 84507 44707 84907 45107 85307 45507 85707 45907 86107 46307 86507 46707 86907 47107 87307 47507 87707 47907 88107 48307 88507 48707 88907 49107 89307 49507 89707 49907 9908 50109 90309 50509 10510 50711 90911 51111 11112 51313 91513 51713 11714 51915 92115 52315 12316 52517 92717 52917 12918 53119 93319 53519 13520 53721 93921 54121 94321 54521 14522 54723 94923 55123 95323 55523 95723 55923 96123 56323 96523 56723 96923 57123 97323 57523 97723 57923 98123 58323 98523 58723 98923 138922 18921 59120 99320 59520 99720 59920 100120 60320 100520 60720 100920 140919 20918 61117 101317 61517 101717 61917 102117 62317 102517 62717 102917 63117 103317 143316 23315 63514 103714 143713 23712 63911 104111 144110 24109 64308 104508 144507 24506 24505 64704 104904 144903 24902 24901 24900 65099 105299 145298 25297 25296 25295 65494 105694 145693 25692 25691 65890 106090 146089 26088 66287 106487 66687 106887 146886 26885 67084 107284 67484 107684 67884 108084 68284 108484 68684 108884 69084 109284 69484 109684 69884 110084 70284 110484 70684 110884 71084 111284 71484 111684 71884 112084 72284 112484 72684 112884 73084 113284 73484 113684 73884 33885 74086 114286 74486 34487 74688 114888 75088 35089 75290 35291 75492 35493 75694 35695 75896 35897 76098 36099 76300 36301 76502 36503 76704 36705 36706 36707 36708 36709 36710 36711 36712 36713 36714 36715 36716 36717 36718 36719 36720 36721 36722 36723 36724 36725 36726 36727 36728 36729 36730 36731 36732 36733 36734 36735 36736 36737 36738 36739 36740 36741 36742 36743 36744 36745 36746 36747 36748 36749 36750 36751 36752 36753 36754 36755 36756 36757 36758 36759 36760 36761 36762 36763 36764 156565 36365 156166 35966 155767 35567 155368 35168 
Label: 43941
[2840,5065,]
3706 43905 84105 44305 84505 44705 84905 45105 85305 45505 85705 45905 86105 46305 86505 46705 86905 47105 87305 47505 87705 47905 88105 48305 88505 48705 88905 49105 9106 49307 89507 49707 9708 49909 90109 50309 10310 50511 90711 50911 10912 51113 91313 51513 11514 51715 91915 52115 92315 52515 12516 52717 92917 53117 13118 53319 93519 53719 13720 53921 94121 54321 94521 54721 94921 55121 95321 55521 95721 55921 96121 56321 96521 56721 96921 57121 97321 57521 97721 57921 98121 58321 98521 58721 98921 59121 99321 59521 99721 59921 100121 60321 100521 60721 100921 61121 101321 61521 101721 61921 102121 62321 102521 62721 102921 63121 103321 63521 103721 63921 104121 64321 104521 64721 104921 65121 25122 65323 25324 65525 25526 65727 25728 65929 25930 66131 26132 66333 26334 66535 106735 66935 26936 67137 27138 67339 27340 67541 107741 67941 27942 68143 28144 68345 28346 68547 108747 68947 28948 69149 29150 69351 109551 69751 109951 70151 110351 70551 110751 70951 111151 71351 111551 71751 111951 72151 112351 72551 112751 72951 113151 73351 113551 73751 33752 73953 33954 74155 34156 74357 34358 74559 34560 74761 34762 74963 34964 75165 35166 35167 35168 
Label: 1452389
[3900,3837,]
3706 43907 84107 44307 84507 44707 84907 45107 85307 45507 85707 45907 86107 46307 86507 46707 86907 47107 87307 47507 87707 47907 88107 48307 88507 48707 88907 49107 89307 49507 89707 49907 9908 50109 90309 50509 10510 50711 90911 51111 11112 51313 91513 51713 11714 51915 92115 52315 12316 52517 92717 52917 12918 53119 93319 53519 13520 53721 93921 54121 94321 54521 14522 54723 94923 55123 95323 55523 95723 55923 96123 56323 96523 56723 96923 57123 97323 57523 97723 57923 98123 58323 98523 58723 98923 138922 18921 59120 99320 59520 99720 59920 100120 60320 100520 60720 100920 140919 20918 61117 101317 61517 101717 61917 102117 62317 102517 62717 102917 63117 103317 143316 23315 63514 103714 143713 23712 63911 104111 144110 24109 64308 104508 144507 24506 24505 64704 104904 144903 24902 24901 24900 65099 105299 145298 25297 25296 25295 65494 105694 145693 25692 25691 65890 106090 146089 26088 66287 106487 66687 106887 146886 26885 67084 107284 67484 107684 67884 108084 68284 108484 68684 108884 69084 109284 69484 109684 69884 110084 70284 110484 70684 110884 71084 111284 71484 111684 71884 112084 72284 112484 72684 112884 73084 113284 73484 113684 73884 33885 74086 114286 74486 34487 74688 114888 75088 35089 75290 35291 75492 35493 75694 35695 75896 35897 76098 36099 76300 36301 76502 36503 76704 36705 76906 36907 77108 37109 37110 37111 37112 37113 37114 37115 37116 37117 37118 37119 37120 37121 37122 37123 37124 37125 37126 37127 37128 37129 37130 37131 37132 37133 37134 37135 37136 37137 37138 37139 37140 37141 37142 37143 37144 37145 37146 37147 37148 37149 37150 37151 37152 37153 37154 37155 37156 37157 37158 37159 37160 37161 37162 37163 156964 36764 156565 36365 156166 35966 155767 35567 155368 35168 
