graph_load_time: 0.071342
n_generated: 13541
n_expanded: 5891
n_domCheck: 39551
rt_initHeu: 0.0702912
rt_search: 0.153216
N: 13
Label: 2745
[154,20600,]
1010 1011 1111 1211 1311 1411 1511 1611 1711 1811 1911 2011 2111 2211 2311 2411 2412 2413 2513 2514 2515 2615 2616 2716 2816 2916 2917 3017 3018 3019 3020 3120 3220 3320 3420 3520 3620 3720 3820 3920 4020 4120 4121 4221 4222 4223 4224 4225 4226 4227 4228 4229 4329 4330 4331 4332 4333 4334 4335 4435 4535 4635 4735 4835 4935 4936 5036 5136 5236 5336 5436 5536 5636 5637 5638 5639 5640 5641 5642 5643 5644 5744 5745 5845 5945 6045 6145 6245 6345 6445 6545 6645 6745 6845 6945 7045 7145 7245 7345 7445 7545 7645 7745 7845 7945 8045 8145 8146 8246 8247 8347 8348 8349 8350 8351 8352 8353 8354 8355 8356 8357 8358 8359 8459 8460 8461 8561 8562 8563 8663 8664 8665 8666 8667 8668 8669 8670 8671 8672 8673 8674 8675 8676 8677 8678 8679 8779 8879 8979 9079 9179 9279 9379 9479 9480 
Label: 19749
[170,17098,]
1010 1011 1111 1211 1311 1411 1511 1611 1711 1811 1911 2011 2111 2211 2311 2411 2412 2413 2513 2514 2515 2615 2616 2716 2816 2916 2917 3017 3018 3019 3020 3120 3220 3320 3420 3520 3620 3720 3820 3920 4020 4120 4121 4221 4321 4421 4521 4520 4620 4619 4618 4718 4717 4716 4816 4815 4814 4914 5014 5114 5214 5314 5414 5514 5614 5714 5814 5914 6014 6114 6214 6314 6315 6415 6416 6516 6517 6617 6717 6817 6917 7017 7117 7217 7317 7417 7517 7518 7618 7619 7719 7720 7721 7722 7723 7724 7624 7625 7626 7627 7628 7629 7630 7631 7632 7633 7634 7635 7636 7637 7737 7738 7739 7740 7741 7742 7743 7744 7745 7845 7945 8045 8145 8146 8246 8247 8347 8348 8349 8350 8351 8352 8353 8354 8355 8356 8357 8358 8359 8459 8460 8461 8561 8562 8563 8663 8664 8665 8666 8667 8668 8669 8670 8671 8672 8673 8674 8675 8676 8677 8678 8679 8779 8879 8979 9079 9179 9279 9379 9479 9480 
Label: 6513
[156,19164,]
1010 1011 1111 1211 1311 1411 1511 1611 1711 1811 1911 2011 2111 2211 2311 2411 2412 2413 2513 2514 2515 2615 2616 2716 2816 2916 2917 3017 3018 3019 3020 3120 3220 3320 3420 3520 3620 3720 3820 3920 4020 4120 4121 4221 4222 4223 4224 4225 4226 4227 4228 4229 4329 4330 4331 4332 4333 4334 4335 4435 4535 4635 4735 4835 4935 5035 5135 5235 5335 5435 5535 5635 5735 5835 5935 6035 6135 6134 6234 6334 6434 6534 6634 6734 6834 6934 7034 7134 7234 7334 7335 7435 7436 7536 7636 7637 7737 7738 7739 7740 7741 7742 7743 7744 7745 7845 7945 8045 8145 8146 8246 8247 8347 8348 8349 8350 8351 8352 8353 8354 8355 8356 8357 8358 8359 8459 8460 8461 8561 8562 8563 8663 8664 8665 8666 8667 8668 8669 8670 8671 8672 8673 8674 8675 8676 8677 8678 8679 8779 8879 8979 9079 9179 9279 9379 9479 9480 
Label: 9173
[158,18238,]
1010 1011 1111 1211 1311 1411 1511 1611 1711 1811 1911 2011 2111 2211 2311 2411 2412 2413 2513 2514 2515 2615 2616 2716 2816 2916 2917 3017 3018 3019 3020 3120 3220 3320 3420 3520 3620 3720 3820 3920 4020 4120 4121 4221 4222 4223 4224 4225 4226 4227 4228 4229 4329 4330 4331 4332 4333 4334 4335 4435 4535 4635 4735 4835 4935 5035 5135 5235 5335 5435 5535 5635 5735 5835 5935 6035 6135 6134 6234 6334 6333 6433 6533 6633 6733 6833 6933 7033 7133 7233 7333 7334 7335 7435 7436 7536 7636 7637 7737 7738 7739 7740 7741 7742 7743 7744 7745 7845 7945 8045 8145 8146 8246 8247 8347 8348 8349 8350 8351 8352 8353 8354 8355 8356 8357 8358 8359 8459 8460 8461 8561 8562 8563 8663 8664 8665 8666 8667 8668 8669 8670 8671 8672 8673 8674 8675 8676 8677 8678 8679 8779 8879 8979 9079 9179 9279 9379 9479 9480 
Label: 10893
[160,17579,]
1010 1011 1111 1211 1311 1411 1511 1611 1711 1811 1911 2011 2111 2211 2311 2411 2412 2413 2513 2514 2515 2615 2616 2716 2816 2916 2917 3017 3018 3019 3020 3120 3220 3320 3420 3520 3620 3720 3820 3920 4020 4120 4121 4221 4222 4223 4224 4225 4226 4227 4228 4229 4329 4330 4331 4332 4333 4334 4335 4435 4535 4635 4735 4835 4935 4936 5036 5136 5236 5336 5436 5536 5636 5736 5836 5835 5935 6035 6135 6134 6234 6334 6333 6433 6533 6633 6733 6833 6933 7033 7133 7233 7333 7334 7335 7435 7436 7536 7636 7637 7737 7738 7739 7740 7741 7742 7743 7744 7745 7845 7945 8045 8145 8146 8246 8247 8347 8348 8349 8350 8351 8352 8353 8354 8355 8356 8357 8358 8359 8459 8460 8461 8561 8562 8563 8663 8664 8665 8666 8667 8668 8669 8670 8671 8672 8673 8674 8675 8676 8677 8678 8679 8779 8879 8979 9079 9179 9279 9379 9479 9480 
Label: 12789
[162,17573,]
1010 1011 1111 1211 1311 1411 1511 1611 1711 1811 1911 2011 2010 2110 2210 2310 2410 2411 2412 2413 2513 2514 2515 2615 2616 2716 2816 2916 2917 3017 3018 3019 3020 3120 3220 3320 3420 3520 3620 3720 3820 3920 4020 4120 4121 4221 4222 4223 4224 4225 4226 4227 4228 4229 4329 4330 4331 4332 4333 4334 4335 4435 4535 4635 4735 4835 4935 4936 5036 5136 5236 5336 5436 5536 5636 5736 5836 5835 5935 6035 6135 6134 6234 6334 6333 6433 6533 6633 6733 6833 6933 7033 7133 7233 7333 7334 7335 7435 7436 7536 7636 7637 7737 7738 7739 7740 7741 7742 7743 7744 7745 7845 7945 8045 8145 8146 8246 8247 8347 8348 8349 8350 8351 8352 8353 8354 8355 8356 8357 8358 8359 8459 8460 8461 8561 8562 8563 8663 8664 8665 8666 8667 8668 8669 8670 8671 8672 8673 8674 8675 8676 8677 8678 8679 8779 8879 8979 9079 9179 9279 9379 9479 9480 
Label: 16533
[166,17170,]
1010 1011 1111 1211 1311 1411 1511 1611 1711 1811 1911 2011 2111 2211 2311 2411 2412 2413 2513 2514 2515 2615 2616 2716 2816 2916 2917 3017 3018 3019 3020 3120 3220 3320 3420 3520 3620 3720 3820 3920 4020 4120 4220 4320 4420 4520 4620 4619 4618 4718 4717 4716 4816 4815 4814 4914 5014 5114 5214 5314 5414 5514 5614 5714 5814 5914 6014 6114 6214 6314 6315 6415 6416 6516 6517 6617 6717 6817 6917 7017 7117 7217 7317 7417 7517 7518 7618 7619 7620 7621 7622 7623 7624 7625 7626 7627 7628 7629 7630 7631 7632 7633 7634 7635 7636 7637 7737 7738 7739 7740 7741 7742 7743 7744 7745 7845 7945 8045 8145 8146 8246 8247 8347 8348 8349 8350 8351 8352 8353 8354 8355 8356 8357 8358 8359 8459 8460 8461 8561 8562 8563 8663 8664 8665 8666 8667 8668 8669 8670 8671 8672 8673 8674 8675 8676 8677 8678 8679 8779 8879 8979 9079 9179 9279 9379 9479 9480 
Label: 14725
[164,17567,]
1010 1011 1111 1211 1311 1411 1511 1611 1711 1811 1911 2011 2010 2110 2210 2310 2410 2411 2412 2413 2513 2514 2515 2615 2616 2716 2816 2916 2917 3017 3018 3019 3020 3120 3220 3320 3420 3520 3620 3720 3820 3920 4020 4120 4121 4221 4222 4223 4224 4225 4226 4227 4228 4229 4329 4330 4331 4332 4333 4334 4335 4435 4535 4635 4735 4835 4935 4936 5036 5136 5236 5336 5436 5536 5636 5736 5836 5835 5935 6035 6135 6134 6234 6334 6333 6433 6533 6633 6733 6833 6933 7033 7133 7233 7333 7334 7335 7435 7436 7536 7636 7637 7737 7738 7739 7740 7741 7742 7743 7744 7745 7845 7945 8045 8145 8146 8246 8247 8347 8348 8349 8350 8351 8352 8353 8354 8355 8356 8357 8358 8359 8459 8460 8461 8561 8562 8563 8663 8664 8665 8666 8667 8668 8669 8670 8570 8571 8572 8573 8574 8575 8576 8577 8578 8579 8679 8779 8879 8979 9079 9179 9279 9379 9479 9480 
Label: 18181
[168,17109,]
1010 1011 1111 1211 1311 1411 1511 1611 1711 1811 1911 2011 2111 2211 2311 2411 2412 2413 2513 2514 2515 2615 2616 2716 2816 2916 2917 3017 3018 3019 3020 3120 3220 3320 3420 3520 3620 3720 3820 3920 4020 4120 4220 4320 4420 4520 4620 4619 4618 4718 4717 4716 4816 4815 4814 4914 5014 5114 5214 5314 5414 5514 5614 5714 5814 5914 6014 6114 6214 6314 6315 6415 6416 6516 6517 6617 6717 6817 6917 7017 7117 7217 7317 7417 7517 7518 7618 7619 7719 7720 7721 7722 7723 7724 7624 7625 7626 7627 7628 7629 7630 7631 7632 7633 7634 7635 7636 7637 7737 7738 7739 7740 7741 7742 7743 7744 7745 7845 7945 8045 8145 8146 8246 8247 8347 8348 8349 8350 8351 8352 8353 8354 8355 8356 8357 8358 8359 8459 8460 8461 8561 8562 8563 8663 8664 8665 8666 8667 8668 8669 8670 8671 8672 8673 8674 8675 8676 8677 8678 8679 8779 8879 8979 9079 9179 9279 9379 9479 9480 
Label: 21493
[172,17092,]
1010 1011 1111 1211 1311 1411 1511 1611 1711 1811 1911 2011 2010 2110 2210 2310 2410 2411 2412 2413 2513 2514 2515 2615 2616 2716 2816 2916 2917 3017 3018 3019 3020 3120 3220 3320 3420 3520 3620 3720 3820 3920 4020 4120 4121 4221 4321 4421 4521 4520 4620 4619 4618 4718 4717 4716 4816 4815 4814 4914 5014 5114 5214 5314 5414 5514 5614 5714 5814 5914 6014 6114 6214 6314 6315 6415 6416 6516 6517 6617 6717 6817 6917 7017 7117 7217 7317 7417 7517 7518 7618 7619 7719 7720 7721 7722 7723 7724 7624 7625 7626 7627 7628 7629 7630 7631 7632 7633 7634 7635 7636 7637 7737 7738 7739 7740 7741 7742 7743 7744 7745 7845 7945 8045 8145 8146 8246 8247 8347 8348 8349 8350 8351 8352 8353 8354 8355 8356 8357 8358 8359 8459 8460 8461 8561 8562 8563 8663 8664 8665 8666 8667 8668 8669 8670 8671 8672 8673 8674 8675 8676 8677 8678 8679 8779 8879 8979 9079 9179 9279 9379 9479 9480 
Label: 23209
[176,17083,]
1010 1011 1111 1211 1311 1411 1511 1611 1711 1811 1911 2011 2010 2110 2210 2310 2410 2411 2412 2413 2513 2514 2515 2615 2616 2716 2816 2916 2917 3017 3018 3019 3020 3120 3220 3320 3420 3520 3620 3720 3820 3920 4020 4120 4121 4221 4321 4421 4521 4520 4620 4619 4618 4718 4717 4716 4816 4815 4814 4914 4913 5013 5113 5213 5214 5314 5414 5514 5614 5714 5814 5914 6014 6114 6214 6314 6315 6415 6416 6516 6517 6617 6717 6817 6917 7017 7117 7217 7317 7417 7517 7518 7618 7619 7719 7720 7721 7722 7723 7724 7624 7625 7626 7627 7628 7629 7630 7631 7632 7633 7634 7635 7636 7637 7737 7738 7739 7740 7741 7742 7743 7744 7745 7845 7945 8045 8145 8146 8246 8247 8347 8348 8349 8350 8351 8352 8353 8354 8355 8356 8357 8358 8359 8459 8460 8461 8561 8562 8563 8663 8664 8665 8666 8667 8668 8669 8670 8570 8571 8572 8573 8574 8575 8576 8577 8578 8579 8679 8779 8879 8979 9079 9179 9279 9379 9479 9480 
Label: 22781
[174,17086,]
1010 1011 1111 1211 1311 1411 1511 1611 1711 1811 1911 2011 2010 2110 2210 2310 2410 2411 2412 2413 2513 2514 2515 2615 2616 2716 2816 2916 2917 3017 3018 3019 3020 3120 3220 3320 3420 3520 3620 3720 3820 3920 4020 4120 4121 4221 4321 4421 4521 4520 4620 4619 4618 4718 4717 4716 4816 4815 4814 4914 5014 5114 5214 5314 5414 5514 5614 5714 5814 5914 6014 6114 6214 6314 6315 6415 6416 6516 6517 6617 6717 6817 6917 7017 7117 7217 7317 7417 7517 7518 7618 7619 7719 7720 7721 7722 7723 7724 7624 7625 7626 7627 7628 7629 7630 7631 7632 7633 7634 7635 7636 7637 7737 7738 7739 7740 7741 7742 7743 7744 7745 7845 7945 8045 8145 8146 8246 8247 8347 8348 8349 8350 8351 8352 8353 8354 8355 8356 8357 8358 8359 8459 8460 8461 8561 8562 8563 8663 8664 8665 8666 8667 8668 8669 8670 8570 8571 8572 8573 8574 8575 8576 8577 8578 8579 8679 8779 8879 8979 9079 9179 9279 9379 9479 9480 
Label: 23541
[178,17082,]
1010 1011 1111 1211 1311 1411 1511 1611 1711 1811 1911 2011 2010 2110 2210 2310 2410 2411 2412 2413 2513 2514 2515 2615 2616 2716 2816 2916 2917 3017 3018 3019 3020 3120 3220 3320 3420 3520 3620 3720 3820 3920 4020 4120 4121 4221 4321 4421 4521 4520 4620 4619 4618 4718 4717 4716 4816 4815 4814 4914 4913 5013 5113 5213 5214 5314 5414 5514 5614 5714 5814 5914 6014 6114 6214 6314 6315 6415 6416 6516 6517 6617 6717 6817 6917 7017 7117 7217 7317 7417 7517 7518 7618 7619 7719 7720 7721 7722 7723 7724 7624 7625 7626 7627 7628 7629 7630 7631 7632 7633 7634 7635 7636 7637 7737 7738 7739 7740 7741 7742 7743 7744 7745 7845 7945 8045 8145 8146 8246 8247 8347 8348 8349 8350 8351 8352 8353 8354 8355 8356 8357 8358 8359 8459 8460 8461 8561 8562 8563 8663 8664 8665 8765 8766 8866 8966 9066 9166 9266 9267 9367 9467 9468 9568 9569 9669 9670 9671 9672 9673 9674 9675 9676 9677 9678 9679 9579 9479 9480 
