graph_load_time: 0.284616
n_generated: 16039
n_expanded: 7037
n_domCheck: 44799
rt_initHeu: 0.281872
rt_search: 0.172846
N: 16
Label: 27191
[228,1608377,]
17431 17231 17031 16831 16631 16431 16231 16031 15831 15631 15632 15633 15634 15635 15636 15637 15638 15639 15640 15641 15642 15643 15644 15645 15646 15647 15648 15649 15650 15651 15652 15653 15654 15655 15656 15657 15658 15458 15258 15259 15260 15261 15262 15263 15264 15265 15266 15267 15268 15269 15270 15271 15272 15273 15274 15275 15276 15277 15278 15279 15280 15281 15282 15283 15284 15285 15286 15287 15288 15289 15290 15291 15292 15293 15294 15295 15296 15297 15298 15299 15300 15301 15302 15303 15304 15305 15306 15307 15308 15309 15310 15311 15312 15313 15314 15315 15316 15317 15318 15319 15320 15321 15322 15323 15324 15524 15724 15725 15925 15926 16126 16127 16327 16527 16528 16728 16729 16929 16930 17130 17131 17331 17332 17532 17533 17733 17734 17934 17935 18135 18136 18336 18337 18537 18538 18539 18739 18740 18940 18941 18942 19142 19143 19144 19344 19345 19346 19546 19547 19548 19549 19749 19750 19751 19752 19952 19953 19954 19955 20155 20156 20356 20556 20756 20956 21156 21356 21556 21756 21956 22156 22356 22556 22756 22956 23156 23356 23556 23756 23956 24156 24356 24556 24756 24956 25156 25356 25556 25756 25956 26156 26356 26556 26756 26956 27156 27356 27556 27756 27956 27957 28157 28158 28358 28359 28559 28560 28760 28761 28961 28962 29162 29362 29562 29762 29962 30162 30362 30562 30762 30962 31162 31362 31562 31762 31962 32162 32362 32562 
Label: 25219
[226,1612109,]
17431 17231 17031 16831 16631 16431 16231 16031 15831 15631 15632 15633 15634 15635 15636 15637 15638 15639 15640 15641 15642 15643 15644 15645 15646 15647 15648 15649 15650 15651 15652 15653 15654 15655 15656 15657 15658 15458 15459 15460 15461 15462 15463 15464 15465 15466 15467 15468 15469 15470 15471 15472 15473 15474 15475 15476 15477 15478 15479 15480 15481 15482 15483 15484 15485 15486 15487 15488 15489 15490 15491 15492 15493 15494 15495 15496 15497 15498 15499 15500 15501 15502 15503 15504 15505 15506 15507 15508 15509 15510 15511 15512 15513 15514 15515 15516 15517 15518 15519 15520 15521 15522 15523 15524 15724 15725 15925 15926 16126 16127 16327 16527 16528 16728 16729 16929 16930 17130 17131 17331 17332 17532 17533 17733 17734 17934 17935 18135 18136 18336 18337 18537 18538 18539 18739 18740 18940 18941 18942 19142 19143 19144 19344 19345 19346 19546 19547 19548 19549 19749 19750 19751 19752 19952 19953 19954 19955 20155 20156 20356 20556 20756 20956 21156 21356 21556 21756 21956 22156 22356 22556 22756 22956 23156 23356 23556 23756 23956 24156 24356 24556 24756 24956 25156 25356 25556 25756 25956 26156 26356 26556 26756 26956 27156 27356 27556 27756 27956 27957 28157 28158 28358 28359 28559 28560 28760 28761 28961 28962 29162 29362 29562 29762 29962 30162 30362 30562 30762 30962 31162 31362 31562 31762 31962 32162 32362 32562 
Label: 23195
[224,1625728,]
17431 17231 17031 16831 16631 16431 16231 16031 15831 15631 15632 15633 15634 15635 15636 15637 15638 15639 15640 15641 15642 15643 15644 15645 15646 15647 15648 15649 15650 15651 15652 15653 15654 15655 15656 15657 15658 15659 15660 15661 15662 15663 15664 15665 15666 15667 15668 15669 15670 15671 15672 15673 15674 15675 15676 15677 15678 15679 15680 15681 15682 15683 15684 15685 15686 15687 15688 15689 15690 15691 15692 15693 15694 15695 15696 15697 15698 15699 15700 15701 15702 15703 15704 15705 15706 15707 15708 15709 15710 15711 15712 15713 15714 15715 15716 15717 15718 15719 15720 15721 15722 15723 15724 15725 15925 15926 16126 16127 16327 16527 16528 16728 16729 16929 16930 17130 17131 17331 17332 17532 17533 17733 17734 17934 17935 18135 18136 18336 18337 18537 18538 18539 18739 18740 18940 18941 18942 19142 19143 19144 19344 19345 19346 19546 19547 19548 19549 19749 19750 19751 19752 19952 19953 19954 19955 20155 20156 20356 20556 20756 20956 21156 21356 21556 21756 21956 22156 22356 22556 22756 22956 23156 23356 23556 23756 23956 24156 24356 24556 24756 24956 25156 25356 25556 25756 25956 26156 26356 26556 26756 26956 27156 27356 27556 27756 27956 27957 28157 28158 28358 28359 28559 28560 28760 28761 28961 28962 29162 29362 29562 29762 29962 30162 30362 30562 30762 30962 31162 31362 31562 31762 31962 32162 32362 32562 
Label: 28143
[236,1605960,]
17431 17231 17031 16831 16631 16431 16231 16031 15831 15631 15632 15633 15634 15635 15636 15637 15638 15639 15640 15641 15642 15643 15644 15645 15646 15647 15648 15649 15650 15651 15652 15653 15654 15655 15656 15657 15658 15458 15258 15259 15260 15261 15262 15263 15264 15265 15266 15267 15268 15269 15270 15271 15272 15273 15274 15275 15276 15277 15278 15279 15280 15281 15282 15283 15284 15285 15286 15287 15288 15289 15290 15291 15292 15293 15294 15295 15296 15297 15298 15299 15300 15301 15302 15303 15304 15305 15306 15307 15308 15309 15310 15311 15312 15313 15314 15315 15316 15317 15318 15319 15320 15321 15322 15323 15324 15524 15724 15725 15925 15926 16126 16127 16327 16527 16528 16728 16729 16929 16930 17130 17131 17331 17332 17532 17533 17733 17734 17934 17935 18135 18136 18336 18337 18537 18538 18539 18739 18740 18940 18941 18942 19142 19143 19144 19344 19345 19346 19546 19547 19548 19549 19749 19750 19751 19752 19952 19953 19954 19955 20155 20156 20157 20357 20358 20558 20758 20958 21158 21358 21558 21758 21958 22158 22358 22558 22758 22757 22957 23157 23156 23356 23355 23555 23755 23955 24155 24355 24555 24755 24955 25155 25355 25555 25755 25955 26155 26355 26555 26755 26955 27155 27355 27555 27556 27756 27956 27957 28157 28158 28358 28359 28559 28560 28760 28761 28961 28962 28963 29163 29363 29563 29763 29963 30163 30363 30563 30763 30963 31163 31363 31563 31763 31963 32163 32363 32362 32562 
Label: 28063
[234,1606111,]
17431 17231 17031 16831 16631 16431 16231 16031 15831 15631 15632 15633 15634 15635 15636 15637 15638 15639 15640 15641 15642 15643 15644 15645 15646 15647 15648 15649 15650 15651 15652 15653 15654 15655 15656 15657 15658 15458 15258 15259 15260 15261 15262 15263 15264 15265 15266 15267 15268 15269 15270 15271 15272 15273 15274 15275 15276 15277 15278 15279 15280 15281 15282 15283 15284 15285 15286 15287 15288 15289 15290 15291 15292 15293 15294 15295 15296 15297 15298 15299 15300 15301 15302 15303 15304 15305 15306 15307 15308 15309 15310 15311 15312 15313 15314 15315 15316 15317 15318 15319 15320 15321 15322 15323 15324 15524 15724 15725 15925 15926 16126 16127 16327 16527 16528 16728 16729 16929 16930 17130 17131 17331 17332 17532 17533 17733 17734 17934 17935 18135 18136 18336 18337 18537 18538 18539 18739 18740 18940 18941 18942 19142 19143 19144 19344 19345 19346 19546 19547 19548 19549 19749 19750 19751 19752 19952 19953 19954 19955 20155 20156 20157 20357 20358 20558 20758 20958 21158 21358 21558 21758 21958 22158 22358 22558 22758 22757 22957 23157 23156 23356 23355 23555 23755 23955 24155 24355 24555 24755 24955 25155 25355 25555 25755 25955 26155 26355 26555 26755 26955 27155 27355 27555 27556 27756 27956 27957 28157 28158 28358 28359 28559 28560 28760 28761 28961 28962 29162 29362 29562 29762 29962 30162 30362 30562 30762 30962 31162 31362 31562 31762 31962 32162 32362 32562 
Label: 27807
[232,1606298,]
17431 17231 17031 16831 16631 16431 16231 16031 15831 15631 15632 15633 15634 15635 15636 15637 15638 15639 15640 15641 15642 15643 15644 15645 15646 15647 15648 15649 15650 15651 15652 15653 15654 15655 15656 15657 15658 15458 15258 15259 15260 15261 15262 15263 15264 15265 15266 15267 15268 15269 15270 15271 15272 15273 15274 15275 15276 15277 15278 15279 15280 15281 15282 15283 15284 15285 15286 15287 15288 15289 15290 15291 15292 15293 15294 15295 15296 15297 15298 15299 15300 15301 15302 15303 15304 15305 15306 15307 15308 15309 15310 15311 15312 15313 15314 15315 15316 15317 15318 15319 15320 15321 15322 15323 15324 15524 15724 15725 15925 15926 16126 16127 16327 16527 16528 16728 16729 16929 16930 17130 17131 17331 17332 17532 17533 17733 17734 17934 17935 18135 18136 18336 18337 18537 18538 18539 18739 18740 18940 18941 18942 19142 19143 19144 19344 19345 19346 19546 19547 19548 19549 19749 19750 19751 19752 19952 19953 19954 19955 20155 20156 20157 20357 20557 20757 20957 21157 21357 21557 21757 21957 22157 22357 22557 22757 22957 23157 23156 23356 23355 23555 23755 23955 24155 24355 24555 24755 24955 25155 25355 25555 25755 25955 26155 26355 26555 26755 26955 27155 27355 27555 27556 27756 27956 27957 28157 28158 28358 28359 28559 28560 28760 28761 28961 28962 29162 29362 29562 29762 29962 30162 30362 30562 30762 30962 31162 31362 31562 31762 31962 32162 32362 32562 
Label: 14963
[216,1772764,]
17431 17231 17031 16831 16631 16431 16432 16433 16434 16435 16436 16437 16438 16439 16440 16441 16442 16443 16444 16445 16446 16447 16448 16449 16450 16451 16452 16453 16454 16455 16456 16457 16458 16459 16460 16461 16462 16463 16464 16465 16466 16467 16468 16469 16470 16471 16472 16473 16474 16475 16476 16477 16478 16479 16480 16481 16482 16483 16484 16485 16486 16487 16488 16489 16490 16491 16492 16493 16494 16495 16496 16497 16498 16499 16500 16501 16502 16503 16504 16505 16506 16507 16508 16509 16510 16511 16512 16513 16514 16515 16516 16517 16518 16519 16520 16521 16522 16523 16524 16525 16526 16527 16528 16728 16729 16929 16930 17130 17131 17331 17332 17532 17533 17733 17734 17934 17935 18135 18136 18336 18337 18537 18538 18539 18739 18740 18940 18941 18942 19142 19143 19144 19344 19345 19346 19546 19547 19548 19549 19749 19750 19751 19752 19952 19953 19954 19955 20155 20156 20356 20556 20756 20956 21156 21356 21556 21756 21956 22156 22356 22556 22756 22956 23156 23356 23556 23756 23956 24156 24356 24556 24756 24956 25156 25356 25556 25756 25956 26156 26356 26556 26756 26956 27156 27356 27556 27756 27956 27957 28157 28158 28358 28359 28559 28560 28760 28761 28961 28962 29162 29362 29562 29762 29962 30162 30362 30562 30762 30962 31162 31362 31562 31762 31962 32162 32362 32562 
Label: 19175
[220,1683955,]
17431 17231 17031 16831 16631 16431 16231 16031 16032 16033 16034 16035 16036 16037 16038 16039 16040 16041 16042 16043 16044 16045 16046 16047 16048 16049 16050 16051 16052 16053 16054 16055 16056 16057 16058 16059 16060 16061 16062 16063 16064 16065 16066 16067 16068 16069 16070 16071 16072 16073 16074 16075 16076 16077 16078 16079 16080 16081 16082 16083 16084 16085 16086 16087 16088 16089 16090 16091 16092 16093 16094 16095 16096 16097 16098 16099 16100 16101 16102 16103 16104 16105 16106 16107 16108 16109 16110 16111 16112 16113 16114 16115 16116 16117 16118 16119 16120 16121 16122 16123 16124 16125 16126 16127 16327 16527 16528 16728 16729 16929 16930 17130 17131 17331 17332 17532 17533 17733 17734 17934 17935 18135 18136 18336 18337 18537 18538 18539 18739 18740 18940 18941 18942 19142 19143 19144 19344 19345 19346 19546 19547 19548 19549 19749 19750 19751 19752 19952 19953 19954 19955 20155 20156 20356 20556 20756 20956 21156 21356 21556 21756 21956 22156 22356 22556 22756 22956 23156 23356 23556 23756 23956 24156 24356 24556 24756 24956 25156 25356 25556 25756 25956 26156 26356 26556 26756 26956 27156 27356 27556 27756 27956 27957 28157 28158 28358 28359 28559 28560 28760 28761 28961 28962 29162 29362 29562 29762 29962 30162 30362 30562 30762 30962 31162 31362 31562 31762 31962 32162 32362 32562 
Label: 4959
[206,2021522,]
17431 17432 17433 17434 17435 17436 17437 17438 17439 17440 17441 17442 17443 17444 17445 17446 17447 17448 17449 17450 17451 17452 17453 17454 17455 17456 17457 17458 17459 17460 17461 17462 17463 17464 17465 17466 17467 17468 17469 17470 17471 17472 17473 17474 17475 17476 17477 17478 17479 17480 17481 17482 17483 17484 17485 17486 17487 17488 17489 17490 17491 17492 17493 17494 17495 17496 17497 17498 17499 17500 17501 17502 17503 17504 17505 17506 17507 17508 17509 17510 17511 17512 17513 17514 17515 17516 17517 17518 17519 17520 17521 17522 17523 17524 17525 17526 17527 17528 17529 17530 17531 17532 17533 17733 17734 17934 17935 18135 18136 18336 18337 18537 18538 18539 18739 18740 18940 18941 18942 19142 19143 19144 19344 19345 19346 19546 19547 19548 19549 19749 19750 19751 19752 19952 19953 19954 19955 20155 20156 20356 20556 20756 20956 21156 21356 21556 21756 21956 22156 22356 22556 22756 22956 23156 23356 23556 23756 23956 24156 24356 24556 24756 24956 25156 25356 25556 25756 25956 26156 26356 26556 26756 26956 27156 27356 27556 27756 27956 27957 28157 28158 28358 28359 28559 28560 28760 28761 28961 28962 29162 29362 29562 29762 29962 30162 30362 30562 30762 30962 31162 31362 31562 31762 31962 32162 32362 32562 
Label: 10775
[212,1875715,]
17431 17231 17031 16831 16832 16833 16834 16835 16836 16837 16838 16839 16840 16841 16842 16843 16844 16845 16846 16847 16848 16849 16850 16851 16852 16853 16854 16855 16856 16857 16858 16859 16860 16861 16862 16863 16864 16865 16866 16867 16868 16869 16870 16871 16872 16873 16874 16875 16876 16877 16878 16879 16880 16881 16882 16883 16884 16885 16886 16887 16888 16889 16890 16891 16892 16893 16894 16895 16896 16897 16898 16899 16900 16901 16902 16903 16904 16905 16906 16907 16908 16909 16910 16911 16912 16913 16914 16915 16916 16917 16918 16919 16920 16921 16922 16923 16924 16925 16926 16927 16928 16929 16930 17130 17131 17331 17332 17532 17533 17733 17734 17934 17935 18135 18136 18336 18337 18537 18538 18539 18739 18740 18940 18941 18942 19142 19143 19144 19344 19345 19346 19546 19547 19548 19549 19749 19750 19751 19752 19952 19953 19954 19955 20155 20156 20356 20556 20756 20956 21156 21356 21556 21756 21956 22156 22356 22556 22756 22956 23156 23356 23556 23756 23956 24156 24356 24556 24756 24956 25156 25356 25556 25756 25956 26156 26356 26556 26756 26956 27156 27356 27556 27756 27956 27957 28157 28158 28358 28359 28559 28560 28760 28761 28961 28962 29162 29362 29562 29762 29962 30162 30362 30562 30762 30962 31162 31362 31562 31762 31962 32162 32362 32562 
Label: 6831
[208,1976449,]
17431 17432 17232 17233 17234 17235 17236 17237 17238 17239 17240 17241 17242 17243 17244 17245 17246 17247 17248 17249 17250 17251 17252 17253 17254 17255 17256 17257 17258 17259 17260 17261 17262 17263 17264 17265 17266 17267 17268 17269 17270 17271 17272 17273 17274 17275 17276 17277 17278 17279 17280 17281 17282 17283 17284 17285 17286 17287 17288 17289 17290 17291 17292 17293 17294 17295 17296 17297 17298 17299 17300 17301 17302 17303 17304 17305 17306 17307 17308 17309 17310 17311 17312 17313 17314 17315 17316 17317 17318 17319 17320 17321 17322 17323 17324 17325 17326 17327 17328 17329 17330 17331 17332 17532 17533 17733 17734 17934 17935 18135 18136 18336 18337 18537 18538 18539 18739 18740 18940 18941 18942 19142 19143 19144 19344 19345 19346 19546 19547 19548 19549 19749 19750 19751 19752 19952 19953 19954 19955 20155 20156 20356 20556 20756 20956 21156 21356 21556 21756 21956 22156 22356 22556 22756 22956 23156 23356 23556 23756 23956 24156 24356 24556 24756 24956 25156 25356 25556 25756 25956 26156 26356 26556 26756 26956 27156 27356 27556 27756 27956 27957 28157 28158 28358 28359 28559 28560 28760 28761 28961 28962 29162 29362 29562 29762 29962 30162 30362 30562 30762 30962 31162 31362 31562 31762 31962 32162 32362 32562 
Label: 8763
[210,1927305,]
17431 17231 17031 17032 17033 17034 17035 17036 17037 17038 17039 17040 17041 17042 17043 17044 17045 17046 17047 17048 17049 17050 17051 17052 17053 17054 17055 17056 17057 17058 17059 17060 17061 17062 17063 17064 17065 17066 17067 17068 17069 17070 17071 17072 17073 17074 17075 17076 17077 17078 17079 17080 17081 17082 17083 17084 17085 17086 17087 17088 17089 17090 17091 17092 17093 17094 17095 17096 17097 17098 17099 17100 17101 17102 17103 17104 17105 17106 17107 17108 17109 17110 17111 17112 17113 17114 17115 17116 17117 17118 17119 17120 17121 17122 17123 17124 17125 17126 17127 17128 17129 17130 17131 17331 17332 17532 17533 17733 17734 17934 17935 18135 18136 18336 18337 18537 18538 18539 18739 18740 18940 18941 18942 19142 19143 19144 19344 19345 19346 19546 19547 19548 19549 19749 19750 19751 19752 19952 19953 19954 19955 20155 20156 20356 20556 20756 20956 21156 21356 21556 21756 21956 22156 22356 22556 22756 22956 23156 23356 23556 23756 23956 24156 24356 24556 24756 24956 25156 25356 25556 25756 25956 26156 26356 26556 26756 26956 27156 27356 27556 27756 27956 27957 28157 28158 28358 28359 28559 28560 28760 28761 28961 28962 29162 29362 29562 29762 29962 30162 30362 30562 30762 30962 31162 31362 31562 31762 31962 32162 32362 32562 
Label: 12851
[214,1823541,]
17431 17231 17031 16831 16631 16632 16633 16634 16635 16636 16637 16638 16639 16640 16641 16642 16643 16644 16645 16646 16647 16648 16649 16650 16651 16652 16653 16654 16655 16656 16657 16658 16659 16660 16661 16662 16663 16664 16665 16666 16667 16668 16669 16670 16671 16672 16673 16674 16675 16676 16677 16678 16679 16680 16681 16682 16683 16684 16685 16686 16687 16688 16689 16690 16691 16692 16693 16694 16695 16696 16697 16698 16699 16700 16701 16702 16703 16704 16705 16706 16707 16708 16709 16710 16711 16712 16713 16714 16715 16716 16717 16718 16719 16720 16721 16722 16723 16724 16725 16726 16727 16728 16729 16929 16930 17130 17131 17331 17332 17532 17533 17733 17734 17934 17935 18135 18136 18336 18337 18537 18538 18539 18739 18740 18940 18941 18942 19142 19143 19144 19344 19345 19346 19546 19547 19548 19549 19749 19750 19751 19752 19952 19953 19954 19955 20155 20156 20356 20556 20756 20956 21156 21356 21556 21756 21956 22156 22356 22556 22756 22956 23156 23356 23556 23756 23956 24156 24356 24556 24756 24956 25156 25356 25556 25756 25956 26156 26356 26556 26756 26956 27156 27356 27556 27756 27956 27957 28157 28158 28358 28359 28559 28560 28760 28761 28961 28962 29162 29362 29562 29762 29962 30162 30362 30562 30762 30962 31162 31362 31562 31762 31962 32162 32362 32562 
Label: 21179
[222,1650034,]
17431 17231 17031 16831 16631 16431 16231 16031 15831 15832 15833 15834 15835 15836 15837 15838 15839 15840 15841 15842 15843 15844 15845 15846 15847 15848 15849 15850 15851 15852 15853 15854 15855 15856 15857 15858 15859 15860 15861 15862 15863 15864 15865 15866 15867 15868 15869 15870 15871 15872 15873 15874 15875 15876 15877 15878 15879 15880 15881 15882 15883 15884 15885 15886 15887 15888 15889 15890 15891 15892 15893 15894 15895 15896 15897 15898 15899 15900 15901 15902 15903 15904 15905 15906 15907 15908 15909 15910 15911 15912 15913 15914 15915 15916 15917 15918 15919 15920 15921 15922 15923 15924 15925 15926 16126 16127 16327 16527 16528 16728 16729 16929 16930 17130 17131 17331 17332 17532 17533 17733 17734 17934 17935 18135 18136 18336 18337 18537 18538 18539 18739 18740 18940 18941 18942 19142 19143 19144 19344 19345 19346 19546 19547 19548 19549 19749 19750 19751 19752 19952 19953 19954 19955 20155 20156 20356 20556 20756 20956 21156 21356 21556 21756 21956 22156 22356 22556 22756 22956 23156 23356 23556 23756 23956 24156 24356 24556 24756 24956 25156 25356 25556 25756 25956 26156 26356 26556 26756 26956 27156 27356 27556 27756 27956 27957 28157 28158 28358 28359 28559 28560 28760 28761 28961 28962 29162 29362 29562 29762 29962 30162 30362 30562 30762 30962 31162 31362 31562 31762 31962 32162 32362 32562 
Label: 17083
[218,1725522,]
17431 17231 17031 16831 16631 16431 16231 16232 16233 16234 16235 16236 16237 16238 16239 16240 16241 16242 16243 16244 16245 16246 16247 16248 16249 16250 16251 16252 16253 16254 16255 16256 16257 16258 16259 16260 16261 16262 16263 16264 16265 16266 16267 16268 16269 16270 16271 16272 16273 16274 16275 16276 16277 16278 16279 16280 16281 16282 16283 16284 16285 16286 16287 16288 16289 16290 16291 16292 16293 16294 16295 16296 16297 16298 16299 16300 16301 16302 16303 16304 16305 16306 16307 16308 16309 16310 16311 16312 16313 16314 16315 16316 16317 16318 16319 16320 16321 16322 16323 16324 16325 16326 16327 16527 16528 16728 16729 16929 16930 17130 17131 17331 17332 17532 17533 17733 17734 17934 17935 18135 18136 18336 18337 18537 18538 18539 18739 18740 18940 18941 18942 19142 19143 19144 19344 19345 19346 19546 19547 19548 19549 19749 19750 19751 19752 19952 19953 19954 19955 20155 20156 20356 20556 20756 20956 21156 21356 21556 21756 21956 22156 22356 22556 22756 22956 23156 23356 23556 23756 23956 24156 24356 24556 24756 24956 25156 25356 25556 25756 25956 26156 26356 26556 26756 26956 27156 27356 27556 27756 27956 27957 28157 28158 28358 28359 28559 28560 28760 28761 28961 28962 29162 29362 29562 29762 29962 30162 30362 30562 30762 30962 31162 31362 31562 31762 31962 32162 32362 32562 
Label: 27523
[230,1607208,]
17431 17231 17031 16831 16631 16431 16231 16031 15831 15631 15632 15633 15634 15635 15636 15637 15638 15639 15640 15641 15642 15643 15644 15645 15646 15647 15648 15649 15650 15651 15652 15653 15654 15655 15656 15657 15658 15458 15258 15259 15260 15261 15262 15263 15264 15265 15266 15267 15268 15269 15270 15271 15272 15273 15274 15275 15276 15277 15278 15279 15280 15281 15282 15283 15284 15285 15286 15287 15288 15289 15290 15291 15292 15293 15294 15295 15296 15297 15298 15299 15300 15301 15302 15303 15304 15305 15306 15307 15308 15309 15310 15311 15312 15313 15314 15315 15316 15317 15318 15319 15320 15321 15322 15323 15324 15524 15724 15725 15925 15926 16126 16127 16327 16527 16528 16728 16729 16929 16930 17130 17131 17331 17332 17532 17533 17733 17734 17934 17935 18135 18136 18336 18337 18537 18538 18539 18739 18740 18940 18941 18942 19142 19143 19144 19344 19345 19346 19546 19547 19548 19549 19749 19750 19751 19752 19952 19953 19954 19955 20155 20156 20356 20556 20756 20956 21156 21356 21556 21756 21956 22156 22356 22556 22756 22956 23156 23356 23355 23555 23755 23955 24155 24355 24555 24755 24955 25155 25355 25555 25755 25955 26155 26355 26555 26755 26955 27155 27355 27555 27556 27756 27956 27957 28157 28158 28358 28359 28559 28560 28760 28761 28961 28962 29162 29362 29562 29762 29962 30162 30362 30562 30762 30962 31162 31362 31562 31762 31962 32162 32362 32562 
