graph_load_time: 1.00704
n_generated: 104837
n_expanded: 61655
n_domCheck: 426291
rt_initHeu: 0.94261
rt_search: 5.77299
N: 38
Label: 243661
[376,211022,]
33625 33626 33627 33628 33629 33429 33430 33230 33030 33031 32831 32631 32632 32432 32232 32032 32033 31833 31633 31634 31434 31234 31235 31035 30835 30836 30837 30838 30839 30840 30841 30842 30843 30844 30845 30846 30847 30848 30849 30850 30851 30852 30853 30854 30855 30856 30857 30858 30859 30860 30861 30862 30863 30864 30865 30866 30867 30868 30869 30870 30871 30872 30873 30874 30875 30876 30877 30677 30477 30277 30077 29877 29878 29678 29478 29278 29078 28878 28678 28478 28278 28078 27878 27678 27478 27278 27078 26878 26678 26478 26278 26078 26079 25879 25880 25680 25681 25682 25482 25483 25283 25284 25285 25085 25086 25087 24887 24888 24889 24890 24891 24892 24893 24894 24895 24896 24897 24697 24698 24498 24499 24299 24300 24100 23900 23901 23701 23702 23502 23503 23303 23304 23104 23105 22905 22906 22706 22707 22507 22508 22509 22309 22310 22311 22312 22112 22113 21913 21914 21714 21715 21515 21516 21316 21317 21117 21118 20918 20919 20920 20720 20721 20521 20522 20322 20122 19922 19923 19723 19523 19323 19123 19124 18924 18724 18524 18525 18325 18326 18126 17926 17726 17526 17326 17327 17127 17128 16928 16728 16729 16529 16329 16330 16130 16131 15931 15731 15732 15532 15533 15333 15133 15134 14934 14734 14735 14535 14335 14135 13935 13735 13535 13335 13135 12935 12735 12736 12536 12537 12337 12338 12138 12139 12140 11940 11941 11942 11742 11743 11744 11745 11746 11747 11748 11749 11750 11751 11551 11351 11151 10951 10751 10551 10351 10151 9951 9751 9551 9351 9151 8951 8751 8551 8351 8151 7951 7751 7551 7351 7151 6951 6751 6551 6351 6350 6150 6149 5949 5948 5748 5747 5547 5546 5346 5345 5145 5144 4944 4943 4743 4742 4542 4541 4540 4340 4339 4338 4138 4137 4136 3936 3736 3536 3336 3136 2936 2736 2536 2336 2136 1936 1736 1536 1336 1136 936 736 536 336 136 137 138 139 140 141 142 143 144 145 146 147 148 149 150 151 152 352 552 752 952 953 1153 1353 1553 1554 1754 1954 1955 2155 2156 2356 2357 2358 2359 2360 2361 2362 2363 2163 2164 1964 1965 1765 1565 1566 1366 1166 966 967 767 567 568 368 168 169 170 171 172 173 174 175 375 575 775 975 1175 1375 
Label: 202184
[346,224439,]
33625 33626 33627 33628 33629 33429 33430 33230 33030 33031 32831 32631 32632 32432 32232 32032 32033 31833 31633 31634 31434 31234 31235 31035 30835 30836 30837 30838 30839 30840 30841 30842 30843 30844 30845 30846 30847 30848 30849 30850 30851 30852 30853 30854 30855 30856 30857 30858 30859 30860 30861 30862 30863 30864 30865 30866 30867 30868 30869 30870 30871 30872 30873 30874 30875 30876 30877 30677 30477 30277 30077 29877 29878 29678 29478 29278 29078 28878 28678 28478 28278 28078 27878 27678 27478 27278 27078 26878 26678 26478 26278 26078 26079 25879 25880 25680 25681 25682 25482 25483 25283 25284 25285 25085 25086 25087 24887 24888 24889 24890 24891 24892 24893 24894 24895 24896 24897 24697 24698 24498 24499 24299 24300 24100 23900 23901 23701 23702 23502 23503 23303 23304 23104 23105 22905 22906 22706 22707 22507 22508 22509 22309 22310 22311 22312 22112 22113 21913 21914 21714 21715 21515 21516 21316 21317 21117 21118 20918 20919 20920 20720 20721 20521 20522 20322 20122 19922 19923 19723 19523 19323 19123 19124 18924 18724 18524 18525 18325 18326 18126 17926 17726 17526 17326 17327 17127 17128 16928 16728 16729 16529 16329 16330 16130 16131 15931 15731 15732 15532 15533 15333 15133 15134 14934 14734 14735 14535 14335 14135 13935 13735 13535 13335 13135 12935 12735 12736 12536 12537 12337 12338 12138 12139 12140 11940 11941 11942 11742 11743 11744 11745 11746 11747 11748 11749 11750 11751 11551 11351 11151 10951 10751 10551 10351 10151 9951 9751 9551 9351 9151 9152 8952 8752 8552 8553 8353 8153 7953 7753 7553 7353 7153 6953 6753 6752 6552 6551 6351 6350 6150 6149 5949 5948 5748 5747 5547 5546 5346 5345 5145 5144 4944 4943 4743 4742 4542 4342 4142 3942 3943 3944 3744 3745 3746 3546 3547 3548 3348 3349 3350 3351 3151 3152 3153 2953 2954 2955 2755 2756 2556 2557 2558 2559 2560 2561 2361 2362 2363 2163 2164 1964 1965 1765 1565 1566 1366 1166 966 967 767 567 568 368 168 169 170 171 172 173 174 175 375 575 775 975 1175 1375 
Label: 242799
[374,212000,]
33625 33626 33627 33628 33629 33429 33430 33230 33030 33031 32831 32631 32632 32432 32232 32032 32033 31833 31633 31634 31434 31234 31235 31035 30835 30836 30837 30838 30839 30840 30841 30842 30843 30844 30845 30846 30847 30848 30849 30850 30851 30852 30853 30854 30855 30856 30857 30858 30859 30860 30861 30862 30863 30864 30865 30866 30867 30868 30869 30870 30871 30872 30873 30874 30875 30876 30877 30677 30477 30277 30077 29877 29878 29678 29478 29278 29078 28878 28678 28478 28278 28078 27878 27678 27478 27278 27078 26878 26678 26478 26278 26078 26079 25879 25880 25680 25681 25682 25482 25483 25283 25284 25285 25085 25086 25087 24887 24888 24889 24890 24891 24892 24893 24894 24895 24896 24897 24697 24698 24498 24499 24299 24300 24100 23900 23901 23701 23702 23502 23503 23303 23304 23104 23105 22905 22906 22706 22707 22507 22508 22509 22309 22310 22311 22312 22112 22113 21913 21914 21714 21715 21515 21516 21316 21317 21117 21118 20918 20919 20920 20720 20721 20521 20522 20322 20122 19922 19923 19723 19523 19323 19123 19124 18924 18724 18524 18525 18325 18326 18126 17926 17726 17526 17326 17327 17127 17128 16928 16728 16729 16529 16329 16330 16130 16131 15931 15731 15732 15532 15533 15333 15133 15134 14934 14734 14735 14535 14335 14135 13935 13735 13535 13335 13135 12935 12735 12736 12536 12537 12337 12338 12138 12139 12140 11940 11941 11942 11742 11743 11744 11745 11746 11747 11748 11749 11750 11751 11551 11351 11151 10951 10751 10551 10351 10151 9951 9751 9551 9351 9151 8951 8751 8551 8351 8151 7951 7751 7551 7351 7151 6951 6751 6551 6351 6350 6150 6149 5949 5948 5748 5747 5547 5546 5346 5345 5145 5144 4944 4943 4743 4742 4542 4541 4540 4340 4339 4338 4138 4137 4136 3936 3736 3536 3336 3136 2936 2736 2536 2336 2136 1936 1736 1536 1336 1136 936 736 536 336 136 137 138 139 140 141 142 143 144 145 146 147 148 149 150 151 152 352 552 752 952 953 1153 1353 1553 1554 1754 1954 1955 2155 2156 2356 2357 2358 2359 2360 2361 2362 2363 2163 2164 1964 1965 1765 1565 1566 1366 1166 966 967 767 567 568 368 369 370 371 372 373 374 375 575 775 975 1175 1375 
Label: 129047
[320,289811,]
33625 33626 33627 33628 33629 33429 33430 33230 33030 33031 32831 32631 32632 32432 32232 32032 32033 31833 31633 31634 31434 31234 31235 31035 30835 30836 30837 30838 30839 30840 30841 30842 30843 30844 30845 30846 30847 30848 30849 30850 30851 30852 30853 30854 30855 30856 30857 30858 30859 30860 30861 30862 30863 30864 30865 30866 30867 30868 30869 30870 30871 30872 30873 30874 30875 30876 30877 30677 30477 30277 30077 29877 29878 29678 29478 29278 29078 28878 28678 28478 28278 28078 27878 27678 27478 27278 27078 26878 26678 26478 26278 26078 26079 25879 25880 25680 25681 25682 25482 25483 25283 25284 25285 25085 25086 25087 24887 24888 24889 24890 24891 24892 24893 24894 24895 24896 24897 24697 24698 24498 24499 24299 24300 24100 23900 23901 23701 23702 23502 23503 23303 23304 23104 23105 22905 22906 22706 22707 22507 22508 22509 22309 22310 22311 22312 22112 22113 21913 21914 21714 21715 21515 21516 21316 21317 21117 21118 20918 20919 20920 20720 20721 20521 20522 20322 20122 19922 19923 19723 19523 19323 19123 19124 18924 18724 18524 18525 18325 18326 18126 17926 17726 17526 17326 17327 17127 17128 16928 16728 16729 16529 16329 16330 16130 16131 15931 15731 15732 15532 15533 15333 15133 15134 14934 14734 14735 14535 14335 14135 13935 13735 13535 13335 13135 12935 12735 12736 12536 12537 12337 12338 12138 12139 12140 11940 11941 11942 11742 11743 11744 11745 11746 11747 11748 11548 11348 11148 10948 10748 10548 10348 10148 9948 9748 9548 9348 9148 8948 8748 8548 8348 8148 7948 7748 7548 7348 7148 6948 6748 6548 6348 6148 5948 5748 5747 5547 5347 5147 4947 4747 4547 4347 4147 3947 3747 3547 3548 3348 3349 3350 3351 3151 3152 3153 2953 2954 2955 2755 2756 2556 2557 2558 2559 2560 2561 2361 2362 2363 2163 2164 1964 1965 1765 1565 1566 1366 1166 966 967 767 768 769 770 771 772 773 774 775 975 1175 1375 
Label: 151939
[324,257373,]
33625 33626 33627 33628 33629 33429 33430 33230 33030 33031 32831 32631 32632 32432 32232 32032 32033 31833 31633 31634 31434 31234 31235 31035 30835 30836 30837 30838 30839 30840 30841 30842 30843 30844 30845 30846 30847 30848 30849 30850 30851 30852 30853 30854 30855 30856 30857 30858 30859 30860 30861 30862 30863 30864 30865 30866 30867 30868 30869 30870 30871 30872 30873 30874 30875 30876 30877 30677 30477 30277 30077 29877 29878 29678 29478 29278 29078 28878 28678 28478 28278 28078 27878 27678 27478 27278 27078 26878 26678 26478 26278 26078 26079 25879 25880 25680 25681 25682 25482 25483 25283 25284 25285 25085 25086 25087 24887 24888 24889 24890 24891 24892 24893 24894 24895 24896 24897 24697 24698 24498 24499 24299 24300 24100 23900 23901 23701 23702 23502 23503 23303 23304 23104 23105 22905 22906 22706 22707 22507 22508 22509 22309 22310 22311 22312 22112 22113 21913 21914 21714 21715 21515 21516 21316 21317 21117 21118 20918 20919 20920 20720 20721 20521 20522 20322 20122 19922 19923 19723 19523 19323 19123 19124 18924 18724 18524 18525 18325 18326 18126 17926 17726 17526 17326 17327 17127 17128 16928 16728 16729 16529 16329 16330 16130 16131 15931 15731 15732 15532 15533 15333 15133 15134 14934 14734 14735 14535 14335 14135 13935 13735 13535 13335 13135 12935 12735 12736 12536 12537 12337 12338 12138 12139 12140 11940 11941 11942 11742 11743 11744 11745 11746 11747 11748 11749 11549 11349 11149 10949 10749 10549 10349 10149 9949 9749 9549 9349 9149 8949 8749 8549 8349 8149 7949 7749 7549 7349 7149 6949 6749 6549 6349 6149 5949 5948 5748 5747 5547 5546 5346 5146 4946 4746 4546 4346 4146 3946 3746 3546 3547 3548 3348 3349 3350 3351 3151 3152 3153 2953 2954 2955 2755 2756 2556 2557 2558 2559 2560 2561 2361 2362 2363 2163 2164 1964 1965 1765 1565 1566 1366 1166 966 967 767 768 769 770 771 772 773 774 775 975 1175 1375 
Label: 239534
[370,215048,]
33625 33626 33627 33628 33629 33429 33430 33230 33030 33031 32831 32631 32632 32432 32232 32032 32033 31833 31633 31634 31434 31234 31235 31035 30835 30836 30837 30838 30839 30840 30841 30842 30843 30844 30845 30846 30847 30848 30849 30850 30851 30852 30853 30854 30855 30856 30857 30858 30859 30860 30861 30862 30863 30864 30865 30866 30867 30868 30869 30870 30871 30872 30873 30874 30875 30876 30877 30677 30477 30277 30077 29877 29878 29678 29478 29278 29078 28878 28678 28478 28278 28078 27878 27678 27478 27278 27078 26878 26678 26478 26278 26078 26079 25879 25880 25680 25681 25682 25482 25483 25283 25284 25285 25085 25086 25087 24887 24888 24889 24890 24891 24892 24893 24894 24895 24896 24897 24697 24698 24498 24499 24299 24300 24100 23900 23901 23701 23702 23502 23503 23303 23304 23104 23105 22905 22906 22706 22707 22507 22508 22509 22309 22310 22311 22312 22112 22113 21913 21914 21714 21715 21515 21516 21316 21317 21117 21118 20918 20919 20920 20720 20721 20521 20522 20322 20122 19922 19923 19723 19523 19323 19123 19124 18924 18724 18524 18525 18325 18326 18126 17926 17726 17526 17326 17327 17127 17128 16928 16728 16729 16529 16329 16330 16130 16131 15931 15731 15732 15532 15533 15333 15133 15134 14934 14734 14735 14535 14335 14135 13935 13735 13535 13335 13135 12935 12735 12736 12536 12537 12337 12338 12138 12139 12140 11940 11941 11942 11742 11743 11744 11745 11746 11747 11748 11749 11750 11550 11350 11150 10950 10750 10550 10350 10150 9950 9750 9550 9350 9150 8950 8750 8550 8350 8150 7950 7750 7550 7350 7150 6950 6750 6550 6350 6150 6149 5949 5948 5748 5747 5547 5546 5346 5345 5145 5144 4944 4943 4743 4742 4542 4541 4540 4340 4339 4338 4138 4137 3937 3737 3537 3337 3137 2937 2737 2537 2337 2137 1937 1737 1537 1337 1137 937 737 537 337 137 138 139 140 141 142 143 144 145 146 147 148 149 150 151 152 352 552 752 952 953 1153 1353 1553 1554 1754 1954 1955 2155 2156 2356 2357 2358 2359 2360 2361 2362 2363 2163 2164 1964 1965 1765 1565 1566 1366 1166 966 967 767 567 568 368 369 370 371 372 373 374 375 575 775 975 1175 1375 
Label: 244352
[378,210508,]
33625 33626 33627 33628 33629 33429 33430 33230 33030 33031 32831 32631 32632 32432 32232 32032 32033 31833 31633 31634 31434 31234 31235 31035 30835 30836 30837 30838 30839 30840 30841 30842 30843 30844 30845 30846 30847 30848 30849 30850 30851 30852 30853 30854 30855 30856 30857 30858 30859 30860 30861 30862 30863 30864 30865 30866 30867 30868 30869 30870 30871 30872 30873 30874 30875 30876 30877 30677 30477 30277 30077 29877 29878 29678 29478 29278 29078 28878 28678 28478 28278 28078 27878 27678 27478 27278 27078 26878 26678 26478 26278 26078 26079 25879 25880 25680 25681 25682 25482 25483 25283 25284 25285 25085 25086 25087 24887 24888 24889 24890 24891 24892 24893 24894 24895 24896 24897 24697 24698 24498 24499 24299 24300 24100 23900 23901 23701 23702 23502 23503 23303 23304 23104 23105 22905 22906 22706 22707 22507 22508 22509 22309 22310 22311 22312 22112 22113 21913 21914 21714 21715 21515 21516 21316 21317 21117 21118 20918 20919 20920 20720 20721 20521 20522 20322 20122 19922 19923 19723 19523 19323 19123 19124 18924 18724 18524 18525 18325 18326 18126 17926 17726 17526 17326 17327 17127 17128 16928 16728 16729 16529 16329 16330 16130 16131 15931 15731 15732 15532 15533 15333 15133 15134 14934 14734 14735 14535 14335 14135 13935 13735 13535 13335 13135 12935 12735 12736 12536 12537 12337 12338 12138 12139 12140 11940 11941 11942 11742 11743 11744 11745 11746 11747 11748 11749 11750 11751 11551 11351 11151 10951 10751 10551 10351 10151 9951 9751 9551 9351 9151 8951 8751 8551 8351 8151 7951 7751 7551 7351 7151 6951 6751 6551 6351 6350 6150 6149 5949 5948 5748 5747 5547 5546 5346 5345 5145 5144 4944 4943 4743 4742 4542 4541 4540 4340 4339 4338 4138 4137 4136 3936 3935 3735 3535 3335 3135 2935 2735 2535 2335 2135 1935 1735 1535 1335 1135 935 735 535 335 135 136 137 138 139 140 141 142 143 144 145 146 147 148 149 150 151 152 352 552 752 952 953 1153 1353 1553 1554 1754 1954 1955 2155 2156 2356 2357 2358 2359 2360 2361 2362 2363 2163 2164 1964 1965 1765 1565 1566 1366 1166 966 967 767 567 568 368 168 169 170 171 172 173 174 175 375 575 775 975 1175 1375 
Label: 215091
[354,224402,]
33625 33626 33627 33628 33629 33429 33430 33230 33030 33031 32831 32631 32632 32432 32232 32032 32033 31833 31633 31634 31434 31234 31235 31035 30835 30836 30837 30838 30638 30639 30640 30641 30642 30643 30644 30645 30646 30647 30648 30649 30650 30651 30652 30653 30654 30655 30656 30657 30658 30858 30859 30860 31060 31061 31062 31063 31064 31264 31265 31266 31267 31268 31269 31270 31271 31272 31273 31274 31275 31276 31277 31077 30877 30677 30477 30277 30077 29877 29878 29678 29478 29278 29078 28878 28678 28478 28278 28078 27878 27678 27478 27278 27078 26878 26678 26478 26278 26078 26079 25879 25880 25680 25681 25682 25482 25483 25283 25284 25285 25085 25086 25087 24887 24888 24889 24890 24891 24892 24893 24894 24895 24896 24897 24697 24698 24498 24499 24299 24300 24100 23900 23901 23701 23702 23502 23503 23303 23304 23104 23105 22905 22906 22706 22707 22507 22508 22509 22309 22310 22311 22312 22112 22113 21913 21914 21714 21715 21515 21516 21316 21317 21117 21118 20918 20919 20920 20720 20721 20521 20522 20322 20122 19922 19923 19723 19523 19323 19123 19124 18924 18724 18524 18525 18325 18326 18126 17926 17726 17526 17326 17327 17127 17128 16928 16728 16729 16529 16329 16330 16130 16131 15931 15731 15732 15532 15533 15333 15133 15134 14934 14734 14735 14535 14335 14135 13935 13735 13535 13335 13135 12935 12735 12736 12536 12537 12337 12338 12138 12139 12140 11940 11941 11942 11742 11743 11744 11745 11746 11747 11748 11749 11750 11751 11551 11351 11151 10951 10751 10551 10351 10151 9951 9751 9551 9351 9151 9152 8952 8752 8552 8553 8353 8153 7953 7954 7754 7554 7354 7154 6954 6953 6753 6752 6552 6551 6351 6350 6150 6149 5949 5948 5748 5747 5547 5546 5346 5345 5145 5144 4944 4943 4743 4742 4542 4342 4142 3942 3943 3944 3744 3745 3746 3546 3547 3548 3348 3349 3350 3351 3151 3152 3153 2953 2954 2955 2755 2756 2556 2557 2558 2559 2560 2561 2361 2362 2363 2163 2164 1964 1965 1765 1565 1566 1366 1166 966 967 767 567 568 368 168 169 170 171 172 173 174 175 375 575 775 975 1175 1375 
Label: 234656
[366,222901,]
33625 33626 33627 33628 33629 33429 33430 33230 33030 33031 32831 32631 32632 32432 32232 32032 32033 31833 31633 31634 31434 31234 31235 31035 30835 30836 30837 30838 30839 30840 30841 30842 30843 30844 30845 30846 30847 30848 30849 30850 30851 30852 30853 30854 30855 30856 30857 30858 30859 30860 30861 30862 30863 30864 30865 30866 30867 30868 30869 30870 30871 30872 30873 30874 30875 30876 30877 30677 30477 30277 30077 29877 29878 29678 29478 29278 29078 28878 28678 28478 28278 28078 27878 27678 27478 27278 27078 26878 26678 26478 26278 26078 26079 25879 25880 25680 25681 25682 25482 25483 25283 25284 25285 25085 25086 25087 24887 24888 24889 24890 24891 24892 24893 24894 24895 24896 24897 24697 24698 24498 24499 24299 24300 24100 23900 23901 23701 23702 23502 23503 23303 23304 23104 23105 22905 22906 22706 22707 22507 22508 22509 22309 22310 22311 22312 22112 22113 21913 21914 21714 21715 21515 21516 21316 21317 21117 21118 20918 20919 20920 20720 20721 20521 20522 20322 20122 19922 19923 19723 19523 19323 19123 19124 18924 18724 18524 18525 18325 18326 18126 17926 17726 17526 17326 17327 17127 17128 16928 16728 16729 16529 16329 16330 16130 16131 15931 15731 15732 15532 15533 15333 15133 15134 14934 14734 14735 14535 14335 14135 13935 13735 13535 13335 13135 12935 12735 12736 12536 12537 12337 12338 12138 12139 12140 11940 11941 11942 11742 11743 11744 11745 11746 11747 11748 11749 11750 11550 11350 11150 10950 10750 10550 10350 10150 9950 9750 9550 9350 9150 8950 8750 8550 8350 8150 7950 7750 7550 7350 7150 6950 6750 6550 6350 6150 6149 5949 5948 5748 5747 5547 5546 5346 5345 5145 5144 4944 4943 4743 4742 4542 4541 4540 4340 4339 4338 4138 3938 3738 3538 3338 3138 2938 2738 2538 2338 2138 1938 1738 1538 1338 1138 938 738 538 338 138 139 140 141 142 143 144 145 146 147 148 149 150 151 152 352 552 752 952 953 1153 1353 1553 1554 1754 1954 1955 2155 2156 2356 2357 2358 2359 2360 2361 2362 2363 2163 2164 1964 1965 1765 1565 1566 1366 1166 966 967 767 567 568 569 570 571 572 573 574 575 775 975 1175 1375 
Label: 166451
[328,238402,]
33625 33626 33627 33628 33629 33429 33430 33230 33030 33031 32831 32631 32632 32432 32232 32032 32033 31833 31633 31634 31434 31234 31235 31035 30835 30836 30837 30838 30839 30840 30841 30842 30843 30844 30845 30846 30847 30848 30849 30850 30851 30852 30853 30854 30855 30856 30857 30858 30859 30860 30861 30862 30863 30864 30865 30866 30867 30868 30869 30870 30871 30872 30873 30874 30875 30876 30877 30677 30477 30277 30077 29877 29878 29678 29478 29278 29078 28878 28678 28478 28278 28078 27878 27678 27478 27278 27078 26878 26678 26478 26278 26078 26079 25879 25880 25680 25681 25682 25482 25483 25283 25284 25285 25085 25086 25087 24887 24888 24889 24890 24891 24892 24893 24894 24895 24896 24897 24697 24698 24498 24499 24299 24300 24100 23900 23901 23701 23702 23502 23503 23303 23304 23104 23105 22905 22906 22706 22707 22507 22508 22509 22309 22310 22311 22312 22112 22113 21913 21914 21714 21715 21515 21516 21316 21317 21117 21118 20918 20919 20920 20720 20721 20521 20522 20322 20122 19922 19923 19723 19523 19323 19123 19124 18924 18724 18524 18525 18325 18326 18126 17926 17726 17526 17326 17327 17127 17128 16928 16728 16729 16529 16329 16330 16130 16131 15931 15731 15732 15532 15533 15333 15133 15134 14934 14734 14735 14535 14335 14135 13935 13735 13535 13335 13135 12935 12735 12736 12536 12537 12337 12338 12138 12139 12140 11940 11941 11942 11742 11743 11744 11745 11746 11747 11748 11749 11549 11349 11149 10949 10749 10549 10349 10149 9949 9749 9549 9349 9149 8949 8749 8549 8349 8149 7949 7749 7549 7349 7149 6949 6749 6549 6349 6149 5949 5948 5748 5747 5547 5546 5346 5345 5145 4945 4745 4545 4345 4145 3945 3745 3746 3546 3547 3548 3348 3349 3350 3351 3151 3152 3153 2953 2954 2955 2755 2756 2556 2557 2558 2559 2560 2561 2361 2362 2363 2163 2164 1964 1965 1765 1565 1566 1366 1166 966 967 767 567 568 569 570 571 572 573 574 575 775 975 1175 1375 
Label: 176543
[332,230293,]
33625 33626 33627 33628 33629 33429 33430 33230 33030 33031 32831 32631 32632 32432 32232 32032 32033 31833 31633 31634 31434 31234 31235 31035 30835 30836 30837 30838 30839 30840 30841 30842 30843 30844 30845 30846 30847 30848 30849 30850 30851 30852 30853 30854 30855 30856 30857 30858 30859 30860 30861 30862 30863 30864 30865 30866 30867 30868 30869 30870 30871 30872 30873 30874 30875 30876 30877 30677 30477 30277 30077 29877 29878 29678 29478 29278 29078 28878 28678 28478 28278 28078 27878 27678 27478 27278 27078 26878 26678 26478 26278 26078 26079 25879 25880 25680 25681 25682 25482 25483 25283 25284 25285 25085 25086 25087 24887 24888 24889 24890 24891 24892 24893 24894 24895 24896 24897 24697 24698 24498 24499 24299 24300 24100 23900 23901 23701 23702 23502 23503 23303 23304 23104 23105 22905 22906 22706 22707 22507 22508 22509 22309 22310 22311 22312 22112 22113 21913 21914 21714 21715 21515 21516 21316 21317 21117 21118 20918 20919 20920 20720 20721 20521 20522 20322 20122 19922 19923 19723 19523 19323 19123 19124 18924 18724 18524 18525 18325 18326 18126 17926 17726 17526 17326 17327 17127 17128 16928 16728 16729 16529 16329 16330 16130 16131 15931 15731 15732 15532 15533 15333 15133 15134 14934 14734 14735 14535 14335 14135 13935 13735 13535 13335 13135 12935 12735 12736 12536 12537 12337 12338 12138 12139 12140 11940 11941 11942 11742 11743 11744 11745 11746 11747 11748 11749 11750 11550 11350 11150 10950 10750 10550 10350 10150 9950 9750 9550 9350 9150 8950 8750 8550 8350 8150 7950 7750 7550 7350 7150 6950 6750 6550 6350 6150 6149 5949 5948 5748 5747 5547 5546 5346 5345 5145 4945 4745 4545 4345 4145 3945 3745 3746 3546 3547 3548 3348 3349 3350 3351 3151 3152 3153 2953 2954 2955 2755 2756 2556 2557 2558 2559 2560 2561 2361 2362 2363 2163 2164 1964 1965 1765 1565 1566 1366 1166 966 967 767 567 568 368 369 370 371 372 373 374 375 575 775 975 1175 1375 
Label: 184831
[336,226447,]
33625 33626 33627 33628 33629 33429 33430 33230 33030 33031 32831 32631 32632 32432 32232 32032 32033 31833 31633 31634 31434 31234 31235 31035 30835 30836 30837 30838 30839 30840 30841 30842 30843 30844 30845 30846 30847 30848 30849 30850 30851 30852 30853 30854 30855 30856 30857 30858 30859 30860 30861 30862 30863 30864 30865 30866 30867 30868 30869 30870 30871 30872 30873 30874 30875 30876 30877 30677 30477 30277 30077 29877 29878 29678 29478 29278 29078 28878 28678 28478 28278 28078 27878 27678 27478 27278 27078 26878 26678 26478 26278 26078 26079 25879 25880 25680 25681 25682 25482 25483 25283 25284 25285 25085 25086 25087 24887 24888 24889 24890 24891 24892 24893 24894 24895 24896 24897 24697 24698 24498 24499 24299 24300 24100 23900 23901 23701 23702 23502 23503 23303 23304 23104 23105 22905 22906 22706 22707 22507 22508 22509 22309 22310 22311 22312 22112 22113 21913 21914 21714 21715 21515 21516 21316 21317 21117 21118 20918 20919 20920 20720 20721 20521 20522 20322 20122 19922 19923 19723 19523 19323 19123 19124 18924 18724 18524 18525 18325 18326 18126 17926 17726 17526 17326 17327 17127 17128 16928 16728 16729 16529 16329 16330 16130 16131 15931 15731 15732 15532 15533 15333 15133 15134 14934 14734 14735 14535 14335 14135 13935 13735 13535 13335 13135 12935 12735 12736 12536 12537 12337 12338 12138 12139 12140 11940 11941 11942 11742 11743 11744 11745 11746 11747 11748 11749 11750 11751 11551 11351 11151 10951 10751 10551 10351 10151 9951 9751 9551 9351 9151 8951 8751 8551 8351 8151 7951 7751 7551 7351 7151 6951 6751 6551 6351 6350 6150 6149 5949 5948 5748 5747 5547 5546 5346 5345 5145 5144 4944 4744 4544 4344 4144 3944 3744 3745 3746 3546 3547 3548 3348 3349 3350 3351 3151 3152 3153 2953 2954 2955 2755 2756 2556 2557 2558 2559 2560 2561 2361 2362 2363 2163 2164 1964 1965 1765 1565 1566 1366 1166 966 967 767 567 568 368 369 370 371 372 373 374 375 575 775 975 1175 1375 
Label: 244821
[380,210102,]
33625 33626 33627 33628 33629 33429 33430 33230 33030 33031 32831 32631 32632 32432 32232 32032 32033 31833 31633 31634 31434 31234 31235 31035 30835 30836 30837 30838 30839 30840 30841 30842 30843 30844 30845 30846 30847 30848 30849 30850 30851 30852 30853 30854 30855 30856 30857 30858 30859 30860 30861 30862 30863 30864 30865 30866 30867 30868 30869 30870 30871 30872 30873 30874 30875 30876 30877 30677 30477 30277 30077 29877 29878 29678 29478 29278 29078 28878 28678 28478 28278 28078 27878 27678 27478 27278 27078 26878 26678 26478 26278 26078 26079 25879 25880 25680 25681 25682 25482 25483 25283 25284 25285 25085 25086 25087 24887 24888 24889 24890 24891 24892 24893 24894 24895 24896 24897 24697 24698 24498 24499 24299 24300 24100 23900 23901 23701 23702 23502 23503 23303 23304 23104 23105 22905 22906 22706 22707 22507 22508 22509 22309 22310 22311 22312 22112 22113 21913 21914 21714 21715 21515 21516 21316 21317 21117 21118 20918 20919 20920 20720 20721 20521 20522 20322 20122 19922 19923 19723 19523 19323 19123 19124 18924 18724 18524 18525 18325 18326 18126 17926 17726 17526 17326 17327 17127 17128 16928 16728 16729 16529 16329 16330 16130 16131 15931 15731 15732 15532 15533 15333 15133 15134 14934 14734 14735 14535 14335 14135 13935 13735 13535 13335 13135 12935 12735 12736 12536 12537 12337 12338 12138 12139 12140 11940 11941 11942 11742 11743 11744 11745 11746 11747 11748 11749 11750 11751 11551 11351 11151 10951 10751 10551 10351 10151 9951 9751 9551 9351 9151 9152 8952 8752 8552 8352 8152 7952 7752 7552 7352 7152 6952 6752 6552 6551 6351 6350 6150 6149 5949 5948 5748 5747 5547 5546 5346 5345 5145 5144 4944 4943 4743 4742 4542 4541 4540 4340 4339 4338 4138 4137 4136 3936 3935 3735 3535 3335 3135 2935 2735 2535 2335 2135 1935 1735 1535 1335 1135 935 735 535 335 135 136 137 138 139 140 141 142 143 144 145 146 147 148 149 150 151 152 352 552 752 952 953 1153 1353 1553 1554 1754 1954 1955 2155 2156 2356 2357 2358 2359 2360 2361 2362 2363 2163 2164 1964 1965 1765 1565 1566 1366 1166 966 967 767 567 568 368 168 169 170 171 172 173 174 175 375 575 775 975 1175 1375 
Label: 245175
[382,209951,]
33625 33626 33627 33628 33629 33429 33430 33230 33030 33031 32831 32631 32632 32432 32232 32032 32033 31833 31633 31634 31434 31234 31235 31035 30835 30836 30837 30838 30839 30840 30841 30842 30843 30844 30845 30846 30847 30848 30849 30850 30851 30852 30853 30854 30855 30856 30857 30858 30859 30860 30861 30862 30863 30864 30865 30866 30867 30868 30869 30870 30871 30872 30873 30874 30875 30876 30877 30677 30477 30277 30077 29877 29878 29678 29478 29278 29078 28878 28678 28478 28278 28078 27878 27678 27478 27278 27078 26878 26678 26478 26278 26078 26079 25879 25880 25680 25681 25682 25482 25483 25283 25284 25285 25085 25086 25087 24887 24888 24889 24890 24891 24892 24893 24894 24895 24896 24897 24697 24698 24498 24499 24299 24300 24100 23900 23901 23701 23702 23502 23503 23303 23304 23104 23105 22905 22906 22706 22707 22507 22508 22509 22309 22310 22311 22312 22112 22113 21913 21914 21714 21715 21515 21516 21316 21317 21117 21118 20918 20919 20920 20720 20721 20521 20522 20322 20122 19922 19923 19723 19523 19323 19123 19124 18924 18724 18524 18525 18325 18326 18126 17926 17726 17526 17326 17327 17127 17128 16928 16728 16729 16529 16329 16330 16130 16131 15931 15731 15732 15532 15533 15333 15133 15134 14934 14734 14735 14535 14335 14135 13935 13735 13535 13335 13135 12935 12735 12736 12536 12537 12337 12338 12138 12139 12140 11940 11941 11942 11742 11743 11744 11745 11746 11747 11748 11749 11750 11751 11551 11351 11151 10951 10751 10551 10351 10151 9951 9751 9551 9351 9151 9152 8952 8752 8552 8352 8152 7952 7752 7552 7352 7152 6952 6752 6552 6551 6351 6350 6150 6149 5949 5948 5748 5747 5547 5546 5346 5345 5145 5144 4944 4943 4743 4742 4542 4541 4540 4340 4339 4338 4138 4137 4136 3936 3935 3735 3734 3534 3334 3134 2934 2734 2534 2334 2134 1934 1734 1534 1334 1134 934 734 534 334 335 135 136 137 138 139 140 141 142 143 144 145 146 147 148 149 150 151 152 352 552 752 952 953 1153 1353 1553 1554 1754 1954 1955 2155 2156 2356 2357 2358 2359 2360 2361 2362 2363 2163 2164 1964 1965 1765 1565 1566 1366 1166 966 967 767 567 568 368 168 169 170 171 172 173 174 175 375 575 775 975 1175 1375 
Label: 245435
[384,209865,]
33625 33626 33627 33628 33629 33429 33430 33230 33030 33031 32831 32631 32632 32432 32232 32032 32033 31833 31633 31634 31434 31234 31235 31035 30835 30836 30837 30838 30839 30840 30841 30842 30843 30844 30845 30846 30847 30848 30849 30850 30851 30852 30853 30854 30855 30856 30857 30858 30859 30860 30861 30862 30863 30864 30865 30866 30867 30868 30869 30870 30871 30872 30873 30874 30875 30876 30877 30677 30477 30277 30077 29877 29878 29678 29478 29278 29078 28878 28678 28478 28278 28078 27878 27678 27478 27278 27078 26878 26678 26478 26278 26078 26079 25879 25880 25680 25681 25682 25482 25483 25283 25284 25285 25085 25086 25087 24887 24888 24889 24890 24891 24892 24893 24894 24895 24896 24897 24697 24698 24498 24499 24299 24300 24100 23900 23901 23701 23702 23502 23503 23303 23304 23104 23105 22905 22906 22706 22707 22507 22508 22509 22309 22310 22311 22312 22112 22113 21913 21914 21714 21715 21515 21516 21316 21317 21117 21118 20918 20919 20920 20720 20721 20521 20522 20322 20122 19922 19923 19723 19523 19323 19123 19124 18924 18724 18524 18525 18325 18326 18126 17926 17726 17526 17326 17327 17127 17128 16928 16728 16729 16529 16329 16330 16130 16131 15931 15731 15732 15532 15533 15333 15133 15134 14934 14734 14735 14535 14335 14135 13935 13735 13535 13335 13135 12935 12735 12736 12536 12537 12337 12338 12138 12139 12140 11940 11941 11942 11742 11743 11744 11745 11746 11747 11748 11749 11750 11751 11551 11351 11151 10951 10751 10551 10351 10151 9951 9751 9551 9351 9151 9152 8952 8752 8552 8553 8353 8153 7953 7753 7553 7353 7153 6953 6753 6752 6552 6551 6351 6350 6150 6149 5949 5948 5748 5747 5547 5546 5346 5345 5145 5144 4944 4943 4743 4742 4542 4541 4540 4340 4339 4338 4138 4137 4136 3936 3935 3735 3734 3534 3334 3134 2934 2734 2534 2334 2134 1934 1734 1534 1334 1134 934 734 534 334 335 135 136 137 138 139 140 141 142 143 144 145 146 147 148 149 150 151 152 352 552 752 952 953 1153 1353 1553 1554 1754 1954 1955 2155 2156 2356 2357 2358 2359 2360 2361 2362 2363 2163 2164 1964 1965 1765 1565 1566 1366 1166 966 967 767 567 568 368 168 169 170 171 172 173 174 175 375 575 775 975 1175 1375 
Label: 113003
[318,315282,]
33625 33626 33627 33628 33629 33429 33430 33230 33030 33031 32831 32631 32632 32432 32232 32032 32033 31833 31633 31634 31434 31234 31235 31035 30835 30836 30837 30838 30839 30840 30841 30842 30843 30844 30845 30846 30847 30848 30849 30850 30851 30852 30853 30854 30855 30856 30857 30858 30859 30860 30861 30862 30863 30864 30865 30866 30867 30868 30869 30870 30871 30872 30873 30874 30875 30876 30877 30677 30477 30277 30077 29877 29878 29678 29478 29278 29078 28878 28678 28478 28278 28078 27878 27678 27478 27278 27078 26878 26678 26478 26278 26078 26079 25879 25880 25680 25681 25682 25482 25483 25283 25284 25285 25085 25086 25087 24887 24888 24889 24890 24891 24892 24893 24894 24895 24896 24897 24697 24698 24498 24499 24299 24300 24100 23900 23901 23701 23702 23502 23503 23303 23304 23104 23105 22905 22906 22706 22707 22507 22508 22509 22309 22310 22311 22312 22112 22113 21913 21914 21714 21715 21515 21516 21316 21317 21117 21118 20918 20919 20920 20720 20721 20521 20522 20322 20122 19922 19923 19723 19523 19323 19123 19124 18924 18724 18524 18525 18325 18326 18126 17926 17726 17526 17326 17327 17127 17128 16928 16728 16729 16529 16329 16330 16130 16131 15931 15731 15732 15532 15533 15333 15133 15134 14934 14734 14735 14535 14335 14135 13935 13735 13535 13335 13135 12935 12735 12736 12536 12537 12337 12338 12138 12139 12140 11940 11941 11942 11742 11743 11744 11745 11746 11747 11547 11347 11147 10947 10747 10547 10347 10147 9947 9747 9547 9347 9147 8947 8747 8547 8347 8147 7947 7747 7547 7347 7147 6947 6747 6547 6347 6147 5947 5747 5547 5347 5147 4947 4747 4547 4347 4147 3947 3747 3547 3548 3348 3349 3350 3351 3151 3152 3153 2953 2954 2955 2755 2756 2556 2557 2558 2559 2560 2561 2361 2362 2363 2163 2164 1964 1965 1765 1565 1566 1366 1166 966 967 767 768 769 770 771 772 773 774 775 975 1175 1375 
Label: 245603
[386,209828,]
33625 33626 33627 33628 33629 33429 33430 33230 33030 33031 32831 32631 32632 32432 32232 32032 32033 31833 31633 31634 31434 31234 31235 31035 30835 30836 30837 30838 30839 30840 30841 30842 30843 30844 30845 30846 30847 30848 30849 30850 30851 30852 30853 30854 30855 30856 30857 30858 30859 30860 30861 30862 30863 30864 30865 30866 30867 30868 30869 30870 30871 30872 30873 30874 30875 30876 30877 30677 30477 30277 30077 29877 29878 29678 29478 29278 29078 28878 28678 28478 28278 28078 27878 27678 27478 27278 27078 26878 26678 26478 26278 26078 26079 25879 25880 25680 25681 25682 25482 25483 25283 25284 25285 25085 25086 25087 24887 24888 24889 24890 24891 24892 24893 24894 24895 24896 24897 24697 24698 24498 24499 24299 24300 24100 23900 23901 23701 23702 23502 23503 23303 23304 23104 23105 22905 22906 22706 22707 22507 22508 22509 22309 22310 22311 22312 22112 22113 21913 21914 21714 21715 21515 21516 21316 21317 21117 21118 20918 20919 20920 20720 20721 20521 20522 20322 20122 19922 19923 19723 19523 19323 19123 19124 18924 18724 18524 18525 18325 18326 18126 17926 17726 17526 17326 17327 17127 17128 16928 16728 16729 16529 16329 16330 16130 16131 15931 15731 15732 15532 15533 15333 15133 15134 14934 14734 14735 14535 14335 14135 13935 13735 13535 13335 13135 12935 12735 12736 12536 12537 12337 12338 12138 12139 12140 11940 11941 11942 11742 11743 11744 11745 11746 11747 11748 11749 11750 11751 11551 11351 11151 10951 10751 10551 10351 10151 9951 9751 9551 9351 9151 9152 8952 8752 8552 8553 8353 8153 7953 7753 7553 7353 7153 6953 6753 6752 6552 6551 6351 6350 6150 6149 5949 5948 5748 5747 5547 5546 5346 5345 5145 5144 4944 4943 4743 4742 4542 4541 4540 4340 4339 4338 4138 4137 4136 3936 3935 3735 3734 3534 3334 3333 3133 2933 2733 2533 2333 2133 1933 1733 1533 1333 1133 933 733 734 534 334 335 135 136 137 138 139 140 141 142 143 144 145 146 147 148 149 150 151 152 352 552 752 952 953 1153 1353 1553 1554 1754 1954 1955 2155 2156 2356 2357 2358 2359 2360 2361 2362 2363 2163 2164 1964 1965 1765 1565 1566 1366 1166 966 967 767 567 568 368 168 169 170 171 172 173 174 175 375 575 775 975 1175 1375 
Label: 198855
[344,224480,]
33625 33626 33627 33628 33629 33429 33430 33230 33030 33031 32831 32631 32632 32432 32232 32032 32033 31833 31633 31634 31434 31234 31235 31035 30835 30836 30837 30838 30839 30840 30841 30842 30843 30844 30845 30846 30847 30848 30849 30850 30851 30852 30853 30854 30855 30856 30857 30858 30859 30860 30861 30862 30863 30864 30865 30866 30867 30868 30869 30870 30871 30872 30873 30874 30875 30876 30877 30677 30477 30277 30077 29877 29878 29678 29478 29278 29078 28878 28678 28478 28278 28078 27878 27678 27478 27278 27078 26878 26678 26478 26278 26078 26079 25879 25880 25680 25681 25682 25482 25483 25283 25284 25285 25085 25086 25087 24887 24888 24889 24890 24891 24892 24893 24894 24895 24896 24897 24697 24698 24498 24499 24299 24300 24100 23900 23901 23701 23702 23502 23503 23303 23304 23104 23105 22905 22906 22706 22707 22507 22508 22509 22309 22310 22311 22312 22112 22113 21913 21914 21714 21715 21515 21516 21316 21317 21117 21118 20918 20919 20920 20720 20721 20521 20522 20322 20122 19922 19923 19723 19523 19323 19123 19124 18924 18724 18524 18525 18325 18326 18126 17926 17726 17526 17326 17327 17127 17128 16928 16728 16729 16529 16329 16330 16130 16131 15931 15731 15732 15532 15533 15333 15133 15134 14934 14734 14735 14535 14335 14135 13935 13735 13535 13335 13135 12935 12735 12736 12536 12537 12337 12338 12138 12139 12140 11940 11941 11942 11742 11743 11744 11745 11746 11747 11748 11749 11750 11751 11551 11351 11151 10951 10751 10551 10351 10151 9951 9751 9551 9351 9151 9152 8952 8752 8552 8553 8353 8153 7953 7753 7553 7353 7153 6953 6753 6752 6552 6551 6351 6350 6150 6149 5949 5948 5748 5747 5547 5546 5346 5345 5145 5144 4944 4943 4743 4543 4343 4143 3943 3944 3744 3745 3746 3546 3547 3548 3348 3349 3350 3351 3151 3152 3153 2953 2954 2955 2755 2756 2556 2557 2558 2559 2560 2561 2361 2362 2363 2163 2164 1964 1965 1765 1565 1566 1366 1166 966 967 767 567 568 368 168 169 170 171 172 173 174 175 375 575 775 975 1175 1375 
Label: 159919
[326,246409,]
33625 33626 33627 33628 33629 33429 33430 33230 33030 33031 32831 32631 32632 32432 32232 32032 32033 31833 31633 31634 31434 31234 31235 31035 30835 30836 30837 30838 30839 30840 30841 30842 30843 30844 30845 30846 30847 30848 30849 30850 30851 30852 30853 30854 30855 30856 30857 30858 30859 30860 30861 30862 30863 30864 30865 30866 30867 30868 30869 30870 30871 30872 30873 30874 30875 30876 30877 30677 30477 30277 30077 29877 29878 29678 29478 29278 29078 28878 28678 28478 28278 28078 27878 27678 27478 27278 27078 26878 26678 26478 26278 26078 26079 25879 25880 25680 25681 25682 25482 25483 25283 25284 25285 25085 25086 25087 24887 24888 24889 24890 24891 24892 24893 24894 24895 24896 24897 24697 24698 24498 24499 24299 24300 24100 23900 23901 23701 23702 23502 23503 23303 23304 23104 23105 22905 22906 22706 22707 22507 22508 22509 22309 22310 22311 22312 22112 22113 21913 21914 21714 21715 21515 21516 21316 21317 21117 21118 20918 20919 20920 20720 20721 20521 20522 20322 20122 19922 19923 19723 19523 19323 19123 19124 18924 18724 18524 18525 18325 18326 18126 17926 17726 17526 17326 17327 17127 17128 16928 16728 16729 16529 16329 16330 16130 16131 15931 15731 15732 15532 15533 15333 15133 15134 14934 14734 14735 14535 14335 14135 13935 13735 13535 13335 13135 12935 12735 12736 12536 12537 12337 12338 12138 12139 12140 11940 11941 11942 11742 11743 11744 11745 11746 11747 11748 11749 11549 11349 11149 10949 10749 10549 10349 10149 9949 9749 9549 9349 9149 8949 8749 8549 8349 8149 7949 7749 7549 7349 7149 6949 6749 6549 6349 6149 5949 5948 5748 5747 5547 5546 5346 5146 4946 4746 4546 4346 4146 3946 3746 3546 3547 3548 3348 3349 3350 3351 3151 3152 3153 2953 2954 2955 2755 2756 2556 2557 2558 2559 2560 2561 2361 2362 2363 2163 2164 1964 1965 1765 1565 1566 1366 1166 966 967 767 567 568 569 570 571 572 573 574 575 775 975 1175 1375 
Label: 246031
[394,209788,]
33625 33626 33627 33628 33629 33429 33430 33230 33030 33031 32831 32631 32632 32432 32232 32032 32033 31833 31633 31634 31434 31234 31235 31035 30835 30836 30837 30838 30638 30639 30640 30641 30642 30643 30644 30645 30646 30647 30648 30649 30650 30651 30652 30653 30654 30655 30656 30657 30658 30858 30859 30860 31060 31061 31062 31063 31064 31065 31066 31067 31068 31069 31070 31071 31072 31073 31074 31075 31076 31077 30877 30677 30477 30277 30077 29877 29878 29678 29478 29278 29078 28878 28678 28478 28278 28078 27878 27678 27478 27278 27078 26878 26678 26478 26278 26078 26079 25879 25880 25680 25681 25682 25482 25483 25283 25284 25285 25085 25086 25087 24887 24888 24889 24890 24891 24892 24893 24894 24895 24896 24897 24697 24698 24498 24499 24299 24300 24100 23900 23901 23701 23702 23502 23503 23303 23304 23104 23105 22905 22906 22706 22707 22507 22508 22509 22309 22310 22311 22312 22112 22113 21913 21914 21714 21715 21515 21516 21316 21317 21117 21118 20918 20919 20920 20720 20721 20521 20522 20322 20122 19922 19923 19723 19523 19323 19123 19124 18924 18724 18524 18525 18325 18326 18126 17926 17726 17526 17326 17327 17127 17128 16928 16728 16729 16529 16329 16330 16130 16131 15931 15731 15732 15532 15533 15333 15133 15134 14934 14734 14735 14535 14335 14135 13935 13735 13535 13335 13135 12935 12735 12736 12536 12537 12337 12338 12138 12139 12140 11940 11941 11942 11742 11743 11744 11745 11746 11747 11748 11749 11750 11751 11551 11351 11151 10951 10751 10551 10351 10151 9951 9751 9551 9351 9151 9152 8952 8752 8552 8553 8353 8153 7953 7954 7754 7554 7354 7154 6954 6953 6753 6752 6552 6551 6351 6350 6150 6149 5949 5948 5748 5747 5547 5546 5346 5345 5145 5144 4944 4943 4743 4742 4542 4541 4540 4340 4339 4338 4138 4137 4136 3936 3935 3735 3734 3534 3334 3333 3133 2933 2733 2732 2532 2332 2132 1932 1732 1532 1332 1333 1133 933 733 734 534 334 335 135 136 137 138 139 140 141 142 143 144 145 146 147 148 149 150 151 152 352 552 752 952 953 1153 1353 1553 1554 1754 1954 1955 2155 2156 2356 2357 2358 2359 2360 2361 2362 2363 2163 2164 1964 1965 1765 1565 1566 1366 1166 966 967 767 567 568 368 168 169 170 171 172 173 174 175 375 575 775 975 1175 1375 
Label: 241358
[372,213477,]
33625 33626 33627 33628 33629 33429 33430 33230 33030 33031 32831 32631 32632 32432 32232 32032 32033 31833 31633 31634 31434 31234 31235 31035 30835 30836 30837 30838 30839 30840 30841 30842 30843 30844 30845 30846 30847 30848 30849 30850 30851 30852 30853 30854 30855 30856 30857 30858 30859 30860 30861 30862 30863 30864 30865 30866 30867 30868 30869 30870 30871 30872 30873 30874 30875 30876 30877 30677 30477 30277 30077 29877 29878 29678 29478 29278 29078 28878 28678 28478 28278 28078 27878 27678 27478 27278 27078 26878 26678 26478 26278 26078 26079 25879 25880 25680 25681 25682 25482 25483 25283 25284 25285 25085 25086 25087 24887 24888 24889 24890 24891 24892 24893 24894 24895 24896 24897 24697 24698 24498 24499 24299 24300 24100 23900 23901 23701 23702 23502 23503 23303 23304 23104 23105 22905 22906 22706 22707 22507 22508 22509 22309 22310 22311 22312 22112 22113 21913 21914 21714 21715 21515 21516 21316 21317 21117 21118 20918 20919 20920 20720 20721 20521 20522 20322 20122 19922 19923 19723 19523 19323 19123 19124 18924 18724 18524 18525 18325 18326 18126 17926 17726 17526 17326 17327 17127 17128 16928 16728 16729 16529 16329 16330 16130 16131 15931 15731 15732 15532 15533 15333 15133 15134 14934 14734 14735 14535 14335 14135 13935 13735 13535 13335 13135 12935 12735 12736 12536 12537 12337 12338 12138 12139 12140 11940 11941 11942 11742 11743 11744 11745 11746 11747 11748 11749 11750 11550 11350 11150 10950 10750 10550 10350 10150 9950 9750 9550 9350 9150 8950 8750 8550 8350 8150 7950 7750 7550 7350 7150 6950 6750 6550 6350 6150 6149 5949 5948 5748 5747 5547 5546 5346 5345 5145 5144 4944 4943 4743 4742 4542 4541 4540 4340 4339 4338 4138 4137 4136 3936 3736 3536 3336 3136 2936 2736 2536 2336 2136 1936 1736 1536 1336 1136 936 736 536 336 136 137 138 139 140 141 142 143 144 145 146 147 148 149 150 151 152 352 552 752 952 953 1153 1353 1553 1554 1754 1954 1955 2155 2156 2356 2357 2358 2359 2360 2361 2362 2363 2163 2164 1964 1965 1765 1565 1566 1366 1166 966 967 767 567 568 368 369 370 371 372 373 374 375 575 775 975 1175 1375 
Label: 180883
[334,227924,]
33625 33626 33627 33628 33629 33429 33430 33230 33030 33031 32831 32631 32632 32432 32232 32032 32033 31833 31633 31634 31434 31234 31235 31035 30835 30836 30837 30838 30839 30840 30841 30842 30843 30844 30845 30846 30847 30848 30849 30850 30851 30852 30853 30854 30855 30856 30857 30858 30859 30860 30861 30862 30863 30864 30865 30866 30867 30868 30869 30870 30871 30872 30873 30874 30875 30876 30877 30677 30477 30277 30077 29877 29878 29678 29478 29278 29078 28878 28678 28478 28278 28078 27878 27678 27478 27278 27078 26878 26678 26478 26278 26078 26079 25879 25880 25680 25681 25682 25482 25483 25283 25284 25285 25085 25086 25087 24887 24888 24889 24890 24891 24892 24893 24894 24895 24896 24897 24697 24698 24498 24499 24299 24300 24100 23900 23901 23701 23702 23502 23503 23303 23304 23104 23105 22905 22906 22706 22707 22507 22508 22509 22309 22310 22311 22312 22112 22113 21913 21914 21714 21715 21515 21516 21316 21317 21117 21118 20918 20919 20920 20720 20721 20521 20522 20322 20122 19922 19923 19723 19523 19323 19123 19124 18924 18724 18524 18525 18325 18326 18126 17926 17726 17526 17326 17327 17127 17128 16928 16728 16729 16529 16329 16330 16130 16131 15931 15731 15732 15532 15533 15333 15133 15134 14934 14734 14735 14535 14335 14135 13935 13735 13535 13335 13135 12935 12735 12736 12536 12537 12337 12338 12138 12139 12140 11940 11941 11942 11742 11743 11744 11745 11746 11747 11748 11749 11750 11550 11350 11150 10950 10750 10550 10350 10150 9950 9750 9550 9350 9150 8950 8750 8550 8350 8150 7950 7750 7550 7350 7150 6950 6750 6550 6350 6150 6149 5949 5948 5748 5747 5547 5546 5346 5345 5145 5144 4944 4744 4544 4344 4144 3944 3744 3745 3746 3546 3547 3548 3348 3349 3350 3351 3151 3152 3153 2953 2954 2955 2755 2756 2556 2557 2558 2559 2560 2561 2361 2362 2363 2163 2164 1964 1965 1765 1565 1566 1366 1166 966 967 767 567 568 368 369 370 371 372 373 374 375 575 775 975 1175 1375 
Label: 246091
[396,209785,]
33625 33626 33627 33628 33629 33429 33430 33230 33030 33031 32831 32631 32632 32432 32232 32032 32033 31833 31633 31634 31434 31234 31235 31035 30835 30836 30837 30838 30638 30639 30640 30641 30642 30643 30644 30645 30646 30647 30648 30649 30650 30651 30652 30653 30654 30655 30656 30657 30658 30858 30859 30860 31060 31061 31062 31063 31064 31264 31265 31266 31267 31268 31269 31270 31271 31272 31273 31274 31275 31276 31277 31077 30877 30677 30477 30277 30077 29877 29878 29678 29478 29278 29078 28878 28678 28478 28278 28078 27878 27678 27478 27278 27078 26878 26678 26478 26278 26078 26079 25879 25880 25680 25681 25682 25482 25483 25283 25284 25285 25085 25086 25087 24887 24888 24889 24890 24891 24892 24893 24894 24895 24896 24897 24697 24698 24498 24499 24299 24300 24100 23900 23901 23701 23702 23502 23503 23303 23304 23104 23105 22905 22906 22706 22707 22507 22508 22509 22309 22310 22311 22312 22112 22113 21913 21914 21714 21715 21515 21516 21316 21317 21117 21118 20918 20919 20920 20720 20721 20521 20522 20322 20122 19922 19923 19723 19523 19323 19123 19124 18924 18724 18524 18525 18325 18326 18126 17926 17726 17526 17326 17327 17127 17128 16928 16728 16729 16529 16329 16330 16130 16131 15931 15731 15732 15532 15533 15333 15133 15134 14934 14734 14735 14535 14335 14135 13935 13735 13535 13335 13135 12935 12735 12736 12536 12537 12337 12338 12138 12139 12140 11940 11941 11942 11742 11743 11744 11745 11746 11747 11748 11749 11750 11751 11551 11351 11151 10951 10751 10551 10351 10151 9951 9751 9551 9351 9151 9152 8952 8752 8552 8553 8353 8153 7953 7954 7754 7554 7354 7154 6954 6953 6753 6752 6552 6551 6351 6350 6150 6149 5949 5948 5748 5747 5547 5546 5346 5345 5145 5144 4944 4943 4743 4742 4542 4541 4540 4340 4339 4338 4138 4137 4136 3936 3935 3735 3734 3534 3334 3333 3133 2933 2733 2732 2532 2332 2132 1932 1732 1532 1332 1333 1133 933 733 734 534 334 335 135 136 137 138 139 140 141 142 143 144 145 146 147 148 149 150 151 152 352 552 752 952 953 1153 1353 1553 1554 1754 1954 1955 2155 2156 2356 2357 2358 2359 2360 2361 2362 2363 2163 2164 1964 1965 1765 1565 1566 1366 1166 966 967 767 567 568 368 168 169 170 171 172 173 174 175 375 575 775 975 1175 1375 
Label: 62515
[314,398173,]
33625 33626 33627 33628 33629 33429 33430 33230 33030 33031 32831 32631 32632 32432 32232 32032 32033 31833 31633 31634 31434 31234 31235 31035 30835 30836 30837 30838 30839 30840 30841 30842 30843 30844 30845 30846 30847 30848 30849 30850 30851 30852 30853 30854 30855 30856 30857 30858 30859 30860 30861 30862 30863 30864 30865 30866 30867 30868 30869 30870 30871 30872 30873 30874 30875 30876 30877 30677 30477 30277 30077 29877 29878 29678 29478 29278 29078 28878 28678 28478 28278 28078 27878 27678 27478 27278 27078 26878 26678 26478 26278 26078 26079 25879 25880 25680 25681 25682 25482 25483 25283 25284 25285 25085 25086 25087 24887 24888 24889 24890 24891 24892 24893 24894 24895 24896 24897 24697 24698 24498 24499 24299 24300 24100 23900 23901 23701 23702 23502 23503 23303 23304 23104 23105 22905 22906 22706 22707 22507 22508 22509 22309 22310 22311 22312 22112 22113 21913 21914 21714 21715 21515 21516 21316 21317 21117 21118 20918 20919 20920 20720 20721 20521 20522 20322 20122 19922 19923 19723 19523 19323 19123 19124 18924 18724 18524 18525 18325 18326 18126 17926 17726 17526 17326 17327 17127 17128 16928 16728 16729 16529 16329 16330 16130 16131 15931 15731 15732 15532 15533 15333 15133 15134 14934 14734 14735 14535 14335 14135 13935 13735 13535 13335 13135 12935 12735 12736 12536 12537 12337 12338 12138 12139 12140 11940 11941 11942 11742 11743 11744 11745 11746 11747 11547 11347 11147 10947 10747 10547 10347 10147 9947 9747 9547 9347 9147 8947 8747 8547 8347 8147 7947 7747 7547 7347 7147 6947 6747 6547 6347 6147 5947 5747 5547 5347 5147 4947 4747 4547 4347 4147 3947 3747 3547 3548 3348 3349 3350 3351 3151 3152 3153 2953 2954 2955 2755 2756 2556 2557 2558 2559 2560 2561 2361 2362 2363 2163 2164 1964 1965 1765 1565 1566 1366 1166 1167 1168 1169 1170 1171 1172 1173 1174 1175 1375 
Label: 171783
[330,233910,]
33625 33626 33627 33628 33629 33429 33430 33230 33030 33031 32831 32631 32632 32432 32232 32032 32033 31833 31633 31634 31434 31234 31235 31035 30835 30836 30837 30838 30839 30840 30841 30842 30843 30844 30845 30846 30847 30848 30849 30850 30851 30852 30853 30854 30855 30856 30857 30858 30859 30860 30861 30862 30863 30864 30865 30866 30867 30868 30869 30870 30871 30872 30873 30874 30875 30876 30877 30677 30477 30277 30077 29877 29878 29678 29478 29278 29078 28878 28678 28478 28278 28078 27878 27678 27478 27278 27078 26878 26678 26478 26278 26078 26079 25879 25880 25680 25681 25682 25482 25483 25283 25284 25285 25085 25086 25087 24887 24888 24889 24890 24891 24892 24893 24894 24895 24896 24897 24697 24698 24498 24499 24299 24300 24100 23900 23901 23701 23702 23502 23503 23303 23304 23104 23105 22905 22906 22706 22707 22507 22508 22509 22309 22310 22311 22312 22112 22113 21913 21914 21714 21715 21515 21516 21316 21317 21117 21118 20918 20919 20920 20720 20721 20521 20522 20322 20122 19922 19923 19723 19523 19323 19123 19124 18924 18724 18524 18525 18325 18326 18126 17926 17726 17526 17326 17327 17127 17128 16928 16728 16729 16529 16329 16330 16130 16131 15931 15731 15732 15532 15533 15333 15133 15134 14934 14734 14735 14535 14335 14135 13935 13735 13535 13335 13135 12935 12735 12736 12536 12537 12337 12338 12138 12139 12140 11940 11941 11942 11742 11743 11744 11745 11746 11747 11748 11749 11750 11550 11350 11150 10950 10750 10550 10350 10150 9950 9750 9550 9350 9150 8950 8750 8550 8350 8150 7950 7750 7550 7350 7150 6950 6750 6550 6350 6150 6149 5949 5948 5748 5747 5547 5546 5346 5345 5145 4945 4745 4545 4345 4145 3945 3745 3746 3546 3547 3548 3348 3349 3350 3351 3151 3152 3153 2953 2954 2955 2755 2756 2556 2557 2558 2559 2560 2561 2361 2362 2363 2163 2164 1964 1965 1765 1565 1566 1366 1166 966 967 767 567 568 569 570 571 572 573 574 575 775 975 1175 1375 
Label: 88391
[316,342759,]
33625 33626 33627 33628 33629 33429 33430 33230 33030 33031 32831 32631 32632 32432 32232 32032 32033 31833 31633 31634 31434 31234 31235 31035 30835 30836 30837 30838 30839 30840 30841 30842 30843 30844 30845 30846 30847 30848 30849 30850 30851 30852 30853 30854 30855 30856 30857 30858 30859 30860 30861 30862 30863 30864 30865 30866 30867 30868 30869 30870 30871 30872 30873 30874 30875 30876 30877 30677 30477 30277 30077 29877 29878 29678 29478 29278 29078 28878 28678 28478 28278 28078 27878 27678 27478 27278 27078 26878 26678 26478 26278 26078 26079 25879 25880 25680 25681 25682 25482 25483 25283 25284 25285 25085 25086 25087 24887 24888 24889 24890 24891 24892 24893 24894 24895 24896 24897 24697 24698 24498 24499 24299 24300 24100 23900 23901 23701 23702 23502 23503 23303 23304 23104 23105 22905 22906 22706 22707 22507 22508 22509 22309 22310 22311 22312 22112 22113 21913 21914 21714 21715 21515 21516 21316 21317 21117 21118 20918 20919 20920 20720 20721 20521 20522 20322 20122 19922 19923 19723 19523 19323 19123 19124 18924 18724 18524 18525 18325 18326 18126 17926 17726 17526 17326 17327 17127 17128 16928 16728 16729 16529 16329 16330 16130 16131 15931 15731 15732 15532 15533 15333 15133 15134 14934 14734 14735 14535 14335 14135 13935 13735 13535 13335 13135 12935 12735 12736 12536 12537 12337 12338 12138 12139 12140 11940 11941 11942 11742 11743 11744 11745 11746 11747 11547 11347 11147 10947 10747 10547 10347 10147 9947 9747 9547 9347 9147 8947 8747 8547 8347 8147 7947 7747 7547 7347 7147 6947 6747 6547 6347 6147 5947 5747 5547 5347 5147 4947 4747 4547 4347 4147 3947 3747 3547 3548 3348 3349 3350 3351 3151 3152 3153 2953 2954 2955 2755 2756 2556 2557 2558 2559 2560 2561 2361 2362 2363 2163 2164 1964 1965 1765 1565 1566 1366 1166 966 967 968 969 970 971 972 973 974 975 1175 1375 
Label: 141727
[322,268984,]
33625 33626 33627 33628 33629 33429 33430 33230 33030 33031 32831 32631 32632 32432 32232 32032 32033 31833 31633 31634 31434 31234 31235 31035 30835 30836 30837 30838 30839 30840 30841 30842 30843 30844 30845 30846 30847 30848 30849 30850 30851 30852 30853 30854 30855 30856 30857 30858 30859 30860 30861 30862 30863 30864 30865 30866 30867 30868 30869 30870 30871 30872 30873 30874 30875 30876 30877 30677 30477 30277 30077 29877 29878 29678 29478 29278 29078 28878 28678 28478 28278 28078 27878 27678 27478 27278 27078 26878 26678 26478 26278 26078 26079 25879 25880 25680 25681 25682 25482 25483 25283 25284 25285 25085 25086 25087 24887 24888 24889 24890 24891 24892 24893 24894 24895 24896 24897 24697 24698 24498 24499 24299 24300 24100 23900 23901 23701 23702 23502 23503 23303 23304 23104 23105 22905 22906 22706 22707 22507 22508 22509 22309 22310 22311 22312 22112 22113 21913 21914 21714 21715 21515 21516 21316 21317 21117 21118 20918 20919 20920 20720 20721 20521 20522 20322 20122 19922 19923 19723 19523 19323 19123 19124 18924 18724 18524 18525 18325 18326 18126 17926 17726 17526 17326 17327 17127 17128 16928 16728 16729 16529 16329 16330 16130 16131 15931 15731 15732 15532 15533 15333 15133 15134 14934 14734 14735 14535 14335 14135 13935 13735 13535 13335 13135 12935 12735 12736 12536 12537 12337 12338 12138 12139 12140 11940 11941 11942 11742 11743 11744 11745 11746 11747 11748 11548 11348 11148 10948 10748 10548 10348 10148 9948 9748 9548 9348 9148 8948 8748 8548 8348 8148 7948 7748 7548 7348 7148 6948 6748 6548 6348 6148 5948 5748 5747 5547 5546 5346 5146 4946 4746 4546 4346 4146 3946 3746 3546 3547 3548 3348 3349 3350 3351 3151 3152 3153 2953 2954 2955 2755 2756 2556 2557 2558 2559 2560 2561 2361 2362 2363 2163 2164 1964 1965 1765 1565 1566 1366 1166 966 967 767 768 769 770 771 772 773 774 775 975 1175 1375 
Label: 34685
[312,489063,]
33625 33626 33627 33628 33629 33429 33430 33230 33030 33031 32831 32631 32632 32432 32232 32032 32033 31833 31633 31634 31434 31234 31235 31035 30835 30836 30837 30838 30839 30840 30841 30842 30843 30844 30845 30846 30847 30848 30849 30850 30851 30852 30853 30854 30855 30856 30857 30858 30859 30860 30861 30862 30863 30864 30865 30866 30867 30868 30869 30870 30871 30872 30873 30874 30875 30876 30877 30677 30477 30277 30077 29877 29878 29678 29478 29278 29078 28878 28678 28478 28278 28078 27878 27678 27478 27278 27078 26878 26678 26478 26278 26078 26079 25879 25880 25680 25681 25682 25482 25483 25283 25284 25285 25085 25086 25087 24887 24888 24889 24890 24891 24892 24893 24894 24895 24896 24897 24697 24698 24498 24499 24299 24300 24100 23900 23901 23701 23702 23502 23503 23303 23304 23104 23105 22905 22906 22706 22707 22507 22508 22509 22309 22310 22311 22312 22112 22113 21913 21914 21714 21715 21515 21516 21316 21317 21117 21118 20918 20919 20920 20720 20721 20521 20522 20322 20122 19922 19923 19723 19523 19323 19123 19124 18924 18724 18524 18525 18325 18326 18126 17926 17726 17526 17326 17327 17127 17128 16928 16728 16729 16529 16329 16330 16130 16131 15931 15731 15732 15532 15533 15333 15133 15134 14934 14734 14735 14535 14335 14135 13935 13735 13535 13335 13135 12935 12735 12736 12536 12537 12337 12338 12138 12139 12140 11940 11941 11942 11742 11743 11744 11745 11746 11747 11547 11347 11147 10947 10747 10547 10347 10147 9947 9747 9547 9347 9147 8947 8747 8547 8347 8147 7947 7747 7547 7347 7147 6947 6747 6547 6347 6147 5947 5747 5547 5347 5147 4947 4747 4547 4347 4147 3947 3747 3547 3548 3348 3349 3350 3351 3151 3152 3153 2953 2954 2955 2755 2756 2556 2557 2558 2559 2560 2561 2361 2362 2363 2163 2164 1964 1965 1765 1565 1566 1366 1367 1368 1369 1370 1371 1372 1373 1374 1375 
Label: 188587
[338,225469,]
33625 33626 33627 33628 33629 33429 33430 33230 33030 33031 32831 32631 32632 32432 32232 32032 32033 31833 31633 31634 31434 31234 31235 31035 30835 30836 30837 30838 30839 30840 30841 30842 30843 30844 30845 30846 30847 30848 30849 30850 30851 30852 30853 30854 30855 30856 30857 30858 30859 30860 30861 30862 30863 30864 30865 30866 30867 30868 30869 30870 30871 30872 30873 30874 30875 30876 30877 30677 30477 30277 30077 29877 29878 29678 29478 29278 29078 28878 28678 28478 28278 28078 27878 27678 27478 27278 27078 26878 26678 26478 26278 26078 26079 25879 25880 25680 25681 25682 25482 25483 25283 25284 25285 25085 25086 25087 24887 24888 24889 24890 24891 24892 24893 24894 24895 24896 24897 24697 24698 24498 24499 24299 24300 24100 23900 23901 23701 23702 23502 23503 23303 23304 23104 23105 22905 22906 22706 22707 22507 22508 22509 22309 22310 22311 22312 22112 22113 21913 21914 21714 21715 21515 21516 21316 21317 21117 21118 20918 20919 20920 20720 20721 20521 20522 20322 20122 19922 19923 19723 19523 19323 19123 19124 18924 18724 18524 18525 18325 18326 18126 17926 17726 17526 17326 17327 17127 17128 16928 16728 16729 16529 16329 16330 16130 16131 15931 15731 15732 15532 15533 15333 15133 15134 14934 14734 14735 14535 14335 14135 13935 13735 13535 13335 13135 12935 12735 12736 12536 12537 12337 12338 12138 12139 12140 11940 11941 11942 11742 11743 11744 11745 11746 11747 11748 11749 11750 11751 11551 11351 11151 10951 10751 10551 10351 10151 9951 9751 9551 9351 9151 8951 8751 8551 8351 8151 7951 7751 7551 7351 7151 6951 6751 6551 6351 6350 6150 6149 5949 5948 5748 5747 5547 5546 5346 5345 5145 5144 4944 4744 4544 4344 4144 3944 3744 3745 3746 3546 3547 3548 3348 3349 3350 3351 3151 3152 3153 2953 2954 2955 2755 2756 2556 2557 2558 2559 2560 2561 2361 2362 2363 2163 2164 1964 1965 1765 1565 1566 1366 1166 966 967 767 567 568 368 168 169 170 171 172 173 174 175 375 575 775 975 1175 1375 
Label: 245951
[392,209792,]
33625 33626 33627 33628 33629 33429 33430 33230 33030 33031 32831 32631 32632 32432 32232 32032 32033 31833 31633 31634 31434 31234 31235 31035 30835 30836 30837 30838 30839 30840 30841 30842 30843 30844 30845 30846 30847 30848 30849 30850 30851 30852 30853 30854 30855 30856 30857 30858 30859 30860 31060 31061 31062 31063 31064 31065 31066 31067 31068 31069 31070 31071 31072 31073 31074 31075 31076 31077 30877 30677 30477 30277 30077 29877 29878 29678 29478 29278 29078 28878 28678 28478 28278 28078 27878 27678 27478 27278 27078 26878 26678 26478 26278 26078 26079 25879 25880 25680 25681 25682 25482 25483 25283 25284 25285 25085 25086 25087 24887 24888 24889 24890 24891 24892 24893 24894 24895 24896 24897 24697 24698 24498 24499 24299 24300 24100 23900 23901 23701 23702 23502 23503 23303 23304 23104 23105 22905 22906 22706 22707 22507 22508 22509 22309 22310 22311 22312 22112 22113 21913 21914 21714 21715 21515 21516 21316 21317 21117 21118 20918 20919 20920 20720 20721 20521 20522 20322 20122 19922 19923 19723 19523 19323 19123 19124 18924 18724 18524 18525 18325 18326 18126 17926 17726 17526 17326 17327 17127 17128 16928 16728 16729 16529 16329 16330 16130 16131 15931 15731 15732 15532 15533 15333 15133 15134 14934 14734 14735 14535 14335 14135 13935 13735 13535 13335 13135 12935 12735 12736 12536 12537 12337 12338 12138 12139 12140 11940 11941 11942 11742 11743 11744 11745 11746 11747 11748 11749 11750 11751 11551 11351 11151 10951 10751 10551 10351 10151 9951 9751 9551 9351 9151 9152 8952 8752 8552 8553 8353 8153 7953 7954 7754 7554 7354 7154 6954 6953 6753 6752 6552 6551 6351 6350 6150 6149 5949 5948 5748 5747 5547 5546 5346 5345 5145 5144 4944 4943 4743 4742 4542 4541 4540 4340 4339 4338 4138 4137 4136 3936 3935 3735 3734 3534 3334 3333 3133 2933 2733 2732 2532 2332 2132 1932 1732 1532 1332 1333 1133 933 733 734 534 334 335 135 136 137 138 139 140 141 142 143 144 145 146 147 148 149 150 151 152 352 552 752 952 953 1153 1353 1553 1554 1754 1954 1955 2155 2156 2356 2357 2358 2359 2360 2361 2362 2363 2163 2164 1964 1965 1765 1565 1566 1366 1166 966 967 767 567 568 368 168 169 170 171 172 173 174 175 375 575 775 975 1175 1375 
Label: 192143
[340,224972,]
33625 33626 33627 33628 33629 33429 33430 33230 33030 33031 32831 32631 32632 32432 32232 32032 32033 31833 31633 31634 31434 31234 31235 31035 30835 30836 30837 30838 30839 30840 30841 30842 30843 30844 30845 30846 30847 30848 30849 30850 30851 30852 30853 30854 30855 30856 30857 30858 30859 30860 30861 30862 30863 30864 30865 30866 30867 30868 30869 30870 30871 30872 30873 30874 30875 30876 30877 30677 30477 30277 30077 29877 29878 29678 29478 29278 29078 28878 28678 28478 28278 28078 27878 27678 27478 27278 27078 26878 26678 26478 26278 26078 26079 25879 25880 25680 25681 25682 25482 25483 25283 25284 25285 25085 25086 25087 24887 24888 24889 24890 24891 24892 24893 24894 24895 24896 24897 24697 24698 24498 24499 24299 24300 24100 23900 23901 23701 23702 23502 23503 23303 23304 23104 23105 22905 22906 22706 22707 22507 22508 22509 22309 22310 22311 22312 22112 22113 21913 21914 21714 21715 21515 21516 21316 21317 21117 21118 20918 20919 20920 20720 20721 20521 20522 20322 20122 19922 19923 19723 19523 19323 19123 19124 18924 18724 18524 18525 18325 18326 18126 17926 17726 17526 17326 17327 17127 17128 16928 16728 16729 16529 16329 16330 16130 16131 15931 15731 15732 15532 15533 15333 15133 15134 14934 14734 14735 14535 14335 14135 13935 13735 13535 13335 13135 12935 12735 12736 12536 12537 12337 12338 12138 12139 12140 11940 11941 11942 11742 11743 11744 11745 11746 11747 11748 11749 11750 11751 11551 11351 11151 10951 10751 10551 10351 10151 9951 9751 9551 9351 9151 8951 8751 8551 8351 8151 7951 7751 7551 7351 7151 6951 6751 6551 6351 6350 6150 6149 5949 5948 5748 5747 5547 5546 5346 5345 5145 5144 4944 4943 4743 4543 4343 4143 3943 3944 3744 3745 3746 3546 3547 3548 3348 3349 3350 3351 3151 3152 3153 2953 2954 2955 2755 2756 2556 2557 2558 2559 2560 2561 2361 2362 2363 2163 2164 1964 1965 1765 1565 1566 1366 1166 966 967 767 567 568 368 168 169 170 171 172 173 174 175 375 575 775 975 1175 1375 
Label: 237325
[368,218665,]
33625 33626 33627 33628 33629 33429 33430 33230 33030 33031 32831 32631 32632 32432 32232 32032 32033 31833 31633 31634 31434 31234 31235 31035 30835 30836 30837 30838 30839 30840 30841 30842 30843 30844 30845 30846 30847 30848 30849 30850 30851 30852 30853 30854 30855 30856 30857 30858 30859 30860 30861 30862 30863 30864 30865 30866 30867 30868 30869 30870 30871 30872 30873 30874 30875 30876 30877 30677 30477 30277 30077 29877 29878 29678 29478 29278 29078 28878 28678 28478 28278 28078 27878 27678 27478 27278 27078 26878 26678 26478 26278 26078 26079 25879 25880 25680 25681 25682 25482 25483 25283 25284 25285 25085 25086 25087 24887 24888 24889 24890 24891 24892 24893 24894 24895 24896 24897 24697 24698 24498 24499 24299 24300 24100 23900 23901 23701 23702 23502 23503 23303 23304 23104 23105 22905 22906 22706 22707 22507 22508 22509 22309 22310 22311 22312 22112 22113 21913 21914 21714 21715 21515 21516 21316 21317 21117 21118 20918 20919 20920 20720 20721 20521 20522 20322 20122 19922 19923 19723 19523 19323 19123 19124 18924 18724 18524 18525 18325 18326 18126 17926 17726 17526 17326 17327 17127 17128 16928 16728 16729 16529 16329 16330 16130 16131 15931 15731 15732 15532 15533 15333 15133 15134 14934 14734 14735 14535 14335 14135 13935 13735 13535 13335 13135 12935 12735 12736 12536 12537 12337 12338 12138 12139 12140 11940 11941 11942 11742 11743 11744 11745 11746 11747 11748 11749 11750 11550 11350 11150 10950 10750 10550 10350 10150 9950 9750 9550 9350 9150 8950 8750 8550 8350 8150 7950 7750 7550 7350 7150 6950 6750 6550 6350 6150 6149 5949 5948 5748 5747 5547 5546 5346 5345 5145 5144 4944 4943 4743 4742 4542 4541 4540 4340 4339 4338 4138 4137 3937 3737 3537 3337 3137 2937 2737 2537 2337 2137 1937 1737 1537 1337 1137 937 737 537 337 137 138 139 140 141 142 143 144 145 146 147 148 149 150 151 152 352 552 752 952 953 1153 1353 1553 1554 1754 1954 1955 2155 2156 2356 2357 2358 2359 2360 2361 2362 2363 2163 2164 1964 1965 1765 1565 1566 1366 1166 966 967 767 567 568 569 570 571 572 573 574 575 775 975 1175 1375 
Label: 195627
[342,224566,]
33625 33626 33627 33628 33629 33429 33430 33230 33030 33031 32831 32631 32632 32432 32232 32032 32033 31833 31633 31634 31434 31234 31235 31035 30835 30836 30837 30838 30839 30840 30841 30842 30843 30844 30845 30846 30847 30848 30849 30850 30851 30852 30853 30854 30855 30856 30857 30858 30859 30860 30861 30862 30863 30864 30865 30866 30867 30868 30869 30870 30871 30872 30873 30874 30875 30876 30877 30677 30477 30277 30077 29877 29878 29678 29478 29278 29078 28878 28678 28478 28278 28078 27878 27678 27478 27278 27078 26878 26678 26478 26278 26078 26079 25879 25880 25680 25681 25682 25482 25483 25283 25284 25285 25085 25086 25087 24887 24888 24889 24890 24891 24892 24893 24894 24895 24896 24897 24697 24698 24498 24499 24299 24300 24100 23900 23901 23701 23702 23502 23503 23303 23304 23104 23105 22905 22906 22706 22707 22507 22508 22509 22309 22310 22311 22312 22112 22113 21913 21914 21714 21715 21515 21516 21316 21317 21117 21118 20918 20919 20920 20720 20721 20521 20522 20322 20122 19922 19923 19723 19523 19323 19123 19124 18924 18724 18524 18525 18325 18326 18126 17926 17726 17526 17326 17327 17127 17128 16928 16728 16729 16529 16329 16330 16130 16131 15931 15731 15732 15532 15533 15333 15133 15134 14934 14734 14735 14535 14335 14135 13935 13735 13535 13335 13135 12935 12735 12736 12536 12537 12337 12338 12138 12139 12140 11940 11941 11942 11742 11743 11744 11745 11746 11747 11748 11749 11750 11751 11551 11351 11151 10951 10751 10551 10351 10151 9951 9751 9551 9351 9151 9152 8952 8752 8552 8352 8152 7952 7752 7552 7352 7152 6952 6752 6552 6551 6351 6350 6150 6149 5949 5948 5748 5747 5547 5546 5346 5345 5145 5144 4944 4943 4743 4543 4343 4143 3943 3944 3744 3745 3746 3546 3547 3548 3348 3349 3350 3351 3151 3152 3153 2953 2954 2955 2755 2756 2556 2557 2558 2559 2560 2561 2361 2362 2363 2163 2164 1964 1965 1765 1565 1566 1366 1166 966 967 767 567 568 368 168 169 170 171 172 173 174 175 375 575 775 975 1175 1375 
Label: 208732
[350,224409,]
33625 33626 33627 33628 33629 33429 33430 33230 33030 33031 32831 32631 32632 32432 32232 32032 32033 31833 31633 31634 31434 31234 31235 31035 30835 30836 30837 30838 30839 30840 30841 30842 30843 30844 30845 30846 30847 30848 30849 30850 30851 30852 30853 30854 30855 30856 30857 30858 30859 30860 31060 31061 31062 31063 31064 31065 31066 31067 31068 31069 31070 31071 31072 31073 31074 31075 31076 31077 30877 30677 30477 30277 30077 29877 29878 29678 29478 29278 29078 28878 28678 28478 28278 28078 27878 27678 27478 27278 27078 26878 26678 26478 26278 26078 26079 25879 25880 25680 25681 25682 25482 25483 25283 25284 25285 25085 25086 25087 24887 24888 24889 24890 24891 24892 24893 24894 24895 24896 24897 24697 24698 24498 24499 24299 24300 24100 23900 23901 23701 23702 23502 23503 23303 23304 23104 23105 22905 22906 22706 22707 22507 22508 22509 22309 22310 22311 22312 22112 22113 21913 21914 21714 21715 21515 21516 21316 21317 21117 21118 20918 20919 20920 20720 20721 20521 20522 20322 20122 19922 19923 19723 19523 19323 19123 19124 18924 18724 18524 18525 18325 18326 18126 17926 17726 17526 17326 17327 17127 17128 16928 16728 16729 16529 16329 16330 16130 16131 15931 15731 15732 15532 15533 15333 15133 15134 14934 14734 14735 14535 14335 14135 13935 13735 13535 13335 13135 12935 12735 12736 12536 12537 12337 12338 12138 12139 12140 11940 11941 11942 11742 11743 11744 11745 11746 11747 11748 11749 11750 11751 11551 11351 11151 10951 10751 10551 10351 10151 9951 9751 9551 9351 9151 9152 8952 8752 8552 8553 8353 8153 7953 7954 7754 7554 7354 7154 6954 6953 6753 6752 6552 6551 6351 6350 6150 6149 5949 5948 5748 5747 5547 5546 5346 5345 5145 5144 4944 4943 4743 4742 4542 4342 4142 3942 3943 3944 3744 3745 3746 3546 3547 3548 3348 3349 3350 3351 3151 3152 3153 2953 2954 2955 2755 2756 2556 2557 2558 2559 2560 2561 2361 2362 2363 2163 2164 1964 1965 1765 1565 1566 1366 1166 966 967 767 567 568 368 168 169 170 171 172 173 174 175 375 575 775 975 1175 1375 
Label: 245843
[390,209796,]
33625 33626 33627 33628 33629 33429 33430 33230 33030 33031 32831 32631 32632 32432 32232 32032 32033 31833 31633 31634 31434 31234 31235 31035 30835 30836 30837 30838 30839 30840 30841 30842 30843 30844 30845 30846 30847 30848 30849 30850 30851 30852 30853 30854 30855 30856 30857 30858 30859 30860 31060 31061 31062 31063 31064 31065 31066 31067 31068 31069 31070 31071 31072 31073 31074 31075 31076 31077 30877 30677 30477 30277 30077 29877 29878 29678 29478 29278 29078 28878 28678 28478 28278 28078 27878 27678 27478 27278 27078 26878 26678 26478 26278 26078 26079 25879 25880 25680 25681 25682 25482 25483 25283 25284 25285 25085 25086 25087 24887 24888 24889 24890 24891 24892 24893 24894 24895 24896 24897 24697 24698 24498 24499 24299 24300 24100 23900 23901 23701 23702 23502 23503 23303 23304 23104 23105 22905 22906 22706 22707 22507 22508 22509 22309 22310 22311 22312 22112 22113 21913 21914 21714 21715 21515 21516 21316 21317 21117 21118 20918 20919 20920 20720 20721 20521 20522 20322 20122 19922 19923 19723 19523 19323 19123 19124 18924 18724 18524 18525 18325 18326 18126 17926 17726 17526 17326 17327 17127 17128 16928 16728 16729 16529 16329 16330 16130 16131 15931 15731 15732 15532 15533 15333 15133 15134 14934 14734 14735 14535 14335 14135 13935 13735 13535 13335 13135 12935 12735 12736 12536 12537 12337 12338 12138 12139 12140 11940 11941 11942 11742 11743 11744 11745 11746 11747 11748 11749 11750 11751 11551 11351 11151 10951 10751 10551 10351 10151 9951 9751 9551 9351 9151 9152 8952 8752 8552 8553 8353 8153 7953 7753 7553 7353 7153 6953 6753 6752 6552 6551 6351 6350 6150 6149 5949 5948 5748 5747 5547 5546 5346 5345 5145 5144 4944 4943 4743 4742 4542 4541 4540 4340 4339 4338 4138 4137 4136 3936 3935 3735 3734 3534 3334 3333 3133 2933 2733 2732 2532 2332 2132 1932 1732 1532 1332 1333 1133 933 733 734 534 334 335 135 136 137 138 139 140 141 142 143 144 145 146 147 148 149 150 151 152 352 552 752 952 953 1153 1353 1553 1554 1754 1954 1955 2155 2156 2356 2357 2358 2359 2360 2361 2362 2363 2163 2164 1964 1965 1765 1565 1566 1366 1166 966 967 767 567 568 368 168 169 170 171 172 173 174 175 375 575 775 975 1175 1375 
Label: 205487
[348,224413,]
33625 33626 33627 33628 33629 33429 33430 33230 33030 33031 32831 32631 32632 32432 32232 32032 32033 31833 31633 31634 31434 31234 31235 31035 30835 30836 30837 30838 30839 30840 30841 30842 30843 30844 30845 30846 30847 30848 30849 30850 30851 30852 30853 30854 30855 30856 30857 30858 30859 30860 31060 31061 31062 31063 31064 31065 31066 31067 31068 31069 31070 31071 31072 31073 31074 31075 31076 31077 30877 30677 30477 30277 30077 29877 29878 29678 29478 29278 29078 28878 28678 28478 28278 28078 27878 27678 27478 27278 27078 26878 26678 26478 26278 26078 26079 25879 25880 25680 25681 25682 25482 25483 25283 25284 25285 25085 25086 25087 24887 24888 24889 24890 24891 24892 24893 24894 24895 24896 24897 24697 24698 24498 24499 24299 24300 24100 23900 23901 23701 23702 23502 23503 23303 23304 23104 23105 22905 22906 22706 22707 22507 22508 22509 22309 22310 22311 22312 22112 22113 21913 21914 21714 21715 21515 21516 21316 21317 21117 21118 20918 20919 20920 20720 20721 20521 20522 20322 20122 19922 19923 19723 19523 19323 19123 19124 18924 18724 18524 18525 18325 18326 18126 17926 17726 17526 17326 17327 17127 17128 16928 16728 16729 16529 16329 16330 16130 16131 15931 15731 15732 15532 15533 15333 15133 15134 14934 14734 14735 14535 14335 14135 13935 13735 13535 13335 13135 12935 12735 12736 12536 12537 12337 12338 12138 12139 12140 11940 11941 11942 11742 11743 11744 11745 11746 11747 11748 11749 11750 11751 11551 11351 11151 10951 10751 10551 10351 10151 9951 9751 9551 9351 9151 9152 8952 8752 8552 8553 8353 8153 7953 7753 7553 7353 7153 6953 6753 6752 6552 6551 6351 6350 6150 6149 5949 5948 5748 5747 5547 5546 5346 5345 5145 5144 4944 4943 4743 4742 4542 4342 4142 3942 3943 3944 3744 3745 3746 3546 3547 3548 3348 3349 3350 3351 3151 3152 3153 2953 2954 2955 2755 2756 2556 2557 2558 2559 2560 2561 2361 2362 2363 2163 2164 1964 1965 1765 1565 1566 1366 1166 966 967 767 567 568 368 168 169 170 171 172 173 174 175 375 575 775 975 1175 1375 
Label: 245727
[388,209802,]
33625 33626 33627 33628 33629 33429 33430 33230 33030 33031 32831 32631 32632 32432 32232 32032 32033 31833 31633 31634 31434 31234 31235 31035 30835 30836 30837 30838 30839 30840 30841 30842 30843 30844 30845 30846 30847 30848 30849 30850 30851 30852 30853 30854 30855 30856 30857 30858 30859 30860 31060 31061 31062 31063 31064 31065 31066 31067 31068 31069 31070 31071 31072 31073 31074 31075 31076 31077 30877 30677 30477 30277 30077 29877 29878 29678 29478 29278 29078 28878 28678 28478 28278 28078 27878 27678 27478 27278 27078 26878 26678 26478 26278 26078 26079 25879 25880 25680 25681 25682 25482 25483 25283 25284 25285 25085 25086 25087 24887 24888 24889 24890 24891 24892 24893 24894 24895 24896 24897 24697 24698 24498 24499 24299 24300 24100 23900 23901 23701 23702 23502 23503 23303 23304 23104 23105 22905 22906 22706 22707 22507 22508 22509 22309 22310 22311 22312 22112 22113 21913 21914 21714 21715 21515 21516 21316 21317 21117 21118 20918 20919 20920 20720 20721 20521 20522 20322 20122 19922 19923 19723 19523 19323 19123 19124 18924 18724 18524 18525 18325 18326 18126 17926 17726 17526 17326 17327 17127 17128 16928 16728 16729 16529 16329 16330 16130 16131 15931 15731 15732 15532 15533 15333 15133 15134 14934 14734 14735 14535 14335 14135 13935 13735 13535 13335 13135 12935 12735 12736 12536 12537 12337 12338 12138 12139 12140 11940 11941 11942 11742 11743 11744 11745 11746 11747 11748 11749 11750 11751 11551 11351 11151 10951 10751 10551 10351 10151 9951 9751 9551 9351 9151 9152 8952 8752 8552 8553 8353 8153 7953 7753 7553 7353 7153 6953 6753 6752 6552 6551 6351 6350 6150 6149 5949 5948 5748 5747 5547 5546 5346 5345 5145 5144 4944 4943 4743 4742 4542 4541 4540 4340 4339 4338 4138 4137 4136 3936 3935 3735 3734 3534 3334 3333 3133 2933 2733 2533 2333 2133 1933 1733 1533 1333 1133 933 733 734 534 334 335 135 136 137 138 139 140 141 142 143 144 145 146 147 148 149 150 151 152 352 552 752 952 953 1153 1353 1553 1554 1754 1954 1955 2155 2156 2356 2357 2358 2359 2360 2361 2362 2363 2163 2164 1964 1965 1765 1565 1566 1366 1166 966 967 767 567 568 368 168 169 170 171 172 173 174 175 375 575 775 975 1175 1375 
Label: 211920
[352,224405,]
33625 33626 33627 33628 33629 33429 33430 33230 33030 33031 32831 32631 32632 32432 32232 32032 32033 31833 31633 31634 31434 31234 31235 31035 30835 30836 30837 30838 30638 30639 30640 30641 30642 30643 30644 30645 30646 30647 30648 30649 30650 30651 30652 30653 30654 30655 30656 30657 30658 30858 30859 30860 31060 31061 31062 31063 31064 31065 31066 31067 31068 31069 31070 31071 31072 31073 31074 31075 31076 31077 30877 30677 30477 30277 30077 29877 29878 29678 29478 29278 29078 28878 28678 28478 28278 28078 27878 27678 27478 27278 27078 26878 26678 26478 26278 26078 26079 25879 25880 25680 25681 25682 25482 25483 25283 25284 25285 25085 25086 25087 24887 24888 24889 24890 24891 24892 24893 24894 24895 24896 24897 24697 24698 24498 24499 24299 24300 24100 23900 23901 23701 23702 23502 23503 23303 23304 23104 23105 22905 22906 22706 22707 22507 22508 22509 22309 22310 22311 22312 22112 22113 21913 21914 21714 21715 21515 21516 21316 21317 21117 21118 20918 20919 20920 20720 20721 20521 20522 20322 20122 19922 19923 19723 19523 19323 19123 19124 18924 18724 18524 18525 18325 18326 18126 17926 17726 17526 17326 17327 17127 17128 16928 16728 16729 16529 16329 16330 16130 16131 15931 15731 15732 15532 15533 15333 15133 15134 14934 14734 14735 14535 14335 14135 13935 13735 13535 13335 13135 12935 12735 12736 12536 12537 12337 12338 12138 12139 12140 11940 11941 11942 11742 11743 11744 11745 11746 11747 11748 11749 11750 11751 11551 11351 11151 10951 10751 10551 10351 10151 9951 9751 9551 9351 9151 9152 8952 8752 8552 8553 8353 8153 7953 7954 7754 7554 7354 7154 6954 6953 6753 6752 6552 6551 6351 6350 6150 6149 5949 5948 5748 5747 5547 5546 5346 5345 5145 5144 4944 4943 4743 4742 4542 4342 4142 3942 3943 3944 3744 3745 3746 3546 3547 3548 3348 3349 3350 3351 3151 3152 3153 2953 2954 2955 2755 2756 2556 2557 2558 2559 2560 2561 2361 2362 2363 2163 2164 1964 1965 1765 1565 1566 1366 1166 966 967 767 567 568 368 168 169 170 171 172 173 174 175 375 575 775 975 1175 1375 





----mat_cost_data, PWDC succeeds in =  10  cases ----
DirCol-wA* > 2*PWDC 8 0.8
DirCol-linear > 2*PWDC 3 0.3
DirCol-random > 2*PWDC 0 0.0
------------------
DirCol-wA* > 1.5*PWDC 8 0.8
DirCol-linear > 1.5*PWDC 8 0.8
DirCol-random > 1.5*PWDC 6 0.6
------------------
DirCol-wA* > 1.0*PWDC 9 0.9
DirCol-linear > 1.0*PWDC 9 0.9
DirCol-random > 1.0*PWDC 8 0.8
----mat_cvg_data----
[[ 5. inf]
 [ 3. inf]
 [ 7.  7.]
 [ 3. inf]
 [ 6. inf]
 [ 3.  8.]
 [ 2. inf]
 [ 3. inf]
 [ 4. inf]
 [ 9. inf]]
DirCol-wA* > 2*PWDC 9 0.9

