graph_load_time: 0.554473
n_generated: 58321
n_expanded: 28448
n_domCheck: 201291
rt_initHeu: 0.506982
rt_search: 1.40598
N: 25
Label: 66922
[249,94809,]
23606 23607 23608 23609 23610 23611 23612 23613 23614 23615 23616 23617 23618 23619 23620 23621 23622 23623 23624 23625 23626 23627 23427 23227 23027 23028 22828 22628 22428 22228 22229 22029 21829 21629 21630 21430 21431 21432 21232 21233 21234 21235 21236 21237 21238 21239 21240 21241 21242 21243 21244 21245 21246 21247 21248 21249 21250 21251 21252 21253 21254 21255 21256 21257 21258 21259 21260 21261 21262 21263 21264 21265 21465 21466 21666 21667 21668 21868 21869 22069 22070 22071 22271 22272 22472 22473 22474 22674 22675 22875 22876 22877 23077 23078 23079 23279 23280 23281 23481 23482 23682 23683 23883 24083 24283 24483 24683 24883 25083 25283 25483 25683 25883 26083 26283 26483 26683 26883 26884 27084 27284 27484 27684 27685 27885 27886 27887 27888 27889 27890 27891 27892 27893 27894 27895 27896 27897 27898 27899 27900 27901 27902 27903 27904 27905 27906 27907 27908 27909 27910 27911 27912 27913 27914 27915 27916 27917 27918 27919 27920 27921 27922 27923 27924 27925 27926 27927 27928 27929 27930 27931 27932 27933 27934 27935 27936 27937 27938 27939 27940 27941 27942 27943 27944 27945 27946 27947 27948 27949 27950 27951 27952 27953 28153 28353 28553 28753 28953 29153 29353 29553 29753 29953 29954 30154 30354 30554 30555 30755 30955 31155 31355 31555 31755 31955 32155 32355 32555 32755 32955 33155 33355 33555 33556 33557 33558 33559 33560 33561 33562 33563 33564 33565 33566 33567 33568 33768 33769 33770 33771 33772 33773 33774 33775 33776 33777 33778 33779 33780 33781 
Label: 25481
[231,111949,]
23606 23607 23608 23609 23610 23611 23612 23613 23614 23615 23616 23617 23618 23619 23620 23621 23622 23623 23624 23625 23825 24025 24225 24425 24625 24825 25025 25225 25425 25625 25825 26025 26225 26226 26227 26228 26229 26230 26231 26232 26233 26234 26235 26236 26237 26238 26239 26240 26241 26242 26243 26443 26444 26445 26446 26447 26647 26648 26649 26650 26651 26851 26852 26853 27053 27054 27055 27056 27256 27257 27258 27458 27459 27460 27660 27661 27662 27862 27863 27864 28064 28065 28066 28266 28267 28268 28269 28270 28271 28272 28273 28274 28275 28276 28277 28278 28279 28280 28281 28282 28283 28284 28285 28286 28287 28288 28289 28290 28291 28292 28293 28294 28295 28296 28297 28298 28299 28300 28301 28302 28303 28103 28104 28105 28106 28107 27907 27908 27909 27910 27911 27711 27712 27713 27714 27715 27716 27717 27718 27719 27720 27721 27722 27723 27724 27725 27726 27727 27728 27729 27730 27731 27732 27733 27734 27735 27736 27737 27738 27739 27740 27940 27941 27942 27943 27944 27945 27946 27947 27948 27949 27950 27951 27952 27953 28153 28353 28553 28753 28953 29153 29353 29553 29753 29953 29954 30154 30354 30554 30555 30755 30955 31155 31355 31555 31755 31955 32155 32355 32555 32755 32955 33155 33355 33555 33556 33557 33558 33559 33560 33561 33562 33563 33564 33565 33566 33567 33568 33768 33769 33770 33771 33772 33773 33774 33775 33776 33777 33778 33779 33780 33781 
Label: 72664
[251,92561,]
23606 23607 23608 23609 23610 23611 23612 23613 23614 23615 23616 23617 23618 23619 23620 23621 23622 23623 23624 23625 23626 23627 23427 23227 23027 23028 22828 22628 22428 22228 22229 22029 21829 21629 21630 21430 21431 21432 21232 21032 21033 21034 21035 21036 21037 21038 21039 21040 21041 21042 21043 21044 21045 21046 21047 21048 21049 21050 21051 21052 21053 21054 21055 21056 21057 21058 21059 21060 21061 21062 21063 21064 21264 21265 21465 21466 21666 21667 21668 21868 21869 22069 22070 22071 22271 22272 22472 22473 22474 22674 22675 22875 22876 22877 23077 23078 23079 23279 23280 23281 23481 23482 23682 23683 23883 24083 24283 24483 24683 24883 25083 25283 25483 25683 25883 26083 26283 26483 26683 26883 26884 27084 27284 27484 27684 27685 27885 27886 27887 27888 27889 27890 27891 27892 27893 27894 27895 27896 27897 27898 27899 27900 27901 27902 27903 27904 27905 27906 27907 27908 27909 27910 27911 27912 27913 27914 27915 27916 27917 27918 27919 27920 27921 27922 27923 27924 27925 27926 27927 27928 27929 27930 27931 27932 27933 27934 27935 27936 27937 27938 27939 27940 27941 27942 27943 27944 27945 27946 27947 27948 27949 27950 27951 27952 27953 28153 28353 28553 28753 28953 29153 29353 29553 29753 29953 29954 30154 30354 30554 30555 30755 30955 31155 31355 31555 31755 31955 32155 32355 32555 32755 32955 33155 33355 33555 33556 33557 33558 33559 33560 33561 33562 33563 33564 33565 33566 33567 33568 33768 33769 33770 33771 33772 33773 33774 33775 33776 33777 33778 33779 33780 33781 
Label: 61144
[247,98038,]
23606 23607 23608 23609 23610 23611 23612 23613 23614 23615 23616 23617 23618 23619 23620 23621 23622 23623 23624 23625 23626 23627 23427 23227 23027 23028 22828 22628 22428 22228 22229 22029 21829 21629 21630 21430 21431 21432 21433 21434 21435 21436 21437 21438 21439 21440 21441 21442 21443 21444 21445 21446 21447 21448 21449 21450 21451 21452 21453 21454 21455 21456 21457 21458 21459 21460 21461 21462 21463 21464 21465 21466 21666 21667 21668 21868 21869 22069 22070 22071 22271 22272 22472 22473 22474 22674 22675 22875 22876 22877 23077 23078 23079 23279 23280 23281 23481 23482 23682 23683 23883 24083 24283 24483 24683 24883 25083 25283 25483 25683 25883 26083 26283 26483 26683 26883 26884 27084 27284 27484 27684 27685 27885 27886 27887 27888 27889 27890 27891 27892 27893 27894 27895 27896 27897 27898 27899 27900 27901 27902 27903 27904 27905 27906 27907 27908 27909 27910 27911 27912 27913 27914 27915 27916 27917 27918 27919 27920 27921 27922 27923 27924 27925 27926 27927 27928 27929 27930 27931 27932 27933 27934 27935 27936 27937 27938 27939 27940 27941 27942 27943 27944 27945 27946 27947 27948 27949 27950 27951 27952 27953 28153 28353 28553 28753 28953 29153 29353 29553 29753 29953 29954 30154 30354 30554 30555 30755 30955 31155 31355 31555 31755 31955 32155 32355 32555 32755 32955 33155 33355 33555 33556 33557 33558 33559 33560 33561 33562 33563 33564 33565 33566 33567 33568 33768 33769 33770 33771 33772 33773 33774 33775 33776 33777 33778 33779 33780 33781 
Label: 40152
[239,111853,]
23606 23607 23608 23609 23610 23611 23612 23613 23614 23615 23616 23617 23618 23619 23620 23621 23622 23623 23624 23625 23825 24025 24225 24425 24625 24825 25025 25225 25425 25625 25825 26025 26225 26226 26227 26228 26229 26230 26231 26232 26233 26234 26235 26236 26237 26238 26239 26240 26241 26242 26243 26443 26444 26445 26446 26447 26647 26648 26649 26650 26651 26851 26852 26853 27053 27054 27055 27056 27256 27257 27258 27458 27459 27460 27660 27661 27662 27862 27863 27864 28064 28065 28066 28266 28267 28268 28468 28469 28470 28670 28671 28672 28872 28873 28874 28875 28876 28877 28878 28879 28880 28881 28882 28883 28884 28885 28886 28887 28888 28688 28689 28690 28691 28491 28492 28493 28494 28495 28295 28296 28297 28298 28299 28300 28301 28302 28303 28103 28104 28105 28106 28107 27907 27908 27909 27910 27911 27711 27712 27713 27714 27514 27515 27516 27517 27518 27519 27520 27521 27522 27523 27524 27525 27526 27527 27528 27529 27729 27730 27731 27732 27733 27734 27735 27736 27737 27738 27739 27740 27940 27941 27942 27943 27944 27945 27946 27947 27948 27949 27950 27951 27952 27953 28153 28353 28553 28753 28953 29153 29353 29553 29753 29953 29954 30154 30354 30554 30555 30755 30955 31155 31355 31555 31755 31955 32155 32355 32555 32755 32955 33155 33355 33555 33556 33557 33558 33559 33560 33561 33562 33563 33564 33565 33566 33567 33568 33768 33769 33770 33771 33772 33773 33774 33775 33776 33777 33778 33779 33780 33781 
Label: 37150
[237,111860,]
23606 23607 23608 23609 23610 23611 23612 23613 23614 23615 23616 23617 23618 23619 23620 23621 23622 23623 23624 23625 23825 24025 24225 24425 24625 24825 25025 25225 25425 25625 25825 26025 26225 26226 26227 26228 26229 26230 26231 26232 26233 26234 26235 26236 26237 26238 26239 26240 26241 26242 26243 26443 26444 26445 26446 26447 26647 26648 26649 26650 26651 26851 26852 26853 27053 27054 27055 27056 27256 27257 27258 27458 27459 27460 27660 27661 27662 27862 27863 27864 28064 28065 28066 28266 28267 28268 28468 28469 28470 28670 28671 28672 28673 28674 28675 28676 28677 28678 28679 28680 28681 28682 28683 28684 28685 28686 28687 28688 28689 28690 28691 28491 28492 28493 28494 28495 28295 28296 28297 28298 28299 28300 28301 28302 28303 28103 28104 28105 28106 28107 27907 27908 27909 27910 27911 27711 27712 27713 27714 27514 27515 27516 27517 27518 27519 27520 27521 27522 27523 27524 27525 27526 27527 27528 27529 27729 27730 27731 27732 27733 27734 27735 27736 27737 27738 27739 27740 27940 27941 27942 27943 27944 27945 27946 27947 27948 27949 27950 27951 27952 27953 28153 28353 28553 28753 28953 29153 29353 29553 29753 29953 29954 30154 30354 30554 30555 30755 30955 31155 31355 31555 31755 31955 32155 32355 32555 32755 32955 33155 33355 33555 33556 33557 33558 33559 33560 33561 33562 33563 33564 33565 33566 33567 33568 33768 33769 33770 33771 33772 33773 33774 33775 33776 33777 33778 33779 33780 33781 
Label: 107243
[265,88028,]
23606 23607 23608 23609 23610 23611 23612 23613 23614 23615 23616 23617 23618 23619 23620 23621 23622 23623 23624 23625 23626 23627 23427 23227 23027 23028 22828 22628 22428 22228 22229 22029 21829 21629 21630 21430 21431 21432 21232 21032 20832 20833 20834 20835 20635 20636 20436 20437 20438 20238 20239 20240 20241 20242 20042 20043 20044 20045 20046 20047 20048 20049 20050 20051 20052 20053 20054 20055 20056 20057 20058 20258 20259 20459 20460 20660 20661 20861 20862 20863 21063 21064 21264 21265 21465 21466 21666 21667 21668 21868 21869 22069 22070 22071 22271 22272 22472 22473 22474 22674 22675 22875 22876 22877 23077 23078 23079 23279 23280 23281 23481 23482 23682 23683 23883 24083 24283 24483 24683 24883 25083 25283 25483 25683 25883 26083 26283 26483 26683 26883 26884 27084 27284 27484 27684 27685 27885 28085 28086 28087 28088 28089 28090 28091 28092 28093 28094 28095 28096 28097 28098 28099 28100 28101 28102 28103 28104 28105 28106 28107 27907 27908 27909 27910 27911 27711 27712 27713 27714 27715 27716 27717 27718 27719 27720 27721 27722 27723 27724 27725 27726 27727 27728 27729 27730 27731 27732 27733 27734 27735 27736 27737 27738 27739 27740 27940 27941 27942 27943 27944 27945 27946 27947 27948 27949 27950 27951 27952 27953 28153 28353 28553 28753 28953 29153 29353 29553 29753 29953 29954 30154 30354 30554 30555 30755 30955 31155 31355 31555 31755 31955 32155 32355 32555 32755 32955 33155 33355 33555 33556 33557 33558 33559 33560 33561 33562 33563 33564 33565 33566 33567 33568 33768 33769 33770 33771 33772 33773 33774 33775 33776 33777 33778 33779 33780 33781 
Label: 34017
[235,111875,]
23606 23607 23608 23609 23610 23611 23612 23613 23614 23615 23616 23617 23618 23619 23620 23621 23622 23623 23624 23625 23825 24025 24225 24425 24625 24825 25025 25225 25425 25625 25825 26025 26225 26226 26227 26228 26229 26230 26231 26232 26233 26234 26235 26236 26237 26238 26239 26240 26241 26242 26243 26443 26444 26445 26446 26447 26647 26648 26649 26650 26651 26851 26852 26853 27053 27054 27055 27056 27256 27257 27258 27458 27459 27460 27660 27661 27662 27862 27863 27864 28064 28065 28066 28266 28267 28268 28468 28469 28470 28471 28472 28473 28474 28475 28476 28477 28478 28479 28480 28481 28482 28483 28484 28485 28486 28487 28488 28489 28490 28491 28492 28493 28494 28495 28295 28296 28297 28298 28299 28300 28301 28302 28303 28103 28104 28105 28106 28107 27907 27908 27909 27910 27911 27711 27712 27713 27714 27514 27515 27516 27517 27518 27519 27520 27521 27522 27523 27524 27525 27526 27527 27528 27529 27729 27730 27731 27732 27733 27734 27735 27736 27737 27738 27739 27740 27940 27941 27942 27943 27944 27945 27946 27947 27948 27949 27950 27951 27952 27953 28153 28353 28553 28753 28953 29153 29353 29553 29753 29953 29954 30154 30354 30554 30555 30755 30955 31155 31355 31555 31755 31955 32155 32355 32555 32755 32955 33155 33355 33555 33556 33557 33558 33559 33560 33561 33562 33563 33564 33565 33566 33567 33568 33768 33769 33770 33771 33772 33773 33774 33775 33776 33777 33778 33779 33780 33781 
Label: 42966
[241,111851,]
23606 23607 23608 23609 23610 23611 23612 23613 23614 23615 23616 23617 23618 23619 23620 23621 23622 23623 23624 23625 23825 24025 24225 24425 24625 24825 25025 25225 25425 25625 25825 26025 26225 26226 26227 26228 26229 26230 26231 26232 26233 26234 26235 26236 26237 26238 26239 26240 26241 26242 26243 26443 26444 26445 26446 26447 26647 26648 26649 26650 26651 26851 26852 26853 27053 27054 27055 27056 27256 27257 27258 27458 27459 27460 27660 27661 27662 27862 27863 27864 28064 28065 28066 28266 28267 28268 28468 28469 28470 28670 28671 28672 28872 28873 28874 29074 29075 29076 29077 29078 29079 29080 29081 29082 29083 29084 29085 29086 29087 29088 28888 28688 28689 28690 28691 28491 28492 28493 28494 28495 28295 28296 28297 28298 28299 28300 28301 28302 28303 28103 28104 28105 28106 28107 27907 27908 27909 27910 27911 27711 27712 27713 27714 27514 27515 27516 27517 27518 27519 27520 27521 27522 27523 27524 27525 27526 27527 27528 27529 27729 27730 27731 27732 27733 27734 27735 27736 27737 27738 27739 27740 27940 27941 27942 27943 27944 27945 27946 27947 27948 27949 27950 27951 27952 27953 28153 28353 28553 28753 28953 29153 29353 29553 29753 29953 29954 30154 30354 30554 30555 30755 30955 31155 31355 31555 31755 31955 32155 32355 32555 32755 32955 33155 33355 33555 33556 33557 33558 33559 33560 33561 33562 33563 33564 33565 33566 33567 33568 33768 33769 33770 33771 33772 33773 33774 33775 33776 33777 33778 33779 33780 33781 
Label: 55262
[245,102507,]
23606 23607 23608 23609 23610 23611 23612 23613 23614 23615 23616 23617 23618 23619 23620 23621 23622 23623 23624 23625 23626 23627 23427 23227 23027 23028 22828 22628 22428 22228 22229 22029 21829 21629 21630 21631 21632 21633 21634 21635 21636 21637 21638 21639 21640 21641 21642 21643 21644 21645 21646 21647 21648 21649 21650 21651 21652 21653 21654 21655 21656 21657 21658 21659 21660 21661 21662 21663 21664 21665 21666 21667 21668 21868 21869 22069 22070 22071 22271 22272 22472 22473 22474 22674 22675 22875 22876 22877 23077 23078 23079 23279 23280 23281 23481 23482 23682 23683 23883 24083 24283 24483 24683 24883 25083 25283 25483 25683 25883 26083 26283 26483 26683 26883 26884 27084 27284 27484 27684 27685 27885 27886 27887 27888 27889 27890 27891 27892 27893 27894 27895 27896 27897 27898 27899 27900 27901 27902 27903 27904 27905 27906 27907 27908 27909 27910 27911 27912 27913 27914 27915 27916 27917 27918 27919 27920 27921 27922 27923 27924 27925 27926 27927 27928 27929 27930 27931 27932 27933 27934 27935 27936 27937 27938 27939 27940 27941 27942 27943 27944 27945 27946 27947 27948 27949 27950 27951 27952 27953 28153 28353 28553 28753 28953 29153 29353 29553 29753 29953 29954 30154 30354 30554 30555 30755 30955 31155 31355 31555 31755 31955 32155 32355 32555 32755 32955 33155 33355 33555 33556 33557 33558 33559 33560 33561 33562 33563 33564 33565 33566 33567 33568 33768 33769 33770 33771 33772 33773 33774 33775 33776 33777 33778 33779 33780 33781 
Label: 89830
[257,89492,]
23606 23607 23608 23609 23610 23611 23612 23613 23614 23615 23616 23617 23618 23619 23620 23621 23622 23623 23624 23625 23626 23627 23427 23227 23027 23028 22828 22628 22428 22228 22229 22029 21829 21629 21630 21430 21431 21432 21232 21032 20832 20833 20834 20835 20635 20636 20436 20437 20438 20439 20440 20441 20442 20443 20444 20445 20446 20447 20448 20449 20450 20451 20452 20453 20454 20455 20456 20457 20458 20459 20460 20660 20661 20861 20862 20863 21063 21064 21264 21265 21465 21466 21666 21667 21668 21868 21869 22069 22070 22071 22271 22272 22472 22473 22474 22674 22675 22875 22876 22877 23077 23078 23079 23279 23280 23281 23481 23482 23682 23683 23883 24083 24283 24483 24683 24883 25083 25283 25483 25683 25883 26083 26283 26483 26683 26883 26884 27084 27284 27484 27684 27685 27885 27886 27887 27888 27889 27890 27891 27892 27893 27894 27895 27896 27897 27898 27899 27900 27901 27902 27903 27904 27905 27906 27907 27908 27909 27910 27911 27912 27913 27914 27915 27916 27917 27918 27919 27920 27921 27922 27923 27924 27925 27926 27927 27928 27929 27930 27931 27932 27933 27934 27935 27936 27937 27938 27939 27940 27941 27942 27943 27944 27945 27946 27947 27948 27949 27950 27951 27952 27953 28153 28353 28553 28753 28953 29153 29353 29553 29753 29953 29954 30154 30354 30554 30555 30755 30955 31155 31355 31555 31755 31955 32155 32355 32555 32755 32955 33155 33355 33555 33556 33557 33558 33559 33560 33561 33562 33563 33564 33565 33566 33567 33568 33768 33769 33770 33771 33772 33773 33774 33775 33776 33777 33778 33779 33780 33781 
Label: 109115
[267,87959,]
23606 23607 23608 23609 23610 23611 23612 23613 23614 23615 23616 23617 23618 23619 23620 23621 23622 23623 23624 23625 23626 23627 23427 23227 23027 23028 22828 22628 22428 22228 22229 22029 21829 21629 21630 21430 21431 21432 21232 21032 20832 20833 20834 20835 20635 20636 20436 20437 20438 20238 20239 20240 20241 20242 20042 20043 20044 20045 20046 20047 20048 20049 20050 20051 20052 20053 20054 20055 20056 20057 20058 20258 20259 20459 20460 20660 20661 20861 20862 20863 21063 21064 21264 21265 21465 21466 21666 21667 21668 21868 21869 22069 22070 22071 22271 22272 22472 22473 22474 22674 22675 22875 22876 22877 23077 23078 23079 23279 23280 23281 23481 23482 23682 23683 23883 24083 24283 24483 24683 24883 25083 25283 25483 25683 25883 26083 26283 26483 26683 26883 26884 27084 27284 27484 27684 27685 27885 28085 28285 28286 28287 28288 28289 28290 28291 28292 28293 28294 28295 28296 28297 28298 28299 28300 28301 28302 28303 28103 28104 28105 28106 28107 27907 27908 27909 27910 27911 27711 27712 27713 27714 27715 27716 27717 27718 27719 27720 27721 27722 27723 27724 27725 27726 27727 27728 27729 27730 27731 27732 27733 27734 27735 27736 27737 27738 27739 27740 27940 27941 27942 27943 27944 27945 27946 27947 27948 27949 27950 27951 27952 27953 28153 28353 28553 28753 28953 29153 29353 29553 29753 29953 29954 30154 30354 30554 30555 30755 30955 31155 31355 31555 31755 31955 32155 32355 32555 32755 32955 33155 33355 33555 33556 33557 33558 33559 33560 33561 33562 33563 33564 33565 33566 33567 33568 33768 33769 33770 33771 33772 33773 33774 33775 33776 33777 33778 33779 33780 33781 
Label: 113707
[273,87888,]
23606 23607 23608 23609 23610 23611 23612 23613 23614 23615 23616 23617 23618 23619 23620 23621 23622 23623 23624 23625 23626 23627 23427 23227 23027 23028 22828 22628 22428 22228 22229 22029 21829 21629 21630 21430 21431 21432 21232 21032 20832 20833 20834 20835 20635 20636 20436 20437 20438 20238 20239 20240 20241 20242 20042 20043 20044 20045 19845 19846 19847 19848 19849 19850 19851 19852 19853 19854 19855 19856 19857 20057 20058 20258 20259 20459 20460 20660 20661 20861 20862 20863 21063 21064 21264 21265 21465 21466 21666 21667 21668 21868 21869 22069 22070 22071 22271 22272 22472 22473 22474 22674 22675 22875 22876 22877 23077 23078 23079 23279 23280 23281 23481 23482 23682 23683 23883 24083 24283 24483 24683 24883 25083 25283 25483 25683 25883 26083 26283 26483 26683 26883 26884 27084 27284 27484 27684 27685 27885 28085 28285 28485 28486 28487 28488 28489 28490 28491 28492 28493 28494 28495 28295 28296 28297 28298 28299 28300 28301 28302 28303 28103 28104 28105 28106 28107 27907 27908 27909 27910 27911 27711 27712 27713 27714 27514 27515 27516 27517 27518 27519 27520 27521 27522 27523 27524 27525 27526 27527 27528 27529 27729 27730 27731 27732 27733 27734 27735 27736 27737 27738 27739 27740 27940 27941 27942 27943 27944 27945 27946 27947 27948 27949 27950 27951 27952 27953 28153 28353 28553 28753 28953 29153 29353 29553 29753 29953 29954 30154 30354 30554 30555 30755 30955 31155 31355 31555 31755 31955 32155 32355 32555 32755 32955 33155 33355 33555 33556 33557 33558 33559 33560 33561 33562 33563 33564 33565 33566 33567 33568 33768 33769 33770 33771 33772 33773 33774 33775 33776 33777 33778 33779 33780 33781 
Label: 110731
[269,87923,]
23606 23607 23608 23609 23610 23611 23612 23613 23614 23615 23616 23617 23618 23619 23620 23621 23622 23623 23624 23625 23626 23627 23427 23227 23027 23028 22828 22628 22428 22228 22229 22029 21829 21629 21630 21430 21431 21432 21232 21032 20832 20833 20834 20835 20635 20636 20436 20437 20438 20238 20239 20240 20241 20242 20042 20043 20044 20045 19845 19846 19847 19848 19849 19850 19851 19852 19853 19854 19855 19856 19857 20057 20058 20258 20259 20459 20460 20660 20661 20861 20862 20863 21063 21064 21264 21265 21465 21466 21666 21667 21668 21868 21869 22069 22070 22071 22271 22272 22472 22473 22474 22674 22675 22875 22876 22877 23077 23078 23079 23279 23280 23281 23481 23482 23682 23683 23883 24083 24283 24483 24683 24883 25083 25283 25483 25683 25883 26083 26283 26483 26683 26883 26884 27084 27284 27484 27684 27685 27885 28085 28285 28286 28287 28288 28289 28290 28291 28292 28293 28294 28295 28296 28297 28298 28299 28300 28301 28302 28303 28103 28104 28105 28106 28107 27907 27908 27909 27910 27911 27711 27712 27713 27714 27715 27716 27717 27718 27719 27720 27721 27722 27723 27724 27725 27726 27727 27728 27729 27730 27731 27732 27733 27734 27735 27736 27737 27738 27739 27740 27940 27941 27942 27943 27944 27945 27946 27947 27948 27949 27950 27951 27952 27953 28153 28353 28553 28753 28953 29153 29353 29553 29753 29953 29954 30154 30354 30554 30555 30755 30955 31155 31355 31555 31755 31955 32155 32355 32555 32755 32955 33155 33355 33555 33556 33557 33558 33559 33560 33561 33562 33563 33564 33565 33566 33567 33568 33768 33769 33770 33771 33772 33773 33774 33775 33776 33777 33778 33779 33780 33781 
Label: 105076
[263,88182,]
23606 23607 23608 23609 23610 23611 23612 23613 23614 23615 23616 23617 23618 23619 23620 23621 23622 23623 23624 23625 23626 23627 23427 23227 23027 23028 22828 22628 22428 22228 22229 22029 21829 21629 21630 21430 21431 21432 21232 21032 20832 20833 20834 20835 20635 20636 20436 20437 20438 20238 20239 20240 20241 20242 20243 20244 20245 20246 20247 20248 20249 20250 20251 20252 20253 20254 20255 20256 20257 20258 20259 20459 20460 20660 20661 20861 20862 20863 21063 21064 21264 21265 21465 21466 21666 21667 21668 21868 21869 22069 22070 22071 22271 22272 22472 22473 22474 22674 22675 22875 22876 22877 23077 23078 23079 23279 23280 23281 23481 23482 23682 23683 23883 24083 24283 24483 24683 24883 25083 25283 25483 25683 25883 26083 26283 26483 26683 26883 26884 27084 27284 27484 27684 27685 27885 28085 28086 28087 28088 28089 28090 28091 28092 28093 28094 28095 28096 28097 28098 28099 28100 28101 28102 28103 28104 28105 28106 28107 27907 27908 27909 27910 27911 27711 27712 27713 27714 27715 27716 27717 27718 27719 27720 27721 27722 27723 27724 27725 27726 27727 27728 27729 27730 27731 27732 27733 27734 27735 27736 27737 27738 27739 27740 27940 27941 27942 27943 27944 27945 27946 27947 27948 27949 27950 27951 27952 27953 28153 28353 28553 28753 28953 29153 29353 29553 29753 29953 29954 30154 30354 30554 30555 30755 30955 31155 31355 31555 31755 31955 32155 32355 32555 32755 32955 33155 33355 33555 33556 33557 33558 33559 33560 33561 33562 33563 33564 33565 33566 33567 33568 33768 33769 33770 33771 33772 33773 33774 33775 33776 33777 33778 33779 33780 33781 
Label: 78402
[253,91059,]
23606 23607 23608 23609 23610 23611 23612 23613 23614 23615 23616 23617 23618 23619 23620 23621 23622 23623 23624 23625 23626 23627 23427 23227 23027 23028 22828 22628 22428 22228 22229 22029 21829 21629 21630 21430 21431 21432 21232 21032 20832 20833 20834 20835 20836 20837 20838 20839 20840 20841 20842 20843 20844 20845 20846 20847 20848 20849 20850 20851 20852 20853 20854 20855 20856 20857 20858 20859 20860 20861 20862 20863 21063 21064 21264 21265 21465 21466 21666 21667 21668 21868 21869 22069 22070 22071 22271 22272 22472 22473 22474 22674 22675 22875 22876 22877 23077 23078 23079 23279 23280 23281 23481 23482 23682 23683 23883 24083 24283 24483 24683 24883 25083 25283 25483 25683 25883 26083 26283 26483 26683 26883 26884 27084 27284 27484 27684 27685 27885 27886 27887 27888 27889 27890 27891 27892 27893 27894 27895 27896 27897 27898 27899 27900 27901 27902 27903 27904 27905 27906 27907 27908 27909 27910 27911 27912 27913 27914 27915 27916 27917 27918 27919 27920 27921 27922 27923 27924 27925 27926 27927 27928 27929 27930 27931 27932 27933 27934 27935 27936 27937 27938 27939 27940 27941 27942 27943 27944 27945 27946 27947 27948 27949 27950 27951 27952 27953 28153 28353 28553 28753 28953 29153 29353 29553 29753 29953 29954 30154 30354 30554 30555 30755 30955 31155 31355 31555 31755 31955 32155 32355 32555 32755 32955 33155 33355 33555 33556 33557 33558 33559 33560 33561 33562 33563 33564 33565 33566 33567 33568 33768 33769 33770 33771 33772 33773 33774 33775 33776 33777 33778 33779 33780 33781 
Label: 21033
[229,112101,]
23606 23607 23608 23609 23610 23611 23612 23613 23614 23615 23616 23617 23618 23619 23620 23621 23622 23623 23624 23625 23825 24025 24225 24425 24625 24825 25025 25225 25425 25625 25825 26025 26225 26226 26227 26228 26229 26230 26231 26232 26233 26234 26235 26236 26237 26238 26239 26240 26241 26242 26243 26443 26444 26445 26446 26447 26647 26648 26649 26650 26651 26851 26852 26853 27053 27054 27055 27056 27256 27257 27258 27458 27459 27460 27660 27661 27662 27862 27863 27864 28064 28065 28066 28067 28068 28069 28070 28071 28072 28073 28074 28075 28076 28077 28078 28079 28080 28081 28082 28083 28084 28085 28086 28087 28088 28089 28090 28091 28092 28093 28094 28095 28096 28097 28098 28099 28100 28101 28102 28103 28104 28105 28106 28107 27907 27908 27909 27910 27911 27711 27712 27713 27714 27715 27716 27717 27718 27719 27720 27721 27722 27723 27724 27725 27726 27727 27728 27729 27730 27731 27732 27733 27734 27735 27736 27737 27738 27739 27740 27940 27941 27942 27943 27944 27945 27946 27947 27948 27949 27950 27951 27952 27953 28153 28353 28553 28753 28953 29153 29353 29553 29753 29953 29954 30154 30354 30554 30555 30755 30955 31155 31355 31555 31755 31955 32155 32355 32555 32755 32955 33155 33355 33555 33556 33557 33558 33559 33560 33561 33562 33563 33564 33565 33566 33567 33568 33768 33769 33770 33771 33772 33773 33774 33775 33776 33777 33778 33779 33780 33781 
Label: 29873
[233,111909,]
23606 23607 23608 23609 23610 23611 23612 23613 23614 23615 23616 23617 23618 23619 23620 23621 23622 23623 23624 23625 23825 24025 24225 24425 24625 24825 25025 25225 25425 25625 25825 26025 26225 26226 26227 26228 26229 26230 26231 26232 26233 26234 26235 26236 26237 26238 26239 26240 26241 26242 26243 26443 26444 26445 26446 26447 26647 26648 26649 26650 26651 26851 26852 26853 27053 27054 27055 27056 27256 27257 27258 27458 27459 27460 27660 27661 27662 27862 27863 27864 28064 28065 28066 28266 28267 28268 28468 28469 28470 28471 28472 28473 28474 28475 28476 28477 28478 28479 28480 28481 28482 28483 28484 28485 28486 28487 28488 28489 28490 28491 28492 28493 28494 28495 28295 28296 28297 28298 28299 28300 28301 28302 28303 28103 28104 28105 28106 28107 27907 27908 27909 27910 27911 27711 27712 27713 27714 27715 27716 27717 27718 27719 27720 27721 27722 27723 27724 27725 27726 27727 27728 27729 27730 27731 27732 27733 27734 27735 27736 27737 27738 27739 27740 27940 27941 27942 27943 27944 27945 27946 27947 27948 27949 27950 27951 27952 27953 28153 28353 28553 28753 28953 29153 29353 29553 29753 29953 29954 30154 30354 30554 30555 30755 30955 31155 31355 31555 31755 31955 32155 32355 32555 32755 32955 33155 33355 33555 33556 33557 33558 33559 33560 33561 33562 33563 33564 33565 33566 33567 33568 33768 33769 33770 33771 33772 33773 33774 33775 33776 33777 33778 33779 33780 33781 
Label: 100450
[261,88515,]
23606 23607 23608 23609 23610 23611 23612 23613 23614 23615 23616 23617 23618 23619 23620 23621 23622 23623 23624 23625 23626 23627 23427 23227 23027 23028 22828 22628 22428 22228 22229 22029 21829 21629 21630 21430 21431 21432 21232 21032 20832 20833 20834 20835 20635 20636 20436 20437 20438 20439 20440 20441 20442 20443 20444 20445 20446 20447 20448 20449 20450 20451 20452 20453 20454 20455 20456 20457 20458 20459 20460 20660 20661 20861 20862 20863 21063 21064 21264 21265 21465 21466 21666 21667 21668 21868 21869 22069 22070 22071 22271 22272 22472 22473 22474 22674 22675 22875 22876 22877 23077 23078 23079 23279 23280 23281 23481 23482 23682 23683 23883 24083 24283 24483 24683 24883 25083 25283 25483 25683 25883 26083 26283 26483 26683 26883 26884 27084 27284 27484 27684 27685 27885 28085 28086 28087 28088 28089 28090 28091 28092 28093 28094 28095 28096 28097 28098 28099 28100 28101 28102 28103 28104 28105 28106 28107 27907 27908 27909 27910 27911 27711 27712 27713 27714 27715 27716 27717 27718 27719 27720 27721 27722 27723 27724 27725 27726 27727 27728 27729 27730 27731 27732 27733 27734 27735 27736 27737 27738 27739 27740 27940 27941 27942 27943 27944 27945 27946 27947 27948 27949 27950 27951 27952 27953 28153 28353 28553 28753 28953 29153 29353 29553 29753 29953 29954 30154 30354 30554 30555 30755 30955 31155 31355 31555 31755 31955 32155 32355 32555 32755 32955 33155 33355 33555 33556 33557 33558 33559 33560 33561 33562 33563 33564 33565 33566 33567 33568 33768 33769 33770 33771 33772 33773 33774 33775 33776 33777 33778 33779 33780 33781 
Label: 95288
[259,88898,]
23606 23607 23608 23609 23610 23611 23612 23613 23614 23615 23616 23617 23618 23619 23620 23621 23622 23623 23624 23625 23626 23627 23427 23227 23027 23028 22828 22628 22428 22228 22229 22029 21829 21629 21630 21430 21431 21432 21232 21032 20832 20833 20834 20835 20635 20636 20436 20437 20438 20439 20440 20441 20442 20443 20444 20445 20446 20447 20448 20449 20450 20451 20452 20453 20454 20455 20456 20457 20458 20459 20460 20660 20661 20861 20862 20863 21063 21064 21264 21265 21465 21466 21666 21667 21668 21868 21869 22069 22070 22071 22271 22272 22472 22473 22474 22674 22675 22875 22876 22877 23077 23078 23079 23279 23280 23281 23481 23482 23682 23683 23883 24083 24283 24483 24683 24883 25083 25283 25483 25683 25883 26083 26283 26483 26683 26883 26884 27084 27284 27484 27684 27685 27885 27886 27887 27888 27889 27890 27891 27892 27893 27894 27895 27896 27897 27898 27899 27900 27901 27902 27903 27904 27905 27906 27907 27908 27909 27910 27911 27711 27712 27713 27714 27715 27716 27717 27718 27719 27720 27721 27722 27723 27724 27725 27726 27727 27728 27729 27730 27731 27732 27733 27734 27735 27736 27737 27738 27739 27740 27940 27941 27942 27943 27944 27945 27946 27947 27948 27949 27950 27951 27952 27953 28153 28353 28553 28753 28953 29153 29353 29553 29753 29953 29954 30154 30354 30554 30555 30755 30955 31155 31355 31555 31755 31955 32155 32355 32555 32755 32955 33155 33355 33555 33556 33557 33558 33559 33560 33561 33562 33563 33564 33565 33566 33567 33568 33768 33769 33770 33771 33772 33773 33774 33775 33776 33777 33778 33779 33780 33781 
Label: 84128
[255,90087,]
23606 23607 23608 23609 23610 23611 23612 23613 23614 23615 23616 23617 23618 23619 23620 23621 23622 23623 23624 23625 23626 23627 23427 23227 23027 23028 22828 22628 22428 22228 22229 22029 21829 21629 21630 21430 21431 21432 21232 21032 20832 20833 20834 20835 20635 20636 20637 20638 20639 20640 20641 20642 20643 20644 20645 20646 20647 20648 20649 20650 20651 20652 20653 20654 20655 20656 20657 20658 20659 20660 20661 20861 20862 20863 21063 21064 21264 21265 21465 21466 21666 21667 21668 21868 21869 22069 22070 22071 22271 22272 22472 22473 22474 22674 22675 22875 22876 22877 23077 23078 23079 23279 23280 23281 23481 23482 23682 23683 23883 24083 24283 24483 24683 24883 25083 25283 25483 25683 25883 26083 26283 26483 26683 26883 26884 27084 27284 27484 27684 27685 27885 27886 27887 27888 27889 27890 27891 27892 27893 27894 27895 27896 27897 27898 27899 27900 27901 27902 27903 27904 27905 27906 27907 27908 27909 27910 27911 27912 27913 27914 27915 27916 27917 27918 27919 27920 27921 27922 27923 27924 27925 27926 27927 27928 27929 27930 27931 27932 27933 27934 27935 27936 27937 27938 27939 27940 27941 27942 27943 27944 27945 27946 27947 27948 27949 27950 27951 27952 27953 28153 28353 28553 28753 28953 29153 29353 29553 29753 29953 29954 30154 30354 30554 30555 30755 30955 31155 31355 31555 31755 31955 32155 32355 32555 32755 32955 33155 33355 33555 33556 33557 33558 33559 33560 33561 33562 33563 33564 33565 33566 33567 33568 33768 33769 33770 33771 33772 33773 33774 33775 33776 33777 33778 33779 33780 33781 
Label: 112279
[271,87889,]
23606 23607 23608 23609 23610 23611 23612 23613 23614 23615 23616 23617 23618 23619 23620 23621 23622 23623 23624 23625 23626 23627 23427 23227 23027 23028 22828 22628 22428 22228 22229 22029 21829 21629 21630 21430 21431 21432 21232 21032 20832 20833 20834 20835 20635 20636 20436 20437 20438 20238 20239 20240 20241 20242 20042 20043 20044 20045 19845 19846 19847 19848 19849 19850 19851 19852 19853 19854 19855 19856 19857 20057 20058 20258 20259 20459 20460 20660 20661 20861 20862 20863 21063 21064 21264 21265 21465 21466 21666 21667 21668 21868 21869 22069 22070 22071 22271 22272 22472 22473 22474 22674 22675 22875 22876 22877 23077 23078 23079 23279 23280 23281 23481 23482 23682 23683 23883 24083 24283 24483 24683 24883 25083 25283 25483 25683 25883 26083 26283 26483 26683 26883 26884 27084 27284 27484 27684 27685 27885 28085 28285 28286 28287 28288 28289 28290 28291 28292 28293 28294 28295 28296 28297 28298 28299 28300 28301 28302 28303 28103 28104 28105 28106 28107 27907 27908 27909 27910 27911 27711 27712 27713 27714 27514 27515 27516 27517 27518 27519 27520 27521 27522 27523 27524 27525 27526 27527 27528 27529 27729 27730 27731 27732 27733 27734 27735 27736 27737 27738 27739 27740 27940 27941 27942 27943 27944 27945 27946 27947 27948 27949 27950 27951 27952 27953 28153 28353 28553 28753 28953 29153 29353 29553 29753 29953 29954 30154 30354 30554 30555 30755 30955 31155 31355 31555 31755 31955 32155 32355 32555 32755 32955 33155 33355 33555 33556 33557 33558 33559 33560 33561 33562 33563 33564 33565 33566 33567 33568 33768 33769 33770 33771 33772 33773 33774 33775 33776 33777 33778 33779 33780 33781 
Label: 11533
[225,113260,]
23606 23607 23608 23609 23610 23611 23612 23613 23614 23615 23616 23617 23618 23619 23620 23621 23622 23623 23624 23625 23825 24025 24225 24425 24625 24825 25025 25225 25425 25625 25825 26025 26225 26226 26227 26228 26229 26230 26231 26232 26233 26234 26235 26236 26237 26238 26239 26240 26241 26242 26243 26443 26444 26445 26446 26447 26647 26648 26649 26650 26651 26851 26852 26853 27053 27054 27055 27056 27256 27257 27258 27458 27459 27460 27660 27661 27662 27862 27863 27864 27865 27866 27867 27868 27869 27870 27871 27872 27873 27874 27875 27876 27877 27878 27879 27880 27881 27882 27883 27884 27885 27886 27887 27888 27889 27890 27891 27892 27893 27894 27895 27896 27897 27898 27899 27900 27901 27902 27903 27904 27905 27906 27907 27908 27909 27910 27911 27912 27913 27914 27915 27916 27917 27918 27919 27920 27921 27922 27923 27924 27925 27926 27927 27928 27929 27930 27931 27932 27933 27934 27935 27936 27937 27938 27939 27940 27941 27942 27943 27944 27945 27946 27947 27948 27949 27950 27951 27952 27953 28153 28353 28553 28753 28953 29153 29353 29553 29753 29953 29954 30154 30354 30554 30555 30755 30955 31155 31355 31555 31755 31955 32155 32355 32555 32755 32955 33155 33355 33555 33556 33557 33558 33559 33560 33561 33562 33563 33564 33565 33566 33567 33568 33768 33769 33770 33771 33772 33773 33774 33775 33776 33777 33778 33779 33780 33781 
Label: 49220
[243,108509,]
23606 23607 23608 23609 23610 23611 23612 23613 23614 23615 23616 23617 23618 23619 23620 23621 23622 23623 23624 23625 23626 23627 23427 23227 23027 23028 22828 22628 22428 22228 22229 22029 21829 21830 21831 21832 21833 21834 21835 21836 21837 21838 21839 21840 21841 21842 21843 21844 21845 21846 21847 21848 21849 21850 21851 21852 21853 21854 21855 21856 21857 21858 21859 21860 21861 21862 21863 21864 21865 21866 21867 21868 21869 22069 22070 22071 22271 22272 22472 22473 22474 22674 22675 22875 22876 22877 23077 23078 23079 23279 23280 23281 23481 23482 23682 23683 23883 24083 24283 24483 24683 24883 25083 25283 25483 25683 25883 26083 26283 26483 26683 26883 26884 27084 27284 27484 27684 27685 27885 27886 27887 27888 27889 27890 27891 27892 27893 27894 27895 27896 27897 27898 27899 27900 27901 27902 27903 27904 27905 27906 27907 27908 27909 27910 27911 27912 27913 27914 27915 27916 27917 27918 27919 27920 27921 27922 27923 27924 27925 27926 27927 27928 27929 27930 27931 27932 27933 27934 27935 27936 27937 27938 27939 27940 27941 27942 27943 27944 27945 27946 27947 27948 27949 27950 27951 27952 27953 28153 28353 28553 28753 28953 29153 29353 29553 29753 29953 29954 30154 30354 30554 30555 30755 30955 31155 31355 31555 31755 31955 32155 32355 32555 32755 32955 33155 33355 33555 33556 33557 33558 33559 33560 33561 33562 33563 33564 33565 33566 33567 33568 33768 33769 33770 33771 33772 33773 33774 33775 33776 33777 33778 33779 33780 33781 
Label: 16449
[227,112666,]
23606 23607 23608 23609 23610 23611 23612 23613 23614 23615 23616 23617 23618 23619 23620 23621 23622 23623 23624 23625 23825 24025 24225 24425 24625 24825 25025 25225 25425 25625 25825 26025 26225 26226 26227 26228 26229 26230 26231 26232 26233 26234 26235 26236 26237 26238 26239 26240 26241 26242 26243 26443 26444 26445 26446 26447 26647 26648 26649 26650 26651 26851 26852 26853 27053 27054 27055 27056 27256 27257 27258 27458 27459 27460 27660 27661 27662 27862 27863 27864 27865 27866 27867 27868 27869 27870 27871 27872 27873 27874 27875 27876 27877 27878 27879 27880 27881 27882 27883 27884 27885 27886 27887 27888 27889 27890 27891 27892 27893 27894 27895 27896 27897 27898 27899 27900 27901 27902 27903 27904 27905 27906 27907 27908 27909 27910 27911 27711 27712 27713 27714 27715 27716 27717 27718 27719 27720 27721 27722 27723 27724 27725 27726 27727 27728 27729 27730 27731 27732 27733 27734 27735 27736 27737 27738 27739 27740 27940 27941 27942 27943 27944 27945 27946 27947 27948 27949 27950 27951 27952 27953 28153 28353 28553 28753 28953 29153 29353 29553 29753 29953 29954 30154 30354 30554 30555 30755 30955 31155 31355 31555 31755 31955 32155 32355 32555 32755 32955 33155 33355 33555 33556 33557 33558 33559 33560 33561 33562 33563 33564 33565 33566 33567 33568 33768 33769 33770 33771 33772 33773 33774 33775 33776 33777 33778 33779 33780 33781 
