graph_load_time: 0.319541
n_generated: 9643
n_expanded: 4666
n_domCheck: 28330
rt_initHeu: 0.31023
rt_search: 0.122108
N: 9
Label: 6225
[200,962550,]
16212 16213 16214 16215 16216 16217 16218 16219 16220 16221 16222 16223 16224 16225 16425 16625 16825 17025 17225 17425 17625 17825 18025 18225 18425 18625 18825 19025 19225 19425 19625 19825 20025 20225 20425 20625 20825 21025 21026 21226 21227 21228 21229 21230 21231 21232 21233 21234 21235 21236 21237 21238 21239 21240 21241 21242 21243 21244 21245 21246 21247 21248 21249 21250 21251 21252 21253 21254 21255 21256 21257 21258 21259 21260 21460 21461 21661 21861 21862 22062 22262 22462 22463 22663 22863 22864 23064 23065 23066 23067 23068 23069 23070 23071 23072 23073 23074 23075 23076 23077 23078 23079 23080 23081 23082 23083 23084 23085 23086 23087 23287 23288 23488 23489 23689 23889 23890 24090 24091 24291 24292 24293 24294 24295 24296 24297 24298 24299 24300 24301 24302 24303 24304 24305 24306 24307 24308 24309 24310 24311 24312 24313 24314 24315 24316 24317 24318 24319 24320 24321 24322 24323 24324 24325 24326 24327 24328 24329 24330 24331 24332 24333 24334 24335 24336 24337 24537 24538 24738 24739 24939 24940 25140 25340 25341 25541 25542 25742 25942 25943 26143 26144 26344 26345 26545 26745 26746 26946 27146 27147 27347 27547 27548 27549 27550 27551 27552 27553 27554 27555 27556 
Label: 18445
[214,898515,]
16212 16213 16214 16215 16216 16217 16218 16219 16220 16221 16222 16223 16224 16225 16425 16625 16825 17025 17225 17425 17625 17825 18025 18225 18425 18625 18825 19025 19225 19425 19625 19825 20025 20225 20425 20625 20825 21025 21026 21226 21426 21427 21627 21628 21629 21630 21631 21632 21633 21634 21635 21636 21436 21437 21438 21439 21440 21240 21241 21242 21243 21244 21044 21045 21046 21047 21048 21049 21050 21051 21052 21053 21054 21055 21056 21057 21058 21059 21259 21260 21460 21461 21661 21861 21862 22062 22262 22462 22463 22663 22863 22864 23064 23065 23066 23067 23068 23069 23070 23071 23072 23073 23074 23075 23076 23077 23078 23079 23080 23081 23082 23083 23084 23085 23086 23087 23287 23288 23488 23489 23689 23889 23890 24090 24091 24291 24292 24293 24493 24494 24495 24496 24497 24498 24499 24500 24501 24502 24503 24504 24505 24506 24507 24508 24509 24510 24310 24311 24312 24313 24314 24315 24316 24317 24318 24319 24320 24120 24121 23921 23922 23923 23723 23724 23725 23726 23727 23728 23729 23730 23731 23732 23932 23933 23934 24134 24135 24335 24336 24337 24537 24538 24738 24739 24939 24940 25140 25340 25341 25541 25542 25742 25942 25943 26143 26144 26344 26345 26545 26745 26746 26946 27146 27147 27347 27547 27548 27549 27550 27551 27552 27553 27554 27555 27556 
Label: 9837
[202,941829,]
16212 16213 16214 16215 16216 16217 16218 16219 16220 16221 16222 16223 16224 16225 16425 16625 16825 17025 17225 17425 17625 17825 18025 18225 18425 18625 18825 19025 19225 19425 19625 19825 20025 20225 20425 20625 20825 21025 21026 21226 21227 21228 21229 21230 21231 21232 21233 21234 21235 21236 21237 21238 21239 21240 21241 21242 21243 21244 21245 21246 21247 21248 21249 21250 21251 21252 21253 21254 21255 21256 21257 21258 21259 21260 21460 21461 21661 21861 21862 22062 22262 22462 22463 22663 22863 22864 23064 23065 23066 23067 23068 23069 23070 23071 23072 23073 23074 23075 23076 23077 23078 23079 23080 23081 23082 23083 23084 23085 23086 23087 23287 23288 23488 23489 23689 23889 23890 24090 24091 24291 24292 24293 24294 24295 24296 24297 24298 24299 24300 24301 24302 24303 24304 24305 24306 24307 24308 24309 24310 24311 24312 24313 24314 24315 24316 24317 24318 24319 24320 24120 24121 24122 24123 24124 24125 24126 24127 24128 24129 24130 24131 24132 24133 24134 24135 24335 24336 24337 24537 24538 24738 24739 24939 24940 25140 25340 25341 25541 25542 25742 25942 25943 26143 26144 26344 26345 26545 26745 26746 26946 27146 27147 27347 27547 27548 27549 27550 27551 27552 27553 27554 27555 27556 
Label: 18209
[212,900087,]
16212 16213 16214 16215 16216 16217 16218 16219 16220 16221 16222 16223 16224 16225 16425 16625 16825 17025 17225 17425 17625 17825 18025 18225 18425 18625 18825 19025 19225 19425 19625 19825 20025 20225 20425 20625 20825 21025 21026 21226 21426 21427 21428 21429 21430 21431 21432 21433 21434 21435 21436 21437 21438 21439 21440 21240 21241 21242 21243 21244 21044 21045 21046 21047 21048 21049 21050 21051 21052 21053 21054 21055 21056 21057 21058 21059 21259 21260 21460 21461 21661 21861 21862 22062 22262 22462 22463 22663 22863 22864 23064 23065 23066 23067 23068 23069 23070 23071 23072 23073 23074 23075 23076 23077 23078 23079 23080 23081 23082 23083 23084 23085 23086 23087 23287 23288 23488 23489 23689 23889 23890 24090 24091 24291 24292 24293 24493 24494 24495 24496 24497 24498 24499 24500 24501 24502 24503 24504 24505 24506 24507 24508 24509 24510 24310 24311 24312 24313 24314 24315 24316 24317 24318 24319 24320 24120 24121 23921 23922 23923 23723 23724 23725 23726 23727 23728 23729 23730 23731 23732 23932 23933 23934 24134 24135 24335 24336 24337 24537 24538 24738 24739 24939 24940 25140 25340 25341 25541 25542 25742 25942 25943 26143 26144 26344 26345 26545 26745 26746 26946 27146 27147 27347 27547 27548 27549 27550 27551 27552 27553 27554 27555 27556 
Label: 12717
[204,924448,]
16212 16213 16214 16215 16216 16217 16218 16219 16220 16221 16222 16223 16224 16225 16425 16625 16825 17025 17225 17425 17625 17825 18025 18225 18425 18625 18825 19025 19225 19425 19625 19825 20025 20225 20425 20625 20825 21025 21026 21226 21227 21228 21229 21230 21231 21232 21233 21234 21235 21236 21237 21238 21239 21240 21241 21242 21243 21244 21245 21246 21247 21248 21249 21250 21251 21252 21253 21254 21255 21256 21257 21258 21259 21260 21460 21461 21661 21861 21862 22062 22262 22462 22463 22663 22863 22864 23064 23065 23066 23067 23068 23069 23070 23071 23072 23073 23074 23075 23076 23077 23078 23079 23080 23081 23082 23083 23084 23085 23086 23087 23287 23288 23488 23489 23689 23889 23890 24090 24091 24291 24292 24293 24493 24494 24495 24496 24497 24498 24499 24500 24501 24502 24503 24504 24505 24506 24507 24508 24509 24510 24310 24311 24312 24313 24314 24315 24316 24317 24318 24319 24320 24120 24121 24122 24123 24124 24125 24126 24127 24128 24129 24130 24131 24132 24133 24134 24135 24335 24336 24337 24537 24538 24738 24739 24939 24940 25140 25340 25341 25541 25542 25742 25942 25943 26143 26144 26344 26345 26545 26745 26746 26946 27146 27147 27347 27547 27548 27549 27550 27551 27552 27553 27554 27555 27556 
Label: 15161
[206,915290,]
16212 16213 16214 16215 16216 16217 16218 16219 16220 16221 16222 16223 16224 16225 16425 16625 16825 17025 17225 17425 17625 17825 18025 18225 18425 18625 18825 19025 19225 19425 19625 19825 20025 20225 20425 20625 20825 21025 21026 21226 21227 21228 21229 21230 21231 21232 21233 21234 21235 21236 21237 21238 21239 21240 21241 21242 21243 21244 21245 21246 21247 21248 21249 21250 21251 21252 21253 21254 21255 21256 21257 21258 21259 21260 21460 21461 21661 21861 21862 22062 22262 22462 22463 22663 22863 22864 23064 23065 23066 23067 23068 23069 23070 23071 23072 23073 23074 23075 23076 23077 23078 23079 23080 23081 23082 23083 23084 23085 23086 23087 23287 23288 23488 23489 23689 23889 23890 24090 24091 24291 24292 24293 24493 24494 24495 24496 24497 24498 24499 24500 24501 24502 24503 24504 24505 24506 24507 24508 24509 24510 24310 24311 24312 24313 24314 24315 24316 24317 24318 24319 24320 24120 24121 23921 23922 23923 23924 23925 23926 23927 23928 23929 23930 23931 23932 23933 23934 24134 24135 24335 24336 24337 24537 24538 24738 24739 24939 24940 25140 25340 25341 25541 25542 25742 25942 25943 26143 26144 26344 26345 26545 26745 26746 26946 27146 27147 27347 27547 27548 27549 27550 27551 27552 27553 27554 27555 27556 
Label: 17193
[208,908455,]
16212 16213 16214 16215 16216 16217 16218 16219 16220 16221 16222 16223 16224 16225 16425 16625 16825 17025 17225 17425 17625 17825 18025 18225 18425 18625 18825 19025 19225 19425 19625 19825 20025 20225 20425 20625 20825 21025 21026 21226 21426 21427 21428 21429 21430 21431 21432 21433 21434 21435 21436 21437 21438 21439 21440 21240 21241 21242 21243 21244 21245 21246 21247 21248 21249 21250 21251 21252 21253 21254 21255 21256 21257 21258 21259 21260 21460 21461 21661 21861 21862 22062 22262 22462 22463 22663 22863 22864 23064 23065 23066 23067 23068 23069 23070 23071 23072 23073 23074 23075 23076 23077 23078 23079 23080 23081 23082 23083 23084 23085 23086 23087 23287 23288 23488 23489 23689 23889 23890 24090 24091 24291 24292 24293 24493 24494 24495 24496 24497 24498 24499 24500 24501 24502 24503 24504 24505 24506 24507 24508 24509 24510 24310 24311 24312 24313 24314 24315 24316 24317 24318 24319 24320 24120 24121 23921 23922 23923 23924 23925 23926 23927 23928 23929 23930 23931 23932 23933 23934 24134 24135 24335 24336 24337 24537 24538 24738 24739 24939 24940 25140 25340 25341 25541 25542 25742 25942 25943 26143 26144 26344 26345 26545 26745 26746 26946 27146 27147 27347 27547 27548 27549 27550 27551 27552 27553 27554 27555 27556 
Label: 17805
[210,901694,]
16212 16213 16214 16215 16216 16217 16218 16219 16220 16221 16222 16223 16224 16225 16425 16625 16825 17025 17225 17425 17625 17825 18025 18225 18425 18625 18825 19025 19225 19425 19625 19825 20025 20225 20425 20625 20825 21025 21026 21226 21426 21427 21428 21429 21430 21431 21432 21433 21434 21435 21436 21437 21438 21439 21440 21240 21241 21242 21243 21244 21044 21045 21046 21047 21048 21049 21050 21051 21052 21053 21054 21055 21056 21057 21058 21059 21259 21260 21460 21461 21661 21861 21862 22062 22262 22462 22463 22663 22863 22864 23064 23065 23066 23067 23068 23069 23070 23071 23072 23073 23074 23075 23076 23077 23078 23079 23080 23081 23082 23083 23084 23085 23086 23087 23287 23288 23488 23489 23689 23889 23890 24090 24091 24291 24292 24293 24493 24494 24495 24496 24497 24498 24499 24500 24501 24502 24503 24504 24505 24506 24507 24508 24509 24510 24310 24311 24312 24313 24314 24315 24316 24317 24318 24319 24320 24120 24121 23921 23922 23923 23924 23925 23926 23927 23928 23929 23930 23931 23932 23933 23934 24134 24135 24335 24336 24337 24537 24538 24738 24739 24939 24940 25140 25340 25341 25541 25542 25742 25942 25943 26143 26144 26344 26345 26545 26745 26746 26946 27146 27147 27347 27547 27548 27549 27550 27551 27552 27553 27554 27555 27556 
Label: 18657
[216,897855,]
16212 16213 16214 16215 16216 16217 16218 16219 16220 16221 16222 16223 16224 16225 16425 16625 16825 17025 17225 17425 17625 17825 18025 18225 18425 18625 18825 19025 19225 19425 19625 19825 20025 20225 20425 20625 20825 21025 21026 21226 21426 21427 21627 21628 21629 21630 21631 21632 21633 21634 21635 21636 21436 21437 21438 21439 21440 21240 21241 21242 21243 21244 21044 21045 21046 20846 20847 20848 20849 20850 20851 20852 20853 20854 20855 20856 20857 20858 21058 21059 21259 21260 21460 21461 21661 21861 21862 22062 22262 22462 22463 22663 22863 22864 23064 23065 23066 23067 23068 23069 23070 23071 23072 23073 23074 23075 23076 23077 23078 23079 23080 23081 23082 23083 23084 23085 23086 23087 23287 23288 23488 23489 23689 23889 23890 24090 24091 24291 24292 24293 24493 24494 24495 24496 24497 24498 24499 24500 24501 24502 24503 24504 24505 24506 24507 24508 24509 24510 24310 24311 24312 24313 24314 24315 24316 24317 24318 24319 24320 24120 24121 23921 23922 23923 23723 23724 23725 23726 23727 23728 23729 23730 23731 23732 23932 23933 23934 24134 24135 24335 24336 24337 24537 24538 24738 24739 24939 24940 25140 25340 25341 25541 25542 25742 25942 25943 26143 26144 26344 26345 26545 26745 26746 26946 27146 27147 27347 27547 27548 27549 27550 27551 27552 27553 27554 27555 27556 
