graph_load_time: 0.323465
n_generated: 4776
n_expanded: 1696
n_domCheck: 10937
rt_initHeu: 0.31698
rt_search: 0.0477837
N: 7
Label: 1049
[206,772829,]
37425 37225 37025 36825 36625 36425 36225 36025 35825 35625 35425 35225 35025 35026 35027 34827 34828 34829 34830 34630 34631 34632 34432 34433 34434 34435 34235 34236 34237 34037 34038 34039 33839 33840 33640 33641 33441 33442 33242 33042 33043 32843 32844 32644 32645 32445 32446 32246 32247 32047 32048 31848 31849 31649 31650 31450 31451 31452 31252 31253 31254 31054 31055 31056 31057 31058 31059 31060 30860 30861 30862 30662 30663 30463 30464 30465 30265 30065 30066 29866 29867 29667 29668 29468 29268 29269 29069 28869 28870 28670 28470 28471 28271 28071 28072 27872 27672 27472 27272 27273 27073 26873 26673 26473 26273 26073 26074 25874 25875 25876 25877 25878 25879 25880 25881 25882 25883 25884 25885 25886 25887 25888 25889 25890 25891 25892 25893 25894 25895 25896 25897 25898 25899 25900 25901 25902 25903 25904 25905 25906 25907 25908 25909 25910 25911 25912 25913 25914 25915 25715 25515 25315 25115 24915 24715 24515 24315 24115 23915 23715 23515 23315 23115 22915 22715 22515 22315 22316 22116 22117 21917 21717 21718 21719 21519 21520 21320 21321 21322 21122 21123 20923 20723 20724 20524 20324 20124 19924 19724 19524 19324 19124 18924 18724 18524 18324 18124 17924 17724 17524 17324 17124 16924 16724 16524 16324 16325 
Label: 2105
[208,771996,]
37425 37424 37224 37024 36824 36624 36424 36224 36024 35824 35624 35424 35224 35024 35025 35026 35027 34827 34828 34829 34830 34630 34631 34632 34432 34433 34434 34435 34235 34236 34237 34037 34038 34039 33839 33840 33640 33641 33441 33442 33242 33042 33043 32843 32844 32644 32645 32445 32446 32246 32247 32047 32048 31848 31849 31649 31650 31450 31451 31452 31252 31253 31254 31054 31055 31056 31057 31058 31059 31060 30860 30861 30862 30662 30663 30463 30464 30465 30265 30065 30066 29866 29867 29667 29668 29468 29268 29269 29069 28869 28870 28670 28470 28471 28271 28071 28072 27872 27672 27472 27272 27273 27073 26873 26673 26473 26273 26073 26074 25874 25875 25876 25877 25878 25879 25880 25881 25882 25883 25884 25885 25886 25887 25888 25889 25890 25891 25892 25893 25894 25895 25896 25897 25898 25899 25900 25901 25902 25903 25904 25905 25906 25907 25908 25909 25910 25911 25912 25913 25914 25915 25715 25515 25315 25115 24915 24715 24515 24315 24115 23915 23715 23515 23315 23115 22915 22715 22515 22315 22316 22116 22117 21917 21717 21718 21719 21519 21520 21320 21321 21322 21122 21123 20923 20723 20724 20524 20324 20124 19924 19724 19524 19324 19124 18924 18724 18524 18324 18124 17924 17724 17524 17324 17124 16924 16724 16524 16324 16325 
Label: 6369
[216,771056,]
37425 37424 37423 37422 37421 37420 37220 37020 36820 36620 36420 36220 36020 35820 35620 35420 35421 35221 35222 35223 35224 35024 35025 35026 35027 34827 34828 34829 34830 34630 34631 34632 34432 34433 34434 34435 34235 34236 34237 34037 34038 34039 33839 33840 33640 33641 33441 33442 33242 33042 33043 32843 32844 32644 32645 32445 32446 32246 32247 32047 32048 31848 31849 31649 31650 31450 31451 31452 31252 31253 31254 31054 31055 31056 31057 31058 31059 31060 30860 30861 30862 30662 30663 30463 30464 30465 30265 30065 30066 29866 29867 29667 29668 29468 29268 29269 29069 28869 28870 28670 28470 28471 28271 28071 28072 27872 27672 27472 27272 27273 27073 26873 26673 26473 26273 26073 26074 25874 25875 25876 25877 25878 25879 25880 25881 25882 25883 25884 25885 25886 25887 25888 25889 25890 25891 25892 25893 25894 25895 25896 25897 25898 25899 25900 25901 25902 25903 25904 25905 25906 25907 25908 25909 25910 25911 25912 25913 25914 25915 25715 25515 25315 25115 24915 24715 24515 24315 24115 23915 23715 23515 23315 23115 22915 22715 22515 22315 22316 22116 22117 21917 21717 21718 21719 21519 21520 21320 21321 21322 21122 21123 20923 20723 20724 20524 20324 20124 19924 19724 19524 19324 19124 18924 18724 18524 18324 18124 17924 17724 17524 17324 17124 16924 16724 16524 16324 16325 
Label: 3169
[210,771503,]
37425 37424 37423 37223 37023 36823 36623 36423 36223 36023 35823 35623 35423 35223 35224 35024 35025 35026 35027 34827 34828 34829 34830 34630 34631 34632 34432 34433 34434 34435 34235 34236 34237 34037 34038 34039 33839 33840 33640 33641 33441 33442 33242 33042 33043 32843 32844 32644 32645 32445 32446 32246 32247 32047 32048 31848 31849 31649 31650 31450 31451 31452 31252 31253 31254 31054 31055 31056 31057 31058 31059 31060 30860 30861 30862 30662 30663 30463 30464 30465 30265 30065 30066 29866 29867 29667 29668 29468 29268 29269 29069 28869 28870 28670 28470 28471 28271 28071 28072 27872 27672 27472 27272 27273 27073 26873 26673 26473 26273 26073 26074 25874 25875 25876 25877 25878 25879 25880 25881 25882 25883 25884 25885 25886 25887 25888 25889 25890 25891 25892 25893 25894 25895 25896 25897 25898 25899 25900 25901 25902 25903 25904 25905 25906 25907 25908 25909 25910 25911 25912 25913 25914 25915 25715 25515 25315 25115 24915 24715 24515 24315 24115 23915 23715 23515 23315 23115 22915 22715 22515 22315 22316 22116 22117 21917 21717 21718 21719 21519 21520 21320 21321 21322 21122 21123 20923 20723 20724 20524 20324 20124 19924 19724 19524 19324 19124 18924 18724 18524 18324 18124 17924 17724 17524 17324 17124 16924 16724 16524 16324 16325 
Label: 4233
[212,771227,]
37425 37424 37423 37422 37222 37022 36822 36622 36422 36222 36022 35822 35622 35422 35222 35223 35224 35024 35025 35026 35027 34827 34828 34829 34830 34630 34631 34632 34432 34433 34434 34435 34235 34236 34237 34037 34038 34039 33839 33840 33640 33641 33441 33442 33242 33042 33043 32843 32844 32644 32645 32445 32446 32246 32247 32047 32048 31848 31849 31649 31650 31450 31451 31452 31252 31253 31254 31054 31055 31056 31057 31058 31059 31060 30860 30861 30862 30662 30663 30463 30464 30465 30265 30065 30066 29866 29867 29667 29668 29468 29268 29269 29069 28869 28870 28670 28470 28471 28271 28071 28072 27872 27672 27472 27272 27273 27073 26873 26673 26473 26273 26073 26074 25874 25875 25876 25877 25878 25879 25880 25881 25882 25883 25884 25885 25886 25887 25888 25889 25890 25891 25892 25893 25894 25895 25896 25897 25898 25899 25900 25901 25902 25903 25904 25905 25906 25907 25908 25909 25910 25911 25912 25913 25914 25915 25715 25515 25315 25115 24915 24715 24515 24315 24115 23915 23715 23515 23315 23115 22915 22715 22515 22315 22316 22116 22117 21917 21717 21718 21719 21519 21520 21320 21321 21322 21122 21123 20923 20723 20724 20524 20324 20124 19924 19724 19524 19324 19124 18924 18724 18524 18324 18124 17924 17724 17524 17324 17124 16924 16724 16524 16324 16325 
Label: 5297
[214,771088,]
37425 37424 37423 37422 37421 37221 37021 36821 36621 36421 36221 36021 35821 35621 35421 35221 35222 35223 35224 35024 35025 35026 35027 34827 34828 34829 34830 34630 34631 34632 34432 34433 34434 34435 34235 34236 34237 34037 34038 34039 33839 33840 33640 33641 33441 33442 33242 33042 33043 32843 32844 32644 32645 32445 32446 32246 32247 32047 32048 31848 31849 31649 31650 31450 31451 31452 31252 31253 31254 31054 31055 31056 31057 31058 31059 31060 30860 30861 30862 30662 30663 30463 30464 30465 30265 30065 30066 29866 29867 29667 29668 29468 29268 29269 29069 28869 28870 28670 28470 28471 28271 28071 28072 27872 27672 27472 27272 27273 27073 26873 26673 26473 26273 26073 26074 25874 25875 25876 25877 25878 25879 25880 25881 25882 25883 25884 25885 25886 25887 25888 25889 25890 25891 25892 25893 25894 25895 25896 25897 25898 25899 25900 25901 25902 25903 25904 25905 25906 25907 25908 25909 25910 25911 25912 25913 25914 25915 25715 25515 25315 25115 24915 24715 24515 24315 24115 23915 23715 23515 23315 23115 22915 22715 22515 22315 22316 22116 22117 21917 21717 21718 21719 21519 21520 21320 21321 21322 21122 21123 20923 20723 20724 20524 20324 20124 19924 19724 19524 19324 19124 18924 18724 18524 18324 18124 17924 17724 17524 17324 17124 16924 16724 16524 16324 16325 
Label: 6777
[218,771054,]
37425 37424 37423 37422 37421 37420 37220 37020 36820 36620 36420 36220 36020 35820 35620 35420 35421 35221 35222 35223 35224 35024 35025 35026 35027 34827 34828 34829 34830 34630 34631 34632 34432 34433 34434 34435 34235 34236 34237 34037 34038 34039 33839 33840 33640 33641 33441 33442 33242 33042 33043 32843 32844 32644 32645 32445 32446 32246 32247 32047 32048 31848 31849 31649 31650 31450 31451 31452 31252 31253 31254 31054 31055 31056 31057 31058 31059 31060 30860 30861 30862 30662 30663 30463 30464 30465 30265 30065 30066 29866 29867 29667 29668 29468 29268 29269 29069 28869 28870 28670 28470 28471 28271 28071 28072 27872 27672 27472 27272 27273 27073 26873 26673 26473 26273 26073 26074 25874 25674 25675 25676 25677 25678 25679 25879 25880 25881 25882 25883 25884 25885 25886 25887 25888 25889 25890 25891 25892 25893 25894 25895 25896 25897 25898 25899 25900 25901 25902 25903 25904 25905 25906 25907 25908 25909 25910 25911 25912 25913 25914 25915 25715 25515 25315 25115 24915 24715 24515 24315 24115 23915 23715 23515 23315 23115 22915 22715 22515 22315 22316 22116 22117 21917 21717 21718 21719 21519 21520 21320 21321 21322 21122 21123 20923 20723 20724 20524 20324 20124 19924 19724 19524 19324 19124 18924 18724 18524 18324 18124 17924 17724 17524 17324 17124 16924 16724 16524 16324 16325 
