0.1  0.1   3.6239548576417033   5.4180431900318084e-24   1.8316657347956264e-23   0.0   0.0
0.09779297746271706  0.09886125555072488   3.617929844760178   0.024834829173621727   -0.06025012881525454   0.2483482917362173   -0.6025012881525454
0.09441779947196698  0.09717089733669054   3.6058964199246155   0.037748029565789626   -0.12033424835562044   0.12913200392167898   -0.6008411954036591
0.09052050731039087  0.09530589700905996   3.587923287823875   0.04320545383946861   -0.17973132100740677   0.0545742427367898   -0.5939707265178634
0.08650604712083933  0.09350105048454281   3.5641025390799164   0.044015181006734364   -0.2382074874395874   0.008097271672657643   -0.5847616643218062
0.08259997326669445  0.09188171397897298   3.5345949453764134   0.04228435132800953   -0.2950759370350304   -0.017308296787248472   -0.5686844959544297
0.07891770567090456  0.09050397365387912   3.4996226518310407   0.03931572592537738   -0.34972293545372707   -0.029686254026321416   -0.546469984186967
0.07544518987489339  0.08936135815200622   3.4594791561992704   0.03655671776659863   -0.4014349563177016   -0.02759008158778762   -0.5171202086397451
0.07206468848191304  0.08841503097734599   3.4145428689647876   0.035104593416592195   -0.44936287234482675   -0.014521243500064264   -0.4792791602712512
0.06866381727160446  0.08764138981343775   3.3652694082460273   0.03487756533876607   -0.49273460718760226   -0.002270280778261183   -0.43371734842775583
0.0651111341199795  0.08702938040136857   3.312185126694872   0.036050122186063474   -0.530842815511554   0.01172556847297401   -0.3810820832395173
0.061357430514399305  0.08659851008970015   3.2558778609450783   0.03778351490269666   -0.5630726574979353   0.017333927166331854   -0.32229841986381375
0.057634023027030544  0.08639210957888606   3.1969692107639407   0.03729123823079369   -0.589086501811374   -0.004922766719029701   -0.26013844313438683
0.0535727893592587  0.0864148781609599   3.135986390716087   0.040612974912672   -0.6098282004785418   0.033217366818783   -0.20741698667167716
0.04949892933098812  0.08669371061639161   3.073254943126465   0.04083391123581335   -0.6273144758962192   0.002209363231413537   -0.17486275417677483
0.045505273414305956  0.08722608088486342   3.009069952167592   0.040289832071632156   -0.6418499095887259   -0.005440791641811899   -0.14535433692506652
0.04167966728715164  0.08799409429512602   2.943470269775377   0.039019362934912   -0.6559968239221535   -0.01270469136720163   -0.14146914333427707
0.038206059769590725  0.08893687563205806   2.8765645380775946   0.03599275737606536   -0.6690573169778237   -0.030266055588466286   -0.13060493055670058
0.03517968759549806  0.08998363227904727   2.808594381409426   0.032022848115272985   -0.679701566681686   -0.039699092607923786   -0.10644249703862327
0.032673189221011756  0.0910482847292552   2.7399279419220353   0.02723236849970318   -0.6866643948739071   -0.047904796155698   -0.0696282819222099
0.030633412353049293  0.09208601313805079   2.6709727162233263   0.022885737745364853   -0.6895522569870913   -0.043466307543383285   -0.028878621131844234
0.028943598124121613  0.09309763847215058   2.6021585299041767   0.01969481643701956   -0.688141863191495   -0.03190921308345294   0.014103937955964032
0.027437082641533887  0.09414539199485236   2.5339057372072396   0.018350412375776448   -0.6825279269693701   -0.01344404061243113   0.056139362221248955
0.02593126789085409  0.09535059121626198   2.4666300811674944   0.019287258039055868   -0.6727565603974516   0.009368456632794208   0.09771366571918515
0.024331440174790553  0.09681401092453149   2.400695613289165   0.02168189558972337   -0.6593446787832921   0.023946375506675013   0.13411881614159502
0.022598310734036033  0.09861705796348026   2.3364249765266654   0.025009430787349008   -0.6427063676249959   0.033275351976256376   0.1663831115829628
0.020869675420165705  0.10065594758162416   2.274030251402026   0.026730602169301267   -0.6239472512463956   0.017211713819522592   0.1875911637860022
0.01900611003848178  0.10314410322410861   2.2136408577081053   0.03108664413061971   -0.6038939369392091   0.04356041961318441   0.20053314307186434
0.017099187648176  0.10602580162933238   2.1553773332256023   0.0345550845771194   -0.5826352448250296   0.034684404464996994   0.21258692114179503
0.015207526747196592  0.10926476770149889   2.0993921475341915   0.03750904181786037   -0.5598518569141094   0.029539572407409627   0.22783387910920092
0.013498165405787733  0.11258797134724544   2.0458749460120202   0.037370574877309784   -0.5351720152217103   -0.0013846694055059117   0.24679841692399254
0.011799711949895727  0.11634844157586628   1.9950297358946711   0.041262429014995446   -0.5084521011734898   0.03891854137685665   0.26719914048220544
0.010134736312014041  0.12056269183644061   1.9470561218580384   0.0453123042158422   -0.4797361403663287   0.04049875200846759   0.2871596080716105
0.008564658947025882  0.12512671573557985   1.9021263789967513   0.04826536758791143   -0.44929742861287314   0.029530633720692305   0.304387117534556
0.007135635769010079  0.12992294256541417   1.8603689137990618   0.05004587799862168   -0.4175746519768955   0.01780510410710254   0.31722776635977645
0.005877838231009352  0.13482747275144255   1.8218421918575771   0.05063247079914655   -0.38526721941484343   0.005865928005248692   0.3230743256205206
0.0047816829121861025  0.13982949312757487   1.7865285848165602   0.05120719121981508   -0.35313607041017137   0.005747204206685279   0.3213114900467205
0.003838828866374447  0.14490888362292703   1.7543308553428532   0.051661573297739904   -0.3219772947370688   0.004543820779248229   0.311587756731025
0.0030564226447994084  0.14993992636001224   1.7250762057433917   0.05091517506395996   -0.2925464959946158   -0.0074639823377994075   0.2943079874245302
0.0024211928728362074  0.15488678550697074   1.6985081523830257   0.04987477547120968   -0.2656805336036601   -0.010403995927502864   0.26865962390955744
0.0018992698344592377  0.1599137891881086   1.6742495504159478   0.05054025095719463   -0.24258601967077906   0.006654754859849501   0.23094513932881036
0.001494257619478266  0.16490561842402435   1.6517540223184985   0.05008232623873113   -0.2249552809744936   -0.004579247184635079   0.17630738696285445
0.0011971118021116695  0.169889185597032   1.6303509436167785   0.04992417991780944   -0.2140307870172005   -0.001581463209216804   0.10924493957293128
0.001004529396801728  0.17488474491803271   1.6093279656557569   0.0499927003796274   -0.2102297796102144   0.000685204618179587   0.03801007406986059
0.0009180999457886851  0.17989746438106108   1.5880366468204208   0.050134645171802716   -0.21291318835335965   0.00141944792175318   -0.02683408743145227
0.0009428949134109334  0.18494068277925996   1.5658798695077867   0.050432793500212764   -0.2215677731263418   0.0029814832841004698   -0.08654584772982157
0.0010861994007276173  0.18998692531439831   1.5424057011379921   0.050482769238151586   -0.23474168369794643   0.0004997573793882275   -0.13173910571604605
0.0013559547789811109  0.19502581732870833   1.5173127202765995   0.0504610747962959   -0.2509298086139264   -0.0002169444185568246   -0.16188124915979982
0.0017621099662008522  0.2000723059833894   1.4904866986848961   0.05062806511998112   -0.2682602159170323   0.0016699032368522016   -0.17330407303105863
0.00230708973223769  0.2050633280366325   1.4620351930228446   0.05020687610412392   -0.2845150566205186   -0.004211890158572066   -0.16254840703486326
0.002985370542118317  0.20992569260931487   1.4321946499910443   0.049094453958394374   -0.2984054303180024   -0.011124221457295478   -0.13890373697483777
0.003780391611583917  0.21457190965629422   1.4013261091642986   0.04713744938850206   -0.30868540826745583   -0.019570045698923066   -0.10279977949453502
0.004674050036280284  0.21895299289304163   1.3695756791769604   0.04471299107344511   -0.31750429987338136   -0.024244583150569543   -0.08818891605925507
0.00566230624274145  0.22310506110771883   1.3371286954927164   0.042680581988700034   -0.32446983684244124   -0.020324090847450824   -0.06965536969059856
0.006764847709502955  0.22714213673943776   1.3041936734621338   0.041849226208076455   -0.3293502203058265   -0.008313557806235713   -0.048803834633852676
0.008022680028190173  0.2312112502723591   1.2709964074276574   0.0425908758840875   -0.3319726603447627   0.007416496760110431   -0.026224400389362038
0.009483480845905883  0.2354344169633392   1.2377771502135515   0.04468677201235595   -0.3321925721410576   0.020958961282684575   -0.00219911796294898
0.011171031328428227  0.2398374186897778   1.2047926528161823   0.04715320862261939   -0.3298449739736929   0.02466436610263435   0.02347598167364708
0.01306601708214334  0.2443384562572771   1.1723093522607848   0.04883677936844657   -0.32483300555397554   0.016835707458271724   0.05011968419717329
0.015096893428568776  0.2487642884517506   1.1405916212612104   0.04869543032781299   -0.31717730999574234   -0.0014134904063356861   0.07655695558233178
0.01714669237094719  0.25289233841812514   1.1099094676983492   0.04608955654924447   -0.3068215356286136   -0.026058737785685272   0.10355774367128823
0.019105585571690228  0.2565620859927453   1.080479577998133   0.04159844929002552   -0.2942988970021607   -0.044911072592189544   0.12522638626452817
0.020888704844050275  0.25968876663516866   1.0525078385823636   0.03599395251867533   -0.27971739415769376   -0.05604496771350188   0.14581502844466981
0.02247784437575468  0.2623121643019037   1.0261550365577177   0.030671778182975312   -0.26352802024645966   -0.05322174335700012   0.16189373911234112
0.023925370783434236  0.2645742895922281   1.0015564538796775   0.026856179047018428   -0.24598582678040237   -0.03815599135956886   0.17542193466057307
0.02533023945174446  0.26666362163858737   0.9788343952392496   0.025177300044173612   -0.22722058640427892   -0.016788790028448124   0.1876524037612342
0.026787505005058453  0.26873683842222185   0.958126227662711   0.025341370769591896   -0.207081675765386   0.001640707254182789   0.20138910638892915
0.028374656238210515  0.2709079478539498   0.9395454375947035   0.02689380077533503   -0.18580790068007536   0.01552430005743138   0.21273775085310662
0.030135861837218274  0.27323635816008773   0.9232128659265769   0.02919475931688053   -0.1633257166812667   0.02300958541545497   0.2248218399880867
0.032080458041887576  0.2757337794003066   0.9092151220421945   0.031652120387598584   -0.1399774388438237   0.024573610707180542   0.23348277837442966
0.034196022457757186  0.27838691677296556   0.8976536665291615   0.0339333916900356   -0.11561455513033037   0.022812713024370167   0.24362883713493338
0.03645499055881944  0.2811677181801724   0.8885735809131465   0.03582707544293849   -0.0908008561601489   0.01893683752902893   0.2481369897018146
0.03883508308337353  0.28405853212286586   0.8819910468620537   0.0374454879480952   -0.06582534051092849   0.01618412505156706   0.24975515649220414
0.04132506491396818  0.2870574522216836   0.87785513627751   0.03897888053264775   -0.04135910584543635   0.015333925845525542   0.24466234665492137
0.043916170539302704  0.2901669016351246   0.8760774518015506   0.04047530607220816   -0.01777684475959388   0.0149642553956041   0.2358226108584247
0.0465874171816023  0.2933754999927598   0.8765337626087126   0.04175004436478573   0.004563108071619652   0.012747382925775645   0.2233995283121353
0.04930263549862095  0.29665357850326374   0.8790384584946122   0.042565489812876924   0.025046958858995723   0.008154454480911911   0.20483850787376073
0.05201182013526742  0.299953288498438   0.8833588091625244   0.042693989562576876   0.04320350667912238   0.0012849974969995682   0.1815654782012666
0.05465679395837346  0.3032135996447233   0.8892245898252217   0.04198275276289984   0.05865780662697209   -0.007112367996770347   0.15454299947849715
0.05718522385216648  0.30637615824389824   0.8963672247176351   0.04049041197745717   0.07142634892413446   -0.01492340785442667   0.12768542297162372
0.05955756797047409  0.30939359965780233   0.9045203567056526   0.03838355025530085   0.0815313198801741   -0.02106861722156316   0.10104970956039641
0.06175365233777308  0.31223839748034954   0.9133851774080968   0.035938365571439715   0.0886482070244428   -0.02445184683861139   0.07116887144268712
0.06377247938995691  0.31490464898486875   0.9227170869095251   0.033443324822720784   0.09331909501428244   -0.02495040748718937   0.04670887989839624
0.06563486640903804  0.3174135537635989   0.9322345201924201   0.031245941492579612   0.09517433282895028   -0.021973833301411685   0.018552378146678376
0.06736424995834962  0.319790095120377   0.9417276792322437   0.02939169318209851   0.09493159039823514   -0.018542483104811044   -0.0024274243071512823
0.0689980993639047  0.32207943545563356   0.9509500640529589   0.028125687637220828   0.09222384820715443   -0.01266005544877685   -0.02707742191080725
0.07056645194809434  0.3243181047438397   0.9596855051640211   0.027333806925292893   0.08735441111062016   -0.007918807119279348   -0.048694370965342626
0.07211236709433907  0.3265630913260903   0.9677571613120154   0.02725769321471262   0.08071656147994385   -0.0007611371058026902   -0.06637849630676314
0.07367979091230453  0.32887463776419906   0.9749306666433039   0.027928595311362936   0.07173505331288493   0.006709020966503135   -0.08981508167058912
0.07530791045753511  0.33130764035295385   0.9810549254783596   0.02927503176847023   0.06124258835055662   0.01346436457107295   -0.10492464962328314
0.07702488631567773  0.333900685181331   0.9859295206934944   0.031099658485935138   0.04874595215134731   0.018246267174649115   -0.12496636199209314
0.07883210134675184  0.33665056623501505   0.9893779615460223   0.03290573198995999   0.03448440852528038   0.018060735040248466   -0.14261543626066928
0.08073658294941559  0.3395601948307474   0.991232959635762   0.03477497482384134   0.018549980897396283   0.01869242833881359   -0.15934427627884096
0.08273555905808186  0.34261488046762767   0.9913365081158168   0.036506177317245175   0.0010354848005484218   0.01731202493403827   -0.17514496096847862
0.08481610812353713  0.34578180291138594   0.9895421641389447   0.037892060089874356   -0.01794343976872122   0.013858827726291824   -0.1897892456926964
0.08696111169225516  0.3490197780899213   0.9857171544893061   0.038840086980623426   -0.038250096496386186   0.00948026890749069   -0.2030665672766497
0.08915434707783486  0.352288011031435   0.9797467481826604   0.03935940550434427   -0.05970406306645578   0.005193185237208506   -0.21453966570069594
0.09138245538218553  0.3555500034582852   0.9715360977002003   0.03950324190334843   -0.08210650482460236   0.001438363990041584   -0.2240244175814658
0.09363437778872924  0.358773498810645   0.9610129641988325   0.039321847377481456   -0.10523133501367789   -0.0018139452586697585   -0.23124830189075535
0.09589867461848231  0.36192736093718736   0.94812855938972   0.038825103279280036   -0.12884404809112604   -0.004967440982014233   -0.23612713077448158
0.09816135595016484  0.36497948430035426   0.9328564248250459   0.037993662409320415   -0.15272134564674028   -0.008314408699596126   -0.2387729755561424
0.10040699272465874  0.36789947546554   0.9152104985479919   0.03683643974072731   -0.17645926277053905   -0.011572226685931145   -0.2373791712379879
0.10262324619840563  0.3706648686197687   0.8951874679257217   0.03543893163930046   -0.20023030622270277   -0.0139750810142685   -0.2377104345216368
0.10480682272784592  0.3732679331632178   0.8728120722759561   0.03397639103448792   -0.22375395649765556   -0.014625406048125343   -0.23523650274952765
0.1069640944626293  0.3757145158497965   0.8481566687675707   0.03261838159682636   -0.2465540350838544   -0.013580094376615622   -0.22800078586198894
0.10910026846179499  0.3780096272015203   0.8212498943542741   0.031354067473811156   -0.2690677441329666   -0.012643141230152038   -0.22513709049112138
0.11123732502918532  0.3801757849173889   0.7921607141194369   0.030429015794539317   -0.2908918023483715   -0.00925051679271836   -0.21824058215404915
0.11341670906276938  0.3822514134930596   0.7610187054113384   0.03009642628283573   -0.3114200870809838   -0.0033258951170359132   -0.2052828473261235
0.115679327093458  0.3842676668435172   0.7278846379298445   0.03030629955311116   -0.33134067481494045   0.0020987327027542765   -0.1992058773395663
0.11807060634344668  0.3862528444462579   0.6928707885170664   0.03107916756582998   -0.3501384941277805   0.0077286801271882755   -0.18797819312840014
0.12063004329853624  0.38822352956170775   0.6561587663915428   0.032302193967800215   -0.3671202212552361   0.0122302640197023   -0.16981727127455618
0.12339225391949166  0.3901864995762905   0.6178391228728155   0.03388666226211976   -0.38319643518727314   0.015844682943195486   -0.1607621393203709
0.1263816991062062  0.39213690990133254   0.5780831333712276   0.03569437345072957   -0.3975598950158783   0.018077111886098108   -0.143634598286051
0.1295922899740339  0.3940485939737929   0.5370528791038914   0.03736633473258693   -0.410302542673362   0.01671961281857354   -0.12742647657483785
0.13301752409074674  0.39589720346119595   0.49490336871153634   0.03892246882099062   -0.4214951039235513   0.01556134088403689   -0.11192561250189202
0.13664438802779283  0.39765756638898575   0.45187346792558675   0.04031503398904989   -0.43029900785949576   0.013925651680592737   -0.08803903935944468
0.1404542037552954  0.3993048035974863   0.40809367115763745   0.04150672993454737   -0.4377979676794934   0.011916959454974799   -0.07498959819997668
0.14442503838496856  0.4008165769262032   0.36377538733103715   0.042488805882998776   -0.4431828382660024   0.00982075948451406   -0.053848705865089816
0.14851353305109202  0.40216742028486974   0.3191092763524918   0.04305875801108671   -0.4466611097854533   0.0056995212808793605   -0.034782715194509484
0.15270364751343377  0.4033464128498962   0.2742830872261521   0.04352824677828559   -0.4482618912633974   0.004694887671988771   -0.016007814779440018
0.1569849138197042  0.4043465009875593   0.22948134506776782   0.04396523338764488   -0.4480174215838426   0.0043698660935928895   0.0024446967955476483
0.16135356512812804  0.4051635279937145   0.184884618203701   0.044443950525780325   -0.4459672686406684   0.004787171381354472   0.02050152943174172
0.16580809850786604  0.405794304473419   0.1406680411766946   0.044989717268002875   -0.4421657702700638   0.005457667422225539   0.03801498370604608
0.1703326838238562  0.4062345724477968   0.09700033047421006   0.045459551439644426   -0.4366771070248455   0.004698341716415413   0.054886632452182595
0.17488376498768357  0.40648069943082965   0.05402835958922249   0.04557731700256307   -0.4297197088498757   0.0011776556291865135   0.06957398174969777
0.17939116321983156  0.40653457517232916   0.01195216691317999   0.04507720201908395   -0.4207619267604249   -0.00500114983479117   0.08957782089450833
0.18377587831409767  0.4064067814281251   -0.029137030617878614   0.0438657699111079   -0.4108919753105861   -0.012114321079760515   0.09869951449838849
0.18798631438766297  0.4061154066728745   -0.06909283165005588   0.04220506033353988   -0.39955801032177257   -0.016607095775680304   0.1133396498881352
0.192000755155773  0.40568095938495485   -0.10780157873326815   0.04037880524067581   -0.38708747083212275   -0.018262550928640642   0.1247053948964984
0.19587146894218532  0.40511508992369044   -0.14516420180760092   0.03911858057690002   -0.3736262307433279   -0.012602246637757913   0.13461240088794796
0.19963577819599707  0.40442582588748927   -0.18109890600917355   0.03826892874112486   -0.35934704201572654   -0.0084965183577516   0.14279188727601394
0.20331435474425028  0.40362042102717255   -0.21554350648977438   0.037657140638105255   -0.3444460048060081   -0.006117881030196039   0.14901037209718376
0.20691005280761576  0.4027081909880827   -0.24845834933897945   0.03709610250027396   -0.3291484284920505   -0.005610381378312969   0.1529757631395762
0.21041615602809263  0.4017006466552876   -0.2798285446747653   0.03648000188484887   -0.31370195335785916   -0.00616100615425079   0.15446475134191362
0.21382543772958773  0.4006098166067747   -0.309665668592794   0.03579540740777783   -0.2983712391802864   -0.006845944770710469   0.1533071417757276
0.21713474431140697  0.3994466012869927   -0.3380088982233298   0.03507788467488803   -0.28343229630535827   -0.007175227328897958   0.14938942874928182
0.2203446860522739  0.3982202868292772   -0.36492521826861457   0.03436214942194673   -0.26916320045284675   -0.007157352529413116   0.14269095852511487
0.22345513724294325  0.39693986991158575   -0.390508876231258   0.03363684600649567   -0.25583657962643536   -0.007253034154510541   0.13326620826411384
0.22645883551846785  0.39561690448934317   -0.4148800632197266   0.03282139673877232   -0.24371186988468593   -0.008154492677233562   0.1212470974174941
0.2293418738449736  0.39426602089219964   -0.4381828119465092   0.03183833614549064   -0.23302748726782557   -0.009830605932816787   0.10684382616860358
0.23209301543450606  0.39290104212051474   -0.460562830945197   0.0307114752052154   -0.22380018998687812   -0.011268609402752353   0.09227297280947463
0.2347125242182184  0.3915298821402842   -0.48222457580812617   0.029566714324273012   -0.2166174486292913   -0.011447608809423861   0.07182741357586807
0.23722002707136547  0.39014913032094706   -0.5033406984041867   0.028625244357286788   -0.21116122596060577   -0.009414699669862244   0.05456222668685505
0.23965441606904142  0.38874198314731107   -0.5241075927176734   0.028118166654811035   -0.20766894313486725   -0.005070777024757526   0.034922828257385755
0.24205479198809038  0.38728768210167425   -0.5447200179324871   0.028065630376121073   -0.20612425214813665   -0.0005253627868996428   0.01544690986730582
0.24447470137473482  0.38575237934831824   -0.5653633977806588   0.028658534477590317   -0.20643379848171725   0.005929041014692443   -0.0030954633358062375
0.24696978332327255  0.3840954378118135   -0.5862117862480452   0.029951442678631826   -0.20848388467386322   0.012929082010415118   -0.02050086192145967
0.24958182627338266  0.38227997806682756   -0.6073855771719401   0.031809845109468916   -0.21173790923894897   0.01858402430837086   -0.03254024565085767
0.25232955500955956  0.38028062767397547   -0.6290348081563315   0.03398148790298975   -0.21649230984391504   0.02171642793520843   -0.04754400604966028
0.25520842654467385  0.37808633933313   -0.6512662323709396   0.03619779363229426   -0.22231424214608006   0.022163057293044984   -0.05821932302165012
0.25819457405335633  0.37570041851205754   -0.6741286324328322   0.038222630872348215   -0.2286240006189261   0.02024837240053962   -0.0630975847284607
0.26125129441459194  0.373137754905001   -0.6977035657999869   0.039888324268793775   -0.23574933367154707   0.016656933964455545   -0.07125333052620977
0.2643410842552521  0.37041670830804857   -0.722025277913056   0.04117146565551569   -0.24321712113069244   0.01283141386721921   -0.07467787459145346
0.2674268508668184  0.3675588653817721   -0.747069255973976   0.04205855652816144   -0.25043978060919964   0.008870908726457526   -0.07222659478507203
0.2704824750832783  0.3645789900662333   -0.7728482619916455   0.04268078753768912   -0.25779006017669354   0.006222310095276748   -0.07350279567493873
0.2734899410116883  0.36148655893989295   -0.7993262187307123   0.04313696973792412   -0.26477956739066894   0.004561822002350035   -0.0698950721397541
0.27642942627649747  0.35829551041789787   -0.826409633516296   0.04338590127190783   -0.27083414785583687   0.002489315339836989   -0.06054580465167959
0.27929238291116715  0.3550097721838521   -0.8540496748936942   0.043580496136080504   -0.27640041377398256   0.0019459486417268048   -0.05566265918145686
0.2820741497467551  0.3516302275140113   -0.8821166471654506   0.04377162197477582   -0.2806697227175631   0.0019112583869531734   -0.04269308943580509
0.2847622396783014  0.34816857935232576   -0.9105281550690044   0.043827885501563024   -0.2841150790355381   0.0005626352678720477   -0.03445356317975051
0.28735490945753195  0.3446251316417126   -0.9391234919006488   0.043906671773188646   -0.28595336831644363   0.0007878627162561963   -0.018382892809055112
0.2898395233842785  0.34101665771690187   -0.9677964820661821   0.04381140311724952   -0.2867299016553332   -0.0009526865593912668   -0.007765333388895305
0.2922126577983864  0.3373500926358336   -0.996366331106215   0.043675469592360724   -0.28569849040032935   -0.0013593352488879902   0.010314112550038175
0.29445783033515993  0.3336560301556726   -1.0246768084211506   0.04322834408951568   -0.2831047731493567   -0.004471255028450427   0.025937172509726557
0.2965691700501689  0.32995299854222493   -1.0526031278128145   0.04262651583506054   -0.27926319391663773   -0.006018282544551408   0.038415792327188975
0.2985283904928723  0.3262873164644498   -1.079949517156445   0.04156413097663548   -0.2734638934363058   -0.010623848584250565   0.057993004803320126
0.30032153019166147  0.3227064050831771   -1.106549271879497   0.04004781679430483   -0.2659975472305194   -0.015163141823306513   0.07466346205786367
0.30195812283438256  0.31921700308286305   -1.1322399988140155   0.03854135674571455   -0.25690726934518593   -0.015064600485902817   0.09090277885333446
0.30344288287768745  0.3158369909347093   -1.1568957293533055   0.0369174680982619   -0.24655730539289866   -0.01623888647452643   0.10349963952287293
0.30478890069592013  0.31256686755891433   -1.1803209576797897   0.035363075177252436   -0.2342522832648415   -0.015543929210094662   0.12305022128057208
0.30601895379172317  0.3093807624693671   -1.202357720399216   0.03415303245706518   -0.2203676271942646   -0.012100427201872618   0.1388465607057687
0.30717244115645004  0.30620009329660447   -1.2228918518726486   0.03383369546346829   -0.20534131473432732   -0.003193369935968849   0.15026312459937288
0.30826858491484127  0.3029900558194506   -1.2417373135228535   0.0339203062247266   -0.1884546165020483   0.0008661076125831765   0.16886698232279002
0.3093183254499794  0.2997358351886206   -1.258756447313107   0.03419343080948702   -0.17019133790253396   0.002731245847604169   0.18263278599514332
0.31033951849923813  0.29639888894808675   -1.2738200993962514   0.03489705640318008   -0.15063652083144455   0.007036255936930543   0.19554817071089417
0.3113422857529415  0.2929633369016981   -1.2868060708328823   0.03578904864416613   -0.129859714366307   0.008919922409860542   0.20776806465137573
0.3123299080316085  0.28943869333899785   -1.2975976612438984   0.03660397520680485   -0.10791590411016078   0.008149265626387191   0.219438102561462
0.31330312236213465  0.2858485129911656   -1.3060811995042179   0.037197501344985825   -0.08483538260319526   0.005935261381809675   0.23080521506965512
0.31426353997525575  0.28221852185131285   -1.3121444792118924   0.03754895160587411   -0.060632797076744994   0.003514502608882888   0.24202585526450274
0.31521527570364255  0.27856926869440973   -1.3156763746658666   0.03771319331461554   -0.03531895453974386   0.0016424170874143212   0.2531384253700113
0.31616502848793715  0.27491430243774856   -1.316566263105813   0.03776348592040658   -0.008898884399463678   0.0005029260579102991   0.26420070140280183
0.31712122432959877  0.2712625063007321   -1.3147031048764857   0.03774907351702676   0.018631582293275568   -0.0001441240337980558   0.27530466692739247
0.31809271073532736  0.2676225879417281   -1.3099781068876621   0.037673321457935775   0.047249979888233117   -0.00075752059090991   0.28618397594957545
0.31908741664871515  0.26400752025530705   -1.3022855142560246   0.037494205194315594   0.0769259263163756   -0.0017911626362018126   0.2967594642814247
0.32011133344192444  0.26043696151938683   -1.2915240947333004   0.03714471064104915   0.10761419522724165   -0.003494945532664449   0.30688268910866073
0.3211682316728537  0.25693601244909425   -1.2776073502549499   0.036570040009991533   0.13916744478350496   -0.0057467063105761974   0.315532495562633
0.32226072168559455  0.2535297734853694   -1.2604294703732386   0.035771494665355334   0.17177879881711466   -0.007985453446361914   0.326113540336097
0.32339196872207837  0.2502363953741518   -1.2399315463240692   0.034822491641180016   0.20497924049169278   -0.009490030241753216   0.33200441674578135
0.3245654329077886  0.24706840375730782   -1.216053491374009   0.033783411727560234   0.23878054950060035   -0.010390799136197854   0.3380130900890755
0.325772853844614  0.2440633856247679   -1.1887378566767257   0.0323851807090497   0.2731563469728339   -0.013982310185105339   0.3437579747223354
0.32702070046507753  0.24121437353177044   -1.1579723793229013   0.031103040195852198   0.30765477353824433   -0.012821405131975012   0.34498426565410434
0.32831721692339116  0.23851007075856395   -1.1237419496754275   0.029990345806359713   0.3423042964747384   -0.011126943894924817   0.34649522936494076
0.3296586137408864  0.2359629874931731   -1.0860642763117596   0.028787112711803217   0.37677673363667896   -0.012032330945564974   0.3447243716194055
0.33105781898522624  0.2335520028361748   -1.044953685414635   0.02787583600911233   0.41110590897124505   -0.009112767026908847   0.34329175334566114
0.3325350820771525  0.23124894184563766   -1.0004660363211255   0.027361279518511833   0.4448764909350949   -0.005145564906004957   0.33770581963849805
0.33411701596840326  0.22902437535793885   -0.9526461464010983   0.027296906224846252   0.47819889920027264   -0.0006437329366558467   0.3332240826517772
0.3358339469171857  0.2268537394233781   -0.901579256357665   0.027675823823859875   0.5106689004343339   0.003789175990136232   0.3247000123406128
0.3377344758384784  0.22470188077618602   -0.8473389863602877   0.028709764572641624   0.5424026999737726   0.010339407487817486   0.31733799539438673
0.3398741680610192  0.22254220797210203   -0.7900454630745773   0.030401429946471655   0.572935232857103   0.016916653738300324   0.30532532883330554
0.34230469473797226  0.2203679488523149   -0.7298030740854535   0.03261113712730319   0.6024238898912386   0.022097071808315286   0.29488657034135535
0.3450678415152832  0.21819344924613246   -0.6667420358238918   0.035161667551826065   0.6306103826156175   0.025505304245228757   0.28186492724378803
0.34816499845273496  0.2160699219853546   -0.601021595215973   0.037552295698761666   0.6572044060791872   0.023906281469356073   0.26594023463569655
0.35158097704142827  0.21405547658728483   -0.5328208472930439   0.03965715569757292   0.6820074792292913   0.021048599988112576   0.2480307315010411
0.35527546632203855  0.21221426011357597   -0.46234142573052106   0.0412787223004799   0.7047942156252288   0.01621566602906978   0.22786736395937504
0.3591892866194422  0.2106063386673287   -0.389809034093792   0.04231241035165763   0.725323916367291   0.010336880511777247   0.20529700742062273
0.3632587770457218  0.2092781685378912   -0.3154728582487022   0.04280746222600802   0.7433617584508982   0.004950518743503922   0.180378420836072
0.367428593693144  0.208259490535624   -0.23960494741554322   0.042924440293872795   0.758679108331589   0.001169780678647777   0.1531734988069073
0.37165701399726986  0.20756627174717832   -0.16249720030980772   0.04284867624209433   0.7710774710573555   -0.0007576405177847031   0.12398362725766468
0.3759141338982867  0.20720586853014336   -0.08445754165459284   0.04272348339085043   0.7803965865521487   -0.0012519285124389765   0.09319115494793288
0.38017616599259685  0.2071811248489575   -0.005805541264853369   0.04262103919742941   0.7865200038973947   -0.0010244419342102023   0.06123417345246008
0.3844180651605161  0.20749189877862292   0.07313226444678404   0.042532680360110514   0.789378057116374   -0.0008835883731889225   0.028580532189793027
0.38860721144692434  0.20813368943797236   0.15202118994935748   0.042380233434180604   0.7888892550257346   -0.0015244692592991144   -0.004888020906394888
0.3927021282365758  0.20909496040919812   0.23057254394753837   0.04206231733308441   0.7855135399818087   -0.00317916101096197   -0.033757150439256985
0.39665661870316893  0.21035487568365258   0.30843582694959565   0.041503471359850844   0.7786328300205732   -0.005588459732335662   -0.06880709961235558
0.40042359854363463  0.21188264888243874   0.38529867379828203   0.04065000377048458   0.7686284684868636   -0.00853467589366257   -0.10004361533709528
0.40393690746999494  0.21362724830326   0.4608988429808894   0.039226224329105434   0.7560016918260735   -0.014237794413791506   -0.12626776660790245
0.40716849601041716  0.21554207739287226   0.5349123965398249   0.03756292711838843   0.7401355355893559   -0.01663297210717   -0.1586615623671774
0.41010890324082333  0.2175843395683732   0.6070594088090966   0.03580059981914621   0.7214701226927166   -0.01762327299242224   -0.186654128966392
0.41276421556739806  0.21971892205357016   0.6771091879205583   0.03406923236260178   0.7004977911146171   -0.017313674565444283   -0.20972331578099415
0.4151726970384195  0.2219392729306058   0.7447773127636517   0.03275780977630619   0.6766812484309332   -0.013114225862955903   -0.23816542683683942
0.41738705522049524  0.22426465669850149   0.8098496541809298   0.0321104217140143   0.6507234141727813   -0.006473880622918912   -0.25957834258151813
0.41946912671465625  0.22674298266849743   0.8720708143778068   0.03236838167155407   0.6222116019687693   0.002579599575397683   -0.2851181220401202
0.4214659183951194  0.22942737490630977   0.931241288659713   0.033456148465706576   0.5917047428190626   0.010877667941525025   -0.3050685914970668
0.42341282020948706  0.2323754621931747   0.987148291848496   0.03532937209428319   0.559070031887829   0.018732236285766125   -0.32634710931233585
0.4253074596293952  0.23560016285139518   1.0395892495109598   0.037401006492602626   0.5244095766246376   0.020716343983194472   -0.3466045526319143
0.4271429571576466  0.2391050391197662   1.0883703609947057   0.0395641363267385   0.4878111148374594   0.021631298341358685   -0.3659846178717819
0.42890159372722986  0.2428651019983846   1.133308925746898   0.04151008965906928   0.44938564752192195   0.019459533323307788   -0.38425467315537465
0.4305622990223454  0.24683098746844737   1.174233356486742   0.0429955691192475   0.40924430739843987   0.014854794601782108   -0.40141340123482144
0.43211051009151885  0.25094655742633315   1.210988139804744   0.04397143799441051   0.3675478331800225   0.009758688751630185   -0.41696474218417373
0.43354286611714643  0.2551646426592851   1.243438887094093   0.044546477769403084   0.32450747289348764   0.005750397749925779   -0.43040360286534796
0.4348652909840561  0.2594500596306376   1.271480095615905   0.04484819522230156   0.28041208521812083   0.003017174528984764   -0.4409538767536685
0.43608846052302436  0.2637727585753565   1.2950409377064644   0.04492423609560214   0.2356084209055955   0.0007604087330057707   -0.44803664312525326
0.4372304989683191  0.26812343095497676   1.3140908034736287   0.04498066469642485   0.19049865767164095   0.0005642860082271359   -0.45109763233954536
0.4383009919942682  0.2724573548922732   1.3286401760401205   0.04464174281194307   0.14549372566492066   -0.003389218844817784   -0.45004932006720316
0.43930527544106457  0.27670719396134613   1.3387424015324598   0.043668887499600635   0.10102225492339138   -0.009728553123424388   -0.4447147074152925
0.4402470719267288  0.28079744514463395   1.3444867625304278   0.041972771367633756   0.05744360997967973   -0.016961161319668804   -0.43578644943711664
0.4411319758707604  0.284667252993195   1.3459927150677413   0.03969693662607701   0.015059525373137574   -0.022758347415567426   -0.4238408460654216
0.44196960963237825  0.28828762240222466   1.3434300730550033   0.03716006589934919   -0.025626420127383254   -0.025368707267278197   -0.40685945500520826
0.44277548804045147  0.29167064246648366   1.3369419705506163   0.03477680946230867   -0.06488102504386893   -0.023832564370405266   -0.39254604916485686
0.44356928112223176  0.29485818579682394   1.3267310593019612   0.032848957273374106   -0.10210911248655082   -0.019278521889345597   -0.3722808744268187
0.44436215503459103  0.29786497425397224   1.3129707233795642   0.031095700453503454   -0.1376033592239677   -0.01753256819870653   -0.3549424673741686
0.4451800890265423  0.3007647329923256   1.2958694519733713   0.030129083550360737   -0.17101271406192978   -0.009666169031427186   -0.3340935483796213
0.44603991146893474  0.30359294473555926   1.2756589474673323   0.02956023730792167   -0.20210504506039131   -0.0056884624243906615   -0.3109233099846151
0.4469761517857142  0.3064348431211347   1.2525521690926278   0.02992145110902752   -0.23106778374704534   0.003612138011058528   -0.2896273868665402
0.44802340677738955  0.3093580957585815   1.2267909109982122   0.03105180993103058   -0.2576125809441549   0.011303588220030582   -0.26544797197109565
0.4491983150655177  0.3123677017791096   1.1986051894211076   0.03230810716261693   -0.2818572157710474   0.01256297231586357   -0.24244634826892536
0.45052251080724537  0.31547750645084915   1.1682371305888999   0.033799969613570395   -0.3036805883220759   0.014918624509534567   -0.2182337255102847
0.4519887958043242  0.3186340267886181   1.1359286555499275   0.034804615118410986   -0.3230847503897248   0.010046455048405923   -0.19404162067648859
0.4535621941178218  0.3217401232640402   1.1019211404084905   0.034818698378237374   -0.34007515141437106   0.0001408325982639216   -0.16990401024646337
0.4552471293911918  0.3247927480757531   1.066447433119012   0.03486764276020336   -0.3547370728947839   0.0004894438196598456   -0.14661921480412787
0.4569991622538175  0.32770852041143883   1.029729116415391   0.034016683355775575   -0.36718316703620874   -0.008509594044277792   -0.12446094141424907
0.4587847734586914  0.33044098031182206   0.9919777492019762   0.03264160609126524   -0.3775136721341484   -0.013750772645103392   -0.10330505097939635
0.4605919392160571  0.3329864089674486   0.9534135740666685   0.031217070835489993   -0.3856417513530772   -0.014245352557752526   -0.08128079218928752
0.4624348545310895  0.3353777725039567   0.9142067888341294   0.030190986108640645   -0.3920678523253906   -0.010260847268493464   -0.06426100972313449
0.4643496945593155  0.33766844650513733   0.8745283412683216   0.029855987194165476   -0.3967844756580791   -0.0033499891447516723   -0.04716623332688512
0.4663523036536088  0.33987819094467986   0.8345318919258362   0.029821827027590675   -0.3999644934248538   -0.0003416016657480252   -0.03180017766774687
0.4685373192863834  0.34210285359711695   0.7943888309341266   0.031182394444009182   -0.4014306099170968   0.013605674164185089   -0.014661164922429363
0.4709648832559054  0.3443835291117567   0.7542101096856453   0.033308478844279926   -0.40178721248481114   0.021260844002707443   -0.0035660256771441116
0.4736696229299807  0.3467279319224597   0.7141529998296434   0.03579363245515753   -0.4005710985600187   0.024851536108776016   0.012161139247924547
0.4766508339973429  0.34911077921459494   0.6743068621337052   0.03816487998906776   -0.3984613769593838   0.023712475339102247   0.021097216006349718
0.479893260175298  0.3514986868190071   0.6347771267535726   0.04026838741084306   -0.39529735380132497   0.021035074217753094   0.03164023158058773
0.4833502921798817  0.3538419693035628   0.5956917899874973   0.041763672112425605   -0.39085336766075435   0.014952847015825412   0.0444398614057062
0.48698449731049825  0.356105751742371   0.5570949267396628   0.04281606925169113   -0.3859686324783453   0.010523971392655254   0.048847351824090675
0.49076306143136605  0.3582646156627574   0.5190831524311011   0.0435180884716408   -0.38011774308561586   0.007020192199496726   0.058508893927294296
0.4946329408461952  0.3602875329638678   0.4816689114035966   0.04366710557439106   -0.37414241027504525   0.0014901710275026432   0.05975332810570593
0.4985741861134327  0.3621665536958603   0.44488183673286674   0.043662493249675596   -0.3678707467072984   -4.61232471547472e-05   0.06271663567746884
0.5025458984432786  0.36388698415442516   0.4087711207420216   0.04328322977067187   -0.36110715990845166   -0.0037926347900372488   0.06763586798846681
0.5065509107762319  0.3654556083594769   0.37330067304260295   0.04301244666812414   -0.3547044769941866   -0.0027078310254772344   0.06402682914265012
0.5106027160483816  0.3668819659159402   0.3384822567141324   0.04295535105466983   -0.34818416328470503   -0.0005709561345432299   0.06520313709481589
0.5146810494813605  0.3681627210330683   0.3042861897889704   0.04274709026425496   -0.3419606692516203   -0.002082607904148656   0.06223494033084769
0.5188137800213235  0.36930948695432475   0.27067394340410905   0.04288884912666509   -0.33612246384861294   0.0014175886241012885   0.05838205403007431
0.5230352951576983  0.3703318376445185   0.23760168382134264   0.043435458994214846   -0.3307225958276645   0.005466098675497594   0.05399868020948423
0.5273773584636541  0.37123474747165724   0.2050230643021438   0.04434947565515449   -0.3257861951919882   0.009140166609396464   0.049364006356762496
0.531858173199912  0.372017253526423   0.1728912681322228   0.04548627971862682   -0.32131796169921006   0.011368040634723358   0.044682334927781564
0.5364680677290441  0.37267234755498596   0.14116093314409162   0.04656208302468983   -0.31730334988131187   0.010758033060630048   0.0401461181789817
0.5411758216759166  0.37319129809194296   0.10978988143973868   0.04736270355891939   -0.31371051704352937   0.008006205342295637   0.035928328377825496
0.5459408578051743  0.3735672809147696   0.07874136412162602   0.047798464824921276   -0.3104851731811266   0.004357612660018809   0.03225343862402713
0.5506804580320517  0.3737948963816837   0.04798732231586563   0.047450626035274876   -0.30754041805760385   -0.0034783878964639667   0.02944755123522738
0.5552435684210033  0.37387481599674666   0.017512494322939182   0.045638102027395475   -0.3047482799292645   -0.018125240078793993   0.027921381283394116
0.5595023176010858  0.3738208045755935   -0.012681781276541421   0.04259091665187303   -0.301942755994806   -0.030471853755224536   0.028055239344584378
0.5634418887332157  0.3736529773822017   -0.04257462915989238   0.039431442621279185   -0.29892847883350965   -0.03159474030593838   0.030142771612964157
0.5671596807397468  0.37338436716753914   -0.07212460679677116   0.03727482910926359   -0.29549977636878766   -0.021566135120156014   0.03428702464721969
0.5707995820075219  0.3730144887014774   -0.10127009710024504   0.036586461046139565   -0.2914549030347389   -0.006883680631240228   0.04044873334048777
0.5744691540345047  0.3725350014147551   -0.12992960876627796   0.03700765720677791   -0.2865951166603292   0.0042119616063834905   0.048597863744096685
0.5781723947627891  0.37194509010920207   -0.15796872533573278   0.03749931631382619   -0.28039116569454847   0.004916591070482859   0.06203950965780761
0.5818072112180893  0.37126379873640064   -0.1852850373362631   0.036981141948801484   -0.2731631200053028   -0.005181743650247157   0.07228045689245638
0.5852558959939596  0.370522532557327   -0.211720438134797   0.03527449819849734   -0.26435400798533903   -0.01706643750304151   0.08809112019963747
0.5883303051730397  0.3697795587005682   -0.23711770908155502   0.031629103610819706   -0.2539727094675803   -0.03645394587677624   0.10381298517758723
0.5909029059985432  0.3690915485932252   -0.261321974364933   0.02663012000571467   -0.24204265283377963   -0.04998983605105038   0.1193005663380072
0.593192304764253  0.3684229602778887   -0.28413503956575403   0.0238502768198566   -0.2281306520082104   -0.02779843185858068   0.13912000825569223
0.5957767869657139  0.36760819844880277   -0.30538958398844784   0.027098680941705377   -0.21254544422693836   0.03248404121848776   0.15585207781272037
0.5993398905068137  0.3664080931676311   -0.3248804121796832   0.03759781846130563   -0.19490828191235343   0.10499137519600252   0.17637162314584912
0.604077708067093  0.36471914176942544   -0.3424386018967208   0.050298580556506066   -0.1755818971703764   0.12700762095200432   0.19326384741977073
0.6091116867310823  0.3628365612575206   -0.35787144833018264   0.05374481423663412   -0.15432846433461772   0.03446233680128057   0.21253432835758643
0.6141222367425023  0.360887337113939   -0.37100863428151243   0.05376344086021505   -0.13137185951329758   0.0001863633981444835   0.22956604821320173
0.619111629788997  0.35888457816522523   -0.3817155526210964   0.05376344086021505   -0.10706918339584023   1.8618656399097132e-09   0.24302676117457325
0.6240845556514277  0.356841273301068   -0.3898553624731382   0.05376344086021505   -0.08139809852041827   2.0513302943059448e-10   0.2567108487542197
0.629046211201024  0.3547707514818712   -0.395334584189536   0.05376344086021505   -0.054792217163977655   -4.194124439831919e-11   0.26605881356440614
0.6340021070925288  0.3526864812800629   -0.3981071183467881   0.05376344086021505   -0.027725341572521406   -3.257950740675065e-10   0.27066875591456246
0.6389579670649164  0.35060212586586015   -0.3981243183960022   0.05376344086021505   -0.00017200049214112644   -7.467422833885211e-09   0.2755334108038028
0.6435483470254797  0.34868626306278555   -0.3953857922338925   0.049741449981424574   0.027385261621097754   -0.04022000018207946   0.2755726211323888
0.6472158616702585  0.3471790978739026   -0.3899102569515574   0.03965124282572774   0.054755352823350714   -0.10090207155696836   0.2737009120225295
0.6502409532997454  0.34596475302369695   -0.3817334934286535   0.03259725875286473   0.08176763522903935   -0.07053984072863007   0.2701228240568864
0.6530409066534041  0.34487584711538694   -0.37090219638916117   0.030042394811029525   0.10831297039492252   -0.025548639418352066   0.2654533516588317
0.6558814357611005  0.3438148540615985   -0.3574720792125898   0.030322123724859863   0.13430117176571418   0.0027972891383033906   0.2598820137079164
0.6588901333246147  0.34274555038794424   -0.34148109282366457   0.03193066140121087   0.15990986388925188   0.016085376763510104   0.25608692123537696
0.6623775076913732  0.3415781616471346   -0.323022477749566   0.036775775241445145   0.18458615074098572   0.04845113840234278   0.24676286851733872
0.6663705993735557  0.34033355559497   -0.30214660388631787   0.041825620625879016   0.20875873863248173   0.05049845384433865   0.24172587891495992
0.670836195863545  0.3390545368774578   -0.27894838306222347   0.046451524077419926   0.23198220824094423   0.04625903451540907   0.23223469608462502
0.6756804986648175  0.33779948185242453   -0.2535047762610961   0.050042414756163035   0.2544360680112734   0.035908906787431076   0.22453859770329168
0.680774152474257  0.3366290319771416   -0.22586504473562194   0.05226400486086661   0.2763973152547416   0.022215901047035757   0.21961247243468232
0.6860030470270292  0.33559011232826025   -0.19613389649134053   0.05331106102943582   0.2973114824428139   0.010470561685692154   0.20914167188072294
0.6912227523250732  0.33472433735771756   -0.1643701705644986   0.05291019721948466   0.31763725926841907   -0.004008638099511665   0.20325776825605185
0.6963782317222497  0.3340466996280932   -0.1306911002894671   0.051998231419272414   0.3367907027503153   -0.009119658002122446   0.19153443481896212
0.7014073130168548  0.3335664099028493   -0.09521370599719688   0.0505196366652821   0.3547739429227021   -0.014785947539903165   0.17983240172386758
0.7063298783696017  0.3332802277580913   -0.058071423234223964   0.049308771909309435   0.37142282762972917   -0.012108647559726599   0.1664888470702708
0.7111761633974296  0.3331861333346538   -0.019413344839505218   0.048471984002586475   0.38658078394718737   -0.008367879067229543   0.15157956317458202
0.7159545016819987  0.33328456687389074   0.020597038809821628   0.04779352040122768   0.4001038364932685   -0.006784636013587986   0.13523052546081113
0.720644788253395  0.3335747244055269   0.06178475913015251   0.04699253080542295   0.4118772032033088   -0.008009895958047346   0.11773366710040327
0.7252149965936592  0.33405159281149105   0.10396659537425204   0.045950198857052676   0.4218183624409954   -0.010423319483702748   0.09941159237686592
0.7296404893532323  0.3347066581722267   0.14695382441687954   0.04473711746622713   0.4298722904262749   -0.01213081390825536   0.08053927985279519
0.733914481683154  0.33553109410857074   0.19055553276469667   0.04352781300429026   0.4360170834781714   -0.012093044619368757   0.06144793051896554
0.7380429103118459  0.33651771002460296   0.23458123617327623   0.04244683016194582   0.44025703408579553   -0.010809828423444327   0.04239950607624053
0.7420307147846276  0.33765947648856115   0.2788545371193174   0.04148037508431777   0.44273300946041194   -0.00966455077628061   0.024759753746164088
0.7458727653797286  0.3389464935342448   0.3232334450283983   0.040518842099937155   0.4437890790908088   -0.009615329843806163   0.01056069630396852
0.7495536647198439  0.34036365193208773   0.3675117173455155   0.03944281668014842   0.44278272317117273   -0.010760254197887323   -0.010063559196360572
0.7530461935213411  0.3418880883489777   0.4115581856288314   0.038107300899471105   0.44046468283315865   -0.01335515780677318   -0.023180403380140813
0.7562907248320884  0.34347614018276706   0.4551760184877096   0.0361232502042951   0.43617832858878214   -0.019840506951760085   -0.04286354244376521
0.7592641926953576  0.345093787971386   0.4982461075105641   0.03385010413856809   0.4307008902285448   -0.02273146065726997   -0.054774383602373265
0.7619392318261492  0.3466995310648317   0.5406172790065017   0.031199751975640254   0.42371171495937504   -0.026503521629278427   -0.06989175269169781
0.7643321979863975  0.3482745321267564   0.5821037736185809   0.028647714375072846   0.4148649461207916   -0.025520376005674042   -0.0884676883858343
0.7664647915306503  0.34980539570325936   0.6225998582047715   0.02625166378508583   0.4049608458619064   -0.02396050589987014   -0.09904100258885189
0.7683833720142917  0.3513003509568699   0.6619278496969178   0.024322504563690974   0.3932799149214638   -0.019291592213948595   -0.11680930940442595
0.770157670852234  0.35279479883099385   0.6999922782328261   0.023198083573426287   0.38064428535908196   -0.011244209902646884   -0.12635629562381842
0.7718516504285977  0.3543311103093169   0.7366276137698372   0.022868799189211017   0.36635335537011265   -0.003292843842152692   -0.14290929988969348
0.7735274940531225  0.35596183866963693   0.7717548902004785   0.02338317095479628   0.3512727643064126   0.005143717655852593   -0.15080591063700058
0.7752335434079569  0.35773693354961206   0.8052297097521011   0.02462024824010747   0.334748195516226   0.012370772853111948   -0.16524568790186558
0.7770021468402271  0.35969816235406504   0.8369968358160107   0.02640904489763627   0.3176712606390952   0.017887966575287996   -0.17076934877130842
0.7788498672983933  0.36187476742477276   0.8669411055280788   0.028551148007316642   0.2994426971206825   0.02142103109680371   -0.18228563518412677
0.7807727910920683  0.36427341898914917   0.8950387347486275   0.030742747508260414   0.28097629220548637   0.021915995009437715   -0.18466404915196097
0.7827588686666711  0.3668882272296608   0.9212111885692128   0.03283553908037381   0.26172453820585206   0.02092791572113395   -0.19251753999634302
0.7847819313097191  0.3696903416432228   0.9454723517601676   0.034561000628437165   0.24261163190954918   0.01725461548063359   -0.19112906296302912
0.7868210592539364  0.3726517540087683   0.9677854610593489   0.03595553639106769   0.2231310929918128   0.01394535762630527   -0.1948053891773637
0.7888495895242316  0.37573051685147696   0.9882050136621631   0.03686965649303977   0.20419552602814076   0.009141201019720716   -0.18935566963672043
0.7908546899951425  0.3789000552358652   1.0067391241655042   0.03750520159732142   0.18534110503341078   0.006355451042816562   -0.18854420994730012
0.7928193370857158  0.3821238778370634   1.0234824972433862   0.03775297386232543   0.1674337307788212   0.002477722650040058   -0.1790737425458956
0.7947402893979965  0.38538540328350407   1.038523942740335   0.037851824293997874   0.15041445496948652   0.0009885043167244451   -0.1701927580933468
0.7966070437097665  0.38865458074826426   1.0519608973931556   0.037646105982701766   0.1343695465282061   -0.002057183112961059   -0.16044908441280412
0.7984229529931812  0.3919248524335527   1.063910090718245   0.03740615380013132   0.11949193325089547   -0.0023995218257044128   -0.1487761327731063
0.8001958741167585  0.3951986454440235   1.0744641289910093   0.03723032364328112   0.10554038272763983   -0.0017583015685020695   -0.1395155052325565
0.8019374644270296  0.398487504113259   1.0837950168858175   0.03721522290009171   0.09330887894808322   -0.0001510074318941204   -0.12231503779556607
0.8036620175599796  0.4018101994104736   1.0920469007820537   0.03743579509840792   0.08251883896236192   0.0022057219831621458   -0.10790039985721288
0.8053729597871466  0.40516650912807667   1.0993641944807393   0.037672454426516754   0.07317293698685544   0.0023665932810883576   -0.09345901975506499
0.8070824506081059  0.40857480470543545   1.1058953802124458   0.03812982770691109   0.06531185731706772   0.004573732803943327   -0.07861079669787711
0.80879715474739  0.4120443615146417   1.1117880854943247   0.038701466041465994   0.058927052818787254   0.00571638334554909   -0.0638480449828046
0.8105155263457622  0.4155691158960286   1.1171862896136473   0.039213128412813714   0.05398204119322528   0.0051166237134771565   -0.049450116255619805
0.8122297345114367  0.4191309691688611   1.1222458089000924   0.039528860813907996   0.05059519286445378   0.0031573240109428165   -0.03386848328771499
0.8139297325741294  0.42270726441019485   1.1270610647275308   0.03959782956974471   0.04815255827438386   0.0006896875583671225   -0.024426345900699135
0.8156078606679409  0.42628100851051853   1.1317865331057784   0.03948133836869988   0.047254683782474216   -0.001164912010448312   -0.00897874491909647
0.8172612189047943  0.4298457260386204   1.136516012634384   0.039294789113224635   0.04729479528605886   -0.0018654925547523678   0.00040111503584644464
0.818877608723503  0.4333758658117638   1.1414065403516112   0.0388260258897997   0.04890527717226867   -0.004687632234249367   0.016104818862098146
0.820445858419668  0.43684782983883574   1.1465382995350164   0.03809716697446569   0.051317591834053086   -0.007288589153340063   0.02412314661784415
0.8219574361437869  0.4402439196390994   1.152030076767397   0.037172964836702856   0.05491777232380712   -0.009242021377628402   0.03600180489754022
0.8234176862528125  0.44357846839380655   1.158037310693358   0.03640267267444531   0.06007233925960917   -0.007702921622575519   0.051545669358020615
0.8248161486822008  0.44683050263370694   1.164675507579468   0.03539975121931663   0.06638196886109794   -0.010029214551286686   0.06309629601488757
0.8261417328634931  0.44997650997884425   1.17201754428093   0.03413873992599969   0.07342036701462107   -0.012610112933169486   0.07038398153523148
0.8274010583061694  0.453034959769295   1.1801994133151632   0.03307569453734849   0.0818186903423338   -0.01063045388651198   0.08398323327712733
0.8286029440050052  0.45603107028722106   1.1893001238647207   0.03228189503218999   0.09100710549557416   -0.007937995051584948   0.09188415153240341
0.8297438470894437  0.45896047049725214   1.1994034521533512   0.031437311333210025   0.10103328288630604   -0.008445836989799666   0.10026177390731886
0.8308380460393674  0.4618651055141531   1.2105291632192348   0.031038968931684938   0.1112571106588348   -0.003983424015250879   0.10223827772528758
0.8319033398696326  0.46480123005898855   1.2227437883927832   0.031234081205609412   0.1221462517354847   0.0019511227392447566   0.1088914107664989
0.8329551851742597  0.4678251860208782   1.2360493015261864   0.03201669596369061   0.13305513133403382   0.007826147580811968   0.10908879598549116
0.8339916434062463  0.4709489399724013   1.2504273666662122   0.032912132134380045   0.1437806514002566   0.00895436170689434   0.10725520066222786
0.8350190633048689  0.47421302050565733   1.2658488604708178   0.03421960457934493   0.1542149380460556   0.013074724449648814   0.10434286645799001
0.8360375815063064  0.4776438614510875   1.2822123679306887   0.03578833457915986   0.16363507459870896   0.015687299998149263   0.09420136552653358
0.8370403131194266  0.4812481746924323   1.2994545370373545   0.0374119561499863   0.17242169106665783   0.016236215708264393   0.0878661646794888
0.8380151971628128  0.48501345933092915   1.317445986846086   0.03889443058710193   0.17991449808731635   0.014824744371156391   0.07492807020658515
0.8389373386950199  0.48886905550289944   1.3360366340244287   0.0396433687351783   0.18590647178342848   0.007489381480763675   0.05991973696112139
0.8397934460440033  0.4927757270995286   1.3550666296421146   0.03999375295829622   0.19029995617685377   0.003503842231179208   0.043934843934252864
0.8405732851865391  0.49669349188504786   1.3743124157671363   0.039946251392196444   0.19245786125021885   -0.00047501566099773795   0.021579050733650813
0.8412720411557414  0.5005953674747595   1.3935926501732947   0.03963949169967272   0.19280234406158495   -0.003067596925237272   0.0034448281136608833
0.8418915606527041  0.5044806938184437   1.4126763249607233   0.0393440785939181   0.19083674787428442   -0.0029541310575461927   -0.019655961873004987
0.842431921205561  0.5083298557678814   1.4313238374157355   0.03886905869722387   0.1864751245501226   -0.004750198966942342   -0.04361623324161806
0.842903443392612  0.5121913581114582   1.4492893718185784   0.038901842530052945   0.17965534402842942   0.0003278383282907283   -0.06819780521693218
0.8433151373221445  0.5161176727086013   1.4663230366082278   0.03947839688659103   0.1703366478964935   0.0057655435653809406   -0.09318696131935925
0.8436732335368513  0.5201477506308002   1.4821731718898257   0.04045956124080371   0.15850135281597968   0.009811643542126727   -0.1183529508051381
0.8439819979041495  0.5243009515323631   1.4965891290204014   0.04164662430888637   0.1441595713057549   0.011870630680826635   -0.14341781510224763
0.8442449958378468  0.5285739025425303   1.5093243891414416   0.04281037052913551   0.12735260121040287   0.01163746220249139   -0.16806970095352047
0.8444664945911944  0.5329421288850836   1.5201329246094015   0.043738384832444945   0.10808535467960029   0.009280143033094383   -0.19267246530802598
0.8446524657166539  0.5373688204039025   1.5288097030503653   0.044305962423005135   0.08676778440963771   0.00567577590560189   -0.21317570269962569
0.8448113814022258  0.5418212178660066   1.5351193109952446   0.044552325815462784   0.06309607944879259   0.002463633924576471   -0.23671704960845122
0.8449538040668549  0.5462811100167212   1.538873070397205   0.044621656414129386   0.037537594019605776   0.0006933059866660088   -0.25558485429186806
0.8450904528640629  0.5507006191798027   1.5398867232293194   0.04421621211313723   0.010136528321143111   -0.004054443009921551   -0.2740106569846266
0.8452348464614025  0.5551011241110524   1.5379951345121992   0.044028732846751066   -0.018915887171202066   -0.001874792663861659   -0.29052415492345185
0.8454016551920749  0.5595190000117313   1.533056577579476   0.044210239341614194   -0.04938556932722985   0.0018150649486312776   -0.30469682156027794
0.8456067240366361  0.5639895150126691   1.5249570462052895   0.04475215928267625   -0.08099531374186657   0.005419199410620548   -0.3160974441463671
0.8458664521894373  0.5685267080394388   1.513614495104457   0.045446209165919134   -0.11342551100832482   0.006940498832428888   -0.3243019726645825
0.8461952010108843  0.5730981281951153   1.4990059768357422   0.045832257229300954   -0.14608518268714857   0.003860480633818242   -0.32659671678823765
0.8466016167922948  0.5776174332926509   1.4811087596423074   0.04537542545474486   -0.1789721719343469   -0.004568317745560941   -0.3288698924719833
0.8470845923072383  0.5819577379749662   1.45997537228901   0.04367094008990749   -0.21133387353297303   -0.017044853648373732   -0.3236170159862613
0.8476304185296831  0.5859727679198288   1.435678901826963   0.04051961466160771   -0.24296470462047637   -0.03151325428299779   -0.31630831087503325
0.8482167344922101  0.5895492059881903   1.4083032312948711   0.03624179309131747   -0.273756705320916   -0.04277821570290247   -0.3079200070043967
0.8488689708407398  0.5928903429675357   1.3780070023395217   0.03404204542781328   -0.3029622895534952   -0.021997476635041896   -0.2920558423257915
0.8496969374555128  0.5964938888522551   1.3449516983094438   0.03697441231237665   -0.3305530403007758   0.029323668845633734   -0.27590750747280707
0.8508678567191442  0.6008689791198343   1.3092918181520579   0.04529069084415669   -0.3565988015738609   0.0831627853178005   -0.26045761273085016
0.8524508433581058  0.6059947397355461   1.271258788876653   0.05364631263070534   -0.380330292754049   0.08355621786548635   -0.23731491180188152
0.8542424990525552  0.6110637688442653   1.2310500330730598   0.05376344086021505   -0.40208755803593027   0.0011713799562198743   -0.21757265281881225
0.8562459792015288  0.616052872337785   1.1889362232690683   0.05376344086021505   -0.42113809803991303   1.3381486402857426e-09   -0.19050540003982794
0.8584660035954381  0.6209494607522077   1.1451335999326766   0.05376344086021505   -0.4380262333639183   3.1087775987732546e-10   -0.16888135324005227
0.860905053268294  0.6257407156100669   1.0999247816662623   0.05376344086021505   -0.4520881826641452   9.120793858654219e-11   -0.14061949300226917
0.863563534612124  0.6304137834845231   1.0535628027881616   0.05376344086021505   -0.4636197887810063   -4.510211463963678e-11   -0.11531606116861078
0.8664399386050828  0.6349559620873112   1.006275507442099   0.05376344086021505   -0.4728729534606242   -2.272194813304228e-10   -0.09253164679617915
0.8695305064996776  0.6393552206982934   0.9583809768691017   0.05376344086021505   -0.4789453057299746   -1.4222913249201933e-09   -0.060723522693504645
0.8725726062942912  0.643269988277441   0.9101861304752619   0.04957799548099262   -0.4819484639383985   -0.04185455149896842   -0.030031582084238805
0.8750186731287292  0.6461226526112729   0.8619829619152612   0.03757783490311052   -0.48203168560000564   -0.12000160577882099   -0.000832216616071182
0.8770315572578772  0.6482546902524011   0.8141371149936629   0.02932113064082514   -0.47845846921598284   -0.08256704262285385   0.03573216384022791
0.8789567547584716  0.6501101364207041   0.7669506645437499   0.026737737188784808   -0.4718645044991301   -0.025833934520403314   0.06593964716852811
0.8810335448421679  0.6519344653021307   0.7207732062429496   0.027642780105022403   -0.46177458300800406   0.009050429162375976   0.10089921491125997
0.88331906616621  0.6537672229244484   0.6758978922519422   0.029296088859803834   -0.44875313991007426   0.016533087547814282   0.13021443097929783
0.885746119080367  0.6555466890778193   0.6326489821441479   0.030094992339441694   -0.43248910107794336   0.007989034796378608   0.16264038832130887
0.8881953463749248  0.6571912293160019   0.5913086844881786   0.02950123206818422   -0.4134029765596905   -0.005937602712574719   0.19086124518252928
0.8906012785020863  0.6586735124526613   0.552170191989954   0.028258932566061316   -0.39138492498224786   -0.012422995021229033   0.22018051577442563
0.892959129921548  0.6600094733872514   0.5154992883755891   0.027100285856442738   -0.3667090361436484   -0.0115864670961858   0.2467588883859947
0.8953624154543737  0.6612653937194932   0.4815517221627625   0.02711663185800847   -0.33947566212826674   0.00016346001565726678   0.2723337401538168
0.8979139770458955  0.6624997377109398   0.45057158304567263   0.02834443798093232   -0.3098013911708987   0.012278061229238545   0.29674270957367993
0.9007302747409164  0.6637668518067976   0.42278900159024846   0.030882213066589306   -0.2778258145542415   0.02537775085656982   0.3197557661665721
0.9038352220036271  0.6650737821134699   0.39840866109411716   0.033687927111523075   -0.24380340496131273   0.028057140449337693   0.34022409592928815
0.9072144619626243  0.6664141653583104   0.37761708693474705   0.03635366548717353   -0.20791574159370182   0.02665738375650457   0.3588766336761091
0.9107919717673383  0.667763139342807   0.3605848067418597   0.03823389492802451   -0.1703228019288728   0.018802294408509793   0.37592939664829
0.9144600197126378  0.669091556590094   0.347465721930664   0.03901188038521876   -0.13119084811195741   0.0077798545719425325   0.3913195381691539
0.9181200304775818  0.6703796315804453   0.3383949595009281   0.038800536053352326   -0.09070762429735851   -0.0021134433186643167   0.4048322381459892
0.9217059471724146  0.6716218894156578   0.333488075163466   0.037949971108587645   -0.04906884337462111   -0.008505649447646865   0.41638780922737395
0.9251925023029833  0.6728271915403948   0.3328389643771312   0.036890134033901234   -0.006491107863348072   -0.010598370746864065   0.4257773551127304
0.9285927849821607  0.6740166868799095   0.33651666887688314   0.03602335556418974   0.03677704499751941   -0.008667784697114957   0.43268152860867476
0.931944269385492  0.6752194804313597   0.3445671164954441   0.03560780817908183   0.08050447618560949   -0.004155473851079118   0.4372743118809009
0.9352886205124322  0.6764669074363898   0.3570119029514409   0.035694199239015595   0.12444786455996858   0.0008639105993376569   0.43943388374359077
0.9386529429144337  0.6777867249667789   0.37384928891413655   0.03613942935096125   0.1683738596269562   0.004452301119456517   0.4392599506698763
0.942038921838637  0.6791986573502411   0.39506986969815905   0.036685700661998756   0.21220580784022486   0.005462713110375091   0.4383194821326866
0.9454241774832766  0.6807129196680103   0.4206155593950849   0.03708496480594245   0.25545689696925844   0.003992641439436953   0.4325108912903355
0.9487712681743102  0.6823316167756097   0.45045240719950647   0.037179559465053184   0.2983684780442154   0.0009459465911073577   0.42911581074956984
0.9520320616027721  0.6840479758379617   0.48451442990620297   0.036849236374744604   0.3406202270669654   -0.003303230903085896   0.4225174902274993
0.9551364872944387  0.6858366634883492   0.522715708870501   0.03582856735306129   0.382012789642981   -0.010206690216833075   0.4139256257601564
0.9580696912606067  0.687696049845511   0.5649806288350451   0.03472895496893475   0.4226491996454407   -0.010996123841265458   0.4063641000245972
0.9608449301669941  0.68964072168087   0.6112105760842842   0.033887607668238964   0.46229947249239084   -0.008413473006957798   0.3965027284695017
0.963484259118536  0.6916946531346106   0.6613075284413222   0.03344352213973908   0.5009695235703808   -0.004440855284998898   0.38670051077989914
0.9660385508638331  0.6939131571805274   0.715159391169445   0.03383218367448636   0.538518627281228   0.0038866153474727797   0.37549103710847137
0.9685489105207626  0.6963603026412968   0.7726476429393565   0.03505770459300461   0.5748825176991145   0.012255209185182558   0.36363890417886474
0.9710407218886487  0.6991048787755425   0.833631553334822   0.03706996364956041   0.6098391039546548   0.020122590565558006   0.34956586255540456
0.9735063707262902  0.7021989799782669   0.8979564769001864   0.039563728898150366   0.6432492356536443   0.024937652485899575   0.3341013169898955
0.9759101312108128  0.7056725409448499   0.9654487342080253   0.042241792404585275   0.6749225730783883   0.026780635064349138   0.31673337424744
0.9781896188485854  0.7095197835482863   1.035910477222389   0.044718384966873345   0.7046174301436372   0.02476592562288069   0.2969485706524883
0.9802664607620568  0.7136939692870847   1.1091152852548185   0.04662306179943635   0.7320480803242966   0.019046768325630035   0.2743065018065946
0.9820691534857872  0.7181300054368935   1.1848066532947477   0.047883314190436475   0.7569136803992906   0.012602523910001193   0.24865600074993907
0.9835443552202228  0.7227656278828605   1.2626983046437255   0.04864690701250592   0.7789165134897789   0.007635928220694449   0.22002833090488166
0.984657068105718  0.7275541371314181   1.34247679607262   0.04916091006996308   0.7977849142889453   0.005140030574571621   0.18868400799166518
0.9853825776250444  0.732454280770399   1.423805375378142   0.049535615212973054   0.8132857930552179   0.003747051430099812   0.15500878766272522
0.9857027493614549  0.737413822531783   1.5063290672511331   0.04969865634371646   0.8252369187299132   0.001630411307433964   0.11951125674695441
0.9856089078186384  0.7423825201442205   1.589680629022734   0.04969583704798635   0.8335156177160103   -2.8192957301020536e-05   0.08278698986097068
0.9851018925571747  0.7473024463091383   1.6734872533661058   0.0494598199992691   0.8380662434337154   -0.0023601704871725675   0.045506257177051396
0.9841925234774933  0.7521196225863462   1.7573770184494955   0.04902258602804887   0.8388976508338949   -0.00437233971220229   0.008314074001794696
0.9828995688170338  0.7567879753545647   1.8409853469064612   0.04844094272672329   0.8360832845696594   -0.005816433013255743   -0.028143662642355127
0.9812457805221161  0.7612744200682169   1.9239609016443615   0.047815480644938825   0.8297555473790044   -0.006254620817844663   -0.06327737190655058
0.9792631412857933  0.7655390917414309   2.005970497587923   0.04703007848358347   0.8200959594356125   -0.007854021613553632   -0.09659587943391774
0.9770050347687278  0.7695206669797583   2.086702773565247   0.045773339861622186   0.8073227597732384   -0.012567386219612741   -0.1277319966237415
0.9745476201757461  0.7731509047157697   2.1658702753921015   0.04383778336294065   0.7916750182685465   -0.019355564986815347   -0.15647741504691828
0.9719746314859369  0.7763826941076596   2.2431852129544043   0.04130948253297036   0.7731493756230312   -0.025283008299702953   -0.1852564264551541
0.9693432606378865  0.7792207042024459   2.3184313478458973   0.03870195581372862   0.7524613489149274   -0.02607526719241735   -0.20688026708103702
0.96666635420528  0.7817155346494764   2.3913859201525924   0.03659235850332718   0.7295457230669532   -0.021095973104014513   -0.229156258479743
0.9639191257266027  0.7839359870371706   2.4618403347761038   0.0353237499709087   0.7045441462351117   -0.012686085324184719   -0.2500157683184135
0.9610470388810789  0.7859518974222651   2.529594378870591   0.035089567579214255   0.6775404409448725   -0.0023418239169444638   -0.2700370529023929
0.9579847846200839  0.7878173963676706   2.594442170952031   0.03585733882246556   0.6484779208143984   0.007677712432513079   -0.2906252013047418
0.954680937533817  0.7895601829735803   2.656186124351936   0.03735332745977603   0.6174395339990517   0.014959886373104652   -0.31038386815346614
0.9511108706384742  0.7911844087095284   2.71462441383372   0.039221788432628885   0.5843828948178389   0.018684609728528596   -0.3305663918121287
0.9472789095560256  0.7926796014042116   2.769571719422935   0.0411333525641121   0.54947305589215   0.019115641314832094   -0.3490983892568888
0.9432329106423374  0.7940238392436316   2.820827498983428   0.04263458992237938   0.5125577956049329   0.015012373582672765   -0.3691526028721723
0.9389965863381277  0.795211795702362   2.8681931270895915   0.043997368282975305   0.47365628106163216   0.013627783605959226   -0.3890151454330065
0.9345896206141919  0.7962442052934277   2.911474810111255   0.045262806426102864   0.4328168302166357   0.012654381431275676   -0.40839450844996483
0.9300274242996036  0.7971268485597813   2.9504847774742156   0.046467939860169234   0.39009967362960546   0.012051334340663702   -0.4271715658703018
0.9253273644562312  0.7978687046067898   2.985044472815242   0.047582468332111404   0.34559695341026575   0.011145284719421725   -0.4450272021933971
0.9205322603025917  0.7984790486131648   3.014988618706114   0.04833791850128414   0.29944145890871915   0.007554501691727331   -0.4615549450154665
0.9157453560481016  0.798966225221181   3.0401690719490766   0.04811631052881494   0.2518045324296254   -0.002216079724692022   -0.47636926479093705
0.9109874784126752  0.7993530930072789   3.060460141881048   0.04773580027360098   0.20291069931971578   -0.0038051025521396347   -0.48893833109909596
0.9063265516709181  0.7996603746965764   3.0757607547254744   0.046710448647604055   0.15300612844426278   -0.010253516259969179   -0.49904570875452997
0.9024206403064661  0.7998777414571613   3.0859992820893196   0.03911954996617699   0.10238527363845365   -0.07590898681427069   -0.5062085480580915
0.9  0.8   3.0911288387778493   0.024237257775138937   0.051295566885296656   -0.14882292191038052   -0.5108970675315699
0.9  0.8   3.0911288387778493   5.6906462872840014e-24   -1.96425794415127e-23   -0.24237257775138937   -0.5129556688529665
