0.1  0.1   3.383220666240893   1.4515040655451829e-27   1.3145569354107487e-22   0.0   0.0
0.09724531352518921  0.09933795882536532   3.377452168936716   0.028331247927716015   -0.05768497304176432   0.28331247927716025   -0.5768497304176433
0.09253409214787588  0.09826315946145445   3.365890006773067   0.0483226660468122   -0.1156216216364957   0.19991418119096172   -0.5793664859473134
0.08742671195098553  0.09719096119157729   3.3485189183747694   0.05218710722536317   -0.1737108839829721   0.03864441178550969   -0.5808926234647639
0.082222363880259  0.09622366404168595   3.325358992929739   0.05293477365349044   -0.2315992544503055   0.007476664281272768   -0.5788837046733337
0.07699209587336181  0.09540706729211529   3.29647132106672   0.05293631426098882   -0.28887671863019065   1.540607498384623e-05   -0.5727746417988521
0.07175304747101276  0.0947733896915077   3.2619607530042822   0.052772317993118344   -0.3451056806243753   -0.0016399626787047907   -0.5622896199418463
0.06651522953535574  0.09435143368071554   3.2219785596791333   0.052547867323169045   -0.39982193325149024   -0.0022445066994929994   -0.5471625262711494
0.061285756277063064  0.09416763668736872   3.1767245609248747   0.052327021598751085   -0.4525399875425851   -0.0022084572441796466   -0.5271805429109485
0.056072925578349184  0.09424657666903502   3.126450410762643   0.05213428374319473   -0.5027415016223142   -0.0019273785555634566   -0.5020151407972913
0.05089638444085058  0.09461086755584619   3.0713350657043246   0.0518934350360707   -0.5511534505831869   -0.0024084870712403005   -0.4841194896087251
0.04579225369121352  0.09527600193600548   3.0120099041549295   0.051472861250430234   -0.5932516154939482   -0.004205737856404768   -0.4209816491076144
0.04082529161080159  0.09624617800032047   2.9486954869475173   0.05060825417263447   -0.6331441720741269   -0.008646070777957614   -0.39892556580178845
0.03612703530028434  0.09749435541982975   2.8819226474489796   0.04861230217742014   -0.6677283949853702   -0.019959519952143255   -0.3458422291124327
0.03177463743563569  0.09898220993030737   2.812199394848121   0.04599682403878197   -0.6972325260085862   -0.026154781386381745   -0.295041310232159
0.02799906143272223  0.10058524923970666   2.740076625553718   0.041017934103578846   -0.7212276929440344   -0.04978889935203125   -0.23995166935448195
0.02495388427591753  0.10215303896061441   2.6661408677907406   0.03425064747608314   -0.7393575776297713   -0.06767286627495699   -0.18129884685736977
0.022660454715301467  0.1035603019187622   2.5912285045128725   0.02690763494416114   -0.7491236327786798   -0.07343012531922002   -0.09766055148908455
0.020999669129372595  0.10476069709431793   2.515736166968133   0.020491845548721452   -0.7549233754473985   -0.06415789395439692   -0.05799742668718713
0.01974790549384303  0.10581798370406414   2.44021999929027   0.016385259150782053   -0.7551616767786262   -0.041065863979393935   -0.002383013312277618
0.01864234302360056  0.1069036350633752   2.3652810351341493   0.015494861243594725   -0.7493896415612074   -0.00890397907187329   0.05772035217418794
0.017442026708125984  0.10827022684130318   2.2915083089554367   0.018188821689968927   -0.7377272617871242   0.02693960446374203   0.1166237977408305
0.01599420407910925  0.11017998516838427   2.2194728977147733   0.023965323350517372   -0.7203541124066367   0.05776501660548446   0.1737314938048777
0.014257363649101662  0.11283718740964703   2.149722676106828   0.031744823877729755   -0.697502216079454   0.07779500527212382   0.2285189632718276
0.01230007528217792  0.1163201484005181   2.0827762721254235   0.039952465524951686   -0.6694640398140431   0.08207641647221928   0.2803817626541091
0.010268358599586252  0.12054423809723673   2.0191151818656916   0.04687302683233263   -0.6366109025973195   0.06920561307380949   0.32853137216723494
0.008324200505503527  0.1252958390946775   1.9591729728509746   0.05133951960592096   -0.5994220901471713   0.044664927735883285   0.3718881245014811
0.006584502316006023  0.13033330602432877   1.9033242096983973   0.053294111173629095   -0.5584876315257707   0.01954591567708134   0.4093445862140054
0.005096965357682197  0.13548557046167573   1.851868193589133   0.0536270407860897   -0.5145601610926442   0.0033292961246060918   0.43927470433126725
0.0038502278780512787  0.14071080452725543   1.8050165257869903   0.053719107758051034   -0.4685166780214259   0.0009206697196133993   0.4604348307121814
0.0028265389919361165  0.14597441422487   1.762882644548186   0.05362231437039798   -0.4213388123880433   -0.0009679338765306499   0.47177865633382665
0.0020045171908349272  0.15124639806347143   1.7254735246638693   0.0533568490785958   -0.37409119884317066   -0.0026546529180218503   0.4724761354487265
0.0013592597037473965  0.15651412487236616   1.692681727313804   0.05307099297901871   -0.32791797350065105   -0.0028585609957708998   0.4617322534251959
0.0008656193319735403  0.1617792008761039   1.6642805441773858   0.052881666144118454   -0.284011831364182   -0.0018932683490025203   0.4390614213646899
0.0005006431042714499  0.1670508673283865   1.6399195836031164   0.05284285650010726   -0.24360960574269686   -0.0003880964401118886   0.4040222562148518
0.000244844245211432  0.17234005462605828   1.6191212756482394   0.052953692341657574   -0.20798307954876932   0.0011083584155030949   0.35626526193927516
8.268200772353118e-05  0.17765835438662247   1.6012782509908883   0.053207714604635886   -0.178430246573505   0.002540222629783153   0.2955283297526434
3.273810148547824e-06  0.18300255230080448   1.5856540015350442   0.053447878356198006   -0.15624249455843917   0.0024016375156211372   0.22187752015065867
3.763425163094459e-08  0.18836256323215006   1.5714000896500686   0.05360011908287037   -0.14253911884975806   0.0015224072667236583   0.1370337570868107
7.076014165927366e-05  0.1937120685674125   1.557576714298163   0.05349972804141637   -0.13823375351905778   -0.0010039104145400063   0.04305365330700326
0.00021770667453948969  0.19905195512000942   1.5432846081069833   0.053419080559413745   -0.14292106191179463   -0.0008064748200262154   -0.04687308392736887
0.00044651091710724876  0.20435975133457665   1.5277157963021324   0.05312725481030506   -0.15568811804851013   -0.0029182574910868856   -0.1276705613671545
0.0007650015058100879  0.2096063978675467   1.5101670764953297   0.05256304414416963   -0.17548719806802737   -0.005642106661354246   -0.19799080019517246
0.0011834145368967923  0.21477660048846417   1.4900445272793137   0.051871056096752875   -0.20122549216016025   -0.006919880474167545   -0.25738294092132924
0.0017165311849993428  0.21988737395512184   1.466859896552559   0.05138503555314149   -0.2318463072675453   -0.004860205436113816   -0.30620815107385047
0.0023855621038962097  0.22498218132234118   1.4402271814246341   0.051385469229649344   -0.26632715127924883   4.336765078484529e-06   -0.34480844011703465
0.0032168708338828917  0.2301030265001689   1.409862074842994   0.05187882953559513   -0.3036510658164027   0.0049336030594578795   -0.3732391453715402
0.004236305473431335  0.2352586558137772   1.3755821587166186   0.05255450561431284   -0.3427991612637531   0.006756760787177048   -0.3914809544735037
0.005461866671050837  0.24041179132702817   1.3373058264655981   0.05296867552340632   -0.38276332251020573   0.004141699090934787   -0.3996416124645262
0.00689919548009741  0.24549144780030693   1.295046897434888   0.052790931031605946   -0.42258929030709924   -0.0017774449180036971   -0.3982596779689347
0.008537632063315117  0.25040430275999354   1.2488958798825716   0.051788626446492465   -0.4615101755231647   -0.010023045851134886   -0.38920885216065404
0.010321754074296832  0.25497857647405914   1.1989107918265647   0.049098952495202075   -0.49985088056007   -0.02689673951290382   -0.38340705036905415
0.012172746232334372  0.2590623996583725   1.1452431298410948   0.04483724319118175   -0.5366766198546986   -0.04261709304020328   -0.3682573929462835
0.014038116504131573  0.2626222183157743   1.0881280022772173   0.040189445286655634   -0.571151275638774   -0.04647797904526113   -0.34474655784075675
0.01578599022805581  0.26551855116279527   1.0278232528731899   0.03382869568209382   -0.6030474940402727   -0.06360749604561818   -0.3189621840149864
0.017352133956458942  0.2677775062197783   0.9645781288894316   0.027487604711006718   -0.6324512398375878   -0.06341090971087103   -0.2940374579731497
0.01876580474498228  0.26955498027022173   0.8989120750944203   0.022710964528887934   -0.6566605379501136   -0.04776640182118781   -0.24209298112525698
0.02015974775977857  0.27108302674209217   0.8312605533669849   0.02068333422999112   -0.6765152172743519   -0.02027630298896812   -0.19854679324238672
0.02175227860683276  0.2726023106192667   0.7618641636963245   0.022009947747011257   -0.6939638967066037   0.013266135170201357   -0.17448679432251704
0.0237826554770816  0.27428297051665707   0.691438646842333   0.02635725313066168   -0.7042551685399149   0.04347305383650424   -0.10291271833311198
0.02644807345959289  0.2761866347186507   0.620198361409495   0.03275422173620748   -0.7124028543283817   0.06396968605545801   -0.08147685788466724
0.029862376639518136  0.27827421938411456   0.5487767040007546   0.04001934024934347   -0.7142165740874037   0.07265118513135985   -0.018137197590220797
0.0340272330633254  0.2804299944143589   0.4776368548041099   0.04689711612877044   -0.711398491966446   0.06877775879426977   0.028180821209577527
0.038631846400913106  0.2824161171347184   0.407222692977566   0.050146931560185085   -0.704141618265439   0.03249815431414649   0.07256873701007
0.0434958013227556  0.28412546834751856   0.3379503037812496   0.05155573590825484   -0.692723891963165   0.01408804348069743   0.11417726302273895
0.048519113895325414  0.2855168143897799   0.27020402023649714   0.05212438298057289   -0.6774628354475235   0.0056864707231805735   0.15261056515641463
0.053618828364262634  0.2865736108008202   0.20433444405714102   0.05208061666212822   -0.6586957617935616   -0.00043766318444673396   0.18767073653962144
0.058739615145408174  0.2872986793699366   0.14065816861823005   0.05171864430539081   -0.6367627543891095   -0.0036197235673741095   0.2193300740445214
0.0638448295038224  0.2877051871922903   0.07945835770160681   0.051213730829723254   -0.6119981091662325   -0.0050491347566754925   0.24764645222876863
0.06890252744960573  0.2878113446355909   0.020986199520094697   0.050588119073107514   -0.5847215818151211   -0.0062561175661574224   0.2727652735111143
0.07387726220855347  0.2876394651493676   -0.034536744287156786   0.04977703132938637   -0.5552294380725147   -0.008110877437211441   0.29492143742606236
0.07873214094244363  0.2872164334138856   -0.08691585849137246   0.04873274399210864   -0.5237911420421569   -0.010442873372777373   0.31438296030358054
0.08343018040526155  0.2865736284917963   -0.1359797229741516   0.04741811147869208   -0.4906386448277908   -0.0131463251341656   0.33152497214366045
0.0879287839822261  0.28574768896708247   -0.18157687739888706   0.045737960428032395   -0.4559715442473551   -0.016801510506596874   0.3466710058043575
0.09219383990416401  0.2847779295062468   -0.22357214761437647   0.04373915343160866   -0.4199527021548938   -0.01998806996423727   0.36018842092461256
0.09621084225100228  0.2837013881788707   -0.2618432373564048   0.04158755713437969   -0.3827108974202829   -0.021515962972289738   0.3724180473461081
0.10004437713908747  0.28253115058390965   -0.29627850800751016   0.040081723723944904   -0.344352706511054   -0.01505833410434783   0.38358190909229045
0.10381613124957105  0.2812528076805663   -0.3267748556939532   0.039824979156903605   -0.304963476864431   -0.0025674456704129173   0.39389229646622936
0.10766914660292104  0.27983219554539324   -0.35323720328423874   0.04106563788832664   -0.2646234759028557   0.012406587314230312   0.4034000096157532
0.11173159483507968  0.27823038897659885   -0.3755793741921053   0.04366837519624681   -0.22342170907866507   0.026027373079201634   0.41201766824190567
0.11608161559685698  0.2764234272917153   -0.39370410244668164   0.04710391826433388   -0.18124728254576394   0.034355430680870824   0.42174426532901166
0.12065553551080918  0.2744476075146324   -0.4077638033872033   0.04982429846045082   -0.14059700940521694   0.02720380196116925   0.40650273140546994
0.12530363872684547  0.2723856017287999   -0.41753822468646457   0.05084951461688999   -0.09774421299261146   0.010252161564391734   0.4285279641260547
0.12983462634738685  0.2703445594683921   -0.42323888764378925   0.049694770676873196   -0.05700662957324714   -0.011547439400167961   0.4073758341936432
0.1341112964054175  0.2684105270482456   -0.42470566725760545   0.0469365403363236   -0.014667796138161939   -0.02758230340549591   0.423388334350852
0.13799239519559006  0.26666687348258467   -0.4222450435541453   0.042547920720196426   0.024606237034601266   -0.04388619616127174   0.39274033172763195
0.1414727574450162  0.26513018979077996   -0.41578783096818817   0.038045128670946504   0.06457212585957116   -0.04502792049249929   0.3996588882496989
0.1445842752360741  0.26379350737289525   -0.40575347560821756   0.033864823711857846   0.10034355359970604   -0.04180304959088651   0.3577142774013486
0.14748658516226282  0.2625931315382204   -0.39216950758225777   0.031407491227611405   0.1358396802595979   -0.024573324842464366   0.3549612665989189
0.15032585700948586  0.2614736830635219   -0.3755596542328601   0.03051987796492345   0.16609853349397752   -0.008876132626879559   0.3025885323437965
0.1533165820880434  0.2603614758592294   -0.3560373322312611   0.03190837094054361   0.19522322001598977   0.013884929756201498   0.29124686522012205
0.1565836400887688  0.2592272131811176   -0.3341618616170806   0.034583550718601835   0.21875470614180442   0.026751797780582284   0.23531486125814638
0.16024556243785923  0.2580528767616134   -0.31032737459446197   0.03845613256288487   0.2383448702261868   0.038725818442830386   0.19590164084382403
0.16424617941321196  0.2568809870792276   -0.2849554580589275   0.04168724218650467   0.253719165355344   0.032311096236198045   0.1537429512915721
0.16844803468902944  0.2557699966485886   -0.25848944306600335   0.04346249819774108   0.26466014992924125   0.017752560112364087   0.10940984573897257
0.1727150179136036  0.254764668609879   -0.2313864319702528   0.043838145836945404   0.27103011095750607   0.003756476392043248   0.06369961028264837
0.17696243244270696  0.25388509334887593   -0.20419855528476083   0.04337531881359143   0.2718787668549196   -0.004628270233539669   0.008486558974134932
0.18117974614365998  0.25313030114368423   -0.17709958090730069   0.04284325632496175   0.27098974377460144   -0.005320624886296829   -0.008890230803181633
0.18543325608576228  0.252483832237842   -0.15083051586628404   0.04302356200244771   0.2626906504101666   0.0018030567748595276   -0.08299093364434824
0.18984903086644384  0.2519254758313031   -0.1257783489016172   0.04450935720769972   0.25052166964666817   0.014857952052519982   -0.12168980763498437
0.1945960463297742  0.2514379904198268   -0.10233430385591825   0.04771980494040142   0.23444045045698933   0.032104477327017045   -0.1608121918967883
0.1995807672325422  0.2510336573037794   -0.08093729421416578   0.05001092655332925   0.21397009641752485   0.022911216129278354   -0.20470354039464517
0.2047205056199338  0.2507165470511926   -0.06161963380201094   0.05149511588793864   0.19317660412154852   0.014841893346093857   -0.20793492295976326
0.20990701725915858  0.25048321711372223   -0.04495752289609562   0.05191757490824677   0.16662110905915298   0.00422459020308137   -0.2655549506239554
0.2150385697191066  0.25032330476145426   -0.03115248645050227   0.0513404349510269   0.1380503644559336   -0.005771399572198684   -0.2857074460321942
0.22009181869942088  0.25022028490430714   -0.020384031857916773   0.050542989966971937   0.10768454592585501   -0.00797444984054968   -0.30365818530078564
0.22497413042892395  0.2501578800343394   -0.012781132236076454   0.04882710537379706   0.07602899621840317   -0.017158845931748712   -0.3165554970745184
0.22969654939310663  0.25011811149875873   -0.008421022326488425   0.04722586411035222   0.043601099095880294   -0.016012412634448425   -0.32427897122522864
0.2343115999947077  0.25008428293578616   -0.007329921174484054   0.04615174582506175   0.010911011520043683   -0.010741182852904802   -0.3269008757583661
0.2388873229852435  0.2500408867195363   -0.009483728647236402   0.04575928771047782   -0.021538074727523476   -0.003924581145839359   -0.32449086247567166
0.24348725024414267  0.2499722500553267   -0.0149201426863021   0.04600439302809851   -0.05436414039065695   0.0024510531762069673   -0.32826065663133475
0.24815888438134653  0.24986383391929334   -0.023203160938983638   0.04672891992165063   -0.0828301825268154   0.00724526893552126   -0.28466042136158454
0.2529256721640099  0.24969931570614545   -0.0344997394159019   0.04769625981919933   -0.11296578476918262   0.009673398975486953   -0.3013560224236722
0.2577972372073348  0.24946264844922914   -0.04854319465464898   0.048773104639587915   -0.1404345523874708   0.010768448203885858   -0.27468767618288153
0.26280950449185836  0.24913600829477497   -0.06507612411026806   0.050228992745233646   -0.16532929455619072   0.014558881056457355   -0.2489474216871995
0.26782852941249935  0.24871443199579507   -0.08379895230642165   0.05036699090662122   -0.1872282819615361   0.0013799816138757711   -0.21898987405345383
0.27277065576366166  0.2481967253105838   -0.10437317016038652   0.04969168248587045   -0.20574217853964874   -0.006753084207507654   -0.18513896578112615
0.2775559970635123  0.2475884871809067   -0.1264265197716272   0.048238413094181976   -0.22053349611240658   -0.014532693916884767   -0.14791317572757862
0.2821176786114213  0.24690111238820897   -0.1495593371296683   0.04613179234559309   -0.23132817358041088   -0.021066207485888992   -0.10794677468004284
0.28641806084158555  0.24614742861595837   -0.17349765475901016   0.04365927914437766   -0.23938317629341865   -0.024725132012154188   -0.0805500271300777
0.29046090341670683  0.2453385421810863   -0.19747117188085486   0.04122968997183064   -0.2397351712184474   -0.024295891725470222   -0.003519949250287568
0.2942933062597632  0.24447596065085989   -0.22138668665842615   0.039282767784048135   -0.2391551477757125   -0.01946922187782504   0.005800234427348877
0.2980079918621869  0.24354830512173511   -0.24472125888236865   0.03828764018005031   -0.2333457222394252   -0.009951276039978313   0.058094255362872944
0.30175682472772036  0.24252276376507795   -0.2670296022131752   0.03886577276720227   -0.22308343330806588   0.005781325871519617   0.10262288931359342
0.3054428202147121  0.24143085614808985   -0.28799579059472447   0.03844323734307443   -0.20966188381549167   -0.00422535424127833   0.1342154949257421
0.30900817992257706  0.2403009671039258   -0.3068951405692295   0.03740112177273444   -0.1889934997450503   -0.010421155703399977   0.20668384070441384
0.31241693477121935  0.23915762476895866   -0.3236215189481136   0.03595391677282207   -0.16726378378884152   -0.01447204999912364   0.21729715956208742
0.31567763045503067  0.23801212544121703   -0.33783710164706005   0.034560533925682584   -0.14215582698946416   -0.013933828471394861   0.2510795679937734
0.31890332434251883  0.23683767120457372   -0.34917470867832956   0.034328477696728546   -0.11337607031269498   -0.002320562289540374   0.28779756676769225
0.3220750797734773  0.23565449619850326   -0.35704660240658564   0.033852526654305506   -0.07871893728256149   -0.004759510424230419   0.34657133030133475
0.32526374350745224  0.23444920264203412   -0.361392355261079   0.03408857428176311   -0.04345752854493304   0.002360476274576029   0.35261408737628464
0.32855165474748516  0.23320426806965747   -0.36195804080884747   0.03515710797524924   -0.0056568554776849035   0.010685336934861265   0.3780067306724813
0.33196270539504613  0.2319270222235178   -0.3582827170982712   0.03642337638345359   0.03675323710576224   0.012662684082043504   0.42410092583447145
0.33558977364989784  0.23060161359517947   -0.35034672929048266   0.03861648891008436   0.07935987807788523   0.02193112526630764   0.42606640972123005
0.3395153897149044  0.22922190275346366   -0.33797802826625917   0.04161017122842157   0.12368701024223583   0.029936823183372156   0.44327132164350586
0.3437146542946471  0.22782545544816832   -0.3210415011393795   0.044253686950521905   0.16936527126879683   0.02643515722100338   0.45678261026561007
0.348129975547601  0.22646234330293474   -0.2994404006230054   0.04620945410548502   0.21601100516374036   0.019557671549631082   0.46645733894943503
0.35270856421016744  0.22517979635087615   -0.2731184963787931   0.047548292109408856   0.2632190424421232   0.01338838003923849   0.47208037278382825
0.35741098366993085  0.22401875690970335   -0.24206131524337204   0.04843631009843757   0.3105718113542104   0.008880179890287054   0.47352768912087184
0.3622098046186445  0.2230144802763883   -0.20629838977104753   0.049027802371752   0.3576292547232453   0.005914922733144328   0.47057443369035007
0.3670886627097828  0.2221975438009372   -0.1659050979167045   0.04946780920799709   0.40393291854343016   0.004400068362450976   0.46303663820184765
0.37204007077883555  0.22159545799213798   -0.12100483611828544   0.0498788022986097   0.4490026179841906   0.00410993090612604   0.45069699440760547
0.37705987539215896  0.2212345616824798   -0.07177100629191312   0.0503276112112121   0.49233829826372316   0.004488089126023939   0.4333568027953251
0.3821370796454688  0.22114098323761736   -0.018429010531422218   0.0507806655678814   0.533419957604909   0.0045305435666930256   0.41081659341185933
0.3872442096464289  0.22133894640534396   0.03874272053235428   0.051109652965445666   0.5717173106377651   0.003289873975642756   0.3829735303285594
0.3923351823977676  0.22184672775776385   0.09941272358426578   0.05116233522498632   0.6067000305191151   0.0005268225954064687   0.3498271988135
0.39734163776674347  0.22267110202129786   0.16319781380260273   0.050738731052248395   0.6378509021833692   -0.004236041727379213   0.3115087166425421
0.40217934561154084  0.2238021128355761   0.22966558399935064   0.04968158879668416   0.6646777019674791   -0.010571422555642302   0.268267997841099
0.40673022266816033  0.22520158609935503   0.2983390194487188   0.047611981055714625   0.6867343544936821   -0.020696077409695375   0.2205665252620298
0.41085614164323336  0.22679571948845745   0.36870187725593656   0.04423174047120361   0.7036285780721775   -0.03380240584511017   0.1689422357849522
0.4144233698776165  0.22847599916786715   0.4402060657211026   0.039431531896716304   0.71504188465166   -0.048002085744873135   0.11413306579482817
0.4173500875643665  0.23012185463984255   0.512279602927694   0.03357754704049521   0.7207353720659143   -0.05853984856221084   0.05693487414254148
0.419644513814872  0.23163934674987652   0.5843350250701196   0.027508497092760608   0.7205542214242541   -0.06069049947734604   -0.0018115064166023117
0.4214067718367723  0.23299461145265432   0.6555821085319821   0.02223127470557467   0.7124708346186284   -0.05277222387185937   -0.08083386805625777
0.4228071803678262  0.2342372084162385   0.7257598366145336   0.018722156039722628   0.7017772808255133   -0.03509118665852041   -0.10693553793115104
0.4240526215911559  0.23550463320507295   0.7941463435985945   0.017769325918900875   0.6838650698406079   -0.009528301208217554   -0.1791221098490541
0.42534150590387565  0.23700224099272704   0.8601640001038624   0.0197586736832644   0.6601765650526811   0.01989347764363529   -0.23688504787926853
0.4268139476463905  0.2389490404596616   0.9232501357312596   0.024409245890761766   0.6308613562739716   0.04650572207497363   -0.2931520877870953
0.4285244504833078  0.24151517790218213   0.982862645405439   0.030839716809672305   0.5961250967417929   0.06430470918910534   -0.34736259532178526
0.43044963713201484  0.24478362214587335   1.0384877465180238   0.037932929502581085   0.5562510111258456   0.0709321269290878   -0.3987408561594733
0.43251284028960957  0.2487355928345463   1.0896494410408861   0.0445812512090437   0.5116169452286227   0.06648321706462614   -0.4463406589722293
0.4346128672923237  0.2532563042273431   1.1359213552515497   0.04984670993063756   0.46271914210664256   0.052654587215938624   -0.4889780312198006
0.43664657271842644  0.2581500505339054   1.1769380442563782   0.05299500983408881   0.4101668900482841   0.03148299903451248   -0.5255225205835853
0.43852538099765137  0.2631660056677105   1.2124058492897505   0.053562791613609814   0.3546780503337208   0.005677817795210036   -0.5548883971456322
0.440258860606098  0.2682486496463197   1.2421091901748829   0.053701230308246826   0.2970334088513249   0.0013843869463701787   -0.5764464148239599
0.4418724490579036  0.2733761073118292   1.2659124335733298   0.05375359504572028   0.2380324339844693   0.0005236473747345364   -0.5900097486685555
0.44339426452658276  0.2785314608741127   1.2837570106557359   0.05375276055502573   0.17844577082405977   -8.344906945599098e-06   -0.5958666316040953
0.44485398755241784  0.2837022873823329   1.295656342914209   0.05372917093187385   0.11899332258472897   -0.00023589623151879554   -0.5945244823933079
0.446263483817843  0.2888129667009593   1.3016918042538417   0.0530148307741177   0.06035461339632802   -0.0071434015775614515   -0.5863870918840094
0.4475600175138909  0.29351680187007007   1.301841420364489   0.0487924839736112   0.0014961611064742862   -0.04222346800506493   -0.5885845228985372
0.448714213984568  0.29761759160647144   1.296436948196417   0.04260122762913961   -0.05404472168072121   -0.061912563444715976   -0.555408827871955
0.44973730147349733  0.3011062558819952   1.2855339552580198   0.03635586120190209   -0.10902992938397153   -0.06245366427237516   -0.5498520770325033
0.4506896351118296  0.3041716127693804   1.2695737981196453   0.03209883519029733   -0.15960157138374542   -0.04257026011604762   -0.5057164199977391
0.45163020649229296  0.3069916416719037   1.248866504220466   0.029727491540345964   -0.20707293899179469   -0.023713436499513667   -0.47471367608049286
0.45263512864367833  0.3097681000070045   1.2235209408151204   0.029527257605296762   -0.2534556340534544   -0.0020023393504920222   -0.4638269506165972
0.45374406667051387  0.31257140277697626   1.1941037736665414   0.030146724477949305   -0.2941716714857891   0.006194668726525448   -0.4071603743233464
0.45498120761104655  0.3154173663538421   1.1607382941734463   0.031032283814743957   -0.33365479493095074   0.008855593367946469   -0.39483123445161716
0.45638008830206106  0.31833757967567294   1.1240619745176745   0.03237979776448889   -0.3667631965577175   0.013475139497449317   -0.3310840162676665
0.4579399350742476  0.32128820744623937   1.0844929707573605   0.033375629122367724   -0.39569003760313926   0.009958313578788439   -0.28926841045421753
0.4596571757022947  0.3242282614810089   1.0421614440463944   0.03404824973765901   -0.42331526710966044   0.006726206152912879   -0.2762522950652123
0.461484697023987  0.3270606004891139   0.9977788718057571   0.033707533932451274   -0.4438257224063744   -0.003407158052077466   -0.20510455296713917
0.4633706188478601  0.3297070338681491   0.9516455533215167   0.03249663175689461   -0.46133318484240554   -0.01210902175556666   -0.17507462436031127
0.4652894937525144  0.33214623241833174   0.9042287043055777   0.031035093792229754   -0.4741684901593895   -0.01461537964664851   -0.12835305316984055
0.46721756880780635  0.33436839000751345   0.8561392125425832   0.029420159363941555   -0.4808949176299444   -0.01614934428288197   -0.06726427470554915
0.4691700690809491  0.33641004790466184   0.8077164633703291   0.028249998735593904   -0.48422749172254015   -0.011701606283476534   -0.03332574092595725
0.47121844304562654  0.338353902554446   0.7592234488158148   0.02823899218926923   -0.48493014554514435   -0.00011006546324675351   -0.007026538226041732
0.47349764903792785  0.34031833806483924   0.7113591325105518   0.03008951117887497   -0.478643163052629   0.01850518989605742   0.06286982492515378
0.47598198974373174  0.3422639039610959   0.6643704130561594   0.03155499231372299   -0.46988719454392314   0.014654811348480231   0.08755968508705837
0.4786343146637236  0.34415362705579705   0.6190514473293218   0.03256667139247783   -0.45318965726837585   0.010116790787548428   0.16697537275547233
0.48139433912064583  0.3459443241853473   0.5755294546355154   0.03290035138503647   -0.435219926938066   0.0033367999255863603   0.17969730330309833
0.4841860572396216  0.34759707526955896   0.5345306929694373   0.03244268207497725   -0.409987616660779   -0.004576693100592204   0.25232310277287096
0.4869697586559831  0.3491039236837647   0.4961477874483201   0.03165372919396165   -0.38382905521117255   -0.007889528810156105   0.2615856144960648
0.4896972870415552  0.3504578132541872   0.4607471324287308   0.03045066183681477   -0.3540065501958945   -0.01203067357146873   0.2982250501527798
0.4923703598601236  0.35168061809181445   0.4290344241681509   0.029394846426362236   -0.3171270826057982   -0.010558154104525352   0.36879467590096343
0.4949804956162679  0.3527874260818623   0.40105919406962154   0.0283510715711699   -0.2797523009852933   -0.010437748551923268   0.3737478162050487
0.4975612579587944  0.3538105481489296   0.3774352042800744   0.02776168768775252   -0.2362398978954721   -0.005893838834173858   0.43512403089821217
0.5002637888548656  0.3548230633313698   0.3584676736258756   0.028859764792684463   -0.18967530654198797   0.01098077104931944   0.4656459135348411
0.5032632957223879  0.35589809697145375   0.34414149459458965   0.031863362621711536   -0.1432617903128594   0.0300359782902707   0.4641351622912859
0.5068020693892447  0.3571298936815659   0.33496846345317105   0.03747031118136253   -0.09173031141418576   0.05606948559650994   0.5153147889867362
0.5110637739159279  0.3585938213594124   0.3308792312820747   0.045061302376561904   -0.04089232171096288   0.07590991195199372   0.5083798970322287
0.5158603047285305  0.3602476299632381   0.33202825002964986   0.05073636835085157   0.011490187475751206   0.05675065974289669   0.5238250918671408
0.5209296603691398  0.36203423834696535   0.3388406855940049   0.053749731280984425   0.06812435564355013   0.030133629301328537   0.5663416816779893
0.5259776515501056  0.36388333108226   0.3511239125951139   0.053759984102329975   0.12283227001109032   0.00010252821345553565   0.547079143675402
0.53099107856931  0.36582185876935447   0.3689599926757483   0.05375159539076171   0.17836080080634342   -8.388711568275171e-05   0.555285307952531
0.5359546634908621  0.36787564900735603   0.39232174355839994   0.053717063969626264   0.2336175088265165   -0.0003453142113544848   0.5525670802017306
0.5408613013055377  0.3700727206090389   0.421002389255849   0.05376078335304135   0.2868064569744901   0.000437193834151068   0.5318894814797362
0.5456785716472696  0.3724301286396142   0.45510422791058336   0.05363158227010546   0.34101838654734523   -0.0012920108293589898   0.5421192957285507
0.5503217796773681  0.37493076831193317   0.49401662019408665   0.05273763322481104   0.38912392283503267   -0.008939490452944277   0.48105536287687467
0.5543916547933783  0.37735595511094605   0.5373899512793584   0.047376591762204705   0.4337333108527182   -0.05361041462606328   0.44609388017685525
0.5575945437470795  0.3794755920663449   0.584618211381414   0.03840749727909041   0.47228260102055625   -0.08969094483114295   0.38549290167838113
0.559703682604558  0.38103098186823753   0.6354222501472773   0.026206304882523405   0.5080403876586318   -0.12201192396567005   0.35757786638075617
0.5607849601611812  0.38192116145384547   0.6887677029310134   0.01400564475163456   0.5334545278373606   -0.12200660130888846   0.2541414017872886
0.5611193886930737  0.3822289495343946   0.7439398984062929   0.004545062656024206   0.5517219547527952   -0.09460582095610354   0.18267426915434404
0.561121620307894  0.38223124742101944   0.8000282671274941   3.2031839858585325e-05   0.5608836872120092   -0.04513030816165621   0.09161732459214109
0.5611222988764364  0.38223203009077356   0.8565197789037745   1.0358702672443916e-05   0.5649151177628079   -0.00021673137186141436   0.04031430550798645
0.5612647382920571  0.3824161403716606   0.9123217468074833   0.002327779685681491   0.558019679037088   0.02317420983009047   -0.06895438725719841
0.5619278312985211  0.38337660057254797   0.9665485605785054   0.011671230152430092   0.5422681377102194   0.09343450466748601   -0.15751541326868573
0.5633393724329234  0.38566603957828755   1.0183004561217048   0.026896057954858766   0.517518955431994   0.15224827802428673   -0.24749182278225404
0.5654526822317972  0.38949676206273187   1.0666688431167366   0.04374987206706272   0.48368386995031826   0.16853814112203946   -0.33835085481675803
0.5678396710094495  0.3943139619838686   1.1107441576347457   0.05376163176916915   0.44075314518008707   0.10011759702106439   -0.4293072477023125
0.5700376324179813  0.39922044339239465   1.149630994962935   0.053762993002256926   0.3888683732818963   1.3612330877695142e-05   -0.5188477189819076
0.5720732188066054  0.40419632471347444   1.1824778538690817   0.053761516782008544   0.3284685890614648   -1.4762202483855336e-05   -0.6039978422043154
0.5739784595556566  0.40922361750931263   1.2085413805611316   0.05376208251819463   0.2606352669205009   5.657361860910626e-06   -0.6783332214096396
0.5757888403662477  0.4142858737957828   1.2273463550161277   0.05376236359133017   0.18804974454995949   2.8107313554567993e-06   -0.7258552237054136
0.5775419390751044  0.4193682664924836   1.2386402332907975   0.053762506085999834   0.11293878274670004   1.4249466965722227e-06   -0.7511096180325945
0.5792764577706133  0.42445703528320744   1.242294008816341   0.05376255472958427   0.03653775525543358   4.864358444016779e-07   -0.7640102749126644
0.581031481192511  0.4295387657153066   1.2382616305951457   0.05376252542053017   -0.040323782211953076   -2.9309054107171033e-07   -0.7686153746738668
0.5828458640514127  0.4345995942439028   1.226556006748221   0.05376241303599533   -0.11705623846924633   -1.12384534839088e-06   -0.7673245625729325
0.584757605824014  0.43962442344496055   1.2072482458464235   0.05376212896166945   -0.1930776090179741   -2.8407432587501656e-06   -0.7602137054872776
0.5868029959856502  0.44459630860593546   1.180508621913008   0.05376175496320828   -0.2673962393341562   -3.739984611717945e-06   -0.74318630316182
0.5890157271208886  0.4494959326397044   1.1466023086855657   0.0537610404932226   -0.33906313227442475   -7.144699856864741e-06   -0.7166689294026863
0.5914238986763368  0.4543027312795581   1.106354785622517   0.05376300159456303   -0.4024752306304852   1.9611013404314316e-05   -0.634120983560605
0.5936727331460041  0.45831784711286955   1.0602379308245513   0.04602000828647478   -0.461168547979657   -0.07742993308088243   -0.5869331734917171
0.5952811775927652  0.46087464902063696   1.0092652341181039   0.03020650515018197   -0.5097269670644737   -0.1581350313629281   -0.48558419084816556
0.5961543102201058  0.46210578864277274   0.9539179718529937   0.015093261258320731   -0.5534726226511018   -0.15113243891861236   -0.43745655586628357
0.596473596070712  0.4625041179246239   0.8951033121330043   0.005104994330823143   -0.5881465971998918   -0.09988266927497588   -0.34673974548789976
0.596587730741686  0.4626298208497335   0.8335945082780767   0.0016978795157324019   -0.615088038549277   -0.034071148150907414   -0.2694144134938516
0.5969215308492325  0.4629535973113832   0.7701560302151552   0.004650308687780399   -0.6343847806292168   0.029524291720479972   -0.19296742079939838
0.5979053913544856  0.46379164987059146   0.7055382357370775   0.012924061226227468   -0.6461779447807763   0.08273752538447066   -0.11793164151559483
0.59987204746793  0.4652573447294226   0.6404686827200131   0.024527530833232312   -0.6506955301706427   0.11603469607004849   -0.04517585389866494
0.60295961595799  0.4672610311032584   0.5756387353596866   0.03680738820604761   -0.6482994736032653   0.12279857372815298   0.02396056567377564
0.6070431361949672  0.4695530685301421   0.5114695092544707   0.046827954356385995   -0.6416922610521583   0.10020566150338384   0.06607212551107146
0.6117346742798341  0.47181278647088093   0.44886682112277837   0.052073846385161875   -0.6260268813169249   0.05245892028775879   0.1566537973523333
0.6166862700080423  0.4738364906095336   0.3879815492634744   0.053491755155732935   -0.6088527185930391   0.014179087705710554   0.1717416272388565
0.6217716269215611  0.47557474015183054   0.32936422831911644   0.05374231704082782   -0.5861732094435793   0.0025056188509489435   0.2267950914945975
0.6269482789404817  0.4770260754815334   0.2733441420341023   0.05376253376119727   -0.5602008628501414   0.00020216720369441797   0.25972346593438195
0.6321940812076332  0.4781990685971767   0.21998726372829014   0.053753468981451974   -0.5335687830581216   -9.064779745289602e-05   0.2663207979201959
0.6374917554148838  0.4791074148982723   0.16981010367973326   0.0537498325661407   -0.5017716004855689   -3.636415311268748e-05   0.3179718257255268
0.642821666953778  0.4797642671805956   0.12262058595876833   0.053702338806825886   -0.4718951772096497   -0.0004749375931482123   0.2987642327591934
0.6481590543278696  0.4801839836107577   0.0784755632315783   0.05353864572704527   -0.4414502272719003   -0.0016369307978061822   0.30444949937749327
0.6534774798230738  0.48038482771543345   0.037745891416127254   0.05322216465197661   -0.4072967181545106   -0.0031648107506866306   0.3415350911738972
0.6587566647910676  0.4803855862077338   0.00014367602193460655   0.05279185022482448   -0.3760221539419265   -0.004303144271521237   0.3127456421258411
0.6639186759543383  0.48020970357232556   -0.03405932579879232   0.051650066748426156   -0.3420300182072692   -0.011417834763983295   0.33992135734657186
0.6690096622957087  0.47987740266364376   -0.06517994116686243   0.05101819853927712   -0.31120615368070104   -0.006318682091490299   0.30823864526568207
0.674053204367248  0.4794059301085398   -0.09320956754908612   0.050655308702646486   -0.2802962638222368   -0.0036288983663063327   0.3090988985846416
0.6791062807333186  0.47880597095240013   -0.11817821088380892   0.05088568732991308   -0.249686433347228   0.0023037862726659007   0.3060983047500888
0.6841037082659436  0.47810111562829616   -0.14011936336684766   0.05046890425970696   -0.21941152483038728   -0.0041678307020611765   0.30274908516840726
0.689038677966145  0.47730943504568507   -0.1590672691723175   0.04998068035430205   -0.18947905805469872   -0.004882239054049104   0.299324667756886
0.6939038224644778  0.476448961690545   -0.17505458815575997   0.04940652323789285   -0.15987318983442494   -0.00574157116409201   0.29605868220273734
0.6986874745293119  0.4755383436500954   -0.18810979057784225   0.04869553603050746   -0.1305520242208226   -0.007109872073853863   0.2932116561360238
0.7033832915730506  0.47459498255041505   -0.19825495162505347   0.04789637551282581   -0.10145161047211204   -0.007991605176816588   0.2910041374871055
0.7080022905497715  0.4736321676820879   -0.2055039908218983   0.04718279773139785   -0.07249039196844825   -0.007135777814279583   0.28961218503663777
0.7125822955510577  0.4726566399453199   -0.20986095780502656   0.04682744940417901   -0.04356966983128243   -0.0035534832721883748   0.2892072213716582
0.717187519688837  0.4716687191882616   -0.211318998773443   0.04709997535181331   -0.014580409684164679   0.0027252594763430217   0.2898926014711775
0.7218936934940151  0.47066632439427286   -0.20985963031286187   0.04811742637294639   0.014593684605811306   0.010174510211330862   0.2917409428997599
0.7267609016818691  0.46965203302229674   -0.20545242671962283   0.04971770563006616   0.04407203593239069   0.016002792571197598   0.29478351326579383
0.7318056146051343  0.46863962731199243   -0.198055555479036   0.05145298222689682   0.07396871240586762   0.01735276596830667   0.29896676473476946
0.7369908105263742  0.46765521682445726   -0.18761736280643623   0.05277814012411972   0.10438192672599787   0.013251578972228938   0.3041321432013024
0.7422488275271567  0.4667305477152085   -0.17407892684142837   0.05338703563798849   0.13538435965007925   0.00608895513868781   0.3100243292408135
0.7475230891849627  0.4658935753751617   -0.15737765586064492   0.05340258302086582   0.16701270980783364   0.00015547382877319929   0.31628350157754415
0.7527869275980272  0.46516545833241435   -0.1374521290845084   0.0531395796622382   0.19925526776136576   -0.0026300335862762046   0.32242557953532114
0.7579797138970453  0.4645696028433442   -0.11424710129842859   0.05226860751074633   0.2320502778607979   -0.008709721514918774   0.32795010099432176
0.7630682304710387  0.4641220967213749   -0.08771863838285919   0.05108156482822792   0.265284629155694   -0.011870426825184084   0.33234351294896086
0.7680591368107108  0.4638331077292973   -0.05783852658848963   0.04999266019019278   0.2988011179436957   -0.010889046380351356   0.3351648878800171
0.7729888214491146  0.4637118234226216   -0.0245978907999707   0.04931176382686161   0.3324063578851893   -0.006808963633311725   0.3360523994149359
0.7779003273348305  0.4637707127670636   0.011989504652746372   0.04911858916979484   0.36587395452717075   -0.0019317465706676354   0.3346759664198149
0.782825164841292  0.46402646413724635   0.05188431819635429   0.04931473737981554   0.39894813543607915   0.0019614821002069535   0.33074180908908374
0.787775889515187  0.4644982960942012   0.09501863821841307   0.04973157969772785   0.4313432002205879   0.004168423179123195   0.3239506478450868
0.7927422056489093  0.4652047106603013   0.14129333908153585   0.050163051620957896   0.4627470086312275   0.004314719232300367   0.31403808410639655
0.7976913589904826  0.46615948544119534   0.19057559772394156   0.05040408086716475   0.4928225864240576   0.00241029246206858   0.30075577792830116
0.8025660813373257  0.46736635510416247   0.2426969977758571   0.050218972851107206   0.5212140005191553   -0.0018510801605754984   0.28391414095097645
0.8072778556785446  0.4688107372499115   0.2974527012113502   0.04928190055743308   0.547557034354931   -0.009370722936741257   0.2634303383577554
0.8117071677888322  0.4704506969440982   0.3546011645280427   0.04723163512826708   0.5714846331669245   -0.020502654291659934   0.23927598811993941
0.8157327047188463  0.472218851385592   0.4138653025384249   0.043967394400716724   0.5926413801038222   -0.03264240727550362   0.21156746936897475
0.8192603939837195  0.47403275280205903   0.4749348067343763   0.03966715252972308   0.6106950419595147   -0.043002418709936444   0.18053661855692515
0.8222473929640894  0.47581213170767594   0.5372575714377109   0.03476830769319292   0.6232276470333465   -0.04898844836530154   0.12532605073831707
0.8247224983410947  0.4775083094939819   0.6007886328186507   0.03000527571950874   0.6353106138093992   -0.04763031973684181   0.12082966776052621
0.8267888359341751  0.4791280090659318   0.6648157662832415   0.02625486193441496   0.6402713346459064   -0.037504137850937806   0.049607208365074096
0.8286011122459387  0.48074736164531   0.7292379925419082   0.02430359686655126   0.6442222625866679   -0.019512650678636945   0.03950927940761573
0.8303304257316851  0.4825049273440516   0.7935004213986737   0.02465676847719133   0.6426242885676539   0.0035317161064006013   -0.015979740190141378
0.8320993781247167  0.48454804767768656   0.8571955028822646   0.027025049984272506   0.6369508148359097   0.0236828150708118   -0.05673473731744281
0.8339671750707975  0.48700122304853843   0.9200521555725327   0.030832993419295504   0.6285665269026798   0.038079434350230035   -0.08384287933229861
0.8359213034135672  0.4899231021671164   0.9813240267451413   0.03515109552147322   0.612718711726086   0.04318102102177708   -0.15847815176593744
0.8378984417052437  0.4932985013628057   1.0409210602693448   0.03911827648896843   0.5959703352420366   0.03967180967495213   -0.16748376484049587
0.8398184989797148  0.49705506159591084   1.0982914553586516   0.04218810818488612   0.5737039508930658   0.030698316959176842   -0.2226638434897067
0.8416212845884886  0.5011169338906856   1.1530842139428576   0.044439669767292585   0.5479275858420584   0.02251561582406476   -0.2577636505100744
0.8432406361298519  0.5053462539302396   1.2051290437765667   0.04528735740964455   0.5204482983370934   0.008476876423519587   -0.27479287504965033
0.8446317372350678  0.509586774752964   1.253808657763492   0.044628666945015605   0.4867961398692504   -0.006586904646289441   -0.3365215846784288
0.8457835040916971  0.513721651177136   1.2991333807304066   0.04292291921014054   0.4532472296691455   -0.017057477348750662   -0.3354891020010493
0.8467223229310455  0.51772920390117   1.3406834978643662   0.04116049033846498   0.41550117133959635   -0.017624288716755677   -0.3774605832954905
0.8475060333024357  0.5217494287847562   1.3782689990595929   0.04095901617572192   0.37585501195226667   -0.0020147416274305463   -0.3964615938732984
0.8481696992508158  0.5258866100637353   1.4117364464565962   0.04190074155211799   0.3346744739700336   0.009417253763960753   -0.41180537982233045
0.8487349103763128  0.5302157626479039   1.4409713584540642   0.04365893461068443   0.2923491199746815   0.017581930585664318   -0.42325353995352
0.8492153718836002  0.5347793479521282   1.4659011600797422   0.0458880748004496   0.24929801625678247   0.02229140189765183   -0.43051103717899086
0.8496212146531772  0.5395822653117996   1.4864973612762276   0.048200335597848254   0.20596201196485242   0.023122607973986478   -0.4333600429192999
0.8499622311333525  0.5445880717880499   1.502777236510104   0.05017408765231255   0.16279875233876387   0.01973752054464295   -0.4316325962608863
0.8502498915063229  0.5497203234509205   1.5148053651112507   0.05140306957878626   0.12028128601146926   0.012289819264737028   -0.42517466327294595
0.8504980982226902  0.5548763504130523   1.5226943182485888   0.05161997734238103   0.07888953137338149   0.0021690776359478323   -0.41391754638087735
0.8507221115015932  0.5599421977822673   1.5266048186004697   0.05070797917222467   0.039105003518805095   -0.009119981701563636   -0.39784527854576396
0.8509354549897177  0.5647821515847499   1.5267451888926604   0.048446535742084317   0.0014037029219061143   -0.022614434301403533   -0.37701300596898996
0.8511467835937407  0.5692348017380541   1.5233706066133978   0.04457662298402419   -0.033745822792625314   -0.03869912758060125   -0.35149525714531427
0.851358466756095  0.573149947402102   1.5167811588275701   0.039208641052625656   -0.06589447785827647   -0.05367981931398538   -0.3214865506565116
0.8515677454468552  0.5764424293760472   1.5073191290886203   0.03299126417578097   -0.09462029738949933   -0.06217376876844686   -0.28725819531222857
0.8517718713130333  0.5791434212892742   1.4953653080998972   0.02708694276687679   -0.11953820988723109   -0.05904321408904184   -0.24917912497731742
0.8519768025555606  0.5814280183541894   1.4813344970171949   0.022937699455664384   -0.14030811082702413   -0.04149243311212402   -0.20769900939793046
0.8522068755802424  0.583608492556544   1.4656701812280273   0.02192578697292256   -0.15664315789167493   -0.010119124827418191   -0.16335047064650804
0.8525105207645437  0.5860886783108474   1.4489741611599367   0.024987040188463174   -0.1669602006809058   0.03061253215540607   -0.10317042789230854
0.8529571564409004  0.589272480739797   1.4314221215859582   0.03214977656839895   -0.17552039573978373   0.07162736379935782   -0.08560195058877924
0.8536138848246185  0.5934210779623086   1.413797789084181   0.042002560736949184   -0.1762433250177721   0.0985278416855023   -0.007229292779884168
0.8544996005957708  0.5984544415602325   1.3966106452987281   0.05110698732675922   -0.17187143785453038   0.09104426589810038   0.043718871632417666
0.8555187931630371  0.6037324229197206   1.3800414757517623   0.05375485161385395   -0.1656916954696567   0.026478642870947332   0.061797423848736655
0.8566179036773789  0.6089950139344856   1.3649024672484358   0.053761424935935616   -0.15139008503326526   6.573322081655958e-05   0.1430161043639144
0.8577878947871277  0.614242251016684   1.351412244547038   0.0537609302316149   -0.1349022270139781   -4.947043207182284e-06   0.1648785801928716
0.859016263561941  0.6194761655711438   1.3402742933986753   0.05376127919825185   -0.11137951148362721   3.489666369618622e-06   0.23522715530350888
0.8602904789361541  0.6246991551428256   1.3315077171500527   0.05376173814691709   -0.08766576248622633   4.589486652321664e-06   0.23713748997400882
0.8615950064245048  0.6299146284208579   1.3256987145870822   0.05376146713188973   -0.058090025629705645   -2.7101502736306307e-06   0.2957573685652069
0.8629135940402389  0.6351265262255764   1.3230001959650146   0.05376109376416843   -0.02698518622067534   -3.7336772130075875e-06   0.31104839409030305
0.8642316691728403  0.6403384883386617   1.323095545275153   0.05376046049227892   0.0009534931013830353   -6.332718894996948e-06   0.2793867932205837
0.8655334759668029  0.6455546799730612   1.3262220770126907   0.05376184157521601   0.03126531737538135   1.3810829370830829e-05   0.3031182427399831
0.8667896465794762  0.6507190551176858   1.3321922597157776   0.05314953926663992   0.059701827030871436   -0.006123023085760904   0.284365096554901
0.8678166686183814  0.6550972764140014   1.3403869937004966   0.04497065263914785   0.08194733984718966   -0.08178886627492074   0.22245512816318222
0.868576932641256  0.6584969311340919   1.3507864656427777   0.03483626501264212   0.10399471942281113   -0.10134387626505727   0.2204737957562147
0.8691386066404408  0.6611561830984141   1.3626407013700579   0.027179217595640227   0.11854235727279898   -0.07657047417001893   0.14547637849987863
0.869621390709809  0.6635973573032999   1.375548655427403   0.0248845573724664   0.1290795405734535   -0.02294660223173824   0.10537183300654533
0.8701066737408691  0.6662386277901982   1.3890919309759988   0.02685481224137466   0.13543275548595585   0.019702548689082534   0.06353214912502345
0.8706314088889712  0.669333467180937   1.402841951337566   0.031390090522522986   0.13750020361567236   0.045352782811483264   0.02067448129716522
0.8711949619514952  0.6729536923587169   1.4163678054696975   0.03663826195674703   0.13525854132131518   0.05248171434224043   -0.022416622943572214
0.8717756316503948  0.6770284645388661   1.4292457627581545   0.04115937999938626   0.12877957288456957   0.04521118042639229   -0.06478968436745605
0.8723489229164523  0.6814228770707147   1.4410698428429278   0.04431650299358698   0.11824080084773203   0.031571229942007124   -0.1053877203683754
0.8728985599215143  0.6860068588975262   1.451462200777885   0.046168160268601446   0.10392357934957284   0.018516572750144764   -0.14317221498159186
0.8734182758031507  0.6906818719201661   1.4600820585120042   0.04703812428177472   0.08619857734119159   0.008699640131732703   -0.17725002008381244
0.8739093841492058  0.6953795811790469   1.4666326068617785   0.04723310246907374   0.06550548349774031   0.0019497818729902244   -0.2069309384345128
0.8743782155583597  0.7000555303715846   1.4708658632156555   0.046993939759721895   0.04233256353877165   -0.0023916270935184242   -0.2317291995896866
0.8748346723226085  0.7046883262434926   1.4725860270552624   0.046552282831668436   0.01720163839606765   -0.004416569280534653   -0.2513092514270401
0.8752916619074521  0.7092825398116999   1.4716517729242098   0.04616886157460878   -0.009342541310526354   -0.0038342125705963944   -0.26544179706594007
0.8757649549549082  0.7138694866900466   1.4679776006442178   0.04611300030744574   -0.03674172279992046   -0.0005586126716306886   -0.2739918148939411
0.8762728975814371  0.7184998615029055   1.4615352483092665   0.04658151631216399   -0.0644235233495132   0.004685160047182629   -0.27681800549592744
0.8768352265790451  0.7232253714552049   1.4523547167715862   0.04758850513604431   -0.09180531537680188   0.010069888238803228   -0.2738179202728867
0.8774705245100094  0.7280744711187136   1.440524712116149   0.04890538928147596   -0.11830004655437242   0.013168841454316595   -0.2649473117757053
0.8781926729050105  0.7330336071130369   1.426192920882891   0.050114397247293184   -0.1433179123325795   0.012090079658172211   -0.2501786577820709
0.8790075268414083  0.7380436904556893   1.4095653082827224   0.05075915881689234   -0.16627612600168454   0.006447615695991528   -0.22958213669105038
0.8799107525247786  0.7430103491957483   1.390904466822517   0.050481200139561845   -0.18660841460205488   -0.0027795867733049844   -0.20332288600370343
0.8808870908339476  0.7478200972495009   1.3705259190731953   0.049078419732637095   -0.20378547749321652   -0.01402780406924744   -0.17177062891161612
0.8819131831088411  0.7523658861139092   1.3487931646850808   0.046601568381735264   -0.21732754388114323   -0.024768513509018358   -0.13542066387926774
0.8829652846888791  0.7565795320641238   1.326110271138542   0.04343009317106959   -0.22682893546538804   -0.03171475210665672   -0.09501391584244782
0.8840287180571513  0.7604538667295213   1.3029121824044902   0.04017631096586055   -0.23198088734051428   -0.03253782205209038   -0.05151951875126235
0.885104709849602  0.7640445879055254   1.2796524375056202   0.03748471275230273   -0.23259744898870097   -0.02691598213557819   -0.006165616481867026
0.8862122530333937  0.7674550336450561   1.2567903141304098   0.03585776351955796   -0.22862123375210985   -0.01626949232744769   0.03976215236591133
0.8873847769942497  0.7708121949355722   1.2347804220804326   0.03556029298152809   -0.22009892049977295   -0.002974705380298726   0.085223132523369
0.8886626425819394  0.7742411059614419   1.2140665496081886   0.03659285624754122   -0.20713872472243833   0.010325632660131312   0.12960195777334632
0.890083893683473  0.777842605273112   1.1949298742467243   0.038717892485997225   -0.19136675361464348   0.02125036238456003   0.15771971107794872
0.8916752630038569  0.7816745712822618   1.1771805436972784   0.041492673822182004   -0.17749330549445635   0.027747813361847787   0.1387344812018709
0.8934365449145479  0.785739125261175   1.161893637582095   0.04429753155247535   -0.152869061151832   0.028048577302933444   0.24624244342624366
0.8953248184573149  0.7899519007926159   1.1494190313736132   0.04616606399794194   -0.12474606208481778   0.01868532445466589   0.2812299906701422
0.8972439990888528  0.7941282650300507   1.1400424142036518   0.04596223726081431   -0.09376617169961432   -0.0020382673712762396   0.30979890385203457
0.8989613905975967  0.7977998904998329   1.133282464072469   0.040534265979118134   -0.06759950131182887   -0.054279712816961805   0.2616667038778546
0.9  0.8   1.1297399413531681   0.02432938820333616   -0.03542522719300801   -0.16204877775781976   0.3217427411882085
0.9  0.8   1.1297399413531681   0.0   -2.834096543073488e-22   -0.24329388203336158   0.35425227193008013
