0.1  0.1   3.3599413864034458   1.4411858103237805e-29   -5.99776211511875e-23   0.0   0.0
0.09706949141009617  0.09936657080743753   3.354467665443732   0.029981849738617665   -0.05473720959713158   0.2998184973861766   -0.5473720959713159
0.0920607441246873  0.09834126455515749   3.343506337713744   0.05112612079950448   -0.10961327729988198   0.21144271060886818   -0.5487606770275041
0.08677850679307071  0.09735019636107146   3.3270592369022904   0.05374406701474399   -0.16447100811453866   0.02617946215239515   -0.5485773081465668
0.08147581486113757  0.09647500706147867   3.305164274504777   0.05374430019556542   -0.21894962397513498   2.331808214183264e-06   -0.5447861586059635
0.07615141745081558  0.09574472130068579   3.2779005264601535   0.05374246465827591   -0.2726374804462327   -1.8355372895064056e-05   -0.5368785647109774
0.07080627503654219  0.09518790824792273   3.2453900623201806   0.05374066263509569   -0.32510464139972745   -1.8020231802172712e-05   -0.5246716095349474
0.06544409452401259  0.09483238028698941   3.2077986223378945   0.053739538498165075   -0.3759143998228605   -1.124136930615445e-05   -0.5080975842313306
0.060072066224294764  0.09470480399930152   3.1653364436840583   0.053735429431753266   -0.42462178653836774   -4.109066411812366e-05   -0.48707386715507184
0.05470060188871473  0.09483016526818354   3.1182585108126424   0.05372927000820319   -0.4707793287141563   -6.15942355007388e-05   -0.46157542175788524
0.04934335473700797  0.0952312549781628   3.0668634506587322   0.053722406870803395   -0.5139506015391022   -6.863137399793516e-05   -0.4317127282494599
0.04401775827139723  0.09592805665266298   3.0114915816508807   0.05370987831685328   -0.5537186900785158   -0.00012528553950114094   -0.3976808853941351
0.03874527064449232  0.09693698349993662   2.952521418364468   0.053681523040069276   -0.5897016328641262   -0.00028355276784008336   -0.3598294278561052
0.03375242962743433  0.09821839711048463   2.890364845138567   0.051546563671028944   -0.6215657322590096   -0.021349593690403318   -0.3186409939488324
0.029282699754304732  0.09968045446528959   2.82546078937832   0.047027754408951246   -0.649040557602469   -0.04518809262077698   -0.2747482534345955
0.025532467846578425  0.10119281890663412   2.7582685623296723   0.040436970169848034   -0.6719222704864758   -0.0659078423910321   -0.2288171288400674
0.022612004204581454  0.102611972477889   2.6892607578033263   0.03247014743272921   -0.6900780452634626   -0.07966822737118814   -0.18155774776986905
0.02052499556404723  0.10381433965921946   2.6189171565632585   0.02408587117877427   -0.7034360124006783   -0.08384276253954949   -0.1335796713721558
0.01916540705302142  0.10473239768974114   2.547673336314497   0.016405217056530353   -0.7124382024876097   -0.0768065412224392   -0.09002190086931447
0.01833502342573427  0.10538423734156993   2.47607377538263   0.010556665667543107   -0.7159956093186758   -0.058485513889872436   -0.03557406831066083
0.017776954456436945  0.10589074583568966   2.4045894805305656   0.00753652326413187   -0.7148429485206425   -0.03020142403411237   0.011526607980332355
0.017223139092706605  0.1064700543320375   2.3337001860988877   0.008014423192248973   -0.7088929443167789   0.004778999281171035   0.05950004203863773
0.01645098032920003  0.10739976208707902   2.2638833567390186   0.012085469233109379   -0.6981682935986913   0.04071046040860406   0.10724650718087535
0.015318240538258669  0.10897037995814486   2.195613500509007   0.019364761632649278   -0.6826985623001169   0.072792923995399   0.15469731298574307
0.01378623236892822  0.11142177845756729   2.1293616450467434   0.028907444774427568   -0.6625185546226359   0.0954268314177829   0.20180007677481004
0.011905800706262706  0.11490686639723025   2.065592779329075   0.039600329777842856   -0.6376886571766835   0.10692885003415288   0.2482989744595237
0.009855709161179785  0.11933067516210062   2.0047559905158896   0.04875752181085951   -0.6083678881318555   0.09157192033016652   0.2932076904482815
0.007880342913489167  0.12432754819989679   1.9472621369060272   0.05373156611189536   -0.5749385360986244   0.049740443010358584   0.3342935203323094
0.006176030053097507  0.1294249000633567   1.8934639425856097   0.053747258856628635   -0.5379819432041745   0.0001569274473326869   0.36956592894450013
0.004727655453478334  0.13460096967649304   1.8436393265621873   0.05374894010197375   -0.49824616023422336   1.681245345113535e-05   0.3973578296995115
0.00351698532890782  0.13983797938194772   1.7979811920139988   0.05375127236219991   -0.45658134548188634   2.3322602261678833e-05   0.41664814752337015
0.0025240454020593723  0.14512070549698403   1.756588384211686   0.05375232544254837   -0.41392807802312415   1.0530803484483956e-05   0.426532674587622
0.0017278904542852977  0.1504366998886135   1.7194573663365247   0.053752822319112804   -0.37131017875161615   4.968765644381858e-06   0.4261789927150795
0.0011074662150580632  0.15577609723751554   1.6864749911713954   0.053753223425281986   -0.32982375165129285   4.011061691843285e-06   0.4148642710032332
0.0006424499002867361  0.16113131017577667   1.657413387105273   0.05375364712010052   -0.2906160406612223   4.236948185343948e-06   0.3920771099007057
0.0003140581055950038  0.1664966790203747   1.631925888411671   0.05375409194601313   -0.25487498693601957   4.448259126059635e-06   0.35741053725202726
0.0001058260758214235  0.17186809802943182   1.6095435943642002   0.053754537249504186   -0.22382294047470838   4.453034910611359e-06   0.3105204646131119
4.3581085806743475e-06  0.1772426382875665   1.5896734603742655   0.05375497998761273   -0.1987013398993484   4.427381085324138e-06   0.2512160057535995
6.017563441679509e-08  0.18261818042646255   1.5715958614128713   0.05375543857069241   -0.18077598961393998   4.5858307968534015e-06   0.17925350285408417
8.768384408397327e-05  0.18799289669471117   1.5544948324885683   0.05375430482431026   -0.17101028924303058   -1.1337463821480872e-05   0.09765700370909407
0.0002662724621392611  0.19336520435613083   1.5375661230938256   0.05375275202577783   -0.16928709394742752   -1.5527985324250663e-05   0.017231952956030465
0.0005384908453249304  0.19873337426206178   1.5201300079195397   0.05375067533258252   -0.17436115174285807   -2.0766931953146603e-05   -0.05074057795430524
0.0009099312490892627  0.20409535794622738   1.5016338709384476   0.05374833672106207   -0.18496136981092062   -2.3386115204529336e-05   -0.10600218068062539
0.0013883924564229197  0.20944806250058098   1.4816464447575306   0.053740460709897894   -0.1998742618091733   -7.876011164174972e-05   -0.14912891998252736
0.0019831135957976195  0.21478661401895677   1.4598525461469352   0.05371575704388025   -0.217938986105953   -0.00024703666017642195   -0.18064724296779638
0.0026773441342923805  0.21990740700623962   1.4360469550617383   0.051676374543096516   -0.23805591085196737   -0.02039382500783733   -0.20116924746014408
0.003447771606655691  0.22466121281750054   1.4101278638901042   0.04815830995928974   -0.25919091171634084   -0.03518064583806781   -0.21135000864373477
0.004299480339084894  0.2291208883929765   1.3820887194430043   0.04540276864178306   -0.2803914444710008   -0.02755541317506678   -0.21200532754659898
0.005264700761313046  0.23346196993299614   1.3520098028855583   0.04447093365400097   -0.3007891655744573   -0.009318349877820868   -0.20397721103456493
0.006387012855133305  0.2378436384222746   1.320049055530289   0.04523118745497515   -0.3196074735526931   0.0076025380097417316   -0.18818307978235815
0.007696616407137487  0.2423242192312969   1.286433075211819   0.04668047327266615   -0.3361598031847035   0.014492858176909984   -0.1655232963201047
0.009188160377589636  0.24683494918229515   1.2514485020125932   0.04750935498049288   -0.3498457319922572   0.008288817078267395   -0.136859288075537
0.010812397095284731  0.2512115278605151   1.2154314635024568   0.04668252975338657   -0.36017038510136257   -0.00826825227106318   -0.10324653109105364
0.01248544927290092  0.25525815591464773   1.178754689774752   0.043788471310974124   -0.3667677372770491   -0.028940584424124467   -0.06597352175686469
0.014115535611366796  0.2588219708760289   1.141806235006059   0.039189231365028256   -0.36948454768693056   -0.045992399459458586   -0.027168104098815465
0.0156355752339616  0.2618464457427003   1.1050871008889889   0.033849621376589964   -0.3671913411707022   -0.053396099884383   0.022932065162284482
0.017024396612016605  0.2643772536351131   1.0689010018911311   0.028868344961985253   -0.3618609899785763   -0.04981276414604708   0.053303511921259025
0.01830896877855454  0.2665345566145782   1.0337270414813824   0.02510793061216505   -0.351739604097485   -0.03760414349820207   0.10121385881091241
0.019548141587140667  0.2684638756937109   0.9998637517664367   0.022929939726576986   -0.3386328971494572   -0.021779908855880586   0.131067069480278
0.02081050882904048  0.270296723170606   0.967663059276988   0.02225511385498309   -0.32200692489448796   -0.006748258715938981   0.16625972254969257
0.022160909625876236  0.27213609035545766   0.9375062510788923   0.022818531838844674   -0.3015680819809571   0.005634179838615824   0.20438842913530905
0.02365048806182878  0.2740508024192104   0.90963668865792   0.02425894928461505   -0.27869562420972394   0.014404174457703766   0.2287245777123316
0.025314996380963312  0.276082305294755   0.8843685129987244   0.026263266890875808   -0.25268175659195535   0.020043176062607613   0.26013867617768616
0.02718228463508975  0.27825957915101934   0.8618911838151365   0.028683247496004836   -0.22477329183587988   0.02419980605129026   0.279084647560754
0.029279407722293954  0.28061058620725976   0.8424128646391087   0.03150422102096402   -0.19478319176027714   0.02820973524959187   0.29990100075602744
0.03163734176572579  0.2831684519464878   0.8260470048674793   0.03478869082488067   -0.16365859771629426   0.03284469803916649   0.3112459404398287
0.03428110282154348  0.285961765299632   0.8128972533552804   0.038460462827574184   -0.13149751512198862   0.03671772002693513   0.32161082594305634
0.03721099565472598  0.2889965005665787   0.8029737165591367   0.04218280473650844   -0.09923536796143805   0.03722341908934258   0.32262147160550586
0.04038088179467689  0.2922359134725995   0.7962455335363606   0.04532325464476977   -0.06728183022775992   0.03140449908261334   0.3195353773367813
0.043689497932258695  0.295592769189011   0.792635270940498   0.04713323779104485   -0.03610262595862664   0.018099831462750706   0.3117920426913327
0.046992825092844775  0.2989400007828374   0.7919996832206314   0.04702757666792482   -0.006355877198665141   -0.0010566112312002786   0.29746748759961505
0.05013778400718678  0.3021404868326482   0.794148647960711   0.04487078952718873   0.021489647400795547   -0.021567871407360936   0.27845524599460686
0.05300269505361562  0.30508346415898896   0.79883877622469   0.04107168227295505   0.0469012826397897   -0.03799107254233674   0.2541163523899415
0.05552470955498307  0.30771056891767506   0.8058046958835806   0.03641735377291826   0.06965919658890718   -0.04654328500036799   0.22757913949117484
0.05770723815928252  0.31002519095541875   0.8147624154559108   0.031813371852404966   0.08957719572329974   -0.04603981920513297   0.1991799913439255
0.059604771322912635  0.31208092127920106   0.8253936756547912   0.027976167127028266   0.10631260198880578   -0.038372047253766924   0.1673540626550604
0.061298686675854856  0.3139607815553487   0.8373816733395504   0.02530459223297465   0.11987997684759147   -0.026715748940536143   0.135673748587857
0.06287441142517093  0.31575587330304106   0.8503848206522409   0.02388569209430737   0.13003147312690408   -0.014189001386672796   0.10151496279312612
0.06441019098440041  0.31755455371075886   0.8640790040274706   0.02365136373162216   0.136941833752298   -0.002343283626852143   0.06910360625393913
0.06596697547340731  0.3194305682552388   0.8781255774987448   0.024378286478571046   0.14046573471274218   0.007269227469488884   0.035239009604441915
0.06758980946735096  0.3214431292904466   0.892193782175464   0.02585341774763205   0.14068204676719173   0.014751312690610044   0.002163120544495723
0.06930483738106406  0.32363104338421933   0.9059719111242737   0.027799800047022736   0.13778128948809776   0.019463822993906872   -0.029007572790939736
0.071125176103348  0.32601733306554403   0.9191330363678295   0.030013349541567688   0.13161125243555713   0.022135494945449474   -0.061700370525406494
0.07305666599671089  0.3286147220798207   0.9313861099166945   0.03236832232236917   0.12253073548864991   0.02354972780801478   -0.09080516946907219
0.0751025192400511  0.33143037447653123   0.9424401319441295   0.034804330064501184   0.11054022027435004   0.02436007742132018   -0.11990515214299875
0.0772662490236607  0.33446910057837165   0.9520277503360699   0.03730359620530645   0.09587618391940433   0.024992661408052678   -0.14664036354945714
0.07954379631629246  0.3377215804646422   0.9599029574312139   0.03970623009147129   0.07875207095144039   0.024026338861648396   -0.17124112967963934
0.0819248034917208  0.34116516805264135   0.965843771211076   0.0418658460390605   0.059408137798619955   0.021596159475892166   -0.19343933152820442
0.08439360129823686  0.34476497457640093   0.9696547340280148   0.04365039474960203   0.038109628169389786   0.01784548710541523   -0.2129850962923016
0.08692990069264246  0.3484752377905587   0.9711687924394502   0.04494315046410795   0.015140584114352602   0.01292755714505913   -0.22969044055037188
0.08950914365694801  0.35224088071344783   0.9702487815897856   0.04564270028342373   -0.00920010849664629   0.006995498193157864   -0.2434069261099889
0.09210258562008541  0.3559992920880151   0.9667884535318404   0.04566354922324657   -0.03460328057945135   0.00020848939822840193   -0.2540317208280506
0.09467744961218057  0.3596827036825917   0.960712768817738   0.04494156823348436   -0.06075684714102387   -0.007219809897622088   -0.2615356656157252
0.09719779929450886  0.36322188831985874   0.9519775801921713   0.04344880944039686   -0.08735188625566694   -0.014927587930874932   -0.2659503911464306
0.0996270455076874  0.3665520715050196   0.9405688194840014   0.04122057400251781   -0.11408760708169988   -0.02228235437879057   -0.2673572082603294
0.10193251413627985  0.36962115699154696   0.9265335734424757   0.03838550679753619   -0.1403524604152562   -0.028350672049816193   -0.26264853333556326
0.10409155342442063  0.3723979182029925   0.9099021422861113   0.035173645635794025   -0.1663143115636446   -0.03211861161742162   -0.2596185114838839
0.10609766861440119  0.37487841381780596   0.89073924452067   0.03190196961094921   -0.19162897765441306   -0.032716760248448114   -0.2531466609076845
0.1079649303266006  0.37708786903678837   0.8691403588658109   0.028928115504703308   -0.2159888565485917   -0.0297385410624591   -0.24359878894178663
0.10972915183438646  0.37907681442156826   0.8452025649133816   0.026586427500082686   -0.23937793952429226   -0.0234168800462062   -0.23389082975700545
0.11143934443245053  0.38090613984839256   0.8190433861939582   0.025042344618064497   -0.26159178719423243   -0.0154408288201819   -0.22213847669940137
0.11314876319867301  0.3826341101520662   0.79079509605694   0.024306365192458657   -0.2824829013701833   -0.007359794256058388   -0.20891114175950876
0.11491030934728484  0.3843103808464191   0.7605981304739274   0.024316513472197196   -0.3019696558301251   0.0001014827973853738   -0.1948675445994178
0.11676849168052429  0.38596862010730915   0.7285995090019098   0.024905017626816416   -0.3199862147201771   0.0058850415461922   -0.18016558890052034
0.11875475905672002  0.38762454133291174   0.6949457539867697   0.02585987856727176   -0.33653755015140047   0.009548609404553463   -0.16551335431223407
0.12088549050419897  0.38927754413230914   0.6598042131262059   0.026967452152718265   -0.3514154086056389   0.011075735854465035   -0.14877858454238468
0.123163596145683  0.39091533458263994   0.6233156799732811   0.02805730363551719   -0.3648853315292474   0.010898514827989245   -0.13469922923608413
0.12558547228320943  0.392521664382331   0.585639352045855   0.029061623235627644   -0.376763279274261   0.010043196001104537   -0.11877947745013606
0.12814518642342346  0.39408035337805547   0.5469604615140202   0.029969397499789864   -0.38678890531834814   0.00907774264162219   -0.10025626044087174
0.1308456293842143  0.39558174301811067   0.5074220395614009   0.030897512902739864   -0.3953842195261935   0.009281154029500027   -0.08595314207845389
0.13371086747688268  0.3970269768081926   0.46716355148187405   0.03209094893528809   -0.40258488079526805   0.01193436032548229   -0.07200661269074511
0.13679264013246076  0.3984268169278158   0.42636777920331326   0.033848005940048005   -0.40795772278560766   0.017570570047599123   -0.05372841990339609
0.14017196408232568  0.39979688924138984   0.38517685130664675   0.03646495372621893   -0.41190927896666535   0.026169477861709284   -0.039515561810576874
0.14392213805032283  0.40113915745408535   0.34371440695723415   0.03983150605369603   -0.4146244434941256   0.03366552327477092   -0.0271516452746025
0.14810093166534072  0.402441487192034   0.30211220320467885   0.04377028538090595   -0.4160220375255529   0.0393877932720993   -0.013975940314272907
0.15272592134259297  0.40367403839711113   0.2604450587967893   0.04786409091148319   -0.4166714440788954   0.040938055305772394   -0.006494065533424773
0.15775244100495903  0.40479197714442305   0.2188460807851562   0.05149338497214381   -0.41598978011633164   0.036292940606606185   0.0068166396256371204
0.16303210241239766  0.4057384855251196   0.17739006687784736   0.05363832835941631   -0.4145601390730882   0.021449433872724962   0.014296410432434922
0.1683489204234348  0.40646692315055916   0.13615860250523307   0.053664862933436135   -0.41231464372614296   0.0002653457401982095   0.022454953469451776
0.1736959096773896  0.40697737515227045   0.09517687667518905   0.05371299221599799   -0.40981725830044   0.0004812928256186765   0.024973854257029925
0.1790596539543668  0.40727009531690295   0.05451976537928522   0.053717257714433336   -0.4065711129590383   4.265498435334292e-05   0.032461453414016676
0.18441621655001986  0.40734624562435057   0.014215306301918723   0.05357103854740358   -0.403044590773665   -0.0014621916702974758   0.035265221853733625
0.18954142448589764  0.4072144690137742   -0.02570580266505612   0.05126901740923013   -0.39921108966974844   -0.023020211381734587   0.03833501103916514
0.19434700089146068  0.4069004576444911   -0.0652503613157879   0.0481582471958262   -0.39544558650731787   -0.03110770213403931   0.03765503162430572
0.19888172137882357  0.406425396173568   -0.104380174674191   0.045595365224619544   -0.39129813358403087   -0.025628819712066535   0.041474529232870296
0.20324508644547992  0.40579679183617523   -0.1430796893056563   0.04408412199183085   -0.38699514631465304   -0.015112432327886905   0.04302987269377851
0.20753756603933077  0.4050097370083896   -0.1813423664024618   0.0436403899679717   -0.38262677096805514   -0.004437320238591523   0.043683753465978824
0.21182250597380545  0.4040552443764416   -0.21917678050427158   0.04389962007409524   -0.3783441410180977   0.002592301061235312   0.04282629949957364
0.2161176267886437  0.4029283889601772   -0.2565746322685628   0.04440480373025096   -0.3739785176429124   0.005051836561557223   0.04365623375185348
0.22037896141670904  0.40164036759690636   -0.29352682398946356   0.04451738070078981   -0.3695219172090072   0.0011257697053885917   0.044566004339052306
0.22454021682601277  0.4002149256599904   -0.33002333132062384   0.04398628342674377   -0.3649650733116031   -0.005310972740460346   0.04556843897404071
0.22852741338136792  0.39868651627238844   -0.3660530261656567   0.04270102062848826   -0.36029694845032906   -0.012852627982555128   0.046681248612740325
0.2322741455254538  0.39709533651259477   -0.40160354235097   0.04070608650743004   -0.3555051618531323   -0.019949341210582262   0.04791786597196793
0.2357341020470969  0.3954805464447578   -0.4366612621536249   0.03818225516499203   -0.350577198026549   -0.025238313424380127   0.0492796382658324
0.2388895092324673  0.3938730374230294   -0.4711756839530836   0.035412822198216495   -0.3451442179945869   -0.027694329667755337   0.05432980031962156
0.24175435323505515  0.39228873382564755   -0.5051555483745579   0.032737362520277494   -0.33979864421474376   -0.026754596779390027   0.05345573779843075
0.2443724261350245  0.3907243681748743   -0.5385981220022664   0.03049843536785615   -0.3344257362770847   -0.022389271524213397   0.053729079376590945
0.24681031014530683  0.3891566326500564   -0.5714896617465802   0.028984604746945173   -0.32891539744313864   -0.015138306209109756   0.05510338833946134
0.24914709249741418  0.3875448234001803   -0.6038175434801287   0.028387463463836915   -0.32327881733548447   -0.005971412831082598   0.05636580107654129
0.2514560131992507  0.3858415734232097   -0.6355710717544051   0.02869176761968418   -0.31753528274276355   0.0030430415584726243   0.05743534592720898
0.2537917474062128  0.384003484435013   -0.6667283098255146   0.029722424891153853   -0.31157238071109555   0.010306572714696783   0.059629020316679854
0.2561842481078864  0.38199946105839083   -0.6972669454803407   0.03120924430606586   -0.30538635654826085   0.014868194149120023   0.061860241628347246
0.25863889965407033  0.3798151020504676   -0.7271988359048098   0.0328583908441634   -0.2993189042446912   0.01649146538097541   0.06067452303569627
0.2611418263236451  0.3774526754941649   -0.7565285066680637   0.03441758438239545   -0.29329670763253884   0.015591935382320496   0.06022196612152374
0.263667908164617  0.3749273631930167   -0.7852458213318512   0.035718750937873536   -0.2871731466378753   0.013011665554780932   0.06123560994663564
0.2661889169365556  0.3722612471030424   -0.8133653874903307   0.036692860659004366   -0.281195661584794   0.009741097211308265   0.05977485053081306
0.26867942464350875  0.36947773690843055   -0.8408969508820684   0.037350445301095124   -0.2753156339173776   0.006575846420907559   0.05880027667416359
0.27112076972543975  0.3665966267605775   -0.8678353838590444   0.03776368823768529   -0.2693843297697597   0.004132429365901702   0.05931304147617934
0.2735003147719863  0.3636335338863139   -0.894191558416836   0.03800283411806969   -0.2635617455779162   0.002391458803844044   0.05822584191843523
0.2758110706439286  0.36059907848226797   -0.9199719812130372   0.03814120121189187   -0.25780422796201286   0.001383670938221737   0.05757517615903303
0.27805063185778905  0.35749909441852   -0.945166327898862   0.03824334664502976   -0.25194346685824764   0.001021454331378934   0.05860761103765208
0.28021595225257895  0.35434099553164006   -0.9697727840491058   0.03829125355927279   -0.24606456150243802   0.00047906914243028625   0.05878905355809636
0.282302871043479  0.3511348701163331   -0.9937773381818196   0.03825502609917987   -0.24004554132713754   -0.00036227460092920076   0.06019020175300475
0.2843064351412041  0.3478934424504082   -1.0171657971274488   0.038106590515442414   -0.23388458945629265   -0.0014843558373746366   0.061609518708448906
0.2862173133346752  0.3446387257197595   -1.039908353936953   0.03774206733480304   -0.227425568095042   -0.003645231806393731   0.06459021361250641
0.2880245356266769  0.3413988892593808   -1.0619745894657953   0.03709796854641362   -0.22066235528842112   -0.006440987883894187   0.06763212806620883
0.2897137290775708  0.3382126825325901   -1.0833142906553095   0.036062844896636664   -0.2133970118951421   -0.010351236497769515   0.07265343393279039
0.2912725008521091  0.3351205289569757   -1.1038696756059665   0.03462828782986961   -0.20555384950656969   -0.014345570667670613   0.07843162388572399
0.2926903012118709  0.3321644784783551   -1.1235798965878707   0.032784740798568766   -0.19710220981904356   -0.01843547031300839   0.08451639687526133
0.2939657151761984  0.3293719728528874   -1.1423619574638983   0.030699785746272534   -0.18782060876027631   -0.02084955052296236   0.09281601058767246
0.29510583791964057  0.3267535772627839   -1.1601263327097504   0.028558493196223545   -0.17764375245851982   -0.021412925500489892   0.10176856301756498
0.2961252496989242  0.324301694181033   -1.1767721339803308   0.026553589253279424   -0.16645801270580346   -0.020049039429441147   0.11185739752716348
0.297050891190814  0.32197473104041774   -1.1921970090330183   0.025043102102754258   -0.15424875052687512   -0.015104871505251695   0.12209262178928343
0.29791789417044306  0.31970253515508174   -1.2062776752605597   0.02431988550142372   -0.14080666227541422   -0.007232166013305384   0.13442088251460896
0.2987642082836438  0.3173977237617965   -1.2188863154452296   0.02455280663553656   -0.1260864018467004   0.002329211341128421   0.1472026042871385
0.2996248956282569  0.31497153912907455   -1.2298967702486747   0.025743260433039778   -0.11010454803445006   0.011904537975032187   0.1598185381225032
0.3005337544082683  0.31233227496751387   -1.239154214636337   0.02791368767558688   -0.09257444387662155   0.021704272425471013   0.17530104157828516
0.30151708705371655  0.3094069921355893   -1.246513280048186   0.030861339469240228   -0.07359065411848997   0.029476517936533466   0.18983789758131564
0.30258867481080437  0.30616219826313745   -1.2518248404148804   0.03417160750658596   -0.053115603666945795   0.0331026803734574   0.20475050451544183
0.30375341106915976  0.302598124637283   -1.2549380128315542   0.03749564156277313   -0.031131724166735895   0.033240340561871626   0.21983879500209894
0.30501111698383965  0.2987395769450413   -1.2557025450287247   0.04058351199825432   -0.007645321971706962   0.030878704354811895   0.23486402195028935
0.306359759492572  0.2946262272993042   -1.253971120785746   0.043287968218022284   0.01731424242978548   0.027044562197679655   0.24959564401492434
0.30779745435267714  0.2903051341927322   -1.2496018823760244   0.045539885975304235   0.043692384097218394   0.022519177572819547   0.2637814166743292
0.3093232091524526  0.2858263915097828   -1.2424610641108862   0.04731496986061637   0.07140818265138109   0.017750838853121273   0.27715798554162696
0.31093666521924646  0.2812414769345545   -1.2324250812716737   0.04860522825953481   0.10035982839212557   0.012902583989184414   0.2895164574074448
0.31263715329950426  0.2766033346052499   -1.219382722058879   0.04940042912565224   0.1304235921279457   0.007952008661174308   0.30063763735820126
0.31442233204149705  0.27196720340695035   -1.2032370977584501   0.04967954873859996   0.1614562430042908   0.0027911961294772134   0.3103265087634508
0.31628670795716557  0.26739118160755376   -1.1839073512539613   0.049412420567583715   0.1932974650448857   -0.002671281710162472   0.3184122204059492
0.31822037713375456  0.2629356919473557   -1.1613298808963959   0.04857001605581616   0.22577470357565702   -0.008424045117675616   0.3247723853077134
0.3202083553218183  0.2586614091802038   -1.1354546517907227   0.04713973955145316   0.25875229105673025   -0.014302765043629893   0.329775874810732
0.3222310760662392  0.2546250458399255   -1.1062494861172378   0.04514823166487617   0.29205165673484745   -0.01991507886576988   0.3329936567811722
0.32426670460361345  0.2508728996816639   -1.0737111261421877   0.04268768479916664   0.3253835997505036   -0.02460546865709537   0.33331943015656157
0.32629583790749506  0.24743295198467988   -1.037856205084677   0.039938229959409786   0.3585492105751059   -0.02749454839756849   0.3316561082460229
0.32830750149310717  0.2443088710071209   -0.9987059393585713   0.03715733081913129   0.3915026572610566   -0.027808991402784977   0.32953446685950655
0.33029902055684907  0.2414864606629773   -0.9563156257203254   0.034542941872365764   0.4239031363824596   -0.026143889467655217   0.32400479121403
0.33228345468315446  0.23892982667996365   -0.9107431307124539   0.03236410994411229   0.455724950078714   -0.021788319282534836   0.31821813696254436
0.33429507065618336  0.23658337036888508   -0.8620797246212905   0.03090704780910852   0.4866340609116344   -0.014570621350037671   0.3090911083292049
0.336389055918755  0.23438193823836947   -0.8104072500913737   0.030382688664984052   0.5167247452991685   -0.00524359144124466   0.3009068438753405
0.33864107473316013  0.2322592841051438   -0.7558354979381342   0.0309471312236447   0.5457175215323944   0.00564442558660647   0.2899277623322582
0.3411396773742323  0.23016120034363063   -0.6984855796616831   0.03262663119032969   0.5734991827645114   0.01679499966684993   0.27781661232117116
0.3439689633588606  0.2280613036277811   -0.6384905404159047   0.03523411046138417   0.5999503924577839   0.026074792710544872   0.26451209693272537
0.3471903654477297  0.22596913521365092   -0.5759947741778082   0.038411717081190046   0.6249576623809658   0.03177606619805868   0.25007269923181763
0.35082853911183376  0.2239285756856385   -0.5111539464429525   0.0417135359296509   0.6484082773485551   0.03301818848460859   0.23450614967589364
0.3548664540203169  0.22200716620805455   -0.4441351029179744   0.044717525858101514   0.6701884352497824   0.030039899284506073   0.2178015790122729
0.35925205592365633  0.22028028353479195   -0.3751171119100836   0.04713345714223481   0.6901799100789071   0.024159312841332978   0.19991474829124706
0.3639141048535987  0.21881619287764845   -0.30429130516118297   0.04886538823903026   0.7082580674890062   0.017319310967954506   0.18078157410099124
0.36878083018634583  0.21766711860826718   -0.23186200294461914   0.05000538685077508   0.7242930221656388   0.011399986117448246   0.16034954676632548
0.37378449684755183  0.21686965298043076   -0.1580470223261523   0.050668167012479406   0.7381498061846685   0.006627801617043156   0.13856784019029755
0.37886415110915383  0.21644667177724114   -0.08307802079146658   0.05097234594921378   0.7496900153468571   0.0030417893673437726   0.11540209162188499
0.3839653026793676  0.2164099390066477   -0.007200753635776218   0.05101283822600945   0.7587726715569034   0.0004049227679566803   0.09082656210046473
0.3890333689022417  0.21676184622975744   0.06932492158991577   0.05080269080778503   0.76525675225692   -0.002101474182244145   0.06484080700016451
0.3940078948052717  0.21749447691577906   0.1462253042442682   0.050281861224518186   0.7690038265435241   -0.005208295832668466   0.03747074286604114
0.3988198568204608  0.2185867731649013   0.22321347347088574   0.049343783328266416   0.7698816922661755   -0.009380778962517756   0.0087786572265132
0.4033864641616298  0.2199993423870055   0.29999041358690315   0.04780089373186925   0.7677694011601742   -0.015428895963971621   -0.021122911060011417
0.40761859434901887  0.22167131758524528   0.3762466158215673   0.045504315165199885   0.7625620223466414   -0.022965785666693606   -0.05207378813532881
0.41141979245373866  0.22351531425715973   0.4516642685332847   0.04224858667145803   0.7541765271171734   -0.03255728493741856   -0.08385495229467997
0.41472013478431563  0.22543099528889482   0.5259198472761122   0.03816031094520531   0.742555787428275   -0.0408827572625272   -0.11620739688898372
0.4175004460700716  0.22732776817666012   0.5986904251350307   0.03365691345543106   0.7277057785891867   -0.0450339748977425   -0.1485000883908828
0.41980383068156846  0.22915138493188927   0.6696666840117314   0.02937883377268898   0.709762588767006   -0.042780796827420794   -0.17943189822180614
0.42172795341591723  0.23090303209366203   0.7385102557059381   0.026020215364567185   0.688435716942067   -0.03358618408121794   -0.21326871824939195
0.4234025357646143  0.23264427642890584   0.8049113096124486   0.024158141231449184   0.6640105390651045   -0.018620741331180028   -0.24425177876962342
0.42496025061571197  0.23448525033395984   0.8685496196988252   0.024115680534498828   0.6363831008637657   -0.0004246069695035631   -0.2762743820133898
0.42651247973304696  0.23656278806064127   0.9291227016064666   0.025933719822823654   0.6057308190764144   0.018180392883248277   -0.3065228178735133
0.4281322714351426  0.2390112448386261   0.9863401055216191   0.029357564190234983   0.5721740391515266   0.03423844367411326   -0.33556779924887664
0.4298509684899125  0.24193875227551467   1.0399269345912765   0.03394734063091322   0.5358682906965727   0.04589776440678238   -0.363057484549539
0.43166399243831366  0.24541133658035794   1.089628220519677   0.03917384024029291   0.49701285928400596   0.05226499609379699   -0.3885543141256675
0.43354072038266384  0.24944388805805043   1.135214202855674   0.04447873559055505   0.4558598233599689   0.053048953502621336   -0.4115303592403708
0.4354328317695002  0.2539911187282989   1.176486512644563   0.0492517941486844   0.41272309788889033   0.04773058558129357   -0.4313672547107858
0.43727709425302386  0.25892804862031027   1.2132846396598045   0.052701594726125726   0.36798127015241505   0.03449800577441316   -0.4474182773647527
0.43899420972977143  0.2640190146718673   1.245491912713631   0.05372747983908428   0.3220727305382661   0.010258851129585604   -0.4590853961414886
0.4405704699769897  0.2691554295955687   1.2730401104979974   0.053728348788496506   0.2754819778436614   8.68949412223168e-06   -0.4659075269460471
0.4420291672896584  0.27432765885654664   1.295910946247324   0.053739885911772894   0.22870835749326654   0.00011537123276380563   -0.4677362035039491
0.44339330046624315  0.2795253291799384   1.3141339457045742   0.05373698550730768   0.18222999457250322   -2.9004044652037898e-05   -0.4647836292076334
0.4446859781217637  0.2847395362582187   1.327781427570797   0.053720546326587494   0.1364748186622292   -0.00016439180720196277   -0.45755175910273993
0.4458766984621245  0.2897388728569137   1.336977031096504   0.05139181000509789   0.09195603525706694   -0.023287363214895943   -0.4451878340516227
0.4469131190678232  0.29418635311387664   1.3418469056717617   0.0456664519182209   0.048698745752577474   -0.05725358086876992   -0.43257289504489477
0.4477938434385031  0.2979778395960789   1.3425540903551907   0.038924343490715406   0.007071846834291837   -0.06742108427505497   -0.4162689891828564
0.4485433225640939  0.3011567593731576   1.3392591970335381   0.03266075612841625   -0.03294893321652473   -0.06263587362299151   -0.4002078005081657
0.44920589419759505  0.30388020761906076   1.3321484378268014   0.02802886283393151   -0.07110759206736945   -0.0463189329448474   -0.38158658850844746
0.44983203250497694  0.3063386387277934   1.3214082538110277   0.02536914010437683   -0.10740184015773702   -0.026597227295546828   -0.3629424809036755
0.4504748011494946  0.3087205342447051   1.3072187723927164   0.024670990624332707   -0.14189481418311153   -0.006981494800441198   -0.3449297402537449
0.45118287027151605  0.3111735336993202   1.2897805513829217   0.0255314868464464   -0.17438221009794763   0.008604962221136946   -0.3248739591483612
0.4519897222421667  0.3137679045563419   1.2692776636617475   0.027169413402401706   -0.20502887721174168   0.016379265559553005   -0.3064666711379405
0.4529241451624688  0.31654222699987855   1.2459189491523015   0.0292745814909404   -0.2335871450944596   0.021051680885386947   -0.285582678827179
0.45400617692440187  0.3194982538768559   1.2199017519885444   0.03147838564990976   -0.2601719716375696   0.02203804158969361   -0.2658482654311006
0.45523691829616897  0.32258512518042676   1.191409525000693   0.033231760063211005   -0.2849222698785167   0.017533744133012442   -0.24750298240947058
0.456607145733436  0.3257364634931768   1.160647544339692   0.034363434623515494   -0.3076198066100109   0.01131674560304496   -0.22697536731494208
0.4581039085349858  0.32889136122259505   1.1278171278407312   0.03491944811590108   -0.3283041649896094   0.00556013492385575   -0.20684358379598494
0.45971641069889857  0.33200625498690634   1.0931090261992835   0.03507524253881721   -0.34708101641447614   0.0015579442291613432   -0.18776851424866722
0.46143647947173433  0.33505201762454984   1.0567057027720752   0.03497900317068826   -0.36403323427208334   -0.00096239368128949   -0.16952217857607196
0.4632466814444306  0.3379913224210319   1.0187961861223362   0.03452005774702009   -0.3790951664973882   -0.004589454236681704   -0.15061932225304972
0.46514017114295064  0.34081163740505716   0.9795410098999336   0.03396980990161517   -0.39255176222402477   -0.005502478454049239   -0.13456595726636456
0.4671253875416449  0.34352493570574244   0.9391354150724588   0.03362004137139939   -0.40405594827474967   -0.003497685302157817   -0.11504186050724922
0.46920744073141296  0.3461364708009296   0.8977328644994321   0.03339919316153831   -0.4140255057302655   -0.002208482098610728   -0.09969557455515804
0.47140022333072257  0.3486605313868767   0.8555160123066586   0.033435276833558666   -0.422168521927736   0.000360836720203537   -0.08143016197470504
0.47372251170366086  0.3511128632241523   0.8126278312189167   0.03377418352410577   -0.428881810877419   0.0033890669054710606   -0.06713288949683031
0.476193211852479  0.35350496708222495   0.7692368195133246   0.03438970789811346   -0.4339101170559216   0.0061552437400768925   -0.050283061785026006
0.47883176314010806  0.3558448966396515   0.7254874449372486   0.03526644755453482   -0.43749374576075933   0.008767396564213657   -0.03583628704837712
0.4816373134881302  0.3581206102692588   0.6815010060232527   0.036124763361532954   -0.43986438913995896   0.00858315806998128   -0.02370643379199663
0.48460917033095025  0.3603213794344618   0.6374170583489505   0.036980154154255145   -0.44083947674302193   0.008553907927221919   -0.009750876030629541
0.48774671102790357  0.3624373380943759   0.5933376238810626   0.037843682003082336   -0.44079434467887946   0.00863527848827181   0.00045132064142466204
0.491026051754076  0.3644451664703276   0.549389732814412   0.03845185351268468   -0.43947891066650674   0.006081715096023545   0.0131543401237274
0.4944329345248652  0.3663315490683382   0.5056775776854701   0.038942636685229466   -0.4371215512894178   0.004907831725447914   0.02357359377088919
0.49795716225957176  0.3680876245415311   0.4622759537899254   0.039375096436230446   -0.4340162389554466   0.004324597510009686   0.031053123339711955
0.5015998968673601  0.36971126808932325   0.419289868042709   0.03988199317118731   -0.429860857472164   0.0050689673495686784   0.041553814832825914
0.5053698896554263  0.3712029802228957   0.3767770186634337   0.04054386601141752   -0.42512849379275286   0.006618728402302083   0.047323636794111834
0.509264821344964  0.3725581988109032   0.3348421297154587   0.04123967784482099   -0.41934888947975013   0.006958118334034777   0.057796043130026835
0.5133214022170768  0.3737844361787844   0.29355040800122506   0.04237865790038516   -0.41291721714233665   0.011389800555641665   0.06431672337413566
0.5176018179273572  0.3748909110790213   0.2529597747302694   0.04421113587962766   -0.40590633270955656   0.01832477979242497   0.07010884432780061
0.5221843116838802  0.3758825965506533   0.21312096929583327   0.046885700488763934   -0.39838805434436136   0.02674564609136275   0.07518278365195162
0.5271230859632099  0.37675111684544194   0.17407752466106943   0.050145606871019086   -0.3904344463476386   0.03259906382255149   0.07953607996722802
0.5323752065023951  0.37746912410696876   0.13586584403425062   0.05300972041591631   -0.3821168062681881   0.028641135448972312   0.08317640079450421
0.5377201097895793  0.37799738946731865   0.09851539624961275   0.05370945488486901   -0.37350447784637864   0.006997344689526937   0.08612328421809465
0.5430821988042164  0.37833053310149384   0.06204969199697568   0.053724280620482276   -0.36465704252637066   0.00014825735613263909   0.08847435320008025
0.5484543385656745  0.37847286700368776   0.02648862791192894   0.05374024986576813   -0.35561064085046734   0.0001596924528585297   0.09046401675903284
0.5538280925252481  0.3784290839675793   -0.008147389638889958   0.05373932319287696   -0.346360175508189   -9.266728911655617e-06   0.0925046534227837
0.5591968013859608  0.3782043692470786   -0.04183196257350367   0.053734096751229844   -0.3368457293461371   -5.226441647117974e-05   0.09514446162051898
0.5644748502451412  0.3778102827620941   -0.07452689541426309   0.05292740681116219   -0.32694932840759416   -0.008066899400676507   0.09896400938542954
0.5693202005926177  0.3772938736304091   -0.10617747497555688   0.04872791641459445   -0.3165057956129379   -0.0419949039656773   0.1044353279465622
0.5735783670794757  0.3767080863583022   -0.13670985973849806   0.04298270414709148   -0.3053238476294118   -0.05745212267502979   0.11181947983526185
0.5772262052488005  0.37609680447734334   -0.16603110416063088   0.03698700967579353   -0.29321244422132825   -0.059956944712979555   0.1211140340808347
0.5803099760067738  0.37549083445663717   -0.19403075212503065   0.03142744302950005   -0.2799964796439979   -0.05559566646293475   0.13215964577330439
0.5829234955939413  0.3749048143674462   -0.22057799715773602   0.02678414489477677   -0.26547245032705347   -0.04643298134723282   0.14524029316944334
0.5852223096102789  0.3743287239600721   -0.24554640602474787   0.023699000061561473   -0.24968408867011854   -0.030851448332153003   0.15788361656934966
0.5874489299225357  0.37371541753411497   -0.2687777870907298   0.023095416833378096   -0.23231381065981888   -0.00603583228183374   0.17370278010299678
0.5899376144557774  0.3729724498200942   -0.290115270096574   0.025972200003220508   -0.2133748300584426   0.028767831698424094   0.18938980601376296
0.593068407023598  0.3719716077838845   -0.3094098215970449   0.03286874941972322   -0.1929455150047088   0.0689654941650271   0.20429315053733774
0.597120399373362  0.37059955883245277   -0.32649285926756977   0.04277985545519164   -0.17083037670524864   0.09911106035468428   0.22115138299460152
0.6020425665620027  0.36885176541367254   -0.34119870942988423   0.052232663791599104   -0.14705850162314457   0.0945280833640746   0.2377187508210407
0.6070854793203705  0.3669916235184772   -0.35337910633478636   0.053750439029620345   -0.12180396904902116   0.01517775238021239   0.2525453257412343
0.612111130614979  0.36508326614041203   -0.3629052857845605   0.05375778903323247   -0.09526179449774116   7.350003612129972e-05   0.26542174551279973
0.6171239627119899  0.36314092665211034   -0.36966122929451917   0.05375980684548555   -0.06755943509958678   2.0178122530792786e-05   0.2770235939815438
0.6221292459353784  0.36117898436414364   -0.3735685637037061   0.05376065260731893   -0.03907334409187008   8.457618333806915e-06   0.2848609100771671
0.6271325330758437  0.35921187858332293   -0.3745982747783617   0.05376094061945218   -0.010297110746555597   2.8801213324753634e-06   0.28776233345314484
0.6321394105352892  0.35725396532101883   -0.3727625957541446   0.05376080936575487   0.018356790242170976   -1.3125369731203417e-06   0.28653900988726577
0.6371552661089247  0.35531933947114996   -0.3681201327909121   0.05376019374458328   0.04642462963232505   -6.1562117158625886e-06   0.2806783939015407
0.6421850615021569  0.3534216741063329   -0.3607722791404373   0.053758697468043036   0.07347853650474817   -1.4962765402478467e-05   0.27053906872423117
0.6472330558042646  0.3515741533145746   -0.35084912542676594   0.0537546086862234   0.09923153713671365   -4.0887818196331796e-05   0.2575300063196547
0.6522905536711519  0.3497938177786759   -0.3384723837248315   0.053617048868763416   0.12376741701934388   -0.001375598174599903   0.24535879882630232
0.6564228600653195  0.34840701138943375   -0.3237901143422705   0.043588058108294886   0.14682269382560997   -0.10028990760468527   0.23055276806266106
0.659517139916997  0.34742623513702936   -0.3069468052038327   0.03245995973161134   0.1684330913843782   -0.11128098376683544   0.21610397558768207
0.6619044541884298  0.34671881925448245   -0.28807990134690226   0.024899210151060683   0.18866903856930453   -0.07560749580550659   0.20235947184926323
0.6640493208214252  0.3461313954266099   -0.26731934707053817   0.022238524292067238   0.20760554276364102   -0.026606858589934456   0.18936504194336518
0.6663766211708908  0.3455500141319157   -0.24479918222823505   0.023988186939498397   0.22520164842303098   0.01749662647431159   0.17596105659389932
0.6691848005404695  0.3449201822544826   -0.22063357649794324   0.028779436348820922   0.24165605730291825   0.047912494093225254   0.164544088798873
0.6726114726428785  0.3442436130065488   -0.19493481043249442   0.03492825166634788   0.2569876606544885   0.06148815317526966   0.1533160335157023
0.6766390457209835  0.3435614440629166   -0.16778234878985768   0.04084935662545186   0.2715246164263672   0.05921104959103976   0.1453695577187875
0.6811382755723524  0.34293075292826436   -0.13927009969855086   0.04543219184980825   0.2851224909130682   0.04582835224356389   0.13597874486700925
0.6859152639240566  0.34240562915339756   -0.10948818002803992   0.04805764527236801   0.29781919670510915   0.026254534225597613   0.1269670579204095
0.6907893476211038  0.34202210127611626   -0.07852537404532019   0.04889149774600219   0.3096280598271973   0.008338524736341857   0.11808863122088199
0.6956411635145088  0.34179646471273234   -0.04647210702932467   0.0485705974044307   0.3205326701599552   -0.003209003415715027   0.10904610332757861
0.7004247484194451  0.3417322526276702   -0.01342261713750654   0.04784015858523279   0.33049489891818135   -0.007304388191978984   0.09962228758226195
0.7051498704232361  0.3418292437868377   0.020523817220644835   0.047261173531416206   0.3394643435815138   -0.005789850538165935   0.08969444663332371
0.7098492320921179  0.3420892080998692   0.05526274338791614   0.04706546668100316   0.34738926167271306   -0.0019570685041304637   0.07924918091199336
0.7145492564782131  0.3425166034394446   0.09068529308205751   0.04719416913791405   0.3542254969414137   0.0012870245691089502   0.06836235268700655
0.7192548542521326  0.34311591470680997   0.12667933268325537   0.047436087955381116   0.3599403960119787   0.0024191881746706647   0.057148990705649334
0.7239472683988307  0.34388825588170613   0.1631309303586619   0.04755550590055144   0.36451597675406544   0.0011941794517032187   0.04575580742086752
0.7285884402911489  0.3448287092485747   0.19992575201978435   0.04735496707769756   0.36794821661122423   -0.0020053882285387655   0.03432239857158885
0.7331265739909012  0.3459246084362144   0.2369502890227361   0.04668581423333654   0.3702453700295172   -0.006691528443610236   0.022971534182929243
0.7375017632835175  0.34715477817186025   0.27409283983391275   0.045448431133234456   0.37142550811176617   -0.012373831001020815   0.011801380822489093
0.7416530934618374  0.3484902610952098   0.31124427379741115   0.04360855063859333   0.3715143396349841   -0.018398804946411336   0.0008883152321794853
0.7455282833233031  0.34989740474019265   0.34831138189217664   0.04122759961484889   0.3706710809476554   -0.023809510237444355   -0.008432586873286548
0.749094676903159  0.35134346683369594   0.3852121363581745   0.03848409898218178   0.36900754465997865   -0.02743500632667114   -0.016635362876767906
0.7523488234851055  0.3528038327298678   0.42183123474662   0.03566810694092971   0.36619098388445476   -0.02815992041252074   -0.028165607755238506
0.7553204694292119  0.3542690572438579   0.4580869151630292   0.033132404822956533   0.3625568041640919   -0.02535702117973169   -0.036341797203628526
0.758072238597343  0.35575059523774105   0.49388956871591444   0.031252501311087325   0.3580265355288525   -0.018799035118692037   -0.04530268635239436
0.7606761067405782  0.3572732198388943   0.5291344273603608   0.030163744766512117   0.3524485864444633   -0.010887565445752123   -0.05577949084389219
0.7632077594647192  0.3588737024921184   0.5637521394143753   0.0299513108877085   0.34617712054014604   -0.002124338788036188   -0.06271465904317267
0.7657292776161216  0.36059007433287193   0.5976482390770087   0.030502436105307573   0.33896099662633233   0.005511252175990733   -0.07216123913813692
0.7682778617920826  0.3624512689104048   0.63076411025463   0.03155840071580923   0.33115871177621325   0.01055964610501662   -0.07802284850119019
0.770870827843606  0.3644762519855249   0.6630181650254886   0.032899892703285014   0.32254054770858565   0.013414919874757777   -0.08618164067627686
0.773504226892968  0.3666690853507925   0.6943648325712475   0.034268511378540395   0.31346667545758994   0.01368618675255383   -0.09073872250995672
0.7761615368880045  0.3690220934205143   0.7247376258604941   0.0354935816534419   0.30372793289246536   0.012250702749015047   -0.09738742565124602
0.7788171729727968  0.37151652033192467   0.7541060119307778   0.036434281427276116   0.2936838607028371   0.009406997738342098   -0.10044072189628235
0.7814436949276647  0.3741274460403822   0.7824203388322551   0.0370345117889892   0.2831432690147747   0.006002303617130907   -0.10540591688062367
0.7840155681445485  0.37682727978969544   0.8096664718304152   0.03728757717746655   0.2724613299815996   0.002530653884773523   -0.1068193903317514
0.7865124620640807  0.3795895344667119   0.8358123894638424   0.03723510460049234   0.2614591763342728   -0.0005247257697420806   -0.11002153647326819
0.7889217209396961  0.3823928993347783   0.8608606631102548   0.036964013463422846   0.2504827364641228   -0.0027109113706949763   -0.1097643987014996
0.791237756002182  0.38522205075784227   0.8847969634013731   0.036562434526831576   0.23936300291118354   -0.004015789365912715   -0.11119733552939293
0.7934633376768228  0.3880710715043155   0.9076403687439345   0.03615263891382131   0.22843405342561443   -0.004097956130102679   -0.10928949485569092
0.7956060522678511  0.3909405491293082   0.9293936398616136   0.03581218739331553   0.21753271117679038   -0.0034045152050577784   -0.10901342248824084
0.7976790539666175  0.3938399611355866   0.950091803210243   0.0356425672830111   0.20698163348629445   -0.0016962011030442696   -0.10551077690495894
0.7996958006498344  0.3967813257840375   0.9697662965395383   0.03566355728109986   0.1967449332929531   0.00020989998088762296   -0.10236700193341386
0.8016711026833485  0.3997809324666087   0.9884547071538425   0.03591581597810376   0.18688410614304218   0.002522586970038964   -0.09860827149910899
0.8036151771144157  0.4028504269157663   1.0062126844367054   0.036333485336448736   0.1775797728286272   0.004176693583449787   -0.09304333314414964
0.8055352173554167  0.4059982054476825   1.0230805463258759   0.03687148520612641   0.16867861889170696   0.005379998696776694   -0.08901153936920236
0.8074363970659674  0.40923063595889914   1.0391297210525878   0.03750078839391748   0.1604917472671183   0.00629303187791072   -0.08186871624588665
0.8093223638405295  0.41255239834395807   1.054419446733001   0.038198136103145354   0.1528972568041344   0.006973477092278759   -0.07594490462983908
0.8111952348298362  0.4159662395358947   1.0690201162196507   0.03893835824267669   0.14600669486649526   0.007402221395313345   -0.0689056193763916
0.8130476201261401  0.4194576677914234   1.0830066635010656   0.03952392003517153   0.13986547281414882   0.005855617924948389   -0.06141222052346424
0.8148638894460947  0.4229951469316393   1.0964577443684596   0.03976505112541927   0.13451080867394122   0.0024113109024774303   -0.05354664140207609
0.8166224026769086  0.4265325420125984   1.1094546029567571   0.03950383872706663   0.12996858588297258   -0.0026121239835264305   -0.04542222790968636
0.8182988737570909  0.43001472633568655   1.1221047325188915   0.03864733230463356   0.12650129562134493   -0.008565064224330662   -0.03467290261627661
0.8198710993924955  0.43338652315549475   1.134480833397524   0.03720336979722757   0.12376100878632404   -0.014439625074059981   -0.027402868350208744
0.8213243355734927  0.4366048289197309   1.1466515313314003   0.035312019752309944   0.12170697933876337   -0.0189135004491762   -0.020540294475606742
0.822656421719528  0.4396522299258554   1.1587031673561743   0.03325824167418947   0.12051636024774061   -0.02053778078120475   -0.011906190910227585
0.8238818564572937  0.44255004924237185   1.1707212719773556   0.031462751131613224   0.12018104621181318   -0.0179549054257625   -0.0033531403592743487
0.8250255530939307  0.4453480223774431   1.1827619869777057   0.03022696753105645   0.12040715000350069   -0.012357836005567722   0.002261037916875272
0.8261153245953939  0.4481091142812542   1.194877111047858   0.02968371679337503   0.12115124070152164   -0.005432507376814145   0.007440906980209358
0.8271739976550018  0.45089073049136025   1.2071282912576826   0.02976269038152213   0.12251180209824794   0.0007897358814709932   0.013605613967262965
0.8282208006280457  0.4537474531954426   1.219555824763279   0.03042476141630857   0.12427533505596292   0.006620710347864376   0.017635329577149847
0.8292658675400812  0.4567148769778021   1.2321808541260224   0.031460719563838196   0.12625029362743678   0.010359581475296248   0.019749585714738747
0.8303067195225786  0.4597960817039129   1.2450250485314707   0.03252260047055905   0.1284419440544813   0.010618809067208511   0.021916504270444892
0.8313341250049361  0.46297369005612715   1.2580786538623308   0.033395743539020424   0.1305360533085989   0.00873143068461382   0.020941092541176293
0.8323381596512378  0.46622587203618704   1.2713529533290575   0.03403641168278555   0.13274299466727027   0.006406681437651202   0.022069413586713504
0.8333070015737238  0.46952088166821065   1.284822695241974   0.034344931425021555   0.13469741912916347   0.0030851974223600393   0.019544244618932345
0.8342322973029459  0.4728340661541985   1.2984583256184012   0.034399656429544574   0.13635630376427013   0.000547250045230237   0.016588846351066344
0.8351124774502003  0.4761615961165466   1.3122042310991595   0.034419722169049885   0.13745905480758433   0.0002006573950530927   0.011027510433142053
0.8359541183467015  0.4795307947280847   1.3260016939367514   0.03472730724178446   0.13797462837591912   0.0030758507273457142   0.005155735683347908
0.8367652892926153  0.48297962737429784   1.339793328583865   0.035429429751381185   0.13791634647113526   0.007021225095967321   -0.0005828190478384637
0.8375546325043792  0.4865546853640657   1.353490975192852   0.036611613370842656   0.13697646608987177   0.011821836194614634   -0.009398803812635345
0.838329345679187  0.4903033066807032   1.366999291152649   0.03827837807270586   0.13508315959796777   0.01666764701863205   -0.01893306491903993
0.8390932292769138  0.4942626340469832   1.3802054204896512   0.04032343158047116   0.13206129337002498   0.020450535077653025   -0.030218662279427554
0.8398458705054043  0.4984508701010254   1.392990470902578   0.04255324906890571   0.12785050412926452   0.022298174884345462   -0.04210789240760454
0.8405788766256765  0.5028377039525197   1.4052335566147818   0.04447652101162183   0.12243085712204085   0.01923271942716129   -0.05419647007223684
0.8412797476706906  0.5073527290466929   1.416794630479402   0.04569099673103428   0.11561073864620176   0.012144757194124473   -0.06820118475839101
0.8419364944771699  0.5119055401261823   1.4275337197475277   0.04599935335778214   0.10739089268125647   0.003083566267478487   -0.08219845964945292
0.8425418620698878  0.5164136971102099   1.4373121049422433   0.04548620594746251   0.09778385194715646   -0.005131474103196128   -0.09607040734100002
0.8430961631696897  0.5208319967389917   1.445992617616083   0.04452934012416452   0.08680512673839735   -0.009568658232980034   -0.10978725208759113
0.843604684420377  0.5251454536874954   1.4534461783859525   0.04343328759027454   0.07453560769869284   -0.010960525338899763   -0.12269519039704514
0.8440773273769488  0.5293767673897455   1.4595562184351205   0.042576292712314105   0.061100400491682104   -0.008569948779604394   -0.13435207207010735
0.8445268599209047  0.5335788236347004   1.4642224735164093   0.04226033151057981   0.04666255081288505   -0.003159612017342835   -0.14437849678797054
0.8449668162751199  0.5378172191300655   1.4673641860808004   0.04261168615385357   0.031417125643912615   0.003513546432737535   -0.15245425168972437
0.845409659971471  0.5421491594147814   1.4689226567366505   0.04354516869842387   0.015584706558500739   0.00933482544570299   -0.1583241908541187
0.8458653869489849  0.5466045136229272   1.468863354199342   0.044786011429995075   -0.0005930253730823264   0.012408427315712055   -0.16177731931583067
0.8463404615178003  0.5511729319242263   1.467177731254834   0.04593053627117806   -0.01685622944508324   0.011445248411829834   -0.1626320407200091
0.8468369407893568  0.5557990602379028   1.4638848452530238   0.046526932890191885   -0.03292886001810143   0.005963966190138335   -0.16072630573018185
0.8473517245042073  0.5603858697034155   1.4590326869916226   0.04615606498174744   -0.04852158261401211   -0.0037086790844445207   -0.15592722595910682
0.8478760999351326  0.564805418820182   1.4526993570425613   0.044505487288724443   -0.06333329949061178   -0.01650577693022998   -0.1481171687659967
0.8483962753373196  0.5689184402301787   1.4449938312941233   0.041457843127847366   -0.0770552574843786   -0.030476441608770725   -0.1372195799376681
0.8488963519787743  0.572607366195018   1.436056109127359   0.037226672455907966   -0.08937722166764696   -0.042311706719394084   -0.12321964183268376
0.8493649734264033  0.5758224145596893   1.4260568543896563   0.03249021706353071   -0.09999254737702368   -0.04736455392377251   -0.10615325709376695
0.849805189372797  0.5786286890616146   1.4151959257064977   0.02840592659924261   -0.10860928683158919   -0.04084290464288105   -0.0861673945456553
0.8502448769879616  0.5812355000159577   1.4037002849832627   0.02643631697232483   -0.11495640723234946   -0.019696096269177767   -0.06347120400760259
0.8507429842454187  0.5839886932475756   1.391812566735238   0.027978891705280135   -0.1188771824802467   0.015425747329553069   -0.039207752478972534
0.8513844447219372  0.5873061310038508   1.3797932514540194   0.03378885143016153   -0.12019315281218475   0.058099597248814035   -0.013159703319380468
0.8522528968209027  0.5915285427447258   1.3679483201227616   0.043107969051761987   -0.11844931331257945   0.09319117621600442   0.017438394996053055
0.8533662899931431  0.5966466487609665   1.3565935893973307   0.05237809995548876   -0.11354730725430902   0.09270130903726777   0.04902006058270419
0.854564235485121  0.6018865769922056   1.346040250503464   0.05375120581929837   -0.10553338893866467   0.01373105863809613   0.08013918315644357
0.8558114112890897  0.6071156507749964   1.3366625870118805   0.053757474003039415   -0.09377663491583552   6.268183741042616e-05   0.11756754022829162
0.8570995888561227  0.6123349866775113   1.3288234776616759   0.053759528185698235   -0.07839109350204725   2.054182658825165e-05   0.15385541413788262
0.8584189461003479  0.6175466240707149   1.3228495292697586   0.05376045745352849   -0.05973948391917289   9.292678302523223e-06   0.18651609582874362
0.8597584024118572  0.622753171120294   1.3189928746278587   0.0537608364796563   -0.038566546418998815   3.7902612780755798e-06   0.21172937500174072
0.8611056354196327  0.627957712929225   1.3174990243981595   0.05376085213066314   -0.014938502296991623   1.5651006842352695e-07   0.23628044122007186
0.8624477669235933  0.6331635376589708   1.3184774784806796   0.05376051347481404   0.009784540825202373   -3.386558491038255e-06   0.24723043122193997
0.8637721521708718  0.6383738162576065   1.3218808275456506   0.05375964969994757   0.03403349064970982   -8.6377486646945e-06   0.2424894982450744
0.865066489290654  0.6435914390509002   1.3276346987160408   0.053757693582169155   0.05753871170390132   -1.95611777840976e-05   0.23505221054191508
0.8663195295066657  0.6488186342948572   1.3355202792686922   0.05375284169361595   0.07885580552651357   -4.85188855320687e-05   0.2131709382261224
0.867450016126125  0.6537442338709072   1.3451910052804779   0.05053665123488178   0.09670726011785694   -0.032161904587341694   0.17851454591343377
0.8683262251316131  0.6577670994623835   1.3563385699006576   0.04117182263196778   0.11147564620179713   -0.09364828602913997   0.14768386083940183
0.868989580629155  0.6610022556690855   1.3685536869508785   0.033024651698211026   0.12215117050220854   -0.08147170933756762   0.1067552430041143
0.8695416814921125  0.6638827793462911   1.381426112238777   0.02932956190914012   0.12872425287898417   -0.03695089789070899   0.06573082376775626
0.8700713883699015  0.6668568853328671   1.3945383060756613   0.030209097629297375   0.1311219383688441   0.008795357201572495   0.023976854898599315
0.8706263083731706  0.6702243132976918   1.407473701326025   0.034128444600232184   0.12935395250363665   0.03919346970934809   -0.017679858652074585
0.871212271694273  0.6740760760260638   1.4198252590425902   0.038960786862373385   0.1235155771656536   0.04832342262141199   -0.058383753379830386
0.871810352568027  0.6783327426926001   1.4312056057397884   0.04298477851699725   0.11380346697198145   0.040239916546238666   -0.09712110193672176
0.8723975109528324  0.6828400594657309   1.4412579507692116   0.045453998132389366   0.10052345029423318   0.02469219615392122   -0.13280016677748255
0.872958784769774  0.6874510037106625   1.449665820117683   0.046449795615752916   0.08407869348471235   0.00995797483363554   -0.16444756809520839
0.8734895337387479  0.6920605667000632   1.4561602974772558   0.046400178255389314   0.06494477359572777   -0.0004961736036361149   -0.19133919888984574
0.8739931792208421  0.6966093386762827   1.4605242802764635   0.04576569158580987   0.043639827992076656   -0.0063448666957944405   -0.21304945603651115
0.8744781904027272  0.7010742875117248   1.4625942101437355   0.04491214084150161   0.02069929867271949   -0.008535507443082652   -0.2294052931935717
0.8749559358915642  0.705458718662073   1.4622604541474287   0.044103828931564004   -0.0033375599630661077   -0.008083119099375957   -0.24036858635785596
0.8754399871299454  0.7097886548605183   1.4594667962330843   0.04356908661423412   -0.02793657914344507   -0.005347423173298902   -0.24599019180378964
0.8759465620753473  0.7141139997465035   1.454209632156136   0.043549083294630225   -0.05257164076948196   -0.00020003319603893738   -0.24635061626036892
0.8764951659060388  0.718506237740388   1.44653681226438   0.04426366541303684   -0.0767281989175596   0.007145821184066179   -0.24156558148077636
0.8771081091523405  0.7230444551282256   1.4365461616837636   0.0457942316044918   -0.0999065058061648   0.01530566191454958   -0.23178306888605202
0.877807628892154  0.7277879926456755   1.4243836296243133   0.04794838479640693   -0.12162532059450286   0.021541531919151303   -0.21718814788338056
0.8786102530693021  0.7327440149309392   1.4102410331815067   0.05020593835571017   -0.1414259644280662   0.022575535593032433   -0.19800643833563347
0.8795201354902253  0.7378471761890724   1.394352656926289   0.05183641658758532   -0.15888376255217757   0.016304782318751453   -0.1745779812411137
0.8805249145995927  0.7429665629578083   1.3769904159241764   0.052170587447840915   -0.17362241002112463   0.0033417086025559293   -0.14738647468947066
0.8815961637363379  0.7479355053574664   1.3584572943724653   0.05083105673119432   -0.18533121551711315   -0.013395307166465887   -0.11708805495988502
0.88269574590073  0.7525956404773891   1.3390795424455302   0.0478810403731849   -0.19377751926934994   -0.029500163580094205   -0.08446303752236793
0.8837890935428023  0.7568491670437941   1.3191981658763017   0.04391798870342045   -0.1988137656922852   -0.03963051669764448   -0.050362464229352685
0.8848585890970951  0.7606890965905637   1.2991609462413838   0.03986085757332268   -0.200372196349179   -0.04057131130097772   -0.015584306568937849
0.8859107750886939  0.7641960784668426   1.2793156146133875   0.03661422843849739   -0.19845331627996252   -0.032466291348252956   0.01918880069216486
0.8869759371581097  0.7675122627068125   1.2600042185310016   0.0348305155683164   -0.19311396082386034   -0.017837128701809847   0.05339355456102186
0.8881014067086622  0.7708062521153114   1.2415583166765882   0.03480955031672171   -0.18445901854413477   -0.00020965251594685886   0.08654942279725557
0.8893404146237508  0.7742377494224567   1.224294557837729   0.03648330355463672   -0.1726375883885912   0.01673753237915002   0.11821430155543576
0.890737595397598  0.7779244367515672   1.2085409130010611   0.039425597747443045   -0.15753644836667724   0.029422941928063245   0.15101140021913953
0.8923131166458795  0.7819115532583071   1.1944753257489384   0.042871161918128356   -0.1406558725212273   0.03445564170685319   0.16880575845449927
0.894045979242677  0.7861463857462003   1.182390402321777   0.045756550328773196   -0.1208492342716128   0.028853884106448326   0.19806638249614525
0.8958609815173856  0.7904596901381996   1.1724956215134883   0.046796183642725156   -0.09894780808288761   0.010396333139519607   0.21901426188725173
0.8976196386074373  0.7945525278242995   1.1649587550213565   0.044546823775831336   -0.07536866492131761   -0.022493598668938172   0.23579143161570018
0.8991008019516671  0.7979512244973382   1.1598108582101705   0.03707422814788555   -0.051478968111860327   -0.07472595627945786   0.23889696809457267
0.9  0.8   1.1572153036364952   0.022374177505403194   -0.025955545736752534   -0.1470005064248236   0.2552342237510779
0.9  0.8   1.1572153036364952   1.1867751504210743e-28   -1.3657955838548807e-23   -0.22374177505403192   0.25955545736752533
