graph_load_time: 1.14129
n_generated: 71214
n_expanded: 40262
n_domCheck: 278973
rt_initHeu: 0.937468
rt_search: 3.86512
N: 35
Label: 147447
[311,2101991,]
27568 27368 27168 27167 27166 27165 27164 27163 27162 27161 27160 27159 26959 26759 26559 26359 26159 25959 25759 25559 25359 25159 24959 24759 24559 24558 24358 24357 24157 24156 23956 23955 23954 23754 23753 23553 23552 23352 23152 23151 22951 22751 22750 22550 22549 22349 22348 22347 22147 22146 22145 22144 21944 21943 21942 21941 21940 21740 21739 21539 21339 21139 20939 20739 20539 20339 20139 19939 19739 19539 19339 19139 18939 18739 18539 18540 18340 18140 17940 17740 17540 17340 17140 16940 16740 16540 16340 16140 15940 15740 15540 15539 15339 15338 15138 15137 14937 14936 14736 14735 14535 14335 14135 13935 13934 13734 13534 13334 13134 13133 13132 13131 13130 13129 13128 13127 13126 13125 13124 13123 13122 13121 13120 13119 13118 13117 13116 13115 13114 13113 13112 12912 12712 12512 12312 12112 11912 11712 11512 11312 11112 10912 10712 10512 10312 10112 9912 9712 9512 9312 9112 8912 8712 8512 8312 8112 7912 7712 7512 7312 7112 6912 6712 6512 6312 6112 6111 5911 5910 5909 5709 5708 5707 5507 5506 5505 5305 5304 5303 5103 5102 5101 4901 4701 4501 4301 4101 3901 3701 3501 3301 3101 2901 2701 2501 2301 2101 1901 1701 1501 1500 1300 1100 900 700 500 300 100 99 98 97 96 95 94 93 92 91 90 89 88 87 86 85 84 83 82 81 80 79 78 77 76 75 74 73 72 71 70 69 68 67 66 65 64 63 62 61 60 59 58 57 257 256 456 656 655 855 854 1054 1053 1253 1453 1653 1853 2053 2253 2453 2653 2853 3053 3253 3453 3653 3853 4053 4253 4453 4452 4652 4852 5052 5051 5251 5451 5450 5650 5850 6050 6049 6249 6449 6448 6648 6647 6646 6645 6644 6643 6642 6641 6640 6639 6638 6637 6636 6635 6634 6633 6632 6432 6431 6231 
Label: 160309
[329,2031790,]
27568 27368 27168 27167 27166 27165 27164 27163 27162 27161 27160 27159 26959 26759 26559 26359 26159 25959 25759 25559 25359 25159 24959 24759 24559 24558 24358 24357 24157 24156 23956 23955 23954 23754 23753 23553 23552 23352 23152 23151 22951 22751 22750 22550 22549 22349 22348 22347 22147 22146 22145 22144 21944 21943 21942 21941 21940 21740 21739 21738 21737 21537 21536 21336 21136 20936 20736 20536 20336 20136 19936 19736 19536 19336 19136 19137 18937 18938 18738 18739 18539 18540 18340 18140 17940 17740 17540 17340 17140 16940 16740 16540 16340 16140 15940 15740 15540 15539 15339 15338 15138 15137 14937 14936 14736 14735 14535 14335 14135 13935 13934 13734 13534 13334 13134 13133 13132 13131 13130 13129 13128 13127 13126 13125 13124 13123 13122 13121 13120 13119 13118 13117 13116 13115 13114 13113 13112 12912 12911 12711 12511 12510 12310 12110 11910 11710 11510 11310 11110 10910 10710 10510 10310 10311 10111 9911 9711 9712 9512 9312 9112 9113 8913 8713 8513 8313 8113 7913 7713 7513 7313 7113 6913 6713 6513 6313 6113 6112 6111 5911 5910 5909 5709 5708 5707 5507 5506 5505 5305 5304 5303 5103 5102 5101 4901 4701 4501 4301 4101 3901 3701 3501 3301 3101 2901 2701 2501 2301 2101 1901 1701 1501 1500 1300 1100 900 700 500 300 100 99 98 97 96 95 94 93 92 91 90 89 88 87 86 85 84 83 82 81 80 79 78 77 76 75 74 73 72 71 70 69 68 67 66 65 64 63 62 61 60 59 58 57 257 256 456 656 655 855 854 1054 1053 1253 1453 1653 1853 2053 2253 2453 2653 2853 3053 3253 3453 3653 3853 4053 4253 4453 4452 4652 4852 5052 5051 5251 5451 5450 5650 5850 6050 6049 6249 6449 6448 6648 6647 6847 7047 7046 7246 7245 7244 7243 7242 7241 7240 7239 7238 7237 7236 7235 7035 7034 6834 6833 6633 6632 6432 6431 6231 
Label: 144680
[309,2117350,]
27568 27368 27168 27167 27166 27165 27164 27163 27162 27161 27160 27159 26959 26759 26559 26359 26159 25959 25759 25559 25359 25159 24959 24759 24559 24558 24358 24357 24157 24156 23956 23955 23954 23754 23753 23553 23552 23352 23152 23151 22951 22751 22750 22550 22549 22349 22348 22347 22147 22146 22145 22144 21944 21943 21942 21941 21940 21740 21739 21539 21339 21139 20939 20739 20539 20339 20139 19939 19739 19539 19339 19139 18939 18739 18539 18339 18139 17939 17739 17539 17339 17139 16939 16739 16539 16339 16139 15939 15739 15539 15339 15338 15138 15137 14937 14936 14736 14735 14535 14335 14135 13935 13934 13734 13534 13334 13134 13133 13132 13131 13130 13129 13128 13127 13126 13125 13124 13123 13122 13121 13120 13119 13118 13117 13116 13115 13114 13113 13112 12912 12712 12512 12312 12112 11912 11712 11512 11312 11112 10912 10712 10512 10312 10112 9912 9712 9512 9312 9112 8912 8712 8512 8312 8112 7912 7712 7512 7312 7112 6912 6712 6512 6312 6112 6111 5911 5910 5909 5709 5708 5707 5507 5506 5505 5305 5304 5303 5103 5102 5101 4901 4701 4501 4301 4101 3901 3701 3501 3301 3101 2901 2701 2501 2301 2101 1901 1701 1501 1500 1300 1100 900 700 500 300 100 99 98 97 96 95 94 93 92 91 90 89 88 87 86 85 84 83 82 81 80 79 78 77 76 75 74 73 72 71 70 69 68 67 66 65 64 63 62 61 60 59 58 57 257 256 456 656 655 855 854 1054 1053 1253 1453 1653 1853 2053 2253 2453 2653 2853 3053 3253 3453 3653 3853 4053 4253 4453 4452 4652 4852 5052 5051 5251 5451 5450 5650 5850 6050 6049 6249 6449 6448 6648 6647 6646 6645 6644 6643 6642 6641 6640 6639 6638 6637 6636 6635 6634 6633 6632 6432 6431 6231 
Label: 123440
[287,2248075,]
27568 27368 27168 27167 27166 27165 27164 27163 27162 27161 27160 27159 26959 26759 26559 26359 26159 25959 25759 25559 25359 25159 24959 24759 24559 24558 24358 24357 24157 24156 23956 23955 23954 23754 23753 23553 23552 23352 23152 23151 22951 22751 22750 22550 22549 22349 22348 22347 22147 22146 22145 22144 21944 21943 21942 21941 21940 21740 21739 21738 21737 21537 21536 21336 21136 20936 20736 20536 20336 20136 19936 19736 19536 19336 19136 19137 18937 18938 18738 18739 18539 18540 18340 18140 17940 17740 17540 17340 17140 16940 16740 16540 16340 16140 15940 15740 15540 15539 15339 15338 15138 15137 14937 14936 14736 14735 14535 14335 14135 13935 13934 13734 13534 13334 13134 13133 13132 13131 13130 13129 13128 13127 13126 13125 13124 13123 13122 13121 13120 13119 13118 13117 13116 13115 13114 13113 13112 12912 12911 12711 12511 12510 12310 12110 11910 11710 11510 11310 11110 10910 10710 10510 10310 10311 10111 9911 9711 9712 9512 9312 9112 9113 8913 8713 8513 8313 8113 7913 7713 7513 7313 7113 6913 6713 6513 6313 6113 6112 6111 5911 5910 5909 5908 5907 5906 5905 5904 5903 5902 5901 5900 5899 5898 5897 6097 6096 6296 6295 6495 6695 6694 6894 6893 7093 7092 7292 7291 7491 7490 7690 7689 7688 7888 7887 8087 8086 8085 8084 8083 8082 8081 8080 8079 8078 8077 8076 8075 8074 7874 7873 7872 7672 7671 7471 7470 7469 7269 7268 7068 7067 6867 6667 6666 6466 6465 6464 6463 6462 6461 6460 6459 6458 6457 6456 6455 6454 6453 6452 6451 6450 6449 6448 6648 6647 6847 7047 7046 7246 7245 7244 7243 7242 7241 7240 7239 7238 7237 7236 7235 7035 7034 6834 6833 6633 6632 6432 6431 6231 
Label: 121552
[285,2250565,]
27568 27368 27168 27167 27166 27165 27164 27163 27162 27161 27160 27159 26959 26759 26559 26359 26159 25959 25759 25559 25359 25159 24959 24759 24559 24558 24358 24357 24157 24156 23956 23955 23954 23754 23753 23553 23552 23352 23152 23151 22951 22751 22750 22550 22549 22349 22348 22347 22147 22146 22145 22144 21944 21943 21942 21941 21940 21740 21739 21738 21737 21537 21337 21137 20937 20737 20537 20337 20137 19937 19737 19537 19337 19137 18937 18938 18738 18739 18539 18540 18340 18140 17940 17740 17540 17340 17140 16940 16740 16540 16340 16140 15940 15740 15540 15539 15339 15338 15138 15137 14937 14936 14736 14735 14535 14335 14135 13935 13934 13734 13534 13334 13134 13133 13132 13131 13130 13129 13128 13127 13126 13125 13124 13123 13122 13121 13120 13119 13118 13117 13116 13115 13114 13113 13112 12912 12911 12711 12511 12510 12310 12110 11910 11710 11510 11310 11110 10910 10710 10510 10310 10311 10111 9911 9711 9712 9512 9312 9112 9113 8913 8713 8513 8313 8113 7913 7713 7513 7313 7113 6913 6713 6513 6313 6113 6112 6111 5911 5910 5909 5908 5907 5906 5905 5904 5903 5902 5901 5900 5899 5898 5897 6097 6096 6296 6295 6495 6695 6694 6894 6893 7093 7092 7292 7291 7491 7490 7690 7689 7688 7888 7887 8087 8086 8085 8084 8083 8082 8081 8080 8079 8078 8077 8076 8075 8074 7874 7873 7872 7672 7671 7471 7470 7469 7269 7268 7068 7067 6867 6667 6666 6466 6465 6464 6463 6462 6461 6460 6459 6458 6457 6456 6455 6454 6453 6452 6451 6450 6449 6448 6648 6647 6847 7047 7046 7246 7245 7244 7243 7242 7241 7240 7239 7238 7237 7236 7235 7035 7034 6834 6833 6633 6632 6432 6431 6231 
Label: 138785
[305,2155529,]
27568 27368 27168 27167 27166 27165 27164 27163 27162 27161 27160 27159 26959 26759 26559 26359 26159 25959 25759 25559 25359 25159 24959 24759 24559 24558 24358 24357 24157 24156 23956 23955 23954 23754 23753 23553 23552 23352 23152 23151 22951 22751 22750 22550 22549 22349 22348 22347 22147 22146 22145 22144 21944 21943 21942 21941 21940 21740 21739 21539 21339 21139 20939 20739 20539 20339 20139 19939 19739 19539 19339 19139 18939 18739 18539 18339 18139 17939 17739 17539 17339 17139 16939 16739 16539 16339 16139 15939 15739 15539 15339 15338 15138 15137 14937 14936 14736 14735 14535 14335 14135 13935 13934 13734 13534 13334 13134 13133 13132 13131 13130 13129 13128 13127 13126 13125 13124 13123 13122 13121 13120 13119 13118 13117 13116 13115 13114 13113 13112 12912 12712 12512 12312 12112 11912 11712 11512 11312 11112 10912 10712 10512 10312 10112 9912 9712 9512 9312 9112 8912 8712 8512 8312 8112 7912 7712 7512 7312 7112 6912 6712 6512 6312 6112 6111 5911 5910 5909 5709 5708 5707 5507 5506 5505 5305 5304 5303 5103 5102 5101 4901 4701 4501 4301 4101 3901 3701 3501 3301 3101 2901 2701 2501 2301 2101 1901 1701 1501 1500 1300 1100 900 700 500 300 100 99 98 97 96 95 94 93 92 91 90 89 88 87 86 85 84 83 82 81 80 79 78 77 76 75 74 73 72 71 70 69 68 67 66 65 64 63 62 61 60 59 58 57 257 256 456 656 655 855 854 1054 1053 1253 1453 1653 1853 2053 2253 2453 2653 2853 3053 3253 3453 3653 3853 4053 4253 4453 4452 4652 4852 4851 4850 4849 4848 4847 4846 4845 4844 4843 4842 4841 4840 4839 4838 4837 4836 4835 4834 4833 4832 5032 5031 5231 5431 5631 5831 6031 6231 
Label: 119376
[283,2253317,]
27568 27368 27168 27167 27166 27165 27164 27163 27162 27161 27160 27159 26959 26759 26559 26359 26159 25959 25759 25559 25359 25159 24959 24759 24559 24558 24358 24357 24157 24156 23956 23955 23954 23754 23753 23553 23552 23352 23152 23151 22951 22751 22750 22550 22549 22349 22348 22347 22147 22146 22145 22144 21944 21943 21942 21941 21940 21740 21739 21738 21737 21537 21337 21137 20937 20737 20537 20337 20137 19937 19737 19537 19337 19137 18937 18938 18738 18739 18539 18540 18340 18140 17940 17740 17540 17340 17140 16940 16740 16540 16340 16140 15940 15740 15540 15539 15339 15338 15138 15137 14937 14936 14736 14735 14535 14335 14135 13935 13934 13734 13534 13334 13134 13133 13132 13131 13130 13129 13128 13127 13126 13125 13124 13123 13122 13121 13120 13119 13118 13117 13116 13115 13114 13113 13112 12912 12911 12711 12511 12510 12310 12110 11910 11710 11510 11310 11110 10910 10710 10510 10310 10311 10111 9911 9711 9712 9512 9312 9112 9113 8913 8713 8513 8313 8113 7913 7713 7513 7313 7113 6913 6713 6513 6313 6113 6112 6111 5911 5910 5909 5908 5907 5906 5905 5904 5903 5902 5901 5900 5899 5898 5897 6097 6096 6296 6295 6495 6695 6694 6894 6893 7093 7092 7292 7291 7491 7490 7690 7689 7688 7888 7887 8087 8086 8085 8084 8083 8082 8081 8080 8079 8078 8077 8076 8075 8074 7874 7873 7872 7672 7671 7471 7470 7469 7269 7268 7068 7067 6867 6667 6666 6466 6465 6464 6463 6462 6461 6460 6459 6458 6457 6456 6455 6454 6453 6452 6451 6450 6449 6448 6648 6647 6847 7047 7046 7045 7044 7043 7042 7041 7040 7039 7038 7037 7036 7035 7034 6834 6833 6633 6632 6432 6431 6231 
Label: 124680
[289,2245901,]
27568 27368 27168 27167 27166 27165 27164 27163 27162 27161 27160 27159 26959 26759 26559 26359 26159 25959 25759 25559 25359 25159 24959 24759 24559 24558 24358 24357 24157 24156 23956 23955 23954 23754 23753 23553 23552 23352 23152 23151 22951 22751 22750 22550 22549 22349 22348 22347 22147 22146 22145 22144 21944 21943 21942 21941 21940 21740 21739 21738 21737 21537 21536 21336 21136 20936 20736 20536 20336 20136 19936 19736 19536 19336 19136 19137 18937 18938 18738 18739 18539 18540 18340 18140 17940 17740 17540 17340 17140 16940 16740 16540 16340 16140 15940 15740 15540 15539 15339 15338 15138 15137 14937 14936 14736 14735 14535 14335 14135 13935 13934 13734 13534 13334 13134 13133 13132 13131 13130 13129 13128 13127 13126 13125 13124 13123 13122 13121 13120 13119 13118 13117 13116 13115 13114 13113 13112 12912 12911 12711 12511 12510 12310 12110 11910 11710 11510 11310 11110 10910 10710 10510 10310 10311 10111 9911 9711 9712 9512 9312 9112 9113 8913 8713 8513 8313 8113 7913 7713 7513 7313 7113 6913 6713 6513 6313 6113 6112 6111 5911 5910 5909 5709 5708 5707 5706 5705 5704 5703 5702 5701 5700 5699 5698 5898 5897 6097 6096 6296 6295 6495 6695 6694 6894 6893 7093 7092 7292 7291 7491 7490 7690 7689 7688 7888 7887 8087 8086 8085 8084 8083 8082 8081 8080 8079 8078 8077 8076 8075 8074 7874 7873 7872 7672 7671 7471 7470 7469 7269 7268 7068 7067 6867 6667 6666 6466 6465 6464 6463 6462 6461 6460 6459 6458 6457 6456 6455 6454 6453 6452 6451 6450 6449 6448 6648 6647 6847 7047 7046 7246 7245 7244 7243 7242 7241 7240 7239 7238 7237 7236 7235 7035 7034 6834 6833 6633 6632 6432 6431 6231 
Label: 114356
[279,2259975,]
27568 27368 27168 27167 27166 27165 27164 27163 27162 27161 27160 27159 26959 26759 26559 26359 26159 25959 25759 25559 25359 25159 24959 24759 24559 24558 24358 24357 24157 24156 23956 23955 23954 23754 23753 23553 23552 23352 23152 23151 22951 22751 22750 22550 22549 22349 22348 22347 22147 22146 22145 22144 21944 21943 21942 21941 21940 21740 21739 21738 21737 21537 21337 21137 20937 20737 20537 20337 20137 19937 19737 19537 19337 19137 18937 18938 18738 18739 18539 18540 18340 18140 17940 17740 17540 17340 17140 16940 16740 16540 16340 16140 15940 15740 15540 15539 15339 15338 15138 15137 14937 14936 14736 14735 14535 14335 14135 13935 13934 13734 13534 13334 13134 13133 13132 13131 13130 13129 13128 13127 13126 13125 13124 13123 13122 13121 13120 13119 13118 13117 13116 13115 13114 13113 13112 12912 12911 12711 12511 12311 12111 11911 11711 11511 11311 11111 10911 10711 10511 10311 10111 9911 9711 9712 9512 9312 9112 9113 8913 8713 8513 8313 8113 7913 7713 7513 7313 7113 6913 6713 6513 6313 6113 6112 6111 5911 5910 5909 5908 5907 5906 5905 5904 5903 5902 5901 5900 5899 5898 5897 6097 6096 6296 6295 6495 6695 6694 6894 6893 7093 7092 7292 7291 7491 7490 7690 7689 7688 7888 7887 7886 7885 7884 7883 7882 7881 7880 7879 7878 7877 7876 7875 7874 7873 7872 7672 7671 7471 7470 7469 7269 7268 7068 7067 6867 6667 6666 6466 6465 6464 6463 6462 6461 6460 6459 6458 6457 6456 6455 6454 6453 6452 6451 6450 6449 6448 6648 6647 6847 7047 7046 7045 7044 7043 7042 7041 7040 7039 7038 7037 7036 7035 7034 6834 6833 6633 6632 6432 6431 6231 
Label: 126684
[293,2243624,]
27568 27368 27168 27167 27166 27165 27164 27163 27162 27161 27160 27159 26959 26759 26559 26359 26159 25959 25759 25559 25359 25159 24959 24759 24559 24558 24358 24357 24157 24156 23956 23955 23954 23754 23753 23553 23552 23352 23152 23151 22951 22751 22750 22550 22549 22349 22348 22347 22147 22146 22145 22144 21944 21943 21942 21941 21940 21740 21739 21738 21737 21537 21536 21535 21335 21135 20935 20735 20535 20335 20135 19935 19735 19535 19536 19336 19136 19137 18937 18938 18738 18739 18539 18540 18340 18140 17940 17740 17540 17340 17140 16940 16740 16540 16340 16140 15940 15740 15540 15539 15339 15338 15138 15137 14937 14936 14736 14735 14535 14335 14135 13935 13934 13734 13534 13334 13134 13133 13132 13131 13130 13129 13128 13127 13126 13125 13124 13123 13122 13121 13120 13119 13118 13117 13116 13115 13114 13113 13112 12912 12911 12711 12511 12510 12310 12110 11910 11710 11510 11310 11110 10910 10710 10510 10310 10311 10111 9911 9711 9712 9512 9312 9112 9113 8913 8713 8513 8514 8314 8114 7914 7714 7514 7314 7114 6914 6714 6514 6314 6313 6113 6112 6111 5911 5910 5909 5709 5708 5707 5706 5705 5704 5703 5702 5701 5700 5699 5698 5898 5897 6097 6096 6296 6295 6495 6695 6694 6894 6893 7093 7092 7292 7291 7491 7490 7690 7689 7688 7888 7887 8087 8086 8085 8084 8083 8082 8081 8080 8079 8078 8077 8076 8075 8074 7874 7873 7872 7672 7671 7471 7470 7469 7269 7268 7068 7067 6867 6667 6666 6466 6465 6464 6463 6462 6461 6460 6459 6458 6457 6456 6455 6454 6453 6452 6451 6450 6449 6448 6648 6647 6847 7047 7046 7246 7245 7244 7243 7242 7241 7240 7239 7238 7237 7236 7235 7035 7034 6834 6833 6633 6632 6432 6431 6231 
Label: 23788
[245,2316713,]
27568 27368 27168 27167 27166 27165 27164 27163 27162 27161 27160 27159 26959 26759 26559 26359 26159 25959 25759 25559 25359 25159 24959 24759 24559 24558 24358 24357 24157 24156 23956 23955 23954 23754 23753 23553 23552 23352 23152 23151 22951 22751 22750 22550 22549 22349 22348 22347 22147 22146 22145 22144 21944 21943 21942 21941 21940 21740 21739 21539 21339 21139 20939 20739 20539 20339 20139 19939 19739 19539 19339 19139 18939 18739 18539 18540 18340 18140 17940 17740 17540 17340 17140 16940 16740 16540 16340 16140 15940 15740 15540 15539 15339 15338 15138 15137 14937 14936 14736 14735 14535 14335 14135 13935 13934 13734 13534 13334 13134 13133 13132 13131 13130 13129 13128 13127 13126 13125 13124 13123 13122 13121 13120 13119 13118 13117 13116 13115 13114 13113 13112 12912 12911 12711 12511 12510 12310 12110 12109 12108 12107 12106 12105 12104 12103 12102 12101 12100 12099 12098 12097 12096 12095 12094 12093 12092 12091 12090 12089 12088 12087 12086 12085 12084 12083 12082 12081 12080 12079 12078 12077 12076 12075 12074 12073 12072 12071 12070 12069 12068 12067 12066 12065 12064 12063 12062 12061 12060 12059 12058 12057 12056 12055 12054 12053 12052 12051 12050 12049 12048 12047 12046 12045 12044 11844 11644 11444 11244 11044 11043 10843 10643 10443 10243 10242 10042 9842 9841 9641 9640 9440 9240 9239 9039 8839 8639 8439 8239 8039 7839 7838 7638 7637 7437 7436 7236 7235 7035 7034 6834 6833 6633 6632 6432 6431 6231 
Label: 33968
[247,2302603,]
27568 27368 27168 27167 27166 27165 27164 27163 27162 27161 27160 27159 26959 26759 26559 26359 26159 25959 25759 25559 25359 25159 24959 24759 24559 24558 24358 24357 24157 24156 23956 23955 23954 23754 23753 23553 23552 23352 23152 23151 22951 22751 22750 22550 22549 22349 22348 22347 22147 22146 22145 22144 21944 21943 21942 21941 21940 21740 21739 21738 21538 21338 21138 20938 20738 20538 20338 20138 19938 19738 19538 19338 19138 18938 18738 18739 18539 18540 18340 18140 17940 17740 17540 17340 17140 16940 16740 16540 16340 16140 15940 15740 15540 15539 15339 15338 15138 15137 14937 14936 14736 14735 14535 14335 14135 13935 13934 13734 13534 13334 13134 13133 13132 13131 13130 13129 13128 13127 13126 13125 13124 13123 13122 13121 13120 13119 13118 13117 13116 13115 13114 13113 13112 12912 12911 12711 12511 12510 12310 12110 12109 12108 12107 12106 12105 12104 12103 12102 12101 12100 12099 12098 12097 12096 12095 12094 12093 12092 12091 12090 12089 12088 12087 12086 12085 12084 12083 12082 12081 12080 12079 12078 12077 12076 12075 12074 12073 12072 12071 12070 12069 12068 12067 12066 12065 12064 12063 12062 12061 12060 12059 12058 12057 12056 12055 12054 12053 12052 12051 12050 12049 12048 12047 12046 12045 12044 11844 11644 11444 11244 11044 11043 10843 10643 10443 10243 10242 10042 9842 9841 9641 9640 9440 9240 9239 9039 8839 8639 8439 8239 8039 7839 7838 7638 7637 7437 7436 7236 7235 7035 7034 6834 6833 6633 6632 6432 6431 6231 
Label: 160405
[331,2029962,]
27568 27368 27168 27167 27166 27165 27164 27163 27162 27161 27160 27159 26959 26759 26559 26359 26159 25959 25759 25559 25359 25159 24959 24759 24559 24558 24358 24357 24157 24156 23956 23955 23954 23754 23753 23553 23552 23352 23152 23151 22951 22751 22750 22550 22549 22349 22348 22347 22147 22146 22145 22144 21944 21943 21942 21941 21940 21740 21739 21738 21737 21537 21536 21336 21136 20936 20736 20536 20336 20136 19936 19736 19536 19336 19136 19137 18937 18938 18738 18739 18539 18540 18340 18140 17940 17740 17540 17340 17140 16940 16740 16540 16340 16140 15940 15740 15540 15539 15339 15338 15138 15137 14937 14936 14736 14735 14535 14335 14135 13935 13934 13734 13534 13334 13134 13133 13132 13131 13130 13129 13128 13127 13126 13125 13124 13123 13122 13121 13120 13119 13118 13117 13116 13115 13114 13113 13112 12912 12911 12711 12511 12510 12310 12110 11910 11710 11510 11310 11110 10910 10710 10510 10310 10311 10111 9911 9711 9712 9512 9312 9112 9113 8913 8713 8513 8514 8314 8114 7914 7714 7514 7314 7114 6914 6714 6514 6314 6313 6113 6112 6111 5911 5910 5909 5709 5708 5707 5507 5506 5505 5305 5304 5303 5103 5102 5101 4901 4701 4501 4301 4101 3901 3701 3501 3301 3101 2901 2701 2501 2301 2101 1901 1701 1501 1500 1300 1100 900 700 500 300 100 99 98 97 96 95 94 93 92 91 90 89 88 87 86 85 84 83 82 81 80 79 78 77 76 75 74 73 72 71 70 69 68 67 66 65 64 63 62 61 60 59 58 57 257 256 456 656 655 855 854 1054 1053 1253 1453 1653 1853 2053 2253 2453 2653 2853 3053 3253 3453 3653 3853 4053 4253 4453 4452 4652 4852 5052 5051 5251 5451 5450 5650 5850 6050 6049 6249 6449 6448 6648 6647 6847 7047 7046 7246 7245 7244 7243 7242 7241 7240 7239 7238 7237 7236 7235 7035 7034 6834 6833 6633 6632 6432 6431 6231 
Label: 13636
[243,2332072,]
27568 27368 27168 27167 27166 27165 27164 27163 27162 27161 27160 27159 26959 26759 26559 26359 26159 25959 25759 25559 25359 25159 24959 24759 24559 24558 24358 24357 24157 24156 23956 23955 23954 23754 23753 23553 23552 23352 23152 23151 22951 22751 22750 22550 22549 22349 22348 22347 22147 22146 22145 22144 21944 21943 21942 21941 21940 21740 21739 21539 21339 21139 20939 20739 20539 20339 20139 19939 19739 19539 19339 19139 18939 18739 18539 18339 18139 17939 17739 17539 17339 17139 16939 16739 16539 16339 16139 15939 15739 15539 15339 15338 15138 15137 14937 14936 14736 14735 14535 14335 14135 13935 13934 13734 13534 13334 13134 13133 13132 13131 13130 13129 13128 13127 13126 13125 13124 13123 13122 13121 13120 13119 13118 13117 13116 13115 13114 13113 13112 12912 12911 12711 12511 12510 12310 12110 12109 12108 12107 12106 12105 12104 12103 12102 12101 12100 12099 12098 12097 12096 12095 12094 12093 12092 12091 12090 12089 12088 12087 12086 12085 12084 12083 12082 12081 12080 12079 12078 12077 12076 12075 12074 12073 12072 12071 12070 12069 12068 12067 12066 12065 12064 12063 12062 12061 12060 12059 12058 12057 12056 12055 12054 12053 12052 12051 12050 12049 12048 12047 12046 12045 12044 11844 11644 11444 11244 11044 11043 10843 10643 10443 10243 10242 10042 9842 9841 9641 9640 9440 9240 9239 9039 8839 8639 8439 8239 8039 7839 7838 7638 7637 7437 7436 7236 7235 7035 7034 6834 6833 6633 6632 6432 6431 6231 
Label: 150023
[313,2087372,]
27568 27368 27168 27167 27166 27165 27164 27163 27162 27161 27160 27159 26959 26759 26559 26359 26159 25959 25759 25559 25359 25159 24959 24759 24559 24558 24358 24357 24157 24156 23956 23955 23954 23754 23753 23553 23552 23352 23152 23151 22951 22751 22750 22550 22549 22349 22348 22347 22147 22146 22145 22144 21944 21943 21942 21941 21940 21740 21739 21539 21339 21139 20939 20739 20539 20339 20139 19939 19739 19539 19339 19139 18939 18739 18539 18540 18340 18140 17940 17740 17540 17340 17140 16940 16740 16540 16340 16140 15940 15740 15540 15539 15339 15338 15138 15137 14937 14936 14736 14735 14535 14335 14135 13935 13934 13734 13534 13334 13134 13133 13132 13131 13130 13129 13128 13127 13126 13125 13124 13123 13122 13121 13120 13119 13118 13117 13116 13115 13114 13113 13112 12912 12712 12512 12312 12112 11912 11712 11512 11312 11112 10912 10712 10512 10312 10112 9912 9712 9512 9312 9112 8912 8712 8512 8312 8112 7912 7712 7512 7312 7112 6912 6712 6512 6312 6112 6111 5911 5910 5909 5709 5708 5707 5507 5506 5505 5305 5304 5303 5103 5102 5101 4901 4701 4501 4301 4101 3901 3701 3501 3301 3101 2901 2701 2501 2301 2101 1901 1701 1501 1500 1300 1100 900 700 500 300 100 99 98 97 96 95 94 93 92 91 90 89 88 87 86 85 84 83 82 81 80 79 78 77 76 75 74 73 72 71 70 69 68 67 66 65 64 63 62 61 60 59 58 57 257 256 456 656 655 855 854 1054 1053 1253 1453 1653 1853 2053 2253 2453 2653 2853 3053 3253 3453 3653 3853 4053 4253 4453 4452 4652 4852 5052 5051 5251 5451 5450 5650 5850 6050 6049 6249 6449 6448 6648 6647 6847 6846 6845 6844 6843 6842 6841 6840 6839 6838 6837 6836 6835 6834 6833 6633 6632 6432 6431 6231 
Label: 160049
[325,2037032,]
27568 27368 27168 27167 27166 27165 27164 27163 27162 27161 27160 27159 26959 26759 26559 26359 26159 25959 25759 25559 25359 25159 24959 24759 24559 24558 24358 24357 24157 24156 23956 23955 23954 23754 23753 23553 23552 23352 23152 23151 22951 22751 22750 22550 22549 22349 22348 22347 22147 22146 22145 22144 21944 21943 21942 21941 21940 21740 21739 21738 21737 21537 21337 21137 20937 20737 20537 20337 20137 19937 19737 19537 19337 19137 18937 18938 18738 18739 18539 18540 18340 18140 17940 17740 17540 17340 17140 16940 16740 16540 16340 16140 15940 15740 15540 15539 15339 15338 15138 15137 14937 14936 14736 14735 14535 14335 14135 13935 13934 13734 13534 13334 13134 13133 13132 13131 13130 13129 13128 13127 13126 13125 13124 13123 13122 13121 13120 13119 13118 13117 13116 13115 13114 13113 13112 12912 12911 12711 12511 12510 12310 12110 11910 11710 11510 11310 11110 10910 10710 10510 10310 10311 10111 9911 9711 9712 9512 9312 9112 9113 8913 8713 8513 8313 8113 7913 7713 7513 7313 7113 6913 6713 6513 6313 6113 6112 6111 5911 5910 5909 5709 5708 5707 5507 5506 5505 5305 5304 5303 5103 5102 5101 4901 4701 4501 4301 4101 3901 3701 3501 3301 3101 2901 2701 2501 2301 2101 1901 1701 1501 1500 1300 1100 900 700 500 300 100 99 98 97 96 95 94 93 92 91 90 89 88 87 86 85 84 83 82 81 80 79 78 77 76 75 74 73 72 71 70 69 68 67 66 65 64 63 62 61 60 59 58 57 257 256 456 656 655 855 854 1054 1053 1253 1453 1653 1853 2053 2253 2453 2653 2853 3053 3253 3453 3653 3853 4053 4253 4453 4452 4652 4852 5052 5051 5251 5451 5450 5650 5850 6050 6049 6249 6449 6448 6648 6647 6847 7047 7046 7045 7044 7043 7042 7041 7040 7039 7038 7037 7036 7035 7034 6834 6833 6633 6632 6432 6431 6231 
Label: 152376
[315,2073262,]
27568 27368 27168 27167 27166 27165 27164 27163 27162 27161 27160 27159 26959 26759 26559 26359 26159 25959 25759 25559 25359 25159 24959 24759 24559 24558 24358 24357 24157 24156 23956 23955 23954 23754 23753 23553 23552 23352 23152 23151 22951 22751 22750 22550 22549 22349 22348 22347 22147 22146 22145 22144 21944 21943 21942 21941 21940 21740 21739 21738 21538 21338 21138 20938 20738 20538 20338 20138 19938 19738 19538 19338 19138 18938 18738 18739 18539 18540 18340 18140 17940 17740 17540 17340 17140 16940 16740 16540 16340 16140 15940 15740 15540 15539 15339 15338 15138 15137 14937 14936 14736 14735 14535 14335 14135 13935 13934 13734 13534 13334 13134 13133 13132 13131 13130 13129 13128 13127 13126 13125 13124 13123 13122 13121 13120 13119 13118 13117 13116 13115 13114 13113 13112 12912 12712 12512 12312 12112 11912 11712 11512 11312 11112 10912 10712 10512 10312 10112 9912 9712 9512 9312 9112 8912 8712 8512 8312 8112 7912 7712 7512 7312 7112 6912 6712 6512 6312 6112 6111 5911 5910 5909 5709 5708 5707 5507 5506 5505 5305 5304 5303 5103 5102 5101 4901 4701 4501 4301 4101 3901 3701 3501 3301 3101 2901 2701 2501 2301 2101 1901 1701 1501 1500 1300 1100 900 700 500 300 100 99 98 97 96 95 94 93 92 91 90 89 88 87 86 85 84 83 82 81 80 79 78 77 76 75 74 73 72 71 70 69 68 67 66 65 64 63 62 61 60 59 58 57 257 256 456 656 655 855 854 1054 1053 1253 1453 1653 1853 2053 2253 2453 2653 2853 3053 3253 3453 3653 3853 4053 4253 4453 4452 4652 4852 5052 5051 5251 5451 5450 5650 5850 6050 6049 6249 6449 6448 6648 6647 6847 6846 6845 6844 6843 6842 6841 6840 6839 6838 6837 6836 6835 6834 6833 6633 6632 6432 6431 6231 
Label: 111544
[277,2265358,]
27568 27368 27168 27167 27166 27165 27164 27163 27162 27161 27160 27159 26959 26759 26559 26359 26159 25959 25759 25559 25359 25159 24959 24759 24559 24558 24358 24357 24157 24156 23956 23955 23954 23754 23753 23553 23552 23352 23152 23151 22951 22751 22750 22550 22549 22349 22348 22347 22147 22146 22145 22144 21944 21943 21942 21941 21940 21740 21739 21738 21737 21537 21337 21137 20937 20737 20537 20337 20137 19937 19737 19537 19337 19137 18937 18938 18738 18739 18539 18540 18340 18140 17940 17740 17540 17340 17140 16940 16740 16540 16340 16140 15940 15740 15540 15539 15339 15338 15138 15137 14937 14936 14736 14735 14535 14335 14135 13935 13934 13734 13534 13334 13134 13133 13132 13131 13130 13129 13128 13127 13126 13125 13124 13123 13122 13121 13120 13119 13118 13117 13116 13115 13114 13113 13112 12912 12911 12711 12511 12311 12111 11911 11711 11511 11311 11111 10911 10711 10511 10311 10111 9911 9711 9712 9512 9312 9112 9113 8913 8713 8513 8313 8113 7913 7713 7513 7313 7113 6913 6713 6513 6313 6113 6112 6111 6110 6109 6108 6107 6106 6105 6104 6103 6102 6101 6100 6099 6098 6097 6096 6296 6295 6495 6695 6694 6894 6893 7093 7092 7292 7291 7491 7490 7690 7689 7688 7888 7887 7886 7885 7884 7883 7882 7881 7880 7879 7878 7877 7876 7875 7874 7873 7872 7672 7671 7471 7470 7469 7269 7268 7068 7067 6867 6667 6666 6466 6465 6464 6463 6462 6461 6460 6459 6458 6457 6456 6455 6454 6453 6452 6451 6450 6449 6448 6648 6647 6847 7047 7046 7045 7044 7043 7042 7041 7040 7039 7038 7037 7036 7035 7034 6834 6833 6633 6632 6432 6431 6231 
Label: 108540
[275,2272093,]
27568 27368 27168 27167 27166 27165 27164 27163 27162 27161 27160 27159 26959 26759 26559 26359 26159 25959 25759 25559 25359 25159 24959 24759 24559 24558 24358 24357 24157 24156 23956 23955 23954 23754 23753 23553 23552 23352 23152 23151 22951 22751 22750 22550 22549 22349 22348 22347 22147 22146 22145 22144 21944 21943 21942 21941 21940 21740 21739 21738 21737 21537 21337 21137 20937 20737 20537 20337 20137 19937 19737 19537 19337 19137 18937 18938 18738 18739 18539 18540 18340 18140 17940 17740 17540 17340 17140 16940 16740 16540 16340 16140 15940 15740 15540 15539 15339 15338 15138 15137 14937 14936 14736 14735 14535 14335 14135 13935 13934 13734 13534 13334 13134 13133 13132 13131 13130 13129 13128 13127 13126 13125 13124 13123 13122 13121 13120 13119 13118 13117 13116 13115 13114 13113 13112 12912 12911 12711 12511 12311 12111 11911 11711 11511 11311 11111 10911 10711 10511 10311 10111 9911 9711 9712 9512 9312 9112 9113 8913 8713 8513 8313 8113 7913 7713 7513 7313 7113 6913 6713 6513 6313 6113 6112 6111 6110 6109 6108 6107 6106 6105 6104 6103 6102 6101 6100 6099 6098 6097 6096 6296 6295 6495 6695 6694 6894 6893 7093 7092 7292 7291 7491 7490 7690 7689 7688 7888 7887 7886 7885 7884 7883 7882 7881 7880 7879 7878 7877 7876 7875 7874 7873 7872 7672 7671 7471 7470 7469 7269 7268 7068 7067 6867 6667 6666 6665 6664 6663 6662 6661 6660 6659 6658 6657 6656 6655 6654 6653 6652 6651 6650 6649 6648 6647 6847 7047 7046 7045 7044 7043 7042 7041 7040 7039 7038 7037 7036 7035 7034 6834 6833 6633 6632 6432 6431 6231 
Label: 160189
[327,2034280,]
27568 27368 27168 27167 27166 27165 27164 27163 27162 27161 27160 27159 26959 26759 26559 26359 26159 25959 25759 25559 25359 25159 24959 24759 24559 24558 24358 24357 24157 24156 23956 23955 23954 23754 23753 23553 23552 23352 23152 23151 22951 22751 22750 22550 22549 22349 22348 22347 22147 22146 22145 22144 21944 21943 21942 21941 21940 21740 21739 21738 21737 21537 21337 21137 20937 20737 20537 20337 20137 19937 19737 19537 19337 19137 18937 18938 18738 18739 18539 18540 18340 18140 17940 17740 17540 17340 17140 16940 16740 16540 16340 16140 15940 15740 15540 15539 15339 15338 15138 15137 14937 14936 14736 14735 14535 14335 14135 13935 13934 13734 13534 13334 13134 13133 13132 13131 13130 13129 13128 13127 13126 13125 13124 13123 13122 13121 13120 13119 13118 13117 13116 13115 13114 13113 13112 12912 12911 12711 12511 12510 12310 12110 11910 11710 11510 11310 11110 10910 10710 10510 10310 10311 10111 9911 9711 9712 9512 9312 9112 9113 8913 8713 8513 8313 8113 7913 7713 7513 7313 7113 6913 6713 6513 6313 6113 6112 6111 5911 5910 5909 5709 5708 5707 5507 5506 5505 5305 5304 5303 5103 5102 5101 4901 4701 4501 4301 4101 3901 3701 3501 3301 3101 2901 2701 2501 2301 2101 1901 1701 1501 1500 1300 1100 900 700 500 300 100 99 98 97 96 95 94 93 92 91 90 89 88 87 86 85 84 83 82 81 80 79 78 77 76 75 74 73 72 71 70 69 68 67 66 65 64 63 62 61 60 59 58 57 257 256 456 656 655 855 854 1054 1053 1253 1453 1653 1853 2053 2253 2453 2653 2853 3053 3253 3453 3653 3853 4053 4253 4453 4452 4652 4852 5052 5051 5251 5451 5450 5650 5850 6050 6049 6249 6449 6448 6648 6647 6847 7047 7046 7246 7245 7244 7243 7242 7241 7240 7239 7238 7237 7236 7235 7035 7034 6834 6833 6633 6632 6432 6431 6231 
Label: 160489
[333,2029513,]
27568 27368 27168 27167 27166 27165 27164 27163 27162 27161 27160 27159 26959 26759 26559 26359 26159 25959 25759 25559 25359 25159 24959 24759 24559 24558 24358 24357 24157 24156 23956 23955 23954 23754 23753 23553 23552 23352 23152 23151 22951 22751 22750 22550 22549 22349 22348 22347 22147 22146 22145 22144 21944 21943 21942 21941 21940 21740 21739 21738 21737 21537 21536 21535 21335 21135 20935 20735 20535 20335 20135 19935 19735 19535 19536 19336 19136 19137 18937 18938 18738 18739 18539 18540 18340 18140 17940 17740 17540 17340 17140 16940 16740 16540 16340 16140 15940 15740 15540 15539 15339 15338 15138 15137 14937 14936 14736 14735 14535 14335 14135 13935 13934 13734 13534 13334 13134 13133 13132 13131 13130 13129 13128 13127 13126 13125 13124 13123 13122 13121 13120 13119 13118 13117 13116 13115 13114 13113 13112 12912 12911 12711 12511 12510 12310 12110 11910 11710 11510 11310 11110 10910 10710 10510 10310 10311 10111 9911 9711 9712 9512 9312 9112 9113 8913 8713 8513 8514 8314 8114 7914 7714 7514 7314 7114 6914 6714 6514 6314 6313 6113 6112 6111 5911 5910 5909 5709 5708 5707 5507 5506 5505 5305 5304 5303 5103 5102 5101 4901 4701 4501 4301 4101 3901 3701 3501 3301 3101 2901 2701 2501 2301 2101 1901 1701 1501 1500 1300 1100 900 700 500 300 100 99 98 97 96 95 94 93 92 91 90 89 88 87 86 85 84 83 82 81 80 79 78 77 76 75 74 73 72 71 70 69 68 67 66 65 64 63 62 61 60 59 58 57 257 256 456 656 655 855 854 1054 1053 1253 1453 1653 1853 2053 2253 2453 2653 2853 3053 3253 3453 3653 3853 4053 4253 4453 4452 4652 4852 5052 5051 5251 5451 5450 5650 5850 6050 6049 6249 6449 6448 6648 6647 6847 7047 7046 7246 7245 7244 7243 7242 7241 7240 7239 7238 7237 7236 7235 7035 7034 6834 6833 6633 6632 6432 6431 6231 
Label: 116960
[281,2256084,]
27568 27368 27168 27167 27166 27165 27164 27163 27162 27161 27160 27159 26959 26759 26559 26359 26159 25959 25759 25559 25359 25159 24959 24759 24559 24558 24358 24357 24157 24156 23956 23955 23954 23754 23753 23553 23552 23352 23152 23151 22951 22751 22750 22550 22549 22349 22348 22347 22147 22146 22145 22144 21944 21943 21942 21941 21940 21740 21739 21738 21737 21537 21337 21137 20937 20737 20537 20337 20137 19937 19737 19537 19337 19137 18937 18938 18738 18739 18539 18540 18340 18140 17940 17740 17540 17340 17140 16940 16740 16540 16340 16140 15940 15740 15540 15539 15339 15338 15138 15137 14937 14936 14736 14735 14535 14335 14135 13935 13934 13734 13534 13334 13134 13133 13132 13131 13130 13129 13128 13127 13126 13125 13124 13123 13122 13121 13120 13119 13118 13117 13116 13115 13114 13113 13112 12912 12911 12711 12511 12311 12111 11911 11711 11511 11311 11111 10911 10711 10511 10311 10111 9911 9711 9712 9512 9312 9112 9113 8913 8713 8513 8313 8113 7913 7713 7513 7313 7113 6913 6713 6513 6313 6113 6112 6111 5911 5910 5909 5908 5907 5906 5905 5904 5903 5902 5901 5900 5899 5898 5897 6097 6096 6296 6295 6495 6695 6694 6894 6893 7093 7092 7292 7291 7491 7490 7690 7689 7688 7888 7887 8087 8086 8085 8084 8083 8082 8081 8080 8079 8078 8077 8076 8075 8074 7874 7873 7872 7672 7671 7471 7470 7469 7269 7268 7068 7067 6867 6667 6666 6466 6465 6464 6463 6462 6461 6460 6459 6458 6457 6456 6455 6454 6453 6452 6451 6450 6449 6448 6648 6647 6847 7047 7046 7045 7044 7043 7042 7041 7040 7039 7038 7037 7036 7035 7034 6834 6833 6633 6632 6432 6431 6231 
Label: 127632
[295,2243248,]
27568 27368 27168 27167 27166 27165 27164 27163 27162 27161 27160 27159 26959 26759 26559 26359 26159 25959 25759 25559 25359 25159 24959 24759 24559 24558 24358 24357 24157 24156 23956 23955 23954 23754 23753 23553 23552 23352 23152 23151 22951 22751 22750 22550 22549 22349 22348 22347 22147 22146 22145 22144 21944 21943 21942 21941 21940 21740 21739 21738 21737 21537 21536 21535 21335 21135 20935 20735 20535 20335 20135 19935 19735 19535 19536 19336 19136 19137 18937 18938 18738 18739 18539 18540 18340 18140 17940 17740 17540 17340 17140 16940 16740 16540 16340 16140 15940 15740 15540 15539 15339 15338 15138 15137 14937 14936 14736 14735 14535 14335 14135 13935 13934 13734 13534 13334 13134 13133 13132 13131 13130 13129 13128 13127 13126 13125 13124 13123 13122 13121 13120 13119 13118 13117 13116 13115 13114 13113 13112 12912 12911 12711 12511 12510 12310 12110 11910 11710 11510 11310 11110 10910 10710 10510 10310 10311 10111 9911 9711 9712 9512 9312 9112 9113 8913 8713 8513 8514 8314 8114 7914 7714 7514 7314 7114 6914 6714 6514 6314 6313 6113 6112 6111 5911 5910 5909 5709 5708 5707 5507 5506 5505 5504 5503 5502 5501 5500 5499 5498 5698 5898 5897 6097 6096 6296 6295 6495 6695 6694 6894 6893 7093 7092 7292 7291 7491 7490 7690 7689 7688 7888 7887 8087 8086 8085 8084 8083 8082 8081 8080 8079 8078 8077 8076 8075 8074 7874 7873 7872 7672 7671 7471 7470 7469 7269 7268 7068 7067 6867 6667 6666 6466 6465 6464 6463 6462 6461 6460 6459 6458 6457 6456 6455 6454 6453 6452 6451 6450 6449 6448 6648 6647 6847 7047 7046 7246 7245 7244 7243 7242 7241 7240 7239 7238 7237 7236 7235 7035 7034 6834 6833 6633 6632 6432 6431 6231 
Label: 159885
[323,2039799,]
27568 27368 27168 27167 27166 27165 27164 27163 27162 27161 27160 27159 26959 26759 26559 26359 26159 25959 25759 25559 25359 25159 24959 24759 24559 24558 24358 24357 24157 24156 23956 23955 23954 23754 23753 23553 23552 23352 23152 23151 22951 22751 22750 22550 22549 22349 22348 22347 22147 22146 22145 22144 21944 21943 21942 21941 21940 21740 21739 21738 21737 21537 21337 21137 20937 20737 20537 20337 20137 19937 19737 19537 19337 19137 18937 18938 18738 18739 18539 18540 18340 18140 17940 17740 17540 17340 17140 16940 16740 16540 16340 16140 15940 15740 15540 15539 15339 15338 15138 15137 14937 14936 14736 14735 14535 14335 14135 13935 13934 13734 13534 13334 13134 13133 13132 13131 13130 13129 13128 13127 13126 13125 13124 13123 13122 13121 13120 13119 13118 13117 13116 13115 13114 13113 13112 12912 12911 12711 12511 12311 12111 11911 11711 11511 11311 11111 10911 10711 10511 10311 10111 9911 9711 9712 9512 9312 9112 9113 8913 8713 8513 8313 8113 7913 7713 7513 7313 7113 6913 6713 6513 6313 6113 6112 6111 5911 5910 5909 5709 5708 5707 5507 5506 5505 5305 5304 5303 5103 5102 5101 4901 4701 4501 4301 4101 3901 3701 3501 3301 3101 2901 2701 2501 2301 2101 1901 1701 1501 1500 1300 1100 900 700 500 300 100 99 98 97 96 95 94 93 92 91 90 89 88 87 86 85 84 83 82 81 80 79 78 77 76 75 74 73 72 71 70 69 68 67 66 65 64 63 62 61 60 59 58 57 257 256 456 656 655 855 854 1054 1053 1253 1453 1653 1853 2053 2253 2453 2653 2853 3053 3253 3453 3653 3853 4053 4253 4453 4452 4652 4852 5052 5051 5251 5451 5450 5650 5850 6050 6049 6249 6449 6448 6648 6647 6847 7047 7046 7045 7044 7043 7042 7041 7040 7039 7038 7037 7036 7035 7034 6834 6833 6633 6632 6432 6431 6231 
Label: 64364
[253,2292924,]
27568 27368 27168 27167 27166 27165 27164 27163 27162 27161 27160 27159 26959 26759 26559 26359 26159 25959 25759 25559 25359 25159 24959 24759 24559 24558 24358 24357 24157 24156 23956 23955 23954 23754 23753 23553 23552 23352 23152 23151 22951 22751 22750 22550 22549 22349 22348 22347 22147 22146 22145 22144 21944 21943 21942 21941 21940 21740 21739 21738 21737 21537 21536 21535 21335 21135 20935 20735 20535 20335 20135 19935 19735 19535 19536 19336 19136 19137 18937 18938 18738 18739 18539 18540 18340 18140 17940 17740 17540 17340 17140 16940 16740 16540 16340 16140 15940 15740 15540 15539 15339 15338 15138 15137 14937 14936 14736 14735 14535 14335 14135 13935 13934 13734 13534 13334 13134 13133 13132 13131 13130 13129 13128 13127 13126 13125 13124 13123 13122 13121 13120 13119 13118 13117 13116 13115 13114 13113 13112 12912 12911 12711 12511 12510 12310 12110 12109 12108 12107 12106 12105 12104 12103 12102 12101 12100 12099 12098 12097 12096 12095 12094 12093 12092 12091 12090 12089 12088 12087 12086 12085 12084 12083 12082 12081 12080 12079 12078 12077 12076 12075 12074 12073 12072 12071 12070 12069 12068 12067 12066 12065 12064 12063 12062 12061 12060 12059 12058 12057 12056 12055 12054 12053 12052 12051 12050 12049 12048 12047 12046 12045 12044 11844 11644 11444 11244 11044 11043 10843 10643 10443 10243 10242 10042 9842 9841 9641 9640 9440 9240 9239 9039 8839 8639 8439 8239 8039 7839 7838 7638 7637 7437 7436 7236 7235 7035 7034 6834 6833 6633 6632 6432 6431 6231 
Label: 54288
[251,2293373,]
27568 27368 27168 27167 27166 27165 27164 27163 27162 27161 27160 27159 26959 26759 26559 26359 26159 25959 25759 25559 25359 25159 24959 24759 24559 24558 24358 24357 24157 24156 23956 23955 23954 23754 23753 23553 23552 23352 23152 23151 22951 22751 22750 22550 22549 22349 22348 22347 22147 22146 22145 22144 21944 21943 21942 21941 21940 21740 21739 21738 21737 21537 21536 21336 21136 20936 20736 20536 20336 20136 19936 19736 19536 19336 19136 19137 18937 18938 18738 18739 18539 18540 18340 18140 17940 17740 17540 17340 17140 16940 16740 16540 16340 16140 15940 15740 15540 15539 15339 15338 15138 15137 14937 14936 14736 14735 14535 14335 14135 13935 13934 13734 13534 13334 13134 13133 13132 13131 13130 13129 13128 13127 13126 13125 13124 13123 13122 13121 13120 13119 13118 13117 13116 13115 13114 13113 13112 12912 12911 12711 12511 12510 12310 12110 12109 12108 12107 12106 12105 12104 12103 12102 12101 12100 12099 12098 12097 12096 12095 12094 12093 12092 12091 12090 12089 12088 12087 12086 12085 12084 12083 12082 12081 12080 12079 12078 12077 12076 12075 12074 12073 12072 12071 12070 12069 12068 12067 12066 12065 12064 12063 12062 12061 12060 12059 12058 12057 12056 12055 12054 12053 12052 12051 12050 12049 12048 12047 12046 12045 12044 11844 11644 11444 11244 11044 11043 10843 10643 10443 10243 10242 10042 9842 9841 9641 9640 9440 9240 9239 9039 8839 8639 8439 8239 8039 7839 7838 7638 7637 7437 7436 7236 7235 7035 7034 6834 6833 6633 6632 6432 6431 6231 
Label: 105336
[273,2278833,]
27568 27368 27168 27167 27166 27165 27164 27163 27162 27161 27160 27159 26959 26759 26559 26359 26159 25959 25759 25559 25359 25159 24959 24759 24559 24558 24358 24357 24157 24156 23956 23955 23954 23754 23753 23553 23552 23352 23152 23151 22951 22751 22750 22550 22549 22349 22348 22347 22147 22146 22145 22144 21944 21943 21942 21941 21940 21740 21739 21738 21538 21338 21138 20938 20738 20538 20338 20138 19938 19738 19538 19338 19138 18938 18738 18739 18539 18540 18340 18140 17940 17740 17540 17340 17140 16940 16740 16540 16340 16140 15940 15740 15540 15539 15339 15338 15138 15137 14937 14936 14736 14735 14535 14335 14135 13935 13934 13734 13534 13334 13134 13133 13132 13131 13130 13129 13128 13127 13126 13125 13124 13123 13122 13121 13120 13119 13118 13117 13116 13115 13114 13113 13112 12912 12911 12711 12511 12311 12111 11911 11711 11511 11311 11111 10911 10711 10511 10311 10111 9911 9711 9712 9512 9312 9112 9113 8913 8713 8513 8313 8113 7913 7713 7513 7313 7113 6913 6713 6513 6313 6113 6112 6111 6110 6109 6108 6107 6106 6105 6104 6103 6102 6101 6100 6099 6098 6097 6096 6296 6295 6495 6695 6694 6894 6893 7093 7092 7292 7291 7491 7490 7690 7689 7688 7888 7887 7886 7885 7884 7883 7882 7881 7880 7879 7878 7877 7876 7875 7874 7873 7872 7672 7671 7471 7470 7469 7269 7268 7068 7067 6867 6667 6666 6665 6664 6663 6662 6661 6660 6659 6658 6657 6656 6655 6654 6653 6652 6651 6650 6649 6648 6647 6847 7047 7046 7045 7044 7043 7042 7041 7040 7039 7038 7037 7036 7035 7034 6834 6833 6633 6632 6432 6431 6231 
Label: 44212
[249,2295863,]
27568 27368 27168 27167 27166 27165 27164 27163 27162 27161 27160 27159 26959 26759 26559 26359 26159 25959 25759 25559 25359 25159 24959 24759 24559 24558 24358 24357 24157 24156 23956 23955 23954 23754 23753 23553 23552 23352 23152 23151 22951 22751 22750 22550 22549 22349 22348 22347 22147 22146 22145 22144 21944 21943 21942 21941 21940 21740 21739 21738 21737 21537 21337 21137 20937 20737 20537 20337 20137 19937 19737 19537 19337 19137 18937 18938 18738 18739 18539 18540 18340 18140 17940 17740 17540 17340 17140 16940 16740 16540 16340 16140 15940 15740 15540 15539 15339 15338 15138 15137 14937 14936 14736 14735 14535 14335 14135 13935 13934 13734 13534 13334 13134 13133 13132 13131 13130 13129 13128 13127 13126 13125 13124 13123 13122 13121 13120 13119 13118 13117 13116 13115 13114 13113 13112 12912 12911 12711 12511 12510 12310 12110 12109 12108 12107 12106 12105 12104 12103 12102 12101 12100 12099 12098 12097 12096 12095 12094 12093 12092 12091 12090 12089 12088 12087 12086 12085 12084 12083 12082 12081 12080 12079 12078 12077 12076 12075 12074 12073 12072 12071 12070 12069 12068 12067 12066 12065 12064 12063 12062 12061 12060 12059 12058 12057 12056 12055 12054 12053 12052 12051 12050 12049 12048 12047 12046 12045 12044 11844 11644 11444 11244 11044 11043 10843 10643 10443 10243 10242 10042 9842 9841 9641 9640 9440 9240 9239 9039 8839 8639 8439 8239 8039 7839 7838 7638 7637 7437 7436 7236 7235 7035 7034 6834 6833 6633 6632 6432 6431 6231 
Label: 141797
[307,2136627,]
27568 27368 27168 27167 27166 27165 27164 27163 27162 27161 27160 27159 26959 26759 26559 26359 26159 25959 25759 25559 25359 25159 24959 24759 24559 24558 24358 24357 24157 24156 23956 23955 23954 23754 23753 23553 23552 23352 23152 23151 22951 22751 22750 22550 22549 22349 22348 22347 22147 22146 22145 22144 21944 21943 21942 21941 21940 21740 21739 21539 21339 21139 20939 20739 20539 20339 20139 19939 19739 19539 19339 19139 18939 18739 18539 18339 18139 17939 17739 17539 17339 17139 16939 16739 16539 16339 16139 15939 15739 15539 15339 15338 15138 15137 14937 14936 14736 14735 14535 14335 14135 13935 13934 13734 13534 13334 13134 13133 13132 13131 13130 13129 13128 13127 13126 13125 13124 13123 13122 13121 13120 13119 13118 13117 13116 13115 13114 13113 13112 12912 12712 12512 12312 12112 11912 11712 11512 11312 11112 10912 10712 10512 10312 10112 9912 9712 9512 9312 9112 8912 8712 8512 8312 8112 7912 7712 7512 7312 7112 6912 6712 6512 6312 6112 6111 5911 5910 5909 5709 5708 5707 5507 5506 5505 5305 5304 5303 5103 5102 5101 4901 4701 4501 4301 4101 3901 3701 3501 3301 3101 2901 2701 2501 2301 2101 1901 1701 1501 1500 1300 1100 900 700 500 300 100 99 98 97 96 95 94 93 92 91 90 89 88 87 86 85 84 83 82 81 80 79 78 77 76 75 74 73 72 71 70 69 68 67 66 65 64 63 62 61 60 59 58 57 257 256 456 656 655 855 854 1054 1053 1253 1453 1653 1853 2053 2253 2453 2653 2853 3053 3253 3453 3653 3853 4053 4253 4453 4452 4652 4852 5052 5051 5251 5451 5450 5650 5850 6050 6049 6249 6449 6448 6447 6446 6445 6444 6443 6442 6441 6440 6439 6438 6437 6436 6435 6434 6433 6432 6431 6231 
Label: 125716
[291,2244073,]
27568 27368 27168 27167 27166 27165 27164 27163 27162 27161 27160 27159 26959 26759 26559 26359 26159 25959 25759 25559 25359 25159 24959 24759 24559 24558 24358 24357 24157 24156 23956 23955 23954 23754 23753 23553 23552 23352 23152 23151 22951 22751 22750 22550 22549 22349 22348 22347 22147 22146 22145 22144 21944 21943 21942 21941 21940 21740 21739 21738 21737 21537 21536 21336 21136 20936 20736 20536 20336 20136 19936 19736 19536 19336 19136 19137 18937 18938 18738 18739 18539 18540 18340 18140 17940 17740 17540 17340 17140 16940 16740 16540 16340 16140 15940 15740 15540 15539 15339 15338 15138 15137 14937 14936 14736 14735 14535 14335 14135 13935 13934 13734 13534 13334 13134 13133 13132 13131 13130 13129 13128 13127 13126 13125 13124 13123 13122 13121 13120 13119 13118 13117 13116 13115 13114 13113 13112 12912 12911 12711 12511 12510 12310 12110 11910 11710 11510 11310 11110 10910 10710 10510 10310 10311 10111 9911 9711 9712 9512 9312 9112 9113 8913 8713 8513 8514 8314 8114 7914 7714 7514 7314 7114 6914 6714 6514 6314 6313 6113 6112 6111 5911 5910 5909 5709 5708 5707 5706 5705 5704 5703 5702 5701 5700 5699 5698 5898 5897 6097 6096 6296 6295 6495 6695 6694 6894 6893 7093 7092 7292 7291 7491 7490 7690 7689 7688 7888 7887 8087 8086 8085 8084 8083 8082 8081 8080 8079 8078 8077 8076 8075 8074 7874 7873 7872 7672 7671 7471 7470 7469 7269 7268 7068 7067 6867 6667 6666 6466 6465 6464 6463 6462 6461 6460 6459 6458 6457 6456 6455 6454 6453 6452 6451 6450 6449 6448 6648 6647 6847 7047 7046 7246 7245 7244 7243 7242 7241 7240 7239 7238 7237 7236 7235 7035 7034 6834 6833 6633 6632 6432 6431 6231 
Label: 156543
[319,2054126,]
27568 27368 27168 27167 27166 27165 27164 27163 27162 27161 27160 27159 26959 26759 26559 26359 26159 25959 25759 25559 25359 25159 24959 24759 24559 24558 24358 24357 24157 24156 23956 23955 23954 23754 23753 23553 23552 23352 23152 23151 22951 22751 22750 22550 22549 22349 22348 22347 22147 22146 22145 22144 21944 21943 21942 21941 21940 21740 21739 21738 21538 21338 21138 20938 20738 20538 20338 20138 19938 19738 19538 19338 19138 18938 18738 18739 18539 18540 18340 18140 17940 17740 17540 17340 17140 16940 16740 16540 16340 16140 15940 15740 15540 15539 15339 15338 15138 15137 14937 14936 14736 14735 14535 14335 14135 13935 13934 13734 13534 13334 13134 13133 13132 13131 13130 13129 13128 13127 13126 13125 13124 13123 13122 13121 13120 13119 13118 13117 13116 13115 13114 13113 13112 12912 12911 12711 12511 12311 12111 11911 11711 11511 11311 11111 10911 10711 10511 10311 10111 9911 9711 9712 9512 9312 9112 8912 8712 8512 8312 8112 7912 7712 7512 7312 7112 6912 6712 6512 6312 6112 6111 5911 5910 5909 5709 5708 5707 5507 5506 5505 5305 5304 5303 5103 5102 5101 4901 4701 4501 4301 4101 3901 3701 3501 3301 3101 2901 2701 2501 2301 2101 1901 1701 1501 1500 1300 1100 900 700 500 300 100 99 98 97 96 95 94 93 92 91 90 89 88 87 86 85 84 83 82 81 80 79 78 77 76 75 74 73 72 71 70 69 68 67 66 65 64 63 62 61 60 59 58 57 257 256 456 656 655 855 854 1054 1053 1253 1453 1653 1853 2053 2253 2453 2653 2853 3053 3253 3453 3653 3853 4053 4253 4453 4452 4652 4852 5052 5051 5251 5451 5450 5650 5850 6050 6049 6249 6449 6448 6648 6647 6847 7047 7046 7045 7044 7043 7042 7041 7040 7039 7038 7037 7036 7035 7034 6834 6833 6633 6632 6432 6431 6231 
Label: 158353
[321,2046539,]
27568 27368 27168 27167 27166 27165 27164 27163 27162 27161 27160 27159 26959 26759 26559 26359 26159 25959 25759 25559 25359 25159 24959 24759 24559 24558 24358 24357 24157 24156 23956 23955 23954 23754 23753 23553 23552 23352 23152 23151 22951 22751 22750 22550 22549 22349 22348 22347 22147 22146 22145 22144 21944 21943 21942 21941 21940 21740 21739 21738 21538 21338 21138 20938 20738 20538 20338 20138 19938 19738 19538 19338 19138 18938 18738 18739 18539 18540 18340 18140 17940 17740 17540 17340 17140 16940 16740 16540 16340 16140 15940 15740 15540 15539 15339 15338 15138 15137 14937 14936 14736 14735 14535 14335 14135 13935 13934 13734 13534 13334 13134 13133 13132 13131 13130 13129 13128 13127 13126 13125 13124 13123 13122 13121 13120 13119 13118 13117 13116 13115 13114 13113 13112 12912 12911 12711 12511 12311 12111 11911 11711 11511 11311 11111 10911 10711 10511 10311 10111 9911 9711 9712 9512 9312 9112 9113 8913 8713 8513 8313 8113 7913 7713 7513 7313 7113 6913 6713 6513 6313 6113 6112 6111 5911 5910 5909 5709 5708 5707 5507 5506 5505 5305 5304 5303 5103 5102 5101 4901 4701 4501 4301 4101 3901 3701 3501 3301 3101 2901 2701 2501 2301 2101 1901 1701 1501 1500 1300 1100 900 700 500 300 100 99 98 97 96 95 94 93 92 91 90 89 88 87 86 85 84 83 82 81 80 79 78 77 76 75 74 73 72 71 70 69 68 67 66 65 64 63 62 61 60 59 58 57 257 256 456 656 655 855 854 1054 1053 1253 1453 1653 1853 2053 2253 2453 2653 2853 3053 3253 3453 3653 3853 4053 4253 4453 4452 4652 4852 5052 5051 5251 5451 5450 5650 5850 6050 6049 6249 6449 6448 6648 6647 6847 7047 7046 7045 7044 7043 7042 7041 7040 7039 7038 7037 7036 7035 7034 6834 6833 6633 6632 6432 6431 6231 
Label: 135579
[303,2200977,]
27568 27368 27168 27167 27166 27165 27164 27163 27162 27161 27160 27159 26959 26759 26559 26359 26159 25959 25759 25559 25359 25159 24959 24759 24559 24558 24358 24357 24157 24156 23956 23955 23954 23754 23753 23553 23552 23352 23152 23151 22951 22751 22750 22550 22549 22349 22348 22347 22147 22146 22145 22144 21944 21943 21942 21941 21940 21740 21739 21539 21339 21139 20939 20739 20539 20339 20139 19939 19739 19539 19339 19139 18939 18739 18539 18339 18139 17939 17739 17539 17339 17139 16939 16739 16539 16339 16139 15939 15739 15539 15339 15338 15138 15137 14937 14936 14736 14735 14535 14335 14135 13935 13934 13734 13534 13334 13134 13133 13132 13131 13130 13129 13128 13127 13126 13125 13124 13123 13122 13121 13120 13119 13118 13117 13116 13115 13114 13113 13112 12912 12712 12512 12312 12112 11912 11712 11512 11312 11112 10912 10712 10512 10312 10112 9912 9712 9512 9312 9112 8912 8712 8512 8312 8112 7912 7712 7512 7312 7112 6912 6712 6512 6312 6112 6111 5911 5910 5909 5709 5708 5707 5507 5506 5505 5305 5304 5303 5103 5102 5101 4901 4701 4501 4301 4101 3901 3701 3501 3301 3101 2901 2701 2501 2301 2101 1901 1701 1501 1500 1300 1100 900 700 500 300 299 298 297 296 295 294 293 292 291 290 289 288 287 286 285 284 283 282 281 280 279 278 277 276 275 274 273 272 271 270 269 268 267 266 265 264 263 262 261 260 259 258 257 256 456 656 655 855 854 1054 1053 1253 1453 1653 1853 2053 2253 2453 2653 2853 3053 3253 3453 3653 3853 4053 4253 4453 4452 4652 4852 4851 4850 4849 4848 4847 4846 4845 4844 4843 4842 4841 4840 4839 4838 4837 4836 4835 4834 4833 4832 5032 5031 5231 5431 5631 5831 6031 6231 
Label: 101976
[271,2286420,]
27568 27368 27168 27167 27166 27165 27164 27163 27162 27161 27160 27159 26959 26759 26559 26359 26159 25959 25759 25559 25359 25159 24959 24759 24559 24558 24358 24357 24157 24156 23956 23955 23954 23754 23753 23553 23552 23352 23152 23151 22951 22751 22750 22550 22549 22349 22348 22347 22147 22146 22145 22144 21944 21943 21942 21941 21940 21740 21739 21738 21538 21338 21138 20938 20738 20538 20338 20138 19938 19738 19538 19338 19138 18938 18738 18739 18539 18540 18340 18140 17940 17740 17540 17340 17140 16940 16740 16540 16340 16140 15940 15740 15540 15539 15339 15338 15138 15137 14937 14936 14736 14735 14535 14335 14135 13935 13934 13734 13534 13334 13134 13133 13132 13131 13130 13129 13128 13127 13126 13125 13124 13123 13122 13121 13120 13119 13118 13117 13116 13115 13114 13113 13112 12912 12911 12711 12511 12311 12111 11911 11711 11511 11311 11111 10911 10711 10511 10311 10111 9911 9711 9712 9512 9312 9112 8912 8712 8512 8312 8112 7912 7712 7512 7312 7112 6912 6712 6512 6312 6112 6111 6110 6109 6108 6107 6106 6105 6104 6103 6102 6101 6100 6099 6098 6097 6096 6296 6295 6495 6695 6694 6894 6893 7093 7092 7292 7291 7491 7490 7690 7689 7688 7888 7887 7886 7885 7884 7883 7882 7881 7880 7879 7878 7877 7876 7875 7874 7873 7872 7672 7671 7471 7470 7469 7269 7268 7068 7067 6867 6667 6666 6665 6664 6663 6662 6661 6660 6659 6658 6657 6656 6655 6654 6653 6652 6651 6650 6649 6648 6647 6847 7047 7046 7045 7044 7043 7042 7041 7040 7039 7038 7037 7036 7035 7034 6834 6833 6633 6632 6432 6431 6231 
Label: 154545
[317,2062579,]
27568 27368 27168 27167 27166 27165 27164 27163 27162 27161 27160 27159 26959 26759 26559 26359 26159 25959 25759 25559 25359 25159 24959 24759 24559 24558 24358 24357 24157 24156 23956 23955 23954 23754 23753 23553 23552 23352 23152 23151 22951 22751 22750 22550 22549 22349 22348 22347 22147 22146 22145 22144 21944 21943 21942 21941 21940 21740 21739 21738 21538 21338 21138 20938 20738 20538 20338 20138 19938 19738 19538 19338 19138 18938 18738 18739 18539 18540 18340 18140 17940 17740 17540 17340 17140 16940 16740 16540 16340 16140 15940 15740 15540 15539 15339 15338 15138 15137 14937 14936 14736 14735 14535 14335 14135 13935 13934 13734 13534 13334 13134 13133 13132 13131 13130 13129 13128 13127 13126 13125 13124 13123 13122 13121 13120 13119 13118 13117 13116 13115 13114 13113 13112 12912 12911 12711 12511 12311 12111 11911 11711 11511 11311 11111 10911 10711 10511 10311 10111 9911 9711 9712 9512 9312 9112 8912 8712 8512 8312 8112 7912 7712 7512 7312 7112 6912 6712 6512 6312 6112 6111 5911 5910 5909 5709 5708 5707 5507 5506 5505 5305 5304 5303 5103 5102 5101 4901 4701 4501 4301 4101 3901 3701 3501 3301 3101 2901 2701 2501 2301 2101 1901 1701 1501 1500 1300 1100 900 700 500 300 100 99 98 97 96 95 94 93 92 91 90 89 88 87 86 85 84 83 82 81 80 79 78 77 76 75 74 73 72 71 70 69 68 67 66 65 64 63 62 61 60 59 58 57 257 256 456 656 655 855 854 1054 1053 1253 1453 1653 1853 2053 2253 2453 2653 2853 3053 3253 3453 3653 3853 4053 4253 4453 4452 4652 4852 5052 5051 5251 5451 5450 5650 5850 6050 6049 6249 6449 6448 6648 6647 6847 6846 6845 6844 6843 6842 6841 6840 6839 6838 6837 6836 6835 6834 6833 6633 6632 6432 6431 6231 
