0.1  0.1   0.37249073755142137   5.000055459686559e-19   2.870148066685257e-25   4.06764178326086e-08   0.0014308600063726957
0.1008657680975139  0.10033505320283094   0.369250445467308   0.009283399417224954   -0.03240292084113374   0.09283399417224952   -0.3240292084113374
0.10264325969687639  0.10100998668502276   0.3628946333138873   0.019013183823800683   -0.06355812153420665   0.09729784406575731   -0.31155200693072904
0.1053426110890362  0.10200561478818353   0.35335899909411717   0.028771119648238506   -0.09535634219770163   0.0975793582443782   -0.3179822066349498
0.10894755830703627  0.1032838000063652   0.34073511910140647   0.03824840113847779   -0.12623879992710682   0.0947728149023929   -0.3088245772940518
0.11336259123021242  0.10477256689892563   0.325230126471016   0.046592856290473196   -0.15504992630390463   0.08344455151995397   -0.2881112637679782
0.11834144242658227  0.10635178953725893   0.30714838638342873   0.05223303875607513   -0.18081740087587267   0.056401824656019346   -0.25767474571968024
0.12344123099800025  0.10785642640720713   0.2868992899510226   0.05317120986350676   -0.20249096432406158   0.009381711074316342   -0.21673563448188923
0.12856441195262772  0.10924670760459002   0.2649889579307904   0.05308471051213822   -0.2191033202023219   -0.0008649935136854237   -0.16612355878260326
0.13371459341858943  0.1105179808042154   0.24200278178755844   0.05304762452772614   -0.2298617614323197   -0.00037085984412077054   -0.10758441229997807
0.13889250147095827  0.11166814880706667   0.21858093063589745   0.053041133315095884   -0.23421851151660963   -6.491212630259972e-05   -0.04356750084289915
0.14410158286230124  0.11269910659187878   0.19539040164229413   0.053101226817874   -0.23190528993603335   0.0006009350277811832   0.023132215805762923
0.1492850175647466  0.1136054123555284   0.17309678892400107   0.052620704529375194   -0.22293612718293052   -0.004805222884988087   0.08969162753102819
0.15406330382419328  0.11433901634974217   0.15233918264809898   0.04834272892327781   -0.207576062759021   -0.042779756060973805   0.15360064423909536
0.15841868547581975  0.11492487603788318   0.13371136910041997   0.04394608162905642   -0.18627813547678995   -0.04396647294221389   0.21297927282231047
0.16254015321961404  0.11541243577775596   0.11775035543906255   0.041502061229596876   -0.15961013661357432   -0.024440203994595462   0.26667998863215636
0.1666620828919741  0.11584654260245571   0.10492960437577661   0.04144725920866937   -0.12820751063285943   -0.000548020209275125   0.3140262598071489
0.17096451796456338  0.1162593484910593   0.0956542264966183   0.043221934541950106   -0.09275377879158314   0.0177467533328074   0.35453731841276287
0.17553573338057982  0.1166730550838338   0.09025665102436625   0.0458989798628522   -0.05397575472252044   0.026770453209020967   0.3877802406906269
0.18037615337992743  0.11710495638384319   0.08899238687008966   0.04859650656478131   -0.012642641542765964   0.026975267019291094   0.4133311317975447
0.1854220860711947  0.11757067959640569   0.09203600378184762   0.050673794840621726   0.030436169117579598   0.020772882758404176   0.4307881066034556
0.19057746291857078  0.1180852225695486   0.09947761275241525   0.05180990726651587   0.07441608970567631   0.011361124258941369   0.4397992058809672
0.19573961118767663  0.1186622590881381   0.11132012080600213   0.0519429936526565   0.1184250805358689   0.001330863861406312   0.44008990830192596
0.20080699448359884  0.1193117580426495   0.12747741264480794   0.05108837672082326   0.16157291838805787   -0.008546169318332337   0.4314783785218895
0.2056723749556469  0.12003601205785548   0.1477735357473237   0.04918990853449192   0.20296123102515745   -0.018984681863313445   0.41388312637099595
0.21022870754584652  0.12082725452242943   0.1719430049387636   0.04624524982120024   0.24169469191439943   -0.029446587132916733   0.38733460889241983
0.21438127695204998  0.12166743306711429   0.1996324333914912   0.042367124826073015   0.2768942845272758   -0.03878124995127231   0.3519959261287639
0.21806567630259466  0.12253168003647405   0.2304037600015196   0.0378440502567296   0.30771326610028393   -0.04523074569343411   0.30818981573008114
0.2212735498835689  0.12339790048823798   0.263739316050365   0.03322768541828505   0.3333555604884537   -0.046163648384445505   0.2564229438816979
0.2240836210363737  0.12426422952970238   0.29904880638311887   0.02940582576958134   0.35309490332753884   -0.038218596487037126   0.19739342839085086
0.22668690482389026  0.12517246693165737   0.3356779839227391   0.027571691382025167   0.3662917753962026   -0.0183413438755617   0.13196872068663779
0.22938298413587596  0.12622723927807   0.3729184959476042   0.028950627556711305   0.3724051202486504   0.013789361746861368   0.061133448524478017
0.23251929493491127  0.12759044607945072   0.41001830635821135   0.03419762888195048   0.3709981041060721   0.05247001325239174   -0.014070161425783226
0.23635427210647197  0.12942486387383334   0.4461688465031615   0.042511337959112286   0.3615054014495014   0.08313709077161807   -0.09492702656570716
0.24087796200086248  0.13178337012796187   0.4805953589331679   0.05101599946229766   0.34426512430006434   0.08504661503185369   -0.17240277149437022
0.24551852282100076  0.13439408517435392   0.5124548686104012   0.053245316957319495   0.3185950967723326   0.022293174950218392   -0.2567002752773172
0.2500707194850489  0.13712886396937068   0.5409783183639502   0.053105093471185076   0.28523449753548996   -0.0014022348613441798   -0.33360599236842653
0.2545463079126661  0.1399685648558154   0.5653920735852364   0.05300452140891066   0.2441375522128613   -0.0010057206227441372   -0.4109694532262867
0.25895947637555383  0.14289193501641145   0.5850566977937476   0.05293595090074568   0.19664624208511222   -0.0006857050816498184   -0.47491310127749087
0.2633264853773605  0.1458757840910474   0.5994097523448647   0.05289056902891366   0.143530545511172   -0.00045381871832022555   -0.5311569657394022
0.2676651207027263  0.14889584486611365   0.6080938922752133   0.05286257993282649   0.08684139930348515   -0.000279890960871662   -0.5668914620768685
0.2719941525269471  0.15192732789657848   0.6109058963166494   0.05284922506435292   0.028120040414361724   -0.00013354868473574593   -0.5872135888912343
0.2763323033722446  0.15494583100757994   0.6079043643634247   0.05284970556925062   -0.030015319532248112   4.805048977039315e-06   -0.5813535994660983
0.28069733276841197  0.15792803474840383   0.5993640328280949   0.0528649418622911   -0.08540331535329714   0.0001523629304047599   -0.5538799582104903
0.28510524400797466  0.16085240937356607   0.5857638529610338   0.05289768278852386   -0.1360017986706111   0.000327409262327576   -0.5059848331731398
0.2895696550254273  0.16370008294881278   0.5677942493304867   0.05295300796333491   -0.17969603630547076   0.000553251748110556   -0.4369423763485966
0.2941016051556765  0.16645566096889047   0.5463056398820437   0.053039402530072076   -0.21488609448443025   0.0008639456673716312   -0.35190058178959477
0.29870848283029344  0.16910673278082108   0.5221795848118513   0.053152143569645934   -0.2412605507019231   0.001127410395738566   -0.26374456217492837
0.3030105402883045  0.17143624342203612   0.4962842741243745   0.04892271272029994   -0.258953106874769   -0.04229430849345993   -0.17692556172845933
0.3064582513684141  0.17318539391772014   0.4694997588655842   0.03866036620123256   -0.2678451525879025   -0.10262346519067381   -0.08892045713133463
0.3092357694096095  0.17450193874891973   0.4426324864368099   0.030737431189796976   -0.26867272428774286   -0.07922935011435582   -0.008275716998403885
0.3117910940634414  0.1756321649684005   0.41643418860338344   0.027941179991971744   -0.2619829783342651   -0.02796251197825231   0.06689745953477753
0.31454025666171564  0.1767673680789505   0.3916003231048866   0.029743202742181254   -0.24833865498496793   0.018020227502095098   0.13644323349297194
0.3177465782768609  0.17800643454948167   0.3687665645674623   0.034374094922824366   -0.22833758537424304   0.0463089218064311   0.20001069610724892
0.32150041079324404  0.17937032632214003   0.3485031711165762   0.039939278070324324   -0.20263393450886116   0.05565183147499958   0.25703650865381855
0.3257464074488212  0.1808308969676937   0.3313086464695586   0.04490184206542036   -0.17194524647017592   0.049625639950960365   0.3068868803868524
0.3303520247181768  0.18234491366233638   0.31760422568153807   0.04848087971760787   -0.1370442078802054   0.03579037652187517   0.3490103858997052
0.3351582712704114  0.18387246744068503   0.3077303328560511   0.05043156399000616   -0.09873892825486963   0.019506842723982856   0.38305279625335775
0.3400215377966741  0.18538722401520663   0.3019452837955334   0.050937067822408526   -0.05785049060517715   0.0050550383240236555   0.4088843764969249
0.3448329237570815  0.18687780675289734   0.3004261088555629   0.05036990346990364   -0.015191749399704572   -0.005671643525048926   0.4265874120547257
0.3495198745051161  0.18834446592677087   0.3032710600849545   0.04911068768048035   0.028449512293915947   -0.012592157894232844   0.43641261693620514
0.354040775437879  0.18979514400568528   0.3105032826525096   0.04747948202135969   0.07232222567555063   -0.01631205659120659   0.4387271338163469
0.35837709930559225  0.19124214977340176   0.3220752254035752   0.045713816702604354   0.11571942751065561   -0.017656653187553398   0.4339720183510497
0.3625268687684956  0.19270008165372432   0.3378577619836479   0.04398426077659966   0.15782536580072767   -0.017295559260046972   0.42105938290072054
0.36650050135990586  0.19418557170247575   0.357750479293929   0.042422207220093586   0.1989271731028106   -0.015620535565060711   0.41101807302082954
0.37031968820473354  0.19571744251810128   0.3814531593796083   0.04114950345910264   0.23702680085679279   -0.012727037609909385   0.38099627753982157
0.3740145441754132  0.19731787325655764   0.40875435208902583   0.04026579092794752   0.2730119270941754   -0.00883712531155127   0.3598512623738259
0.37762125978415495  0.19901274756592355   0.4392968387407084   0.03985096787376995   0.3054248665168258   -0.004148230541775665   0.32412939422650433
0.3811649325753474  0.20082491606420116   0.4727112498210919   0.03980147172535994   0.33414411080383505   -0.000494961484100163   0.28719244287009266
0.38466659666076114  0.20277727842189286   0.5086233505755214   0.04009160777598938   0.3591210075442955   0.002901360506294433   0.24976896740460403
0.3881315769539073  0.20488596055655878   0.5466969589456505   0.04056184016382246   0.38073608370129025   0.00470232387833081   0.21615076156994809
0.3915608084196308  0.20716461221079796   0.5864864059400875   0.04117266302373745   0.39789446994437055   0.0061082285991498645   0.17158386243080267
0.39495027919168113  0.20962311984553747   0.6275288708569827   0.04187215292105317   0.41042464916895166   0.006994898973157239   0.12530179224581103
0.3982911381689168  0.21226655850506815   0.6693798106866744   0.04260176833217401   0.41850939829691675   0.007296154111208378   0.08084749127965098
0.4015679042463767  0.21509241699117518   0.7116446973401227   0.04326970315099246   0.42264886653448375   0.006679348188184571   0.04139468237567018
0.404771153917494  0.21809943933987938   0.7538114538014948   0.043935170261476066   0.42166756461372135   0.006654671104836039   -0.009813019207623947
0.4078977144666951  0.22128970973008302   0.7954835497015581   0.044669011661830876   0.416720959000632   0.007338414003548103   -0.04946605613089395
0.4109518680660712  0.22467071388246185   0.8361459358038758   0.0455620931093995   0.40662386102317655   0.00893081447568626   -0.10097097977455413
0.41394390126973013  0.22825654804453846   0.875426705806514   0.04670168019238183   0.392807700026383   0.011395870829823237   -0.1381616099679359
0.4168880774249715  0.2320660020782948   0.9128243739325989   0.048145730097988074   0.373976681260848   0.014440499056062442   -0.18831018765534968
0.41979288224683003  0.23611101826365657   0.9480128824832996   0.04979964557234252   0.3518850855070086   0.016539154743544452   -0.22091595753839427
0.42265459311100206  0.24038255515000473   0.9805249417844365   0.05141538334004552   0.3251205930113685   0.016157377677030006   -0.2676449249564008
0.4254532134977997  0.2448394837132   1.0100958392227095   0.05262745318315223   0.2957089743827294   0.012120698431067094   -0.2941161862863907
0.4281615215603007  0.24941474402589   1.0363197677826859   0.05316760243708451   0.2622392855997632   0.00540149253932281   -0.33469688782966195
0.4307621620285096  0.2540445953948921   1.0590060952202867   0.05310259366821404   0.22686327437600973   -0.000650087688704671   -0.353760112237535
0.43325624170453186  0.2586874163682863   1.0778407677349429   0.05270314983043191   0.18834672514656117   -0.003994438377821318   -0.3851654922944855
0.43566343995172446  0.2633329949369853   1.0927188086610928   0.05232208294644466   0.1487804092614985   -0.003810668839872491   -0.39566315885062675
0.43801811349115577  0.26799891487900107   1.1034327306055287   0.05226403771430638   0.10713921944436072   -0.0005804523213828612   -0.41641189817137786
0.44035633727180307  0.27270863662414235   1.1099787091970903   0.052582097109724474   0.06545978591561405   0.003180593954181017   -0.4167943352874667
0.44270249152079194  0.27746148612271576   1.1122568198223453   0.053003790539682044   0.022781106252551094   0.004216934299575653   -0.4267867966306296
0.44506511688949774  0.2822250799985364   1.1103735797865069   0.05317313724644122   -0.01883240035838406   0.0016934670675917292   -0.4161350661093515
0.4474574310947537  0.28697619786648987   1.1043314230342307   0.053194255565427555   -0.060421567522762586   0.00021118318986340862   -0.41589167164378527
0.44990233988685857  0.2917133917341822   1.094344658856493   0.053309084349301365   -0.09986764177737659   0.0011482878387380762   -0.39446074254613994
0.4524041822741754  0.2964006105981658   1.0805081337051392   0.05313119235411407   -0.13836525151353782   -0.0017789199518729135   -0.38497609736161226
0.4549516205470998  0.30097990021214843   1.0631325595379615   0.052401655625529994   -0.17375574167177826   -0.007295367285840756   -0.35390490158240445
0.4575446051876414  0.3054217184361827   1.0423987538850366   0.051432789620392425   -0.20733805652924855   -0.009688660051375716   -0.335823148574703
0.4601943723353757  0.30972328093913715   1.0186943318877788   0.050521981259612436   -0.2370442199725775   -0.00910808360779991   -0.29706163443328937
0.4629176998106133  0.3138934478919355   0.9922799898566964   0.04980643025909731   -0.26414342031082433   -0.007155510005151215   -0.2709920033824681
0.46572812489608717  0.31793868478085907   0.9636030901797721   0.04925690880326261   -0.2867689967692433   -0.005495214558346972   -0.2262557645841896
0.4686336473692653  0.3218590837664573   0.9329966943928761   0.048797119841639036   -0.3060639578689589   -0.004597889616235765   -0.19294961099715643
0.47163675330537574  0.3256508972964344   0.9009541870841364   0.04836992361953526   -0.3204250730873967   -0.0042719622210377756   -0.14361115218437806
0.47473573903822935  0.3293083692514852   0.8678702904426987   0.04793830793258802   -0.33083896641437766   -0.004316156869472383   -0.10413893326980919
0.4779144730683216  0.33281404996914754   0.834271003762355   0.047322454847823665   -0.3359928668034376   -0.006158530847643548   -0.051539003890599434
0.4811413024235798  0.33614079934995544   0.8006436174014857   0.046346185528749154   -0.3362738636086924   -0.009762693190745136   -0.002809968052547978
0.48437250956382305  0.3392580191362688   0.76744488002068   0.04489739277434254   -0.3319873738080572   -0.014487927544066114   0.042864898006351806
0.4875710138475822  0.34215041924660106   0.735184461299518   0.04312355278901737   -0.3226041872116205   -0.017738399853251763   0.09383186596436684
0.4907193736679013  0.34482604092579666   0.7044047777346517   0.04131721303328442   -0.30779683564866217   -0.018063397557329417   0.14807351562958326
0.4938437756464389  0.34732995123976107   0.6755968571846193   0.0400392989247623   -0.28807920550032484   -0.012779141085221248   0.1971763014833736
0.49702311614637346  0.34974303006860763   0.6492281652126989   0.03991385154147674   -0.2636869197192041   -0.0012544738328556   0.2439228578112073
0.5003831467516188  0.3521711793791197   0.6257706537211688   0.04145565672176022   -0.23457511491530084   0.015418051802834825   0.2911180480390326
0.504058303290157  0.35471635113799466   0.6056977970191566   0.044704222244587574   -0.20072856702012176   0.03248565522827352   0.3384654789517908
0.5081374225942384  0.35744408275129363   0.5894131312959602   0.04907110560311432   -0.1628466572319634   0.04366883358526749   0.3788190978815835
0.5125636233425626  0.36032685203108783   0.5772861398116759   0.052821976283541856   -0.1212699148428439   0.037508706804275316   0.4157674238911949
0.5170428746303907  0.3631957002218492   0.569650049477975   0.05319208779616079   -0.07636090333700846   0.0037011151261893585   0.44909011505835444
0.521535827079306  0.3660553039864591   0.5668008518768409   0.05325782139628424   -0.02849197601134055   0.0006573360012344691   0.47868927325667915
0.5260185483838454  0.36892179524002344   0.5689253053530374   0.053208610582246345   0.021244534761965188   -0.0004921081403789498   0.49736510773305737
0.5304826588796041  0.37182193772305355   0.5761343495475635   0.053234489703779884   0.07209044194526021   0.0002587912153354008   0.5084590718329501
0.5349202793125465  0.3747831910007564   0.5884454839065719   0.053349316848083674   0.12311134359008491   0.0011482714430379483   0.510209016448247
0.539244141530326  0.37777799006452234   0.6057566302609767   0.05259715383047893   0.17311146354404783   -0.007521630176047445   0.5000011995396292
0.5428653268173355  0.3804062704634131   0.6278367303683753   0.04474465413660515   0.22080100107398584   -0.07852499693873777   0.4768953752993802
0.5455686869201003  0.382479864709064   0.6543198870709039   0.03407044018033098   0.26483156702528615   -0.10674213956274174   0.44030565951300327
0.547406850392158  0.38398069469809903   0.6847113033572567   0.02373043532258197   0.30391416286352735   -0.10340004857749012   0.3908259583824116
0.5486416258689212  0.3850601886809288   0.7184011713512599   0.016401151596702836   0.33689867994003253   -0.07329283725879132   0.32984517076505193
0.5497071516550044  0.3860621768316906   0.7546764141228197   0.014626433109524757   0.3627524277155973   -0.01774718487178081   0.2585374777556477
0.5511181562024443  0.38749413422423723   0.7927681057390739   0.02010332262826848   0.38091691616254164   0.05476889518743723   0.18164488446944363
0.5532437278305746  0.3898266316535974   0.8317808879911096   0.031557247985645985   0.39012782252035777   0.11453925357377508   0.09210906357816101
0.556008961350167  0.3931096104328834   0.8707930052812078   0.04292373013042945   0.3901211729009823   0.11366482144783469   -6.649619375476766e-05
0.5592925053130362  0.3973225385814548   0.9087449898729018   0.05341387885286099   0.37951984591693905   0.10490148722431535   -0.10601326984043218
0.5624157095967927  0.40164003548460936   0.9445487785893012   0.05328713213035225   0.358037887163994   -0.0012674672250874142   -0.21481958752945088
0.5653929241643564  0.4060501934134955   0.976990900273507   0.05321024294153658   0.32442121684205844   -0.0007688918881566433   -0.33616670321935554
0.5682435306499047  0.4105379454914508   1.004897945851775   0.053165661896165825   0.27907045578268147   -0.00044581045370758034   -0.45350761059376943
0.570992467199683  0.4150857744440099   1.0271109748415377   0.053140756803379936   0.2221302898976258   -0.0002490509278588967   -0.5694016588505568
0.5736698846986538  0.4196746314793216   1.0426268924461841   0.05312831011262143   0.15515917604646398   -0.00012446690758502363   -0.6697111385116182
0.5763102786753648  0.4242844069531277   1.0506309288065576   0.053124109659404554   0.08004036360373534   -4.200453216878773e-05   -0.7511881244272864
0.5789507812662805  0.4288943301190113   1.0506270056523483   0.053125931076880635   -3.92315420927225e-05   1.821417476080537e-05   -0.8007959514582806
0.5816295354748307  0.4334829574326488   1.0423878084438176   0.05313306384271334   -0.08239197208530799   7.132765832706455e-05   -0.8235274054321526
0.5843837783587444  0.4380282099683906   1.0260057274922987   0.05314618939970304   -0.16382080951518918   0.0001312555698969758   -0.8142883742988118
0.5872483189099724  0.442507309461818   1.0018131405413548   0.053167588662139456   -0.2419258695094377   0.0002139926243641398   -0.7810505999424854
0.5902541050871323  0.44689701814804966   0.970389119942829   0.05320177900463011   -0.3142402059852598   0.0003419034249065894   -0.7231433647582208
0.5934275402635188  0.45117399225633253   0.932446914155114   0.05325711064394884   -0.37942205787714917   0.0005533163931873296   -0.6518185189188936
0.596790102922749  0.45531560259186127   0.8888428574568675   0.0533476933037877   -0.4360405669824642   0.0009058265983885021   -0.5661850910531504
0.60035755936283  0.4592992356165615   0.8404572319871616   0.053475300398476124   -0.4838562546970595   0.0012760709468843058   -0.4781568771459533
0.6038409338233206  0.4628019604072636   0.7881679895522489   0.049399371039650905   -0.522892424349127   -0.0407592935882522   -0.3903616965206751
0.6067558340033716  0.46542559286680946   0.7328572340777706   0.03921745828360251   -0.5531075547447837   -0.1018191275604839   -0.302151303956566
0.6091699955849222  0.46735932913930295   0.6753485955579348   0.030931395237312195   -0.5750863851983574   -0.08286063046290319   -0.21978830453573794
0.611457465289132  0.4689800316826278   0.6164167179470745   0.028034254727936202   -0.5893187761086032   -0.028971405093759915   -0.1423239091024577
0.6140557079043107  0.47059738647675503   0.556785330381437   0.03060506692898687   -0.5963138756563758   0.025708122010506693   -0.06995099547772683
0.6173022888612248  0.4723588965669992   0.49712391787968147   0.036936710340275035   -0.5966141250175542   0.06331643411288164   -0.0030024936117833078
0.6213362178260259  0.4742483507660234   0.4380418203553659   0.04454505591301972   -0.5908209752431564   0.07608345572744689   0.05793149774397892
0.626039225760768  0.4761272363652425   0.3800814896928357   0.05064434295037875   -0.5796033066253016   0.060992870373590274   0.112176686178547
0.6310962129140039  0.47782393701949666   0.32371376458777346   0.05334033387375064   -0.5636772510506224   0.02695990923371885   0.15926055574679213
0.6362489668953397  0.47924633118640153   0.26933787495228906   0.053454727347257994   -0.543758896354844   0.0011439347350735627   0.19918354695778454
0.6413644355870467  0.4803756832914604   0.21728651790279935   0.052386502185706375   -0.5205135704948971   -0.010682251615516163   0.23245325859946867
0.6463749198801734  0.4812245941328264   0.16783310563220907   0.05081889655215408   -0.49453412270590263   -0.015676056335522968   0.2597944778899443
0.6512950581989493  0.48182377380273933   0.12118433309133655   0.04956488409376193   -0.46648772540872524   -0.012540124583921513   0.28046397297177394
0.6561748846450149  0.48220298836908043   0.07755480070379021   0.048945387760875314   -0.4362953238754634   -0.0061949633288661725   0.3019240153326188
0.6610586955592296  0.48238398426894685   0.03704342908026112   0.04887163651972829   -0.40511371623529097   -0.0007375124114702137   0.31181607640172393
0.6659617746319941  0.48238281773691405   -0.00023791837405244664   0.04903079211494447   -0.3728134745431356   0.0015915559521617654   0.3230024169215534
0.6708762473606056  0.4822146353136833   -0.034208515211161   0.049173496446132364   -0.3397059683710855   0.0014270433118789983   0.33107506172050116
0.6757754729838824  0.4818966805833375   -0.06480809104502003   0.04909532250426309   -0.3059957583385903   -0.00078173941869273   0.33710210032495264
0.680627974972482  0.48144902260739636   -0.09199264096766491   0.04873107141492942   -0.27184549922644885   -0.003642510893336769   0.3415025911214144
0.6854002980136832  0.4808942413689804   -0.11573026389772106   0.04804461409127692   -0.23737622930056157   -0.006864573236524943   0.34469269925887247
0.6900606720252138  0.4802565073042599   -0.13599713881412878   0.04703805976484137   -0.20266874916407712   -0.010065543264355518   0.3470748013648445
0.6945886353308963  0.4795593209545203   -0.15277372610696327   0.04581323008003227   -0.16776587292834477   -0.012248296848091058   0.34902876235732355
0.6989887917296451  0.4788219243547635   -0.16604125972091496   0.04461516567110736   -0.13267533613951707   -0.011980644089248997   0.35090536788827714
0.7033046438524303  0.4780553786856456   -0.17577859460307776   0.04383397290736844   -0.0973733488216281   -0.007811927637389241   0.3530198731788897
0.7076254599871123  0.47726037177182384   -0.18195948027713021   0.04393345884700707   -0.06180885674052441   0.0009948593963862767   0.3556449208110369
0.7120766308406884  0.4764294518146109   -0.1845503372999338   0.045280624932626586   -0.02590857022803606   0.013471660856195165   0.3590028651248835
0.71678259581281  0.4755560404109   -0.18350862447915414   0.04786329888217575   0.010417128207796684   0.02582673949549161   0.36325698435832743
0.7217952439678277  0.474650197748334   -0.17878192612514573   0.05093838675812742   0.04726698354008411   0.030750878759516712   0.36849855332287423
0.7269949719849351  0.4737559801724798   -0.17030799901823596   0.052760588060359256   0.0847392710690978   0.018222013022318358   0.37472287529013704
0.7322017433472489  0.4729263089768013   -0.15801621177948008   0.05272458848796869   0.12291787238755873   -0.00035999572390567103   0.3817860131846093
0.7374210154173194  0.4721810506498758   -0.14183096633986222   0.05272211197893499   0.1618524543961787   -2.4765090336975013e-05   0.38934582008619967
0.742656770869259  0.47154081436601525   -0.12167747575687275   0.05274754748007138   0.20153490582989458   0.0002543550113638479   0.3968245143371589
0.7479126782420967  0.47102678796669456   -0.09748971061606053   0.05280983379163336   0.24187765140812223   0.0006228631156198245   0.4034274557822764
0.7531910258285933  0.47066083720851976   -0.06921978811545891   0.0529101816300449   0.2826992250060163   0.001003478384115436   0.4082157359789407
0.7584895028284052  0.4704655122266839   -0.036847677720393136   0.05302076043026573   0.3237211039506577   0.001105788002208361   0.41021878944641393
0.7638108061549772  0.4704634367809782   -0.0003900258140525616   0.05321303731308691   0.3645765190634057   0.0019227688282117015   0.4085541511274805
0.7690518569826613  0.470673677822475   0.04009279568098665   0.052452659678880624   0.40482821495039206   -0.007603776342062813   0.4025169588698634
0.7740734947115148  0.47109897778626103   0.08449184325942931   0.050396156142143364   0.4439904757844267   -0.020565035367372635   0.39162260834034596
0.7788493365633788  0.4717362208064831   0.13264701163568116   0.04818168122931672   0.4815516837625184   -0.022144749128266413   0.3756120797809175
0.7833929686802528  0.4725834395993282   0.18434587836650382   0.0462194466609428   0.5169886673082266   -0.01962234568373919   0.3543698354570815
0.7877220512856395  0.4736397338526677   0.23932326624807035   0.04456087269556143   0.5497738788156655   -0.01658573965381375   0.3278521150743891
0.7918521293966938  0.4749049336605824   0.2972612693079297   0.04319522630726333   0.5793800305985932   -0.013656463882980942   0.2960615178292774
0.7958068751867821  0.4763835401631563   0.35778975467250546   0.04222119308318033   0.6052848536457575   -0.00974033224083001   0.2590482304716428
0.799643497524761  0.4780990865245294   0.4204814860860761   0.04202709873676106   0.6269173141357066   -0.0019409434641926959   0.21632460489949093
0.803454694624449  0.4801070113453163   0.4848952688520335   0.04307781960428186   0.6441378276595742   0.01050720867520792   0.17220513523867587
0.8073394734096934  0.48249138391565227   0.5504852466725341   0.045581508053633625   0.6558997782050056   0.025036884493517736   0.11761950545431349
0.8113453315541476  0.48533141827584825   0.6167209484640304   0.0491046786371185   0.6623570179149625   0.03523170583484878   0.06457239709956974
0.8154027764877679  0.4886325892174106   0.6829837905130093   0.05230735031973684   0.66262842048979   0.03202671682618334   0.0027140257482750653
0.8193012322562351  0.4922548445093616   0.7486893469628383   0.05321530867962375   0.6570555644982898   0.009079583598869068   -0.05572855991500138
0.8229832118997844  0.49614739412303765   0.8131907487134294   0.0535807023006673   0.645014017505912   0.0036539362104354893   -0.12041546992377844
0.8264009289664654  0.5002474226924635   0.875910299687772   0.053376984007945674   0.6271955097434245   -0.0020371829272161786   -0.1781850776248747
0.8295634844451247  0.5045437390911797   0.936245149267986   0.05334800066853052   0.6033484958021404   -0.00028983339415157344   -0.2384701394128406
0.8324735055630198  0.5090136633648401   0.9937026618860884   0.053337084583461564   0.574575126181023   -0.00010916085068957077   -0.2877336962111745
0.8351366569289783  0.513632774012188   1.0477974538050807   0.05331843805869273   0.5409479191899248   -0.00018646524768838505   -0.3362720699109822
0.8375637843120994  0.518380122687948   1.098181699145193   0.05331816461847512   0.5038424534011205   -2.7344021760193025e-06   -0.37105465788804337
0.8397687375502405  0.5232356383890385   1.1445272216526485   0.05332715209494109   0.46345522507455666   8.987476465969162e-05   -0.4038722832656384
0.8417676770098863  0.5281807379996714   1.186651881109545   0.05333832498495459   0.42124659456896535   0.00011172890013496292   -0.42208630505591316
0.8435788430887462  0.5331983006009219   1.2243864432317706   0.05334440647549732   0.3773456212222547   6.081490542730424e-05   -0.43900973346710687
0.8452219385937869  0.5382737127772476   1.2577077636574858   0.05334751315458554   0.333213204257153   3.1066790882171924e-05   -0.4413241696510165
0.8467176916012934  0.543394573475285   1.2866119729403003   0.05334837518391281   0.28904209282814575   8.62029327279016e-06   -0.44171111429007265
0.8480872680130961  0.5485508501376012   1.3111774901249644   0.05335065938256588   0.24565517184664126   2.284198653071283e-05   -0.43386920981504484
0.8493516425688608  0.5537343186459106   1.3315439790190984   0.05335446447421878   0.20366488894133863   3.805091652894194e-05   -0.4199028290530262
0.8505310511140978  0.5589378847805633   1.3479082397187658   0.05335551052484707   0.1636426069966753   1.0460506282882916e-05   -0.40022281944663335
0.8516444693188558  0.5641546296317443   1.360519752139608   0.05334240990093169   0.12611512420842144   -0.00013100623915378832   -0.37527482788253863
0.852710282821658  0.569382363138268   1.36967588289123   0.0533527469183767   0.09156130751621952   0.00010337017445008436   -0.34553816692201905
0.8537446871922652  0.5746174019037387   1.3757167438483193   0.053362555483504506   0.06040860957089337   9.808565127805057e-05   -0.3115269794532615
0.854761481263439  0.5798542142807824   1.379019722985194   0.05334610956287337   0.03302979136874709   -0.00016445920631132956   -0.2737881820214628
0.8557732494531738  0.5850930896451128   1.380018087744367   0.05335680833050208   0.009983647591730595   0.00010698767628714388   -0.23046143777016492
0.8567894919548603  0.5903290839498182   1.3790920049225746   0.053337027645539194   -0.009260828217925088   -0.00019780684962890065   -0.19244475809655684
0.8578186427830657  0.5955660357921898   1.3767518972939021   0.05337116827091314   -0.023401076286723763   0.0003414062537394654   -0.14140248068798675
0.8588652307254878  0.6007994066397803   1.3734166096860958   0.053369951048488885   -0.033352876078064836   -1.2172224242556535e-05   -0.0995179979134107
0.8599317337024975  0.6060285568295942   1.3696023238890387   0.05336800568430166   -0.03814285797057084   -1.9453641872246355e-05   -0.04789981892506009
0.8610185059987712  0.6112534730344916   1.365722311317526   0.053367427679988845   -0.03880012571512483   -5.780043128141988e-06   -0.006572677445539863
0.8621234509490071  0.616474594624477   1.3622436778526854   0.05336760627960535   -0.0347863346484069   1.7859961650681344e-06   0.04013791066717929
0.8632427486625788  0.6216927168739429   1.3594962024658013   0.053368180765049664   -0.027474753868841965   5.744854443133251e-06   0.07311580779564934
0.8643708851890551  0.6269090270650093   1.3578056581391957   0.053369077218521896   -0.01690544326605467   8.964534722264178e-06   0.10569310602787294
0.8655015922865055  0.6321249128218346   1.357318083707125   0.05337036890287555   -0.004875744320706668   1.2916843536619237e-05   0.12029698945348004
0.8666280575449969  0.6373419184421216   1.3581392588373196   0.05337234454335065   0.008211751301943472   1.975640475099497e-05   0.1308749562265014
0.8677438792446153  0.6425615491710153   1.360192227644674   0.05337565269973564   0.02052968807354578   3.308156384982381e-05   0.12317936771602311
0.8688431795216468  0.6477853002852099   1.36338017095614   0.05338167925612321   0.031879433114658115   6.0265563875677745e-05   0.11349745041112332
0.8699213592055393  0.6530146202816046   1.3674658602895922   0.053393126013917803   0.04085689333452322   0.00011446757794596314   0.08977460219865106
0.8709749516533877  0.6582510477610111   1.3722429222224777   0.05341369655172085   0.04777061932885578   0.00020570537803051933   0.06913725994332565
0.8720017000840428  0.6634944011208714   1.3774241323021508   0.05342936158721613   0.05181210079672942   0.00015665035495278379   0.040414814678736304
0.8730001474570644  0.668741067221313   1.3827435955248928   0.053408241242520305   0.05319463222742177   -0.0002112034469582677   0.01382531430692349
0.8739729451267533  0.6740017935006011   1.3879448245873878   0.0534991367142766   0.052012290624949636   0.0009089547175629165   -0.011823416024721244
0.8749193541922254  0.6792622298685665   1.3927898365387534   0.05344892973728527   0.04845011951365626   -0.0005020697699132682   -0.035621711112933746
0.8758373702918366  0.6844930776316748   1.397065129313636   0.0531079296150354   0.04275292774882561   -0.0034100012224986907   -0.05697191764830654
0.8767326434117539  0.6897019742531145   1.4005855178943245   0.052852736894215185   0.035203885806883446   -0.002551927208202128   -0.07549041941942167
0.8776137210606427  0.6949096946727322   1.403196616444646   0.05281727917289319   0.026110985503217755   -0.00035457721322002396   -0.0909290030366569
0.8784886557588518  0.7001312493609194   1.4047765381829342   0.05294350204497221   0.015799217382881307   0.0012622287207902784   -0.10311768120336447
0.8793642775970921  0.7053717132945476   1.4052371373230166   0.053131135733448444   0.004605991400822082   0.0018763368847623302   -0.11193225982059228
0.8802466337152623  0.7106294424782469   1.4045249563629794   0.05331253932087196   -0.007121809600371844   0.001814035874235156   -0.11727801001193927
0.8811409477823915  0.7158969925889306   1.4026219522173475   0.053429282064451564   -0.019030041456318463   0.0011674274357960422   -0.1190823185594662
0.8820519625571702  0.721164671091852   1.3995460053157873   0.053458754877011176   -0.030759469015602517   0.00029472812559608747   -0.11729427559284053
0.882984444357321  0.7264249710855364   1.3953510998111576   0.053423102054415555   -0.04194905504629674   -0.00035652822595616746   -0.11189586030694228
0.883943477949546  0.731675310878751   1.3901268651337815   0.05337210261477868   -0.052242346773761474   -0.0005099943963688172   -0.10293291727464728
0.8849352258072276  0.736922573946637   1.3839969293991343   0.053401623118412095   -0.06129935734647078   0.0002952050363341813   -0.09057010572709306
0.8859635924413319  0.7421656069877876   1.3771153882992677   0.05342933033899001   -0.06881541099866548   0.00027707220577913614   -0.07516053652194694
0.8870308875372145  0.747400208848731   1.369660972339063   0.053423005778672275   -0.07454415960204819   -6.324560317729321e-05   -0.0572874860338272
0.888138835968912  0.7526248317062796   1.3618292304512527   0.053408083405894376   -0.07831741887810213   -0.0001492237277790289   -0.037732592760539405
0.889288156532405  0.7578385263712941   1.353823865410723   0.05338871586548947   -0.08005365040529719   -0.00019367540404904892   -0.017362315271950552
0.8904785586447366  0.7630407419176287   1.345843251402138   0.05336675348900123   -0.07980614008585148   -0.0002196237648823773   0.002475103194457043
0.8917101424304514  0.7682362352064277   1.338043981064744   0.05339470866591595   -0.077992703373938   0.00027955176914723403   0.01813436711913479
0.8929809389797906  0.7734259447457594   1.3306530825520015   0.05343033686252792   -0.07390898512742604   0.00035628196611965917   0.0408371824651197
0.894288225670094  0.7786102858542285   1.3237851710283768   0.05346624282628668   -0.06867911523624746   0.00035905963758762767   0.052298698911785735
0.8956242333647008  0.783774856741689   1.3176584596839438   0.0533457674156452   -0.061267113444329654   -0.0012047541064148216   0.07412001791917804
0.8969555411485679  0.7888103054589085   1.3123233478570877   0.052084665880776156   -0.05335111826856036   -0.012611015348690479   0.07915995175769303
0.8981435849361499  0.7932261685612684   1.3079794840263361   0.045728869415268394   -0.0434386383075156   -0.06355796465507761   0.09912479961044757
0.8990655795999194  0.7966076681507607   1.3046082743376823   0.035049413167342204   -0.033712096886538874   -0.1067945624792619   0.09726541420976725
0.8996874850636273  0.7988686114464413   1.302370058580396   0.023449159882754592   -0.022382157572863094   -0.11600253284587611   0.11329939313675778
0.9  0.8   1.301293954476516   0.01173757063697307   -0.010761041038798345   -0.1171158924578152   0.1162111653406475
0.9  0.8   1.301293954476516   5.000644133798031e-19   6.93302145250136e-26   -0.11737570636973071   0.10761041038798344
