0.1  0.1   0.3972025855573588   5.000047420956019e-19   1.279918399451578e-25   1.479720334917639e-07   0.002552679276811891
0.10087946759551301  0.1003653909678304   0.39376965113498197   0.009523517264799889   -0.034329344223768814   0.0952351726479989   -0.34329344223768815
0.10258481314039818  0.10106027064319342   0.38693066933342973   0.018414834212373842   -0.06838981801552228   0.08891316947573953   -0.34060473791753465
0.10515930720856428  0.10207899728002359   0.37679376937600634   0.02768722389046849   -0.10136899957423376   0.09272389678094649   -0.32979181558711484
0.10860653695702996  0.10338995585503045   0.3634033266915425   0.03688089657816047   -0.13390442684463838   0.09193672687691978   -0.32535427270404615
0.11281845822697605  0.10491306927072977   0.3469886492481003   0.04478856468040164   -0.16414677443442208   0.07907668102241175   -0.30242347589783697
0.11746867100024155  0.10649469997072962   0.32784613217885866   0.049118259850914885   -0.19142517069241632   0.0432969517051324   -0.2727839625799424
0.1224085963635813  0.10805744772076517   0.3063889215955266   0.051812202351958575   -0.21457210583332068   0.026939425010436894   -0.2314693514090435
0.12748413589744087  0.1095341610008151   0.2831307869560183   0.05285998833828797   -0.23258134639508343   0.010477859863293953   -0.18009240561762768
0.13259628442244406  0.1108867905979782   0.25866373156384975   0.05288068585864203   -0.24467055392168505   0.00020697520354063034   -0.12089207526601596
0.13774723490794918  0.11211260568675858   0.2336326326498704   0.05294800613431442   -0.25031098913979377   0.0006732027567238847   -0.05640435218108746
0.14289309686272494  0.11320246089026938   0.20870840722389   0.052600075686458546   -0.24924225425980379   -0.0034793044785587286   0.01068734879989984
0.14788551228419403  0.1141344775369463   0.1845619791053758   0.05078667814514503   -0.2414642811851421   -0.018133975413135144   0.07777973074661701
0.1526625216026639  0.11491441651876111   0.16184132429269396   0.048402606173717305   -0.22720654812681837   -0.023840719714277238   0.1425773305832372
0.1572660715045949  0.11556857241363233   0.14115315632199218   0.046497947948632344   -0.20688167970701762   -0.01904658225084967   0.20324868419800762
0.16178387994019003  0.116127310292742   0.12304971374169171   0.04552228144354608   -0.18103442580300477   -0.009756665050862628   0.2584725390401283
0.1662903300193293  0.11661599777871887   0.10801968006959638   0.04532869706343218   -0.15030033672095341   -0.001935843801138994   0.3073408908205138
0.17081575511398822  0.11705398025250684   0.09648211815531936   0.04546570238615206   -0.1153756191427701   0.0013700532271987839   0.3492471757818331
0.17534698605783067  0.11745733471703683   0.08878252279665667   0.045491481279932536   -0.07699595358662688   0.0002577889378048083   0.3837966555614323
0.1798470469134127  0.11784162572744229   0.08519016191368756   0.045164396690906085   -0.035923608829691187   -0.0032708458902645167   0.41072344756935686
0.18427994951010038  0.11822333326324129   0.08589593483249876   0.04449306246427779   0.007057729188111978   -0.0067133422662829624   0.4298133801780316
0.18863504976033008  0.11862079399778254   0.09101116189230903   0.043731994266125   0.051152270598102643   -0.007610681981527867   0.4409454140999067
0.19295342828789594  0.11905654764027694   0.10056636666764418   0.04340308093226622   0.09555204775335156   -0.0032891333385878757   0.44399777155248915
0.1972959958069628  0.11955600122262502   0.11451028058737579   0.04371195092691478   0.13943913919731607   0.0030886999464856597   0.43887091443964515
0.20166436386733358  0.1201391484497382   0.13270855720013308   0.0440711926308982   0.18198276612757297   0.0035924170398341417   0.42543626930256884
0.2060179926887832  0.1208191601114276   0.15494229156935907   0.04406415751454761   0.22233734369226002   -7.035116350586304e-05   0.40354577564687044
0.21028879965401873  0.12160031915533238   0.18090694592293527   0.04341658851844004   0.2596465435357617   -0.006475689961075719   0.37309199843501734
0.21439863685241972  0.12247721176686978   0.2102122226775066   0.04202344875077882   0.2930527675457134   -0.013931397676612197   0.3340622400995168
0.21828391432766744  0.12343782454350587   0.24238340278864376   0.04002269102125502   0.3217118011113716   -0.02000757729523801   0.2865903356565817
0.22192222568989464  0.12447169683819048   0.27686456583055497   0.03782353961453551   0.3448116304191122   -0.02199151406719508   0.23099829307740619
0.22535394189659783  0.12558242336553596   0.31302399145232607   0.03606991757872362   0.3615942562177107   -0.017536220358118935   0.16782625798598502
0.22869115665978823  0.12680121468239994   0.3501620364007115   0.03552809402305676   0.3713804494838545   -0.005418235556668546   0.09786193266143804
0.2321050719508802  0.12819463983843898   0.38752138228351   0.036873366105475425   0.37359345882798495   0.013452720824186661   0.022130093441304448
0.23578371834132902  0.12985629092895623   0.4242682199635672   0.04036523703827617   0.3674683768005717   0.03491870932800748   -0.06125082027413245
0.23985793709077458  0.13187291821340424   0.4596177329770399   0.045459920832831804   0.3534951301347271   0.05094683794555628   -0.1397324666584458
0.24430894922377142  0.13426226362700297   0.49265974564613496   0.050517799349942084   0.3304201266909505   0.0505787851711028   -0.23075003443776607
0.24889101808956  0.13690178894699553   0.5226270485401643   0.05287953196027482   0.2996730289402938   0.023617326103327344   -0.30747097750656743
0.25340306790668227  0.1396597680239069   0.5486486859730348   0.05288198383038604   0.26021637432870487   2.4518701112216628e-05   -0.3945665461158892
0.25784943909398944  0.14251048831256372   0.5701173485673481   0.0528174430437867   0.21468662594313276   -0.0006454078659934004   -0.45529748385572094
0.2622422758307366  0.1454285689231625   0.586349586043256   0.052737281919837065   0.1623223747590801   -0.000801611239496333   -0.5236425118405266
0.26659878682330634  0.14839001346633449   0.5970223602837459   0.05267764403221218   0.106727742404898   -0.0005963788762488872   -0.555946323541821
0.2709401628941874  0.151371430291556   0.6017742553252368   0.05266535148621758   0.047518950414908515   -0.00012292545994601538   -0.5920879198998948
0.2752878460430096  0.15435002149378185   0.6006547912127502   0.05270137978236598   -0.01119464112486542   0.00036028296148400446   -0.5871359153977392
0.2796595506875425  0.15730136510108675   0.5938192746156639   0.052746782446471734   -0.06835516597086333   0.0004540266410575545   -0.5716052484599791
0.2840711488366844  0.16020138537201084   0.5815337393393976   0.052794238131148884   -0.12285535276266348   0.0004745568467714891   -0.5450018679180015
0.2885364029526553  0.16302809102658156   0.5643633963854175   0.05284766709616588   -0.17170342953979914   0.0005342896501700027   -0.4884807677713567
0.2930662222639754  0.1657626328590369   0.543117837349442   0.052912174425242764   -0.21245559035975667   0.0006450732907688208   -0.40752160819957517
0.297618412535309  0.1683605350803932   0.5185912818210064   0.052413292413062244   -0.24526555528435465   -0.0049888201218052245   -0.32809964924597984
0.3015098406193962  0.17044435154288012   0.49163401772713294   0.04414238731807408   -0.26957264093873545   -0.08270905094988165   -0.24307085654380825
0.30471592060941644  0.17204549584215997   0.46317447334401995   0.03583659019575162   -0.2845954438311297   -0.08305797122322456   -0.15022802892394266
0.3075109570979311  0.17334124683450441   0.43409773272179275   0.030807790582354746   -0.29076740622227193   -0.050287996133968754   -0.06171962391142186
0.3102916877213035  0.17453417816448608   0.4052531605796058   0.030258136025332567   -0.2884457214218695   -0.0054965455702217685   0.02321684800402386
0.3133869166685311  0.1757612652565896   0.37743770649730257   0.03329592312399943   -0.2781545408230322   0.03037787098666856   0.10291180598837352
0.3169690229578033  0.17707445815983383   0.351384240032365   0.03815227525080283   -0.2605346646493754   0.048563521268034045   0.17619876173656746
0.32104831304561693  0.1784614806155296   0.3277525317087142   0.04308646993249932   -0.23631708323650846   0.04934194681696492   0.2421758141286698
0.32551598872633264  0.17987843620575028   0.3071220993765729   0.04686991479833334   -0.20630432332141244   0.03783444865834023   0.3001275991509601
0.3302112977189838  0.18127950884168775   0.2899867785399792   0.048998909239934295   -0.1713532083659378   0.021289944416009524   0.3495111495547466
0.3349933577657204  0.18263780769766444   0.27675153801210567   0.04971224604887965   -0.1323524052787351   0.007133368089453576   0.3900080308720269
0.33979263959910005  0.18395433387851093   0.2677314273423931   0.049765798798648994   -0.09020110669712589   0.0005355274976934241   0.4215129858160921
0.34452413717403374  0.18522899733489992   0.26315212552640516   0.04900187366660378   -0.04579301815987939   -0.007639251320452128   0.444080885372465
0.3490952620966515  0.18646045640222084   0.26315211258857085   0.04734097009196077   -1.2937834270828766e-07   -0.016609035746430134   0.4579288878153669
0.3534714756848361  0.18766118433270362   0.26778598002206744   0.04537950300778917   0.04633867433496571   -0.01961467084171605   0.4633880371330842
0.35763668797218545  0.18884552454908948   0.27702946618849394   0.04330318134591465   0.09243486166426518   -0.020763216618745212   0.46096187329299465
0.36158804723108695  0.19002826248826538   0.2908367930612977   0.04124573799272162   0.13807326872803785   -0.020574433531930277   0.4563840706377266
0.36534488315353836  0.19122822320059546   0.30916518132449566   0.03943820718458925   0.18328388263197926   -0.018075308081323703   0.45210613903941416
0.36896051048375533  0.1924734356178011   0.3316748882313073   0.0382404431916953   0.2250970690681163   -0.011977639928939496   0.41813186436137034
0.3725285632090932  0.19380906320447303   0.3581827528014239   0.03809842687181478   0.26507864570116646   -0.00142016319880518   0.39981576633050175
0.3761820976966697  0.195303375250933   0.3882446946901363   0.03947313357728546   0.30061941888712335   0.013747067054706831   0.3554077318595686
0.3799461894648851  0.19699141168497375   0.4215707180951401   0.04125270153842327   0.33326023405003796   0.017795679611378054   0.3264081516291463
0.38384509685790436  0.19891249799094193   0.45781010366628366   0.04346498758114069   0.3623938557114359   0.022122860427174176   0.2913362166139794
0.38779587628569984  0.20105385546391458   0.4966872875067343   0.04493781249025356   0.3887718384045063   0.014728249091128725   0.2637798269307038
0.3917358728876694  0.2034032743247857   0.5376942622183115   0.045873022799096594   0.41006974711577204   0.009352103088430359   0.21297908711265767
0.3956242355067767  0.20595342224695876   0.5804704715825107   0.04650012718532796   0.42776209364199214   0.006271043862313646   0.1769234652622008
0.39943200139127316  0.2086983964659716   0.624607889804899   0.0469403499071185   0.4413741822238833   0.004402227217905403   0.13612088581891155
0.40307510566963395  0.21158333210006042   0.6697758467822025   0.04647048783438966   0.4516795697730345   -0.004698620727288383   0.1030538754915121
0.40653149752384193  0.21458706945516806   0.7154435440450453   0.04579201103696082   0.4566769726284286   -0.0067847679742884135   0.0499740285539411
0.40981691607408727  0.21771710487926016   0.761182768342113   0.04537741377174911   0.45739224297067643   -0.0041459726521171315   0.007152703422478319
0.4129518382905535  0.22098749741928683   0.8065446856834415   0.045302543713219144   0.4536191734132858   -0.0007487005852996169   -0.03773069557390669
0.41592461742174713  0.22437938246082736   0.8511521000947642   0.045102438844904655   0.44607414411322605   -0.0020010486831448663   -0.07545029300059736
0.4187856276883422  0.22794405342574472   0.8944711156793665   0.04570805053089096   0.433190155846024   0.006056116859863045   -0.12883988267202046
0.4215902327548918  0.23175303783399573   0.936112543325038   0.04730134437964396   0.41641427645671497   0.01593293848752998   -0.1677587938930898
0.42434650944385055  0.23582325839418244   0.975549738961539   0.04915664410250455   0.394371956365009   0.01855299722860594   -0.22042320091705997
0.42701054101949826  0.2400878796595407   1.0124258142963884   0.05028325643042795   0.3687607533484951   0.011266123279233955   -0.2561120301651389
0.4295563961348319  0.244487753896794   1.0462457970305963   0.05083332722866431   0.3381998273420787   0.005500707982363586   -0.305609260064164
0.43195831173841975  0.24894707672225272   1.0767260139694164   0.05065052677696979   0.30480216938820054   -0.0018280045169451627   -0.3339765795387816
0.43421879810349906  0.2534278674260141   1.1035681078715345   0.05018693449200058   0.2684209390211809   -0.004635922849692072   -0.36381230367019635
0.43634887635184744  0.25790235048029597   1.1264915263966049   0.04955626292060502   0.22923418525070402   -0.006306715713955652   -0.391867537704769
0.4383829670989811  0.26238984967410595   1.1452186350046516   0.04926984288734171   0.18727108608046605   -0.0028642003326330894   -0.4196309917023796
0.44036197457813764  0.2669263255165552   1.1594411231199007   0.049493518435329   0.14222488115249107   0.002236755479872922   -0.45046204927974975
0.4423225577402865  0.27154257254114483   1.169168238746058   0.050153387649402525   0.09727115626157377   0.006598692140735208   -0.44953724890917307
0.4442915603703759  0.2762444084562032   1.1742116786475554   0.05097473131737696   0.050434399014974436   0.008213436679744359   -0.46836757246599336
0.4462798654865921  0.2809988229616324   1.1746978043331082   0.05153427454030157   0.0048612568555279154   0.0055954322292460995   -0.4557314215944653
0.4482968194832607  0.2857661012862851   1.1705505902537885   0.05176393150517584   -0.041472140793197755   0.002296569648742707   -0.46333397648725666
0.45034500676379235  0.2904941407368615   1.1620006529346572   0.05152613723315385   -0.0854993731913138   -0.002377942720219885   -0.44027232398116056
0.45243529646514896  0.2951532662670369   1.14907044751172   0.05106541074045546   -0.12930205422937183   -0.004607264926983901   -0.4380268103805801
0.4545771261471586  0.29971801023015043   1.1320815931658463   0.05042253646429685   -0.16988854345873503   -0.006428742761586111   -0.40586489229363215
0.4567769141627464  0.3041618622265201   1.1111420226800253   0.049585167014555925   -0.2093957048582111   -0.008373694497409252   -0.3950716139947607
0.45905000148260755  0.3084842422229687   1.086653532750409   0.04883635407859714   -0.24488489929616186   -0.007488129359587869   -0.35489194437950766
0.46137455535124244  0.3126206088774062   1.058802238615351   0.04744795020616364   -0.2785129413505808   -0.013884038724335026   -0.3362804205441895
0.46380787434666726  0.3166549596727522   1.0280638121667003   0.04711372164557912   -0.3073842644865064   -0.0033422856058451453   -0.2887132313592558
0.4664628578370533  0.3207420465483147   0.9947003132682571   0.048737271632889954   -0.3336349889844325   0.016235499873108326   -0.2625072449792609
0.46929738088593026  0.3247843637553232   0.9592571187507151   0.04937089154175062   -0.3544319451754201   0.006336199088606655   -0.20796956190987623
0.47228963335678625  0.32873091032104895   0.9220709200796714   0.04952656322055299   -0.37186198671043696   0.0015567167880237115   -0.17430041535016863
0.47542931378591946  0.33255801287263415   0.8837511832524139   0.049501825357327146   -0.3831973682725757   -0.00024737863225842506   -0.11335381562138763
0.47872072436058277  0.33626494990024486   0.8447034756554703   0.049572941911238136   -0.39047707596943443   0.0007111655391098828   -0.07279707696858691
0.48211867408175674  0.3398029693428575   0.8055901054530409   0.04905470811618758   -0.39113370202429454   -0.005182337950505538   -0.00656626054860113
0.48557600799164047  0.3431351905214433   0.7669730133797926   0.04801755485986768   -0.3861709207324826   -0.010371532563199027   0.049627812918119386
0.489010452951111  0.3462046231237645   0.7293347077562271   0.046061728885951184   -0.37638305623565516   -0.019558259739164967   0.09787864496827466
0.49237695370611384  0.34900166511570246   0.6932682472133799   0.04376844895349541   -0.36066460542847256   -0.022932799324557746   0.15718450807182555
0.49562584209349886  0.35152041491099634   0.6594756726390125   0.041108850975021434   -0.33792574574367334   -0.026595979784739713   0.22738859684799237
0.4987928544469878  0.3538220987708142   0.6284662173649355   0.03915062686294285   -0.31009455274077036   -0.019582241120785885   0.27831193002903
0.5019701156268281  0.35599918430418903   0.6007294704384378   0.038515827947073235   -0.27736746926497674   -0.006347989158696111   0.3272708347579362
0.5052772541549926  0.3581507008046663   0.5767739894481082   0.03945400929720986   -0.23955480990329683   0.009381813501366208   0.37812659361679885
0.5087746450872391  0.360329685194516   0.5571824444470601   0.041206451320305204   -0.19591545001048072   0.017524420230953484   0.4363935989281612
0.512541031179637  0.3625990573190631   0.5422799605771506   0.04397239365402582   -0.1490248386990953   0.02765942333720611   0.46890611311385405
0.5166255636232404  0.36500537489802853   0.5323879629346866   0.0474065075423844   -0.09891997642463908   0.034341138883585816   0.5010486227445623
0.5210176978953532  0.3675658705127098   0.5278055432142591   0.050839926491934175   -0.04582419720427595   0.034334189495497734   0.5309577922036314
0.5255719779563698  0.3702265170413069   0.5287267490699868   0.052745148425519195   0.00921205855727761   0.01905221933585022   0.5503625576155357
0.5301268653955311  0.37292752529408885   0.5352500458441285   0.052955117944372083   0.06523296774141728   0.0020996951885288847   0.5602090918413967
0.5345522498450063  0.3756247281027795   0.5473641569622615   0.051825602280017015   0.12114111118132911   -0.011295156643550712   0.5590814343991185
0.5386340100647408  0.3782119451277038   0.5649368932132554   0.04832645075469997   0.1757273625099394   -0.0349915152531704   0.5458625132861026
0.5421730344616112  0.38056979194546325   0.5877085705370302   0.0425254456739257   0.22771677323774803   -0.058010050807742686   0.5198941072780865
0.5450511558442666  0.38260411289312224   0.6152901618575248   0.03524492078495435   0.2758159132049459   -0.0728052488897135   0.48099139967197885
0.5472527718983674  0.38426796596111223   0.6471656835358932   0.027596232136886025   0.3187552167836848   -0.07648688648068329   0.42939303578738874
0.5488708277490436  0.3855835783401745   0.6826671337259409   0.020854113905522095   0.3550145019004764   -0.0674211823136393   0.3625928511679162
0.5501174252866496  0.386679377600098   0.7211091137543822   0.01659753427112138   0.3844198002844139   -0.04256579634400716   0.29405298383937517
0.5513131338371801  0.38781940178850266   0.7615624682756114   0.01652081743726346   0.40453354521229107   -0.0007671683385791664   0.20113744927877153
0.5528218400479299  0.3893826253841433   0.8031432514863489   0.0217252443951987   0.4158078321073746   0.0520442695793524   0.1127428689508353
0.5549242316553599  0.3917506988616366   0.8447588190895806   0.03166673722657516   0.4161556760323174   0.0994149283137646   0.003478439249427707
0.5576325976608904  0.3950631465476349   0.8853957487181833   0.042787330008222116   0.4063692962860271   0.11120592781646955   -0.09786379746290283
0.5608234032510897  0.39928716265662656   0.9238506052471849   0.05293727647259348   0.3845485652900159   0.1014994646437136   -0.2182073099601118
0.5638665487721978  0.4036250978183549   0.959051382028631   0.05298907069375317   0.35200776781446175   0.000517942211596949   -0.32540797475554184
0.5667698096645201  0.408047885291575   0.989912506931977   0.052905550599180895   0.30861124903345843   -0.0008352009457227953   -0.4339651878100331
0.5695560842598397  0.4125376845799241   1.015382565557369   0.05284091574721121   0.2547005862539197   -0.000646348519696767   -0.539106627795387
0.5722535681670615  0.41707624309613095   1.034542954309491   0.052796716597340296   0.19160388752122257   -0.00044199149870918054   -0.6309669873269715
0.5748944894277366  0.42164479024895746   1.046661004102257   0.05276939282625771   0.12118049792765849   -0.00027323771082584834   -0.7042338959356408
0.5775140204871672  0.42622447581314926   1.0512276244653695   0.05275932414086769   0.04566620363112613   -0.00010068685390020927   -0.7551429429653235
0.5801490356446297  0.4307962138032856   1.0479326490603453   0.052767502433147075   -0.03294975405024192   8.178292279383735e-05   -0.7861595768136806
0.5828366535168946  0.43534027961431115   1.036682395788194   0.052793772286171686   -0.11250253272151296   0.00026269853024610046   -0.7955277867127103
0.5856122061102664  0.4398366373961046   1.0177611627410597   0.0528402550147524   -0.18921233047134367   0.0004648272858071519   -0.7670979774983071
0.5885091431924687  0.4442652691737388   0.9915175228909328   0.05291977312863479   -0.26243639850127   0.0007951811388238357   -0.7322406802992634
0.5915541493088166  0.44860179805722156   0.9586115124877816   0.05298824870252517   -0.32906010403151115   0.0006847557389038439   -0.6662370553024113
0.5947709254381496  0.4528244370932853   0.919790431948374   0.05308326393021223   -0.38821080539407693   0.000950152276870614   -0.5915070136256576
0.5978851960519326  0.4565594485863454   0.8757798566845334   0.048630229599399624   -0.4401057526384053   -0.04453034330812603   -0.5189494724432839
0.6005757318280063  0.4594867013096608   0.8275102865995817   0.039759013152121464   -0.48269570084951696   -0.0887121644727816   -0.4258994821111165
0.6028234472506487  0.4616919147843198   0.7758537371120137   0.03148839641817425   -0.5165654948756807   -0.08270616733947218   -0.3386979402616377
0.6048621670354675  0.4634860502284561   0.7216720004159561   0.027157504216741433   -0.5418173669605754   -0.04330892201432816   -0.25251872084894655
0.607037453036334  0.46519459048615797   0.6657949697489454   0.027660403102000797   -0.5587703066701074   0.0050289888525936665   -0.16952939709531986
0.609665269961137  0.4670273314641671   0.6090048411164295   0.03203804189180731   -0.5679012863251593   0.04377638789806514   -0.09130979655051999
0.6129401174643136  0.4690442823475307   0.5520225860865932   0.03846130137521378   -0.5698225502983633   0.06423259483406464   -0.019212639732038902
0.6168993610501012  0.4711841289242042   0.4954959474878075   0.04500505876343086   -0.5652663859878562   0.06543757388217085   0.045561643105070465
0.6214220922912786  0.4733132878257084   0.4399900641621136   0.04998841416507355   -0.5550588332569389   0.04983355401642683   0.10207552730917284
0.626278403077607  0.4752867239230482   0.38598161580135887   0.052419657079431366   -0.5400844836075471   0.0243124291435782   0.149743496493918
0.6312669756168388  0.47701696499225055   0.3338577234881501   0.0528011270109526   -0.5212389231320874   0.003814699315212343   0.18845560475459677
0.6362507909962308  0.4784712573254104   0.2839197593996572   0.05191664658439377   -0.49937964088492937   -0.008844804265588261   0.21859282247158104
0.641064746700057  0.47963091443552885   0.23639091714708832   0.049516637740269175   -0.4752884225256888   -0.02400008844124602   0.24091218359240532
0.6458338596678563  0.48055520445572014   0.1914342361511084   0.0485785452032277   -0.44956680995979936   -0.009380925370414718   0.2572161256588946
0.6505446950070131  0.4812632554708528   0.14918592025470562   0.0476374913615768   -0.42248315896402777   -0.009410538416508999   0.2708365099577158
0.6551911307995973  0.48177481651983356   0.10965587773322874   0.04674511769266375   -0.3953004252147688   -0.008923736689130551   0.2718273374925892
0.659802508016611  0.48211143519890143   0.07286818258032414   0.04623647042352338   -0.367876951529046   -0.0050864726914036824   0.2742347368572287
0.6644945150504916  0.48229366903385207   0.03881969535405212   0.046955446091079184   -0.3404848722627202   0.007189756675558078   0.27392079266325825
0.6692934654497816  0.482329674662159   0.007502671948034788   0.047990854690887486   -0.3131702340601733   0.010354085998082999   0.27314638202546854
0.6741865464489686  0.48222645622291876   -0.021091646634189134   0.048941695628856   -0.2859431858222392   0.009508409379685185   0.272270482379341
0.6791418047505372  0.4819935310984673   -0.046971073593678636   0.04960729679020506   -0.25879426959489504   0.006656011613490635   0.27148916227344144
0.684122433066189  0.4816436164404154   -0.07013987726302434   0.04992904834465443   -0.2316880366934571   0.0032175155444936097   0.2710623290143793
0.6890940135992676  0.4811919727324182   -0.09059641644053842   0.049920531883478156   -0.20456539177514074   -8.516461176273854e-05   0.2712264491831636
0.6940275715760065  0.4806554166489919   -0.10833064523173688   0.04962649165511362   -0.17734228791198461   -0.00294040228364539   0.27223103863156123
0.6989027063530956  0.48005114065018406   -0.12332163041487403   0.04912442221235962   -0.14990985183137143   -0.0050206944275399895   0.274324360806132
0.7037115819578165  0.4793953464885902   -0.13553555335523815   0.048533854744443924   -0.12213922940364111   -0.005905674679156879   0.2777062242773032
0.7084623261332418  0.47870198878712733   -0.14492396987716394   0.048010743716414256   -0.0938841652192581   -0.005231110280296746   0.2825506418438301
0.7131797216709758  0.4779821574159077   -0.15142281363750526   0.04771999356870192   -0.06498843760341318   -0.002907501477123355   0.2889572761584493
0.7179013936864287  0.4772446140100154   -0.15495170395921123   0.04778928425563401   -0.03528890321705979   0.0006929068693208829   0.29699534386353377
0.7226689480449443  0.4764976435888864   -0.15541442047183657   0.048257164619401   -0.004627165126253163   0.0046788036376699755   0.3066173809080663
0.7275156387852085  0.4757517468821895   -0.15270011582229037   0.04903750914192645   0.02714304649546183   0.007803445225254492   0.3177021162171499
0.7324547589308964  0.4750220072422756   -0.14668569213292784   0.049927375011364995   0.06014423689362548   0.008898658694385433   0.33001190398163655
0.7374742713689039  0.4743287751840554   -0.13723929134209975   0.050671565795371264   0.09446400790828088   0.007441907840062664   0.34319771014655404
0.742541259301006  0.4736960703813953   -0.12422505324523084   0.05106337441955244   0.1301423809686891   0.003918086241811822   0.3567837306040821
0.7476135961449907  0.4731486380301631   -0.10750895213535493   0.05101792159409192   0.1671610110987591   -0.0004545282546052258   0.37018630130070007
0.752652206645432  0.47270934502556217   -0.08696544231515727   0.0505772420352171   0.20543509820197653   -0.00440679558874824   0.38274087103217413
0.7576317549424499  0.47239779468056375   -0.06248453833441627   0.04989285004857105   0.24480903980740998   -0.0068439198664604585   0.3937394160543345
0.7625478281118004  0.47223068798256423   -0.033978823425689246   0.04918912487009194   0.2850571490872702   -0.007037251784791127   0.40248109279860245
0.7674161177011093  0.4722239187855614   -0.0013904664164235444   0.048682942954759556   0.32588357009265706   -0.005061819153323821   0.4082642100538683
0.7722627709664449  0.47239508758268567   0.035302233368544635   0.048496748995661566   0.36692699784968175   -0.0018619395909798965   0.41043427757024714
0.7771097215658866  0.47276455040569004   0.07607870699137656   0.04861011509038815   0.40776473622831927   0.00113366094726581   0.40837738378637517
0.7819655794741014  0.47335435398537173   0.12087019918101358   0.0489154620619866   0.44791492189637006   0.003053469715984562   0.4015018566805077
0.7868265244670837  0.47418653742051686   0.1695541514653454   0.04931664576440609   0.4868395228433181   0.004011837024194856   0.3892460094694803
0.7916711894789422  0.47527981760063975   0.2219490470791965   0.04966491782872707   0.5239489561385111   0.0034827206432097844   0.3710943329519298
0.7964449359065823  0.476641217119284   0.2778099883582763   0.049640773165515316   0.558609412790798   -0.00024144663211751976   0.3466045665228691
0.8010597956045511  0.4782571985662261   0.3368254921316121   0.048896141022256444   0.5901550377333584   -0.007446321432588768   0.3154562494256043
0.8054092087798747  0.48008901041958085   0.39861618087089035   0.04719420476669842   0.6179068873927822   -0.017019362555580213   0.277518496594238
0.8094064255390108  0.4820830664397921   0.4627360880398104   0.04466990175841041   0.6411990716892004   -0.025243030082880105   0.2329218429641827
0.8130262296470908  0.4841974724259415   0.5286624281924972   0.041920990511805915   0.6592634015268685   -0.027489112466044952   0.18064329837667992
0.8163226946826985  0.48643286065849545   0.5958877650817739   0.03982918814257177   0.6722533688927665   -0.020918023692341473   0.12989967365898114
0.8194164850052558  0.48885280120269686   0.66378819247334   0.03927804831851056   0.679004273915661   -0.005511398240612055   0.0675090502289445
0.8224469237194333  0.4915737943752701   0.7316467715287214   0.04072758603844439   0.6785857905538137   0.014495377199338305   -0.004184833618473287
0.8255010837230209  0.4947112884611073   0.798856448989736   0.04378557121434438   0.672096774610146   0.03057985175899984   -0.06489015943667616
0.8285586959647627  0.498296890920711   0.8647095667838952   0.047122752061504306   0.6585311779415927   0.0333718084715993   -0.1356559666855347
0.8315004151550838  0.5022300732646563   0.9286255545938562   0.04911581735513766   0.6391598780996093   0.01993065293633355   -0.19371299841983378
0.8342281347608907  0.5063859742177128   0.989971085643798   0.049711132534517304   0.6134553104994177   0.005953151793796431   -0.25704567600191547
0.8367152451614059  0.5107044371953677   1.0482672310805312   0.04983456695186022   0.5829614543673322   0.0012343441734291355   -0.3049385613208559
0.8389495221719268  0.5151268413283879   1.102983246233661   0.049547605466394334   0.5471601515312998   -0.002869614854658843   -0.3580130283603231
0.8409379427565409  0.5196155867618986   1.1537962691405377   0.049094451812002504   0.5081302290687664   -0.004531536543918273   -0.39029922462533434
0.842709556708794  0.5241782854812742   1.2004322782869936   0.04894572054698266   0.46636009146455787   -0.0014873126501984666   -0.41770137604208507
0.8442872310898005  0.5288121235749127   1.2426382221150651   0.04895049737189771   0.42205943828071596   4.7768249150525014e-05   -0.44300653183841915
0.8456976187979549  0.5335286999719606   1.2802316506442013   0.04922934734030578   0.3759342852913621   0.00278849968408076   -0.4612515298935388
0.8469640644623719  0.5383339855051225   1.3131034743466592   0.04969371557366417   0.3287182370245788   0.00464368233358384   -0.47216048266783245
0.8481067018006277  0.5432233700175458   1.3412189809045598   0.050211254710613946   0.2811550655790062   0.005175391369497787   -0.4756317144557263
0.8491436552214386  0.5481812850915071   1.3646173111644284   0.050651943967245094   0.2339833025986858   0.004406892566311455   -0.4717176298032039
0.8500920147650343  0.5531829035537673   1.3834103048712136   0.05090734039905952   0.18792993706785172   0.0025539643181442025   -0.4605336553083408
0.8509684005209622  0.5581975960163279   1.3977800364148123   0.050906966602238875   0.14369731543598616   -3.7379682064291345e-06   -0.4423262163186557
0.8517894100707407  0.5631953744485713   1.4079756736980638   0.05064765141430599   0.10195637283251635   -0.002593151879328876   -0.41740942603469805
0.8525699461756628  0.5681424592151683   1.4143093430273692   0.05008281571385893   0.06333669329305422   -0.005648357004470514   -0.38619679539462126
0.8533238909792062  0.5730108338044324   1.4171510658263535   0.049264088246470765   0.02841722798984165   -0.008187274673881693   -0.3491946530321257
0.8540660247134563  0.5777957105172329   1.4169225062549053   0.04842087115662357   -0.0022855957144810248   -0.008432170898471881   -0.30702823704322674
0.8548125364619278  0.5825204006095885   1.4140895368022786   0.04783301815579061   -0.028329694526267934   -0.005878530008329696   -0.2604409881178691
0.8555795315787439  0.587222325449718   1.4090968823981982   0.04764071652589539   -0.04992654404080397   -0.001923016298952153   -0.21596849514536035
0.8564004708384388  0.5920504499398862   1.4023743448373125   0.04897420480237505   -0.0672253756088559   0.01333488276479659   -0.17298831568051928
0.8573117342981164  0.5971675324785465   1.3945612150555657   0.05197589325829227   -0.07813129781746847   0.030016884559172195   -0.1090592220861257
0.8582880344665932  0.6023938723929618   1.3861210143887706   0.05316746271881728   -0.0844020066679508   0.011915694605250151   -0.06270708850482334
0.8593086101145965  0.6076124123584684   1.3776666113430285   0.053173991785937735   -0.08454403045742054   6.529067120452452e-05   -0.0014202378946973394
0.8603695227955309  0.6128146655729552   1.3696216211449626   0.05309328980563973   -0.08044990198065999   -0.0008070198029800821   0.04094128476760545
0.8614662499457197  0.6180034778376559   1.3624982813693598   0.05303450118549662   -0.07123339775602794   -0.0005878862014310897   0.09216504224632048
0.8625927521658172  0.6231818934690425   1.3565955644180836   0.052995278754778066   -0.05902716951276097   -0.0003922243071855114   0.1220622824326697
0.8637412486270238  0.6283530560402817   1.3522473095035585   0.05297165889349853   -0.04348254914525129   -0.00023619861279539493   0.15544620367509682
0.8649034444614148  0.6335201159759901   1.3495542154424895   0.052961502562131016   -0.026930940610690287   -0.00010156331367513112   0.16551608534561005
0.8660704627225739  0.6386862371442884   1.3486269843399343   0.05296294888611112   -0.009272311025552956   1.4463239801028037e-05   0.1765862958513733
0.8672339621299691  0.6438542861052734   1.3493551049877057   0.05297401337812054   0.0072812064777158176   0.00011064492009421335   0.16553517503268772
0.8683858982850897  0.6490264231110253   1.351653482760402   0.05298863851000443   0.022983777726962525   0.00014625131883895146   0.1570257124924671
0.869519536358176  0.6542042582875313   1.3552567872330092   0.053004822795191496   0.03603304472607201   0.0001618428518705944   0.13049266999109482
0.8706290570680182  0.6593884553280106   1.3599572662387618   0.05301597415850332   0.04700479005752539   0.00011151363311825273   0.10971745331453388
0.8717090189624787  0.6645742568907188   1.36547734585023   0.05297061028619639   0.055200796114682274   -0.0004536387230693473   0.08196006057156882
0.8727547746757304  0.6697519307112096   1.3715033712826308   0.052822259704429324   0.06026025432400736   -0.0014835058176706074   0.05059458209325083
0.8737609090798458  0.6748980442554441   1.3777184574337764   0.05243547563330106   0.0621508615114571   -0.003867840711282652   0.018906071874497422
0.8747311159033915  0.6800262358132185   1.383815471639988   0.052191618037063604   0.06097014206211404   -0.0024385759623745656   -0.011807194493430625
0.8756727212282295  0.6851631445149038   1.3895069262424855   0.05222494767519313   0.056914546024977156   0.00033329638129526377   -0.04055596037136887
0.8765921248917589  0.69032508219276   1.3945326209233428   0.05243176869618811   0.05025694680857334   0.0020682102099498063   -0.06657599216403814
0.877494030160256  0.6955128840745731   1.3986655995097153   0.052656169133137753   0.04132978586372228   0.002244004369496438   -0.08927160944851055
0.8783826931462101  0.7007185902267158   1.4017167739763345   0.05281013013098684   0.030511744666194836   0.0015396099784909289   -0.10818041197527446
0.8792632253142678  0.705933924312041   1.4035384334341419   0.05289144214328872   0.018216594578071534   0.0008131201230186855   -0.12295150088123304
0.8801416776141858  0.7111524642782815   1.4040268264149915   0.05291959733584841   0.004883929808496572   0.0002815519255969557   -0.13332664769574962
0.881025055303525  0.7163714713419733   1.403123878725817   0.05293240110959043   -0.009029476891744813   0.00012803773742021114   -0.13913406700241385
0.8819208981057282  0.7215909548930721   1.400818130470065   0.05295804269967731   -0.023057482557519098   0.00025641590086878535   -0.14028005665774282
0.8828364732179174  0.7268103364805707   1.3971448063542362   0.05299077461343356   -0.03673324115828904   0.0003273191375625024   -0.13675758600769944
0.8837783496894994  0.7320274678181266   1.3921849176143046   0.05301470614871829   -0.049598887399314694   0.00023931535284728262   -0.12865646241025655
0.884752604399837  0.7372411833185115   1.3860630369055278   0.053039609311227615   -0.06121880708776876   0.00024903162509325643   -0.11619919688454061
0.8857639958480229  0.742448039454353   1.3789431455431642   0.05304174156276492   -0.0711989136236369   2.1322515373079293e-05   -0.09980106535868133
0.8868164984428847  0.7476462313437967   1.3710223373640877   0.05303674257621541   -0.07920808179076366   -4.9989865495173074e-05   -0.0800916816712677
0.8879129586645528  0.752834398162582   1.3625223598606109   0.05302763426415285   -0.0849997750347699   -9.108312062552793e-05   -0.05791693244006238
0.8890549288627821  0.7580112019579187   1.3536798200262286   0.053012633841693774   -0.08842539834382108   -0.00015000422459076915   -0.0342562330905119
0.8902432454184128  0.7631762056177138   1.344660690907598   0.05299939531858535   -0.09019129118630778   -0.00013238523108426622   -0.01765892842486689
0.8914787926823344  0.7683294753475062   1.3354784130568735   0.052993174983813146   -0.09182277850724359   -6.220334772205452e-05   -0.016314873209358163
0.8927600864520195  0.7734723659905961   1.3266283382805895   0.053000979132736055   -0.08850074776284045   7.8041489229131e-05   0.033220307444031406
0.8940849147717532  0.7786063084510944   1.3182530184950445   0.05302125542058153   -0.08375319785544925   0.00020276287845476894   0.04747549907391205
0.8954492737804779  0.7837326543345047   1.3106796315088658   0.053047994891716535   -0.07573386986178719   0.00026739471135003693   0.08019327993662052
0.8968435217520727  0.7888358702209821   1.3040953238735564   0.052902495016365444   -0.06584307635309422   -0.001454998753510925   0.09890793508692969
0.8980858333692613  0.7932877335431899   1.2986647830004439   0.04621950366811304   -0.05430540873112499   -0.06682991348252405   0.11537667621969232
0.8990361740527706  0.7966404321766085   1.2945862733578526   0.0348478629774423   -0.04078509642591368   -0.1137164069067074   0.13520312305211316
0.8996773703705602  0.7988791840823161   1.291855483644624   0.023287642244580627   -0.027307897132283578   -0.11560220732861673   0.13477199293630102
0.9  0.8   1.2905209748794777   0.011663267977248416   -0.013345087651465862   -0.1162437426733221   0.13962809480817714
0.9  0.8   1.2905209748794777   5.000297599053888e-19   2.6846215869559523e-27   -0.11663267977248415   0.13345087651465862
