0.1  0.1   0.3778349486243121   0.0   2.0619796338028893e-22   4.96435564379945e-08   0.0018800794889040583
0.10080593480611523  0.10031710039093818   0.374852842726205   0.008660736513952091   -0.029821058981071187   0.08660736513952089   -0.2982105898107119
0.10244762880645651  0.10095181323848512   0.3689195384671561   0.01760119197553787   -0.05933304259048925   0.08940455461585782   -0.29511983609418063
0.1049240474121078  0.10188406079014688   0.3600412145283918   0.02646079100857424   -0.08878323938764283   0.08859599033036367   -0.2945019679715359
0.10820635868167322  0.10307590670401806   0.34830761421813056   0.03491999993231127   -0.11733600310261151   0.08459208923737031   -0.2855276371496866
0.11224901145689556  0.10447808003336766   0.3338612422674721   0.0427891709507793   -0.14446371950658574   0.07869171018468023   -0.2712771640397425
0.11695202744818677  0.10602066604017105   0.31694227744463116   0.049495384636068104   -0.16918964822840973   0.06706213685288816   -0.24725928721823998
0.12207575585353976  0.10759377232378964   0.2978880758569321   0.05359781352945112   -0.19054201587699018   0.041024288933830096   -0.2135236764858041
0.12723306386683408  0.10906077596655735   0.27713172469672326   0.0536189571251437   -0.207563511602088   0.00021143595692584577   -0.17021495725097815
0.1324314983675356  0.11041693068985359   0.2551898426535737   0.053724181605305794   -0.21941882043149596   0.0010522448016208874   -0.11855308829407996
0.13765994439793192  0.11165572189385344   0.23264297083886404   0.053731975154344566   -0.22546871814709638   7.793549038771963e-05   -0.06049897715600426
0.14291312042463095  0.11277599790889929   0.21010947577021333   0.05371301212682951   -0.22533495068650705   -0.00018963027515056546   0.0013376746058936457
0.14818742675606164  0.1137806102656167   0.1882183180051854   0.053691296561953705   -0.21891157765027935   -0.00021715564875803134   0.06423373036227692
0.1532382721177471  0.11463506350185634   0.1675836922244523   0.051226096084493355   -0.20634625780733107   -0.024652004774603456   0.1256531984294825
0.1579425157759327  0.11534019351397667   0.14878463883392493   0.04756796898078673   -0.1879905339052734   -0.03658127103706628   0.18355723902057705
0.16240184084999393  0.11593386379948147   0.13235181988338593   0.04498669194777575   -0.16432818950538985   -0.025812770330109855   0.23662344399883528
0.16678973212163856  0.1164574315260509   0.11875954533879127   0.044190171957211664   -0.1359227454459471   -0.007965199905640733   0.28405444059442764
0.17124561066658306  0.11694243986490609   0.10842001970227796   0.04482196637370475   -0.10339525636513294   0.006317944164930739   0.3252748908081414
0.17583288835532693  0.11741048650523338   0.10167959191439362   0.04611093606853856   -0.06740427787884351   0.01288969694833814   0.3599097848628944
0.1805442774269214  0.11787755721970725   0.09881364839466603   0.047344843474510345   -0.028659435197275797   0.012339074059717809   0.38744842681567715
0.1853299330666259  0.11835784057204851   0.10002403118516401   0.04809695624503868   0.012103827904979702   0.0075211277052833776   0.4076326310225549
0.1901261184143272  0.11886540409267911   0.10543407695043544   0.048229674078289   0.05410045765271446   0.001327178332503226   0.41996629747734754
0.19487316667105958  0.11941415283646527   0.11508706894084111   0.04778660098349013   0.09652991990405661   -0.004430730947988746   0.42429462251342154
0.19952453076085477  0.12001726205567635   0.1289434629860809   0.0469030154959508   0.13856394045239764   -0.008835854875393262   0.4203402054834101
0.20403943137530076  0.1206852211840646   0.14688003181762627   0.04564043925678442   0.17936568831545374   -0.012625762391663756   0.4080174786305611
0.20836426535613461  0.12142177118805857   0.16868863198882905   0.043871055230251844   0.21808600171202794   -0.017693840265325878   0.38720313396574224
0.2124347280513806  0.12222182020605038   0.19407596151282694   0.041483424382009366   0.2538732952399788   -0.023876308482424717   0.3578729352795085
0.21620062441576718  0.12307448692597953   0.22266370381856015   0.03861219491633932   0.28587742305733255   -0.028712294656700426   0.32004127817353667
0.21965840697689082  0.12397199744164898   0.25395817107211566   0.03572364114385161   0.3129446725355546   -0.0288855377248771   0.2706724947822212
0.22287815920970216  0.12492391488756795   0.2874605489050041   0.033575215955429456   0.3350237783288845   -0.021484251884221556   0.22079105793329917
0.22601847947701867  0.1259733812086281   0.3225221269516828   0.03311040763922474   0.3506157804667872   -0.004648083162047254   0.15592002137902713
0.22931136787246986  0.12720720206489872   0.3585011261837441   0.03516451036238503   0.3597899923206124   0.020541027231602945   0.09174211853825183
0.23300234154970667  0.1287445909486099   0.3946718056301931   0.0399835607041304   0.36170679446449044   0.04819050341745373   0.019168021438779877
0.23723145805389687  0.13068534516758   0.4302329431057956   0.04653165948518987   0.35561137475602517   0.06548098781059469   -0.060954197084652766
0.24191404391864754  0.13303117593514338   0.46442257840274953   0.0523732110632884   0.34189635296953924   0.0584155157809853   -0.13715021786485893
0.2466382772461838  0.13558986834941944   0.4963790060421267   0.05372642497306452   0.3195642763937718   0.013532139097761173   -0.2233207657576747
0.25128874728141387  0.13828558520981857   0.5253334292902379   0.05375291707432744   0.2895442324811114   0.00026492101262920643   -0.3002004391266035
0.25587062158074386  0.1410977892351593   0.5504809674813852   0.05376063948185803   0.2514753819114736   7.722407530590233e-05   -0.380688505696378
0.2603932831697185  0.14400421668017277   0.5711813462430577   0.05376038350076363   0.2070037876167263   -2.5598109440106065e-06   -0.44471594294747285
0.26486969769699475  0.14698104217592473   0.586849393059943   0.05375851286274857   0.15668046816885106   -1.8706380150550558e-05   -0.5032331944787526
0.26931516777538017  0.15000371314121003   0.5971384036183321   0.053757552011015945   0.1028901055838929   -9.60851732626783e-06   -0.5379036258495814
0.27374655721408  0.15304735435863603   0.6018368449451117   0.053759617016683   0.04698441326779371   2.0650056670553613e-05   -0.5590569231609921
0.2781805841092033  0.156087498160313   0.6010228572808328   0.05376157442032289   -0.008139876642788613   1.9574036398891025e-05   -0.5512428991058232
0.28263298073692655  0.1591007820264551   0.594970094587586   0.05376217572650746   -0.060527626932467965   6.013061845741582e-06   -0.5238775028967936
0.287117650228607  0.16206572943455125   0.5841593945131939   0.053761671832588426   -0.10810700074392042   -5.038939190281405e-06   -0.4757937381145247
0.2916458376354507  0.16496346423985606   0.5692653848026251   0.0537599741381396   -0.1489400971056887   -1.6976944488293163e-05   -0.4083309636176829
0.29622496472638393  0.16777792607471467   0.55110634180844   0.05374904681457617   -0.18159042994185062   -0.00010927323563432716   -0.32650332836161905
0.3007989867182064  0.170460970710864   0.5304958189760401   0.05302867686564226   -0.20610522832399944   -0.007203699489339192   -0.24514798382148814
0.30447674997329427  0.17250952901351885   0.5082107671756655   0.04209813972116426   -0.2228505180037454   -0.10930537144477996   -0.1674528967974595
0.30724786031140033  0.173970006457361   0.4850424603859511   0.031324186932650926   -0.2316830678971439   -0.10773952788513334   -0.08832549893398521
0.3095026224577615  0.17509190661787324   0.46170106569653047   0.02518454348764792   -0.2334139468942056   -0.061396434450030055   -0.01730878997061687
0.3117402488271328  0.17614219009319526   0.4388479670893023   0.024718550012960267   -0.22853098607228245   -0.004659934746876501   0.04882960821923149
0.3143298287575721  0.17728961893604853   0.4170965622691827   0.028324048378604923   -0.21751404820119585   0.03605498365644653   0.11016937871086585
0.3174513023399461  0.1785983660570794   0.3970091704520514   0.033847328332161086   -0.2008739181713124   0.05523279953556168   0.16640130029883474
0.3211168213595797  0.18005855935584208   0.37909111206825274   0.03945655098083049   -0.17918058383798638   0.05609222648669402   0.21693334333325998
0.32522100933952436  0.1816211455567795   0.36378446987168633   0.04391586798648046   -0.1530664219656649   0.044593170056499744   0.2611416187232148
0.32960486812806267  0.18322864988859164   0.3514627786449992   0.046692920292712395   -0.12321691226687179   0.027770523062319308   0.2984950969879311
0.33411309651749643  0.1848357079090933   0.34242900906235796   0.047861005727555625   -0.09033769582641239   0.011680854348432222   0.3287921644045941
0.33862574697272124  0.18641635297237666   0.3369151339548047   0.0478146974758807   -0.05513875107553187   -0.000463082516749241   0.35198944750880523
0.3430654434167649  0.18796215419799334   0.335050051966918   0.04701106885016563   -0.01865081987886698   -0.008036286257150681   0.3648793119666489
0.347393549366803  0.18947836628874964   0.3369578139002664   0.04586000459974879   0.019077619333483672   -0.01151064250416835   0.3772843921235065
0.3516028149881713  0.19097990369717954   0.3426505906728101   0.04469063846056531   0.05692776772543723   -0.011693661391834751   0.37850148391953553
0.35570788213683524  0.19248834342239426   0.3521421585374385   0.043734387728225896   0.09491567864628374   -0.009562507323394191   0.3798791092084651
0.35973729112283936  0.19402957109130334   0.3653251407829288   0.04314107034356593   0.13182982245490318   -0.005933173846599592   0.3691414380861944
0.36371338777032464  0.19562739065249138   0.38210562670050285   0.0428513382524306   0.16780485917574015   -0.002897320911353395   0.3597503672083697
0.36765235985319256  0.19730341269703633   0.40229180216343924   0.04280718510179963   0.20186175462936398   -0.00044153150630966883   0.340568954536238
0.37156475266836464  0.19907742156025168   0.42570532168966885   0.04295803182986974   0.23413519526229626   0.0015084672807010944   0.32273440632932276
0.37545734714774864  0.20096794067101947   0.45211860104919427   0.04327395786046563   0.2641327935952544   0.0031592603059588577   0.2999759833295812
0.3793266556458675  0.202988323679259   0.48121497040088   0.043650310140458164   0.2909636935168576   0.0037635227999253257   0.2683089992160324
0.38316390373309167  0.2051483081479089   0.5126927752203986   0.044034084284447605   0.31477804819518607   0.0038377414398944854   0.23814354678328495
0.386950650027558  0.20745051865599343   0.5462557938492372   0.04431661169603851   0.33563018628838537   0.0028252741159089964   0.2085213809319927
0.3906661503964869  0.20989320167896716   0.5815810025690107   0.044465316081434725   0.35325208719773443   0.0014870438539621891   0.17621900909349106
0.39428913980427216  0.2124701532227941   0.6182548522409107   0.04445979251879319   0.36673849671900005   -5.5235626415449455e-05   0.13486409521265594
0.39780071838314046  0.21517251344712565   0.655900611547564   0.044310196227958204   0.3764575930665324   -0.0014959629083497643   0.09719096347532355
0.4011857090505212  0.21799001149806363   0.6941578541558484   0.04404140902069365   0.3825724260828448   -0.0026878720726455476   0.06114833016312349
0.4044431707731388  0.22092050070174224   0.7326070666653788   0.04381646248521514   0.3844921250953056   -0.002249465354785109   0.019196990124608116
0.40758799033075005  0.22397527697780945   0.7708751278216484   0.04384238605133706   0.38268061156269517   0.0002592356612191898   -0.018115135326104266
0.41064744000672004  0.22717970120953968   0.8085385841712859   0.044304138606546375   0.37663456349637436   0.004617525552093236   -0.06046048066320801
0.41365227219280387  0.23056743565202292   0.8452247306209464   0.04528328733572781   0.3668614644966069   0.009791487291814257   -0.09773098999767482
0.416627747912331  0.2341705800179313   0.880520603726109   0.04672911841567329   0.3529587310516244   0.014458310799454805   -0.13902733444982443
0.4195788786443715  0.23799886957569943   0.9140688530830107   0.04833732877983431   0.3354824935690174   0.016082103641610217   -0.1747623748260703
0.42248510709413245  0.24202433286905542   0.9454828289807312   0.049649288543083495   0.31413975897720525   0.013119597632491813   -0.21342734591812124
0.42530823935754664  0.24618333022373892   0.9744398957760084   0.05026662388999506   0.2895706679527713   0.006173353469115624   -0.24569091024433995
0.4280165451687418  0.2504068554026015   1.0006018472066567   0.0501727867508154   0.26161951430648334   -0.000938371391796534   -0.2795115364628794
0.4305943330511748  0.25463892776760205   1.0237068850156688   0.04955343264538673   0.23105037809012152   -0.006193541054286722   -0.30569136216361825
0.43304713445408416  0.25885118007526176   1.0434919891008396   0.04874351672323992   0.19785104085170596   -0.00809915922146815   -0.3319933723841555
0.43540455126062716  0.26305567415515835   1.0597830625253892   0.048202888365373606   0.16291073424549873   -0.005406283578663103   -0.34940306606207233
0.43770902409115203  0.26729023566474586   1.0724125380802119   0.04821006762606502   0.12629475554822558   7.179260691418744e-05   -0.36615978697273144
0.4400035384937879  0.27159733133055136   1.0813096862333103   0.04880150552830767   0.08897148153098339   0.00591437902242646   -0.37323274017242203
0.4423209910704751  0.2760014732298788   1.0864102998804641   0.04976650712537172   0.0510061364715395   0.00965001597064057   -0.3796534505944387
0.4446769054917548  0.2804933063664689   1.087750459887322   0.05072168933242633   0.013401600068576519   0.009551822070546022   -0.37604536402962985
0.4470701366749172  0.2850299656749622   1.0853667908654985   0.05129213699719503   -0.023836690218233134   0.00570447664768705   -0.3723829028680965
0.4494886952901721  0.28954904150908467   1.0793955732680132   0.051255704238615654   -0.05971217597485385   -0.0003643275857937756   -0.3587548575662072
0.4519184467783668  0.29398787854705777   1.0699632395693401   0.05060332651521722   -0.09432333698673015   -0.006523777233984373   -0.34611161011876285
0.4543506732689896  0.298300573398686   1.057291599430318   0.04951268785365967   -0.12671640139021995   -0.010906386615575452   -0.32393064403489813
0.45678810744257303  0.3024680982825111   1.041580784067982   0.04827975663551676   -0.1571081536233615   -0.012329312181429172   -0.30391752233141556
0.4592441096612147  0.3064949198119181   1.0231212751513947   0.04716697841463008   -0.18459508916587364   -0.01112778220886684   -0.2748693554251216
0.4617392584272616  0.3103995056388096   1.0021713435742423   0.04633741236221713   -0.20949931577152248   -0.00829566052412939   -0.2490422660564881
0.46429466962106647  0.314201907750869   0.9790748125324903   0.04581308567561397   -0.2309653104175212   -0.005243266866031605   -0.21465994645998718
0.4669292931122123  0.3179185079029052   0.9541354645478064   0.045556950765177705   -0.24939347984683846   -0.002561349104362612   -0.1842816942931728
0.4696564283139483  0.32155804426932943   0.9277379836361561   0.045479106599699226   -0.2639748091165023   -0.0007784416547848564   -0.14581329269663765
0.4724837980494914  0.325122592147516   0.9002206057709132   0.04549727595949685   -0.2751737786524292   0.00018169359797623832   -0.11198969535926954
0.4754105886809075  0.32860587915477923   0.8719968900813566   0.04549658424004029   -0.28223715689556794   -6.917194565566071e-06   -0.07063378243138785
0.4784283231020359  0.33199623329562833   0.8434810995407163   0.04538856930641595   -0.285157905406402   -0.0010801493362434574   -0.029207485108340245
0.4815180390466743  0.3352746168179259   0.8150164829899543   0.045049021230014544   -0.2846461655076204   -0.003395480764014047   0.005117398987816295
0.48465345659513615  0.33842011473650385   0.7870030825372346   0.04441283638654498   -0.2801340045271971   -0.006361848434695638   0.04512160980423284
0.4878023417686416  0.34141219448956905   0.7598693814364725   0.043437333118671366   -0.27133701100761975   -0.009755032678736146   0.08796993519577316
0.4909380200617444  0.3442412346000656   0.7340347198099432   0.04223262519028868   -0.25834661626529415   -0.01204707928382674   0.1299039474232561
0.4940493273401045  0.34691456036125407   0.7098276922943136   0.041020608973794996   -0.24207027515629495   -0.012120162164936943   0.16276341108999182
0.49715132735564477  0.3494623605853722   0.6876190470253634   0.040141861041098105   -0.2220864526895022   -0.008787479326968887   0.19983822466792805
0.5002906961028731  0.35193827214544354   0.6677912969393607   0.039982213776090174   -0.19827750086002663   -0.001596472650079266   0.2380895182947555
0.5035492089457719  0.35441901640152007   0.6507014360816391   0.040953629889660864   -0.170898608577217   0.009714161135706813   0.27378892282809614
0.5070254995568368  0.3569889700933394   0.6366052243987351   0.04323107492380204   -0.14096211682903995   0.022774450341411796   0.29936491748177047
0.5107987653060759  0.3597157969054945   0.6257794061429889   0.04655439708327119   -0.10825818255746206   0.033233221594691484   0.327039342715779
0.5148804966184966  0.3626205001126789   0.6184921378485657   0.05009773570594063   -0.0728726829442312   0.03543338622669443   0.35385499613230864
0.5191854905517487  0.3656612065039767   0.6149554700642826   0.05270566205201841   -0.0353666778428311   0.0260792634607778   0.375060051014001
0.5235505729238711  0.3687463438927792   0.6152594483668393   0.05345279863879929   0.0030397830255656103   0.007471365867808785   0.38406460868396713
0.5278841890198577  0.3718369668253347   0.6195130565369357   0.05322798002801985   0.04253608170096533   -0.002248186107794388   0.39496298675399716
0.5319292103082434  0.3747720002380482   0.6276958497025174   0.049976612887665944   0.08182793165581609   -0.03251367140353908   0.3929184995485078
0.5354759901074387  0.37741102758144257   0.6396905383239523   0.04420872341875871   0.1199468862143499   -0.05767889468907243   0.38118954558533785
0.5383865165614854  0.37964794536503793   0.6552748485210675   0.036708262571619826   0.15584310197115242   -0.07500460847138872   0.3589621575680254
0.5406773223363605  0.3814781005099983   0.6740779539198252   0.029321082778140904   0.1880310539875769   -0.07387179793478924   0.32187952016424487
0.5425467978554387  0.3830390470612549   0.6957004307985448   0.02435465633572382   0.2162247687871966   -0.04966426442417087   0.2819371479961968
0.5443763976870762  0.3846424248234193   0.7195965476599946   0.024327465532051347   0.23896116861449818   -0.0002719080367247284   0.2273639982730157
0.5466550720251104  0.38674489029943243   0.7451999621110807   0.031004383265343865   0.25603414451086054   0.0667691773329252   0.1707297589636238
0.5496988389008725  0.3897070453854712   0.7718104465363722   0.042472202141791884   0.2661048442529132   0.11467818876448017   0.10070699742052655
0.553439864802046  0.39354908409993744   0.7987182185890245   0.053625121236888645   0.2690777205265234   0.11152919095096771   0.029728762736101966
0.5570867368485688  0.39749742115413955   0.825068808742789   0.05374852669357358   0.2635059015376459   0.0012340545668492293   -0.05571818988877514
0.5606349327663643  0.4015364317827909   0.849997930560911   0.05376179045514025   0.24929121818121955   0.0001326376156667449   -0.14214683356426364
0.5640912739773224  0.40565445918037096   0.8725355423237838   0.0537628535457267   0.2253761176287284   1.0630905864562701e-05   -0.23915100552491142
0.5674676452440953  0.409838295494842   0.8917994191352179   0.0537627838168586   0.1926387681143392   -6.972886810156851e-07   -0.3273734951438916
0.5707801145223894  0.4140728816239057   0.9069778861579468   0.05376260075936513   0.15178467022728995   -1.8305749347937156e-06   -0.40854097887049284
0.5740480042499537  0.41834193012586174   0.9174586770024566   0.053762327315307515   0.10480790844510002   -2.734440576163306e-06   -0.4697676178218991
0.5772926948420567  0.42262861772124777   0.9228794746867814   0.05376216846345287   0.05420797684324598   -1.5885185463725902e-06   -0.5059993160185404
0.5805356489296399  0.42691664591865786   0.9232875069311047   0.053762381863126076   0.0040803224432335765   2.133996731983661e-06   -0.5012765440001241
0.5837968293122554  0.4311908637308933   0.9190340708640025   0.05376265934121732   -0.042534360671021926   2.774780912443962e-06   -0.466146831142555
0.5870927068386014  0.4354384017211669   0.9108929511238535   0.05376280093847348   -0.08141119740149055   1.4159725616697976e-06   -0.3887683673046862
0.5904351952539751  0.439649363948027   0.8998725839949344   0.05376284189192506   -0.11020367128918918   4.0953451577742755e-07   -0.28792473887698616
0.593830462350411  0.4438178847135678   0.887275244813809   0.05376281617334966   -0.12597339181125397   -2.571857539747092e-07   -0.15769720522064765
0.5972788931650382  0.44794252582631133   0.8744534003243303   0.05376275606050619   -0.128218444894788   -6.011284346871292e-07   -0.022450530835340994
0.6007749142388188  0.45202686127763175   0.8628532823221359   0.053762402687415826   -0.1160011800219446   -3.533730903600896e-06   0.12217264872843447
0.6043076412285199  0.45607924088094837   0.8538008788164949   0.0537605249538578   -0.0905240350564098   -1.8777335580303776e-05   0.254771449655348
0.6078614340475532  0.4601120923779508   0.8484594407508979   0.0537525204967106   -0.0534143806559708   -8.004457147198621e-05   0.37109654400438974
0.6114126793275345  0.4641370894403442   0.8478480857556078   0.05367675883552337   -0.006113549952900457   -0.0007576166118722884   0.47300830703070357
0.6147679113713261  0.4679775810506492   0.8527334270867734   0.05099701743877816   0.04885341331165562   -0.0267974139674521   0.5496696326455607
0.6177227718605949  0.4714350371323315   0.8636179692910407   0.045480988410327605   0.10884542204267471   -0.05516029028450557   0.5999200873101908
0.6203433686349497  0.47461051858734765   0.8808417943787484   0.04117184708621776   0.1722382508770755   -0.043091413241098483   0.6339282883440079
0.6227864821748915  0.477717612320122   0.9044639061821534   0.039525732419894294   0.23622111803405108   -0.016461146663234606   0.6398286715697562
0.6252077004194262  0.4809943037074232   0.9344231379299317   0.040741875552408845   0.29959231747778203   0.012161431325145414   0.6337119944373099
0.6277159571862532  0.4846573915078621   0.9703866710896347   0.04439545499491344   0.3596353315970311   0.03653579442504594   0.6004301411924895
0.6303266092719781  0.4888317621285887   1.0119093022519337   0.049235022485910586   0.41522631162299073   0.04839567490997145   0.5559098002595968
0.6329414058279993  0.4934786840472458   1.0582592668748323   0.05332076926252128   0.46349964622898293   0.040857467766107006   0.48273334605992213
0.635334577001917  0.4982824857577996   1.1086035697492889   0.05366915235214955   0.5034430287445686   0.0034838308962826885   0.3994338251558576
0.6374712593484629  0.503212562707584   1.1618345924827949   0.053731806391400794   0.5323102273350604   0.0006265403925124778   0.28867198590491683
0.6393337669144444  0.5082523923846314   1.2168055560300424   0.05372971022347021   0.5497096354724745   -2.0961679305812876e-05   0.17399408137414255
0.6409129381835553  0.5133823736470647   1.272169989343794   0.05367540372470064   0.5536443331375183   -0.000543064987695753   0.039346976650435475
0.6422077132138914  0.5185797394314692   1.3266447539546622   0.05356216339551231   0.5447476461086775   -0.0011324032918832434   -0.08896687028840602
0.6431557032723877  0.5234582865571689   1.3788700440689112   0.049697995139318225   0.522252901142492   -0.0386416825619409   -0.224947449661855
0.6437926260053273  0.5278747661453183   1.4275687972533468   0.04462170158148707   0.4869875318443546   -0.050762935578311574   -0.35265369298137417
0.6442066727518931  0.5320327742395703   1.4715453666979044   0.04178572246618164   0.43976569444557645   -0.028359791153054318   -0.47221837398778166
0.6444668759406526  0.5362867381652551   1.509705210566986   0.042619144501581635   0.38159843869081367   0.008334220354000037   -0.5816725575476285
0.6446048628390181  0.5409269533830499   1.5410679112949908   0.046422664347895715   0.31362700728004944   0.03803519846314082   -0.6797143141076418
0.6446355984347149  0.5460382422029042   1.564783122233585   0.051113812298450106   0.237152109385945   0.04691147950554387   -0.7647489789410443
0.6445854326106554  0.5514024945298677   1.580147930449563   0.05364486894124968   0.1536480821597777   0.025310566427995767   -0.8350402722616727
0.6445004593453346  0.5567712238956305   1.5866224497178996   0.05369401778469   0.06474519268336659   0.0004914884344031687   -0.8890288947641114
0.6444303465770728  0.5621462050365562   1.583839868749941   0.05375438406826424   -0.0278258096795862   0.0006036628357423845   -0.9257100236295277
0.6444260162865657  0.5675222751680009   1.571601801697448   0.053760718754152524   -0.12238067052493111   6.334685888280688e-05   -0.9455486084534491
0.6445385539000188  0.5728972872223117   1.5498622019156043   0.05376190035557925   -0.21739599781843438   1.1816014267331948e-05   -0.9501532729350326
0.644818374535872  0.5782662123977321   1.5187248831044113   0.05376212154250955   -0.3113731881119315   2.211869302905016e-06   -0.9397719029349708
0.6453142745194476  0.5836194483200065   1.478424394494289   0.05376155841606741   -0.4030048861012235   -5.6312644213607846e-06   -0.9163169798929197
0.6460720055844401  0.5889417430500871   1.4293774479194588   0.05375962942645905   -0.49046946574830147   -1.9289896083538965e-05   -0.8746457964707804
0.6471330739336413  0.5942119574396213   1.3721193151183295   0.053759674248763885   -0.5725813280112922   4.482230483438693e-07   -0.8211186226299072
0.6485328365741931  0.5994016789893816   1.3073471122686475   0.05375178621584019   -0.6477220284968226   -7.888032923697704e-05   -0.7514070048553042
0.6502948252863234  0.6044633856930217   1.235813642572414   0.053596155622723504   -0.7153346969623343   -0.0015563059311668479   -0.676126684655116
0.6524343745310198  0.6093539373830541   1.1583974047197199   0.053380864364826   -0.7741623785269388   -0.0021529125789749503   -0.5882768156460452
0.6548476136609401  0.6138263029341524   1.0759813496998878   0.05081906799699262   -0.824160550198321   -0.02561796367833391   -0.49998171671382313
0.6574626617221976  0.6178069884312288   0.9895619507550039   0.0476280730130061   -0.8641939894488406   -0.03190994983986526   -0.4003343925051955
0.6602223736863432  0.6212855074860918   0.9001183427075654   0.044402820788877806   -0.8944360804743842   -0.03225252224128291   -0.3024209102554365
0.6630902392053201  0.6242905175763381   0.8087461208721014   0.041538823138622505   -0.9137222183546406   -0.02863997650255295   -0.19286137880256354
0.6661124550131069  0.6269226789988538   0.7165245415261797   0.040077502595613476   -0.9222157934592157   -0.014613205430090348   -0.08493575104575114
0.6694668704417391  0.6293407748332053   0.6245954712360073   0.04135128816851254   -0.9192907029017248   0.012737855728990602   0.0292509055749095
0.6734176156978063  0.6316777358523742   0.5341639078124536   0.04590182445551566   -0.9043156342355371   0.045505362870031346   0.1497506866618776
0.6780836751649251  0.6339113704650098   0.4464614681366689   0.05173126185726456   -0.8770243967578468   0.058294374017488916   0.272912374776902
0.6831061044383545  0.6358176079560266   0.3627492872231753   0.053720142571249616   -0.8371218091349367   0.01988880713985055   0.39902587622910074
0.6882655173688201  0.6373253083938474   0.2843069837750435   0.053751932427828185   -0.7844230344813178   0.0003178985657856864   0.5269877465361893
0.6935202999108212  0.6384586019665421   0.2124154914061917   0.053756017231214245   -0.718914923688518   4.084803386063136e-05   0.6550811079279989
0.6988368154770085  0.639253006894616   0.14832471775557887   0.0537553875953445   -0.6409077365061283   -6.296358697519253e-06   0.7800718718238968
0.7041892572497287  0.6397533117360898   0.09320145617355682   0.053757732341272395   -0.5512326158202207   2.344745927893222e-05   0.896751206859075
0.7095590355142503  0.640011086656183   0.047967936538840954   0.053759619157462656   -0.45233519634715863   1.886816190263156e-05   0.9889741947306215
0.714934781052553  0.6400794479774466   0.012715936083437266   0.053761801832551   -0.3525200045540368   2.1826750883545142e-05   0.9981519179312178
0.7203102550801805  0.6400119823916302   -0.012549971117609901   0.0537589737876059   -0.2526590720104718   -2.828044945106399e-05   0.9986093254356511
0.7256770013663685  0.6398626152866154   -0.027824783856649094   0.053688244739766106   -0.15274812739039192   -0.0007072904783979999   0.9991094462007978
0.7310400172264018  0.6396849971345246   -0.033106978960441465   0.05365956328830761   -0.05282195103792366   -0.00028681451458491297   0.9992617635246828
0.7363827144847287  0.639533244328868   -0.02839614672886501   0.053448520005849334   0.047108322315764506   -0.002110432824582702   0.9993027335368818
0.7413578647069432  0.639465115466804   -0.013692974273375963   0.04975616672880257   0.1470317245548905   -0.03692353277046761   0.9992340223912601
0.7457325623212266  0.6395132405680525   0.011000339755812286   0.04374962313184642   0.24693314029188249   -0.06006543596956169   0.9990141573699198
0.7493906731002297  0.6396804570437047   0.045679358757849176   0.03661930613923045   0.34679019002036904   -0.07130316992615951   0.9985704972848649
0.7523514647044736  0.6399486115334035   0.09032208949191724   0.029729099808277242   0.4464273073406805   -0.06890206330953211   0.9963711732031152
0.7548383710908568  0.6403102893410563   0.14442030251953356   0.02513068684135482   0.5409821302761633   -0.04598412966922428   0.9455482293548282
0.7573341624280132  0.6408339094687046   0.20680182568131977   0.02550127925556412   0.6238152316178622   0.00370592414209303   0.8283310134169883
0.7604884805681484  0.6417275610104577   0.27607590982819147   0.03278465495817114   0.6927408414687173   0.07283375702607033   0.6892560985085516
0.7646411316779909  0.6432466315072183   0.35068714797038614   0.044217741251903864   0.7461123814219465   0.11433086293732711   0.5337153995322924
0.7695212091305372  0.6454788742613343   0.4290068550392091   0.053663827347811055   0.7831970706882303   0.09446086095907204   0.37084689266283727
0.7742143277662942  0.6480989528004356   0.5091786762337384   0.05374958053822177   0.8017182119452918   0.000857531904107145   0.185211412570615
0.7786834014329682  0.6510871462202227   0.5893662769074255   0.05376050534753189   0.801876006736871   0.0001092480931011155   0.0015779479157916627
0.7829052385628413  0.6544155705038787   0.6676171067680123   0.05376087514467169   0.7825082986058701   3.697971397997847e-06   -0.19367708131000813
0.7868675100275561  0.658049197048009   0.7421590255585574   0.05376135882053889   0.7454191879054496   4.836758671924686e-06   -0.3708911070042053
0.7905692608422418  0.661947936179844   0.8113102070079046   0.05376162749781128   0.691511814493471   2.686772723940226e-06   -0.539073734119786
0.7940205754809647  0.6660700213126238   0.8737369236727623   0.053761657877482626   0.6242671666485784   3.037967134607944e-07   -0.6724464784489252
0.7972416211916359  0.6703744518486278   0.9283780983380594   0.05376175007337948   0.5464117466529705   9.219589685689977e-07   -0.7785541999560802
0.8002603231306287  0.6748231633974736   0.9746074380466981   0.05376206454492278   0.4622933970863864   3.1447154329020755e-06   -0.8411834956658406
0.8031100364604672  0.6793820090296302   1.0121284285692724   0.053762384210619435   0.3752099052257441   3.1966569666205895e-06   -0.8708349186064226
0.8058268215812482  0.684021316051646   1.0410312429269737   0.05376252508675034   0.28902814357701184   1.4087613090210489e-06   -0.8618176164873227
0.8084472713099119  0.688715700736274   1.0616721581570365   0.05376244446426813   0.20640915230062906   -8.06224822086822e-07   -0.8261899127638279
0.811006428894637  0.6934436915756637   1.074674095593657   0.053761682377711416   0.13001937436620498   -7.620865567037997e-06   -0.7638977793442407
0.8135365007163157  0.6981869061849966   1.0807803450934896   0.053758114041558946   0.06106249499832644   -3.568336152480833e-05   -0.6895687936787855
0.8160662068334582  0.7029300825712611   1.0808370235572744   0.0537560557242961   0.0005667846378471904   -2.0583172628443552e-05   -0.6049571036047924
0.8186195620417648  0.707658470937765   1.0756588894953   0.0537375840211348   -0.05178134061974251   -0.00018471703161302737   -0.5234812525758971
0.821203244927412  0.7123351866069625   1.0660689339141016   0.053429473798746324   -0.09589955581198498   -0.0030811022238847103   -0.4411821519224245
0.8237058606088749  0.7167263733079313   1.0527898055653786   0.050542661081381945   -0.13279128348723002   -0.028868127173643822   -0.36891727675245056
0.8261968140298993  0.7209365461115399   1.03653833193633   0.04891871214776525   -0.1625147362904892   -0.016239489336166923   -0.297234528032592
0.8287456597917277  0.7250671780422461   1.0179274064777468   0.04853734115560867   -0.18610925458582703   -0.0038137099215658004   -0.2359451829533782
0.8314008491681232  0.7291798971041356   0.9975173930455657   0.0489535378767957   -0.20410013432181282   0.004161967211870238   -0.1799087973598576
0.8341949474381657  0.7333085905838554   0.9758445791928545   0.0498528785449057   -0.2167281385271115   0.00899340668110008   -0.12628004205298693
0.8371379836848235  0.7374535851899707   0.9533759871222576   0.050835462655370936   -0.22468592070596988   0.009825841104652362   -0.07957782178858369
0.8402145353837233  0.7415831721858236   0.9305014437014163   0.05149627084780786   -0.22874543420841237   0.006608081924369275   -0.04059513502442494
0.84341365602223  0.7456782633285416   0.9076190099146609   0.0519655119544394   -0.22882433786755418   0.0046924110663153365   -0.0007890365914181069
0.8467244018442195  0.7497241762586967   0.8849996886694983   0.052278532244313315   -0.22619321245162693   0.003130202898739151   0.026311254159272407
0.8501344471175616  0.7537088192985718   0.8629464593326612   0.05244596163809794   -0.2205322933683701   0.0016742939378462747   0.056609190832568414
0.8536339714559869  0.7576259192708751   0.8416414375676622   0.052526510247898055   -0.21305021764999038   0.0008054860980011751   0.07482075718379713
0.8572148479533812  0.7614736732714219   0.8213082517322753   0.052562236765847654   -0.2033318583538696   0.00035726517949592724   0.09718359296120736
0.8608698127700461  0.765252495641862   0.8020580557881666   0.052572108877589334   -0.19250195944108683   9.87211174168322e-05   0.10829898912782784
0.8645915994333775  0.7689642789420097   0.7840524631213704   0.052563324889678235   -0.1800559266679618   -8.783987911093964e-05   0.12446032773125022
0.8683719014446598  0.772610875525509   0.7673972463093309   0.05252461322015393   -0.1665521681203948   -0.00038711669524309504   0.13503758547567007
0.8722030192300984  0.7761951119572379   0.7521171913398799   0.05246352474282234   -0.15280054969450987   -0.0006108847733158709   0.13751618425884937
0.8760723790148441  0.7797159179118232   0.7382685407568064   0.05231445279616647   -0.1384865058307355   -0.0014907194665586426   0.14314043863774428
0.8799637255194241  0.7831699445172188   0.7259315744861762   0.052031603290176226   -0.12336966270630194   -0.0028284950599024947   0.15116843124433524
0.8838582416928862  0.7865520720385845   0.7150986795338465   0.05158104573979684   -0.10832894952329672   -0.0045055755037938785   0.15040713183005222
0.8877252622548717  0.7898478868096172   0.7058207999498922   0.05080968709975776   -0.09277879583954209   -0.007713586400390886   0.15550153683754636
0.8914498404960591  0.792972949724833   0.6980955703618105   0.04861944189186409   -0.07725229588081961   -0.021902452078936575   0.15526499958722478
0.8947068243858105  0.7956714851616852   0.6919016554508707   0.04229661636825213   -0.06193914910939764   -0.06322825523611963   0.15313146771421965
0.897313616833584  0.7978111028749647   0.6872872152107888   0.033724369267249914   -0.046144402400817006   -0.08572247101002217   0.15794746708580626
0.8990993537980064  0.799267665284609   0.6842198051687616   0.023044371458751566   -0.030674100420271983   -0.1067999780849835   0.15470301980545026
0.9  0.8   0.6826907530063709   0.011608090784152328   -0.015290521623907196   -0.11436280674599236   0.15383578796364789
0.9  0.8   0.6826907530063709   0.0   3.8519266502117774e-22   -0.11608090784152328   0.15290521623907197
