0.1  0.1   0.4179958712876846   5.00004439950193e-19   1.7077189777895704e-25   2.0701302252246602e-07   0.0004576777477605809
0.10096387044630364  0.10042394585858992   0.4143702813377395   0.010529844862451824   -0.03625589949945084   0.10529844862451823   -0.36255899499450844
0.10289357603129606  0.10125639911580901   0.40726949721224925   0.02101604641745266   -0.07100784125490286   0.10486201555000835   -0.3475194175545203
0.10577175235292624  0.10246220911324641   0.39673452049496655   0.03120557111849071   -0.10534976717282724   0.10189524701038054   -0.3434192591792436
0.10954851725786474  0.10398235002712754   0.3826581039034189   0.04071213768058531   -0.14076416591547597   0.09506566562094602   -0.35414398742648745
0.11403447534320635  0.1056982827772801   0.3653402042295846   0.048029413015866065   -0.17317899673834367   0.07317275335280751   -0.3241483082286768
0.11889597377725962  0.10744570069964617   0.3450599099708985   0.05166007783550781   -0.20280294258686016   0.03630664819641741   -0.29623945848516503
0.12393277157800804  0.10912727658715587   0.3222227956815628   0.05310087527628631   -0.2283711428933575   0.014407974407785016   -0.2556820030649733
0.12900706044424573  0.11068217952615234   0.2973433342067503   0.053071772768320806   -0.24879461474812492   -0.00029102507965501374   -0.20423471854767436
0.13412467601161632  0.11210414620513376   0.2710206446791997   0.053114949243623144   -0.2632268952755064   0.00043176475302333234   -0.14432280527381483
0.13927405564309284  0.1133856558991071   0.24391184944043778   0.053064468041065495   -0.2710879523876186   -0.0005048120255764603   -0.07861057112112234
0.14426581583482478  0.11448465340579181   0.21670512648503953   0.051113075950737906   -0.2720672295539827   -0.019513920903275923   -0.009792771663640624
0.1489826512046383  0.11539225614962872   0.19009439692534075   0.048033611821873184   -0.26610729559698776   -0.030794641288647166   0.05959933956994924
0.15345570942978484  0.1161359685100611   0.16475769641664922   0.04534463359716461   -0.2533670050869153   -0.026889782247085717   0.12740290510072524
0.15779821598623914  0.11675385944397686   0.14134023454716768   0.04386245820637927   -0.23417461869481523   -0.014821753907853456   0.19192386392100017
0.1621363354152185  0.11727889073922343   0.12044161347305699   0.04369775513808057   -0.2089862107411071   -0.0016470306829869724   0.25188407953708153
0.1665628334358956  0.11773467676416131   0.10260603174087987   0.04449901754824091   -0.1783558173217712   0.008012624101603428   0.3063039341933591
0.17112052293929386  0.11813823615608185   0.0883144117662352   0.045755211497919585   -0.14291619974644662   0.012561939496786712   0.35439617575324556
0.17580882449273774  0.11850456237950933   0.07797779885793961   0.04702591451316424   -0.10336612908295592   0.012707030152446536   0.39550070663490705
0.1806010344521494  0.1188498701241916   0.07193173529474381   0.04804634609793026   -0.060460635631958005   0.010204315847660184   0.4290549345099792
0.18546068174428668  0.1191927093911646   0.07043148675313475   0.04871725625171724   -0.015002485416090661   0.00670910153786978   0.4545815021586735
0.19035091822955444  0.1195535182442295   0.07364802742631449   0.04903528924182339   0.0321654067317974   0.0031803299010615474   0.4716789214788806
0.1952369128872719  0.1199534206382723   0.08166464114475408   0.04902332681489878   0.08016613718439591   -0.0001196242692460884   0.4800073045259851
0.20008370435853007  0.12041268321648245   0.09447392397735356   0.04868501790243504   0.12809282832599483   -0.003383089124637423   0.4792669114159892
0.2048517471527616  0.1209488275286836   0.1119750099035135   0.0479809158011059   0.17501085926159946   -0.007041021013291339   0.4691803093560462
0.2094920436621994  0.12157423929738435   0.13397109420775521   0.04682252831269292   0.21996084304241717   -0.011583874884129814   0.44949983780817715
0.21394348967024732  0.12229337714152329   0.1601676820704726   0.045091607646476885   0.26196587862717396   -0.017309206662160386   0.42005035584756795
0.21813604925653082  0.12310043840021034   0.19017224451082562   0.042695320305404794   0.30004562440353   -0.023962873410720884   0.38079745776356033
0.22200241410948532  0.12397923666186056   0.22349602443518107   0.03964979641920138   0.3332377992435545   -0.030455238862034138   0.33192174840024535
0.22549769240425083  0.12490740391527097   0.2595585293984086   0.036164160170204795   0.36062504963227565   -0.034856362489965875   0.2738725038872111
0.22862345045251123  0.12586642485826724   0.2976948125876536   0.03269569474008793   0.3813628318924501   -0.034684654301168606   0.20737782260174506
0.2314500041533635  0.1268572749354554   0.3371652415421773   0.0299519443430063   0.3947042895452368   -0.027437503970816325   0.13341457652786623
0.2341284956541324  0.12791831078955437   0.37716734323376394   0.02880991808973886   0.4000210169158661   -0.011420262532674448   0.053167273706293594
0.23688083719551384  0.1291370537196286   0.41685214759711386   0.030101027042311313   0.39684804363349907   0.012911089525724553   -0.03172973282367076
0.23995468795574232  0.13064221168954204   0.45534569768461103   0.03422580752962676   0.38493550087497197   0.04124780487315448   -0.11912542758527093
0.24354167168272106  0.13256336012092226   0.49171169392968517   0.04069061753402612   0.3636599624507413   0.06464810004399357   -0.21275538424230647
0.24768105887079142  0.13496143064053756   0.5250821814835014   0.047838549841949185   0.33370487553816175   0.07147932307923066   -0.2995508691257953
0.2521865397312207  0.13775208769499583   0.5545561481461401   0.05299728726952772   0.2947396666263871   0.051587374275785344   -0.3896520891177467
0.25662782727499733  0.1406580577950506   0.5793977530077016   0.05307513284855117   0.2484160486156156   0.0007784557902345252   -0.4632361801077153
0.26100227111707386  0.14364372248522733   0.5989008409257011   0.05296220592993069   0.19503087917999473   -0.001129269186204811   -0.5338516943562086
0.26532943974351825  0.14668491741060624   0.6126120955610644   0.0528897484356173   0.1371125463536339   -0.0007245749431338815   -0.5791833282636082
0.2696296520125436  0.14975606261935331   0.6201825024657932   0.05284293562235137   0.07570406904728678   -0.0004681281326593053   -0.6140847730634712
0.2739240738043456  0.152831948808595   0.6215499664765064   0.05282341751066931   0.013674640107132851   -0.00019518111682062517   -0.6202942894015394
0.27823308364888466  0.15588776803759444   0.6168536524789906   0.05282574845721558   -0.0469631399751581   2.3309465462699068e-05   -0.6063778008229095
0.2825759717925706  0.15889971450883209   0.6063740869711253   0.05285120525982532   -0.10479565507865393   0.0002545680260973987   -0.5783251510349584
0.28696993975324103  0.1618459423586188   0.5906631126989149   0.05290294224544644   -0.15710974272210357   0.0005173698562112411   -0.5231408764344962
0.2914297137366366  0.1647075189225492   0.5704769167885134   0.05298887092041245   -0.20186195910401403   0.0008592867496600866   -0.44752216381910476
0.29596710478294364  0.16746912427404392   0.5467430329574156   0.053117211546263386   -0.23733883831097907   0.0012834062585093337   -0.35476879206965034
0.3001482503868034  0.1698645838153875   0.5202692678115233   0.048187347898473495   -0.26473765145892325   -0.04929863647789888   -0.2739881314794415
0.3035057097808661  0.17166443119932742   0.4920887958264531   0.038094598289327895   -0.2818047198507016   -0.10092749609145603   -0.1706706839177837
0.30616648290629944  0.1729930029046129   0.46310179694404907   0.029740236046662698   -0.2898699888240403   -0.08354362242665196   -0.08065268973338714
0.3085529121610192  0.17409953223325686   0.4341682859958088   0.02630485077496267   -0.2893351094824023   -0.03435385271700027   0.0053487934163798006
0.31109123031646874  0.17519100850648658   0.40609788088899684   0.027630380947984094   -0.2807040510681197   0.013255301730214218   0.08631058414282644
0.3140651979397457  0.17637761367972374   0.3796417169701345   0.032019549124639245   -0.2645616391886234   0.043891681766551484   0.16142411879496277
0.317591629604712  0.17768682256556523   0.3554842187610139   0.037616151045052594   -0.24157498209120645   0.0559660192041335   0.22986657097416952
0.32164746738496586  0.17909526679954824   0.33423483884037486   0.04293429312329853   -0.21249379920639   0.053181420782459396   0.29081182884816464
0.32611856938421  0.18055920258999403   0.31642067684798403   0.04704663759100331   -0.17814161992390817   0.041123444677047774   0.3435217928248183
0.33085780793703645  0.18203811364706646   0.30248094034520967   0.049646309002106294   -0.13939736502774383   0.02599671411102984   0.38744254896164343
0.33572730970035347  0.18350590482483503   0.2927639235052806   0.05085907821075985   -0.09717016839929075   0.012127692086535528   0.4222719662845306
0.3406156647648366  0.18495149517037227   0.28752670434645106   0.05097621669324569   -0.052372191588295376   0.0011713848248584007   0.4479797681099538
0.34544062771581074  0.18637524702290337   0.28693728360144805   0.050306398018401574   -0.005894207450030141   -0.006698186748441108   0.4647798413826524
0.35013666630584445  0.18778212285644977   0.29107857934826964   0.04902252344596486   0.041412957468215744   -0.012838745724367152   0.47307164918245886
0.35465148940505686  0.18917849207845222   0.2999536620624249   0.04725830574760107   0.0887508271415527   -0.01764217698363788   0.4733786967333697
0.3589555844977806  0.19057212068822468   0.3131382966851876   0.0452409496686178   0.13184634622762706   -0.020173560789832724   0.4309551908607436
0.3630381220920189  0.19197233937234204   0.3304050801595678   0.04315984890117216   0.17266783474380226   -0.020811007674456445   0.4082148851617521
0.3669034420175753  0.19339034802019558   0.3516100466288792   0.04117213457217231   0.2120496646931134   -0.01987714328999845   0.3938182994931112
0.3705895577242867  0.19484722355815062   0.3763903786634669   0.03963576079294521   0.24780332034587763   -0.015363737792271018   0.3575365565276422
0.37416866435586904  0.1963816759837979   0.40502150511155793   0.038941685283011576   0.28631126448090993   -0.006940755099336341   0.38507944135032324
0.3776743346670379  0.19801811007287587   0.43673364244692026   0.03868803543539955   0.31712137335362345   -0.0025364984761202013   0.3081010887271352
0.38116280866898383  0.1997953904112996   0.4711965804151284   0.039151214877190574   0.3446293796820816   0.004631794417910199   0.27508006328458184
0.38465626683866455  0.20173975431727095   0.5078755212041994   0.03998099671362956   0.36678940789071024   0.008297818364389876   0.22160028208628627
0.38817589533068153  0.20388385854438582   0.5471456825651988   0.04121282283288658   0.3927016136099933   0.012318261192570198   0.2591220571928302
0.39173779528399144  0.20625905109947412   0.5881177725561826   0.042811997093263054   0.4097208999098382   0.01599174260376472   0.17019286299844896
0.39534403941996893  0.20889075879158683   0.6304238822327661   0.04464401655876893   0.42306109676583536   0.018320194655058783   0.13340196855997163
0.3989647625589162  0.21177934341027682   0.6733932620045272   0.046317984788028004   0.42969379771761085   0.016739682292590704   0.06632700951775494
0.40256701967592623  0.2149194009249293   0.7169531791278779   0.04778725513395126   0.43559917123350683   0.014692703459232603   0.05905373515896
0.4061129685704603  0.2182922985671662   0.7603918015464706   0.048938933445318765   0.43438622418592715   0.011516783113675011   -0.01212947047579664
0.409564075324712  0.2218717462616985   0.8036508756360164   0.049721809728863545   0.43259074089545835   0.007828762835447822   -0.017954832904688047
0.4128957997529801  0.22563402216452205   0.8460161456054123   0.05025446013527885   0.423652699693958   0.005326504064153046   -0.08938041201500324
0.4161038195470535  0.2295738553708549   0.8874249379937784   0.05080716159449198   0.4140879238836613   0.005527014592131275   -0.09564775810296759
0.41919071305300376  0.23368889980485863   0.9272003253050987   0.0514417167393361   0.3977538731132023   0.006345551448441166   -0.16334050770458963
0.4221545154006905  0.23796999004433644   0.9652562987218225   0.05206904838260748   0.3805597341672383   0.006273316432713871   -0.17194138945963994
0.4249879638394987  0.24239248252287277   1.000993510695026   0.05252320418452495   0.3573721197320351   0.004541558019174629   -0.2318761443520322
0.42768421072656443  0.2469263087399993   1.0342861868497575   0.052749717954802926   0.33292676154731626   0.0022651377027797827   -0.24445358184718852
0.43023927594921363  0.2515358623259828   1.064659482037563   0.05270326607909776   0.30373295187805327   -0.00046451875705162985   -0.29193809669262977
0.4326583213451236  0.25619547305029405   1.0919449132294603   0.05250119306224103   0.27285431191897347   -0.0020207301685672644   -0.30878639959079796
0.4349547089371014  0.26088977639517286   1.1158372634382374   0.05225885558096965   0.23892350208777238   -0.002423374812713852   -0.3393080983120112
0.4371498803029913  0.26561789553276516   1.1361307756014094   0.05212857940217258   0.20293512163171834   -0.0013027617879706385   -0.35988380456054025
0.4392689451591875  0.2703875722752301   1.152710573094728   0.052192194907259404   0.16579797493318785   0.000636155050868171   -0.3713714669853048
0.4413354287710193  0.2752023315347155   1.1653755670951762   0.05239490552025678   0.12664994000448024   0.0020271061299738133   -0.3914803492870762
0.4433674450385424  0.2800538357674583   1.1741526571994014   0.052598653435041484   0.08777090104225184   0.002037479147847036   -0.38879038962228396
0.44538018320700434  0.2849243827498675   1.1789226728735795   0.052700420152627506   0.04770015674178275   0.0010176671758601625   -0.40070744300469097
0.44738832079969  0.2897954094993951   1.1797644436420027   0.05268730225183948   0.008417707684231475   -0.00013117900788020822   -0.3928244905755127
0.4494066985598261  0.2946483845242032   1.1766541689113998   0.05255969498962086   -0.03110274730602806   -0.00127607262218617   -0.3952045499025954
0.4514512001097803  0.2994691751383136   1.16968748706966   0.05236411818493254   -0.06966681841739948   -0.0019557680468831914   -0.38564071111371423
0.45354024609158644  0.304250857369071   1.1589020684544404   0.05218102918689632   -0.1078541861521962   -0.0018308899803622673   -0.38187367734796723
0.45569345944930484  0.3089908969394587   1.144404912876894   0.05206179298938341   -0.14497155577546217   -0.0011923619751290902   -0.3711736962326597
0.45792984787153684  0.313686001608134   1.1262687334463184   0.05200523149155814   -0.1813617943057579   -0.0005656149782526751   -0.3639023853029574
0.4602656597874063  0.31832815280279597   1.1046123766695592   0.05196689813757924   -0.21656356776759172   -0.00038333353978906335   -0.3520177346183381
0.4627136329732387  0.32290376100833756   1.079538447403869   0.05189293128083067   -0.25073929265690154   -0.0007396685674856896   -0.3417572488930979
0.46528191180570094  0.3273933856525235   1.0511837132395354   0.051723095041723316   -0.28354734164333545   -0.0016983623910734754   -0.32808048986433963
0.46797477253632364  0.3317746409253866   1.0196872438257576   0.05142654633602818   -0.31496469413777806   -0.002965487056951414   -0.3141735249444261
0.4707921255494324  0.3360228950476696   0.985212134798676   0.05097562269159998   -0.3447510902708167   -0.004509236444282012   -0.2978639613303861
0.47372930315175144  0.3401179614981636   0.9485881740365897   0.050395021084946964   -0.36623960762086344   -0.005806016066530142   -0.2148851735004674
0.4767755305490041  0.3440312320380221   0.9093436857869032   0.0495915191074984   -0.3924448824968655   -0.008035019774485652   -0.2620527487600207
0.47991473951913255  0.3477347317033315   0.8676779652232073   0.04854950332297761   -0.4166572056369585   -0.010420157845207893   -0.24212323140093042
0.4831227883097863  0.3511991193584394   0.8237968603304989   0.04721605539228757   -0.43881104892708345   -0.01333447930690037   -0.22153843290124905
0.4863884330161155  0.3544196810999839   0.7784476848340387   0.04586551349224534   -0.4534917549646018   -0.013505419000422332   -0.14680706037518385
0.4897192875543964  0.3574085764054069   0.731341263794954   0.044752750867364674   -0.4710642103908476   -0.011127626248806621   -0.1757245542624577
0.49313901616764966  0.36018934914698814   0.6827115541838394   0.044076343800979766   -0.48629709611114563   -0.006764070663849113   -0.15232885720298026
0.4966695819372054  0.36277879631116133   0.6328161708881965   0.04378370846468008   -0.4989538329564295   -0.002926353362996883   -0.12656736845283845
0.5003429545747364  0.365197580940509   0.5823025031958553   0.04398202543918171   -0.5051366769234117   0.0019831697450163463   -0.06182843966982249
0.5041877878716736  0.36745558934474337   0.5310168976347779   0.04458850192014476   -0.5128560556107741   0.006064764809630503   -0.07719378687362359
0.5082223737985265  0.3695538334970583   0.47956991369843005   0.045475831079686405   -0.5144698393634781   0.00887329159541646   -0.016137837527040684
0.5124315581802269  0.37147505130216457   0.4281921217506272   0.04626911606439636   -0.5137779194780288   0.007932849847099575   0.006919198854493858
0.5167948456542486  0.3732032158582541   0.37711332401293407   0.04693061933735406   -0.510787977376931   0.006615032729576991   0.02989942101097666
0.5212934649238874  0.374726832072352   0.32655956539745723   0.047496296383008785   -0.5055375861547687   0.0056567704565472126   0.052503912221623636
0.5259180646921929  0.376040402814735   0.27675093560536324   0.04807534826941389   -0.4980862979209396   0.005790518864051079   0.07451288233829109
0.5306705483865203  0.3771426421692124   0.22789980965463452   0.04878630223680133   -0.48851125950728747   0.007109539673874383   0.09575038413652157
0.5355574154192272  0.37803295956092065   0.1802092542837552   0.04967306559226406   -0.476905553708793   0.008867633554627252   0.1160570579849444
0.540575835194603  0.3787088251467525   0.13387146941502212   0.05063727019892853   -0.46337784868733073   0.009642046066644741   0.13527705021462286
0.5456986235655731  0.379166303372007   0.08906631627999378   0.051431747997056944   -0.44805153135028347   0.007944777981284151   0.15326317337047282
0.550883627249934  0.3794047748160337   0.04596014282562007   0.05190484740026839   -0.4310617345437372   0.004730994032114445   0.1698979680654625
0.5560645753167934  0.3794291522162709   0.004705165935935894   0.05181005416821662   -0.4125497688968417   -0.0009479323205176455   0.185119656468955
0.5611812240872037  0.3792522480365485   -0.03456046116684942   0.05119706019738211   -0.3926562710278531   -0.006129939708345142   0.19893497868988624
0.5661882360819734  0.3788925686796147   -0.07171194776851648   0.05019914178108071   -0.3715148660166707   -0.00997918416301401   0.21141405011182363
0.5710518767079232  0.37837195125578243   -0.10663669169575687   0.04891425420098582   -0.34924743927240387   -0.012848875800948848   0.22267426744266836
0.5757378325790942  0.377715263886733   -0.13923272712412635   0.04731746054812091   -0.32596035428369474   -0.015967936528649196   0.23287084988709164
0.5802022421059959  0.37695164351991234   -0.1694068129726725   0.04529245907269032   -0.3017408584854614   -0.020250014754305865   0.2421949579823335
0.5843954926223492  0.3761144034301945   -0.1970722140536529   0.0427601693877927   -0.2766540108098042   -0.025322896848976203   0.2508684767565721
0.5882816929122687  0.37523661109717055   -0.2221463506696137   0.03984102417519589   -0.25074136615960796   -0.029191452125968086   0.2591264465019621
0.5918692031822714  0.3743413724840289   -0.24454864037590177   0.03697523781104565   -0.2240228970628807   -0.02865786364150241   0.2671846909672725
0.5952411608975123  0.3734291325898139   -0.2642124368768178   0.034931762706695964   -0.19663796500915995   -0.02043475104349685   0.27384932053720756
0.5985720033810912  0.3724673527828304   -0.28110374057519616   0.034669196771103236   -0.16891303698378402   -0.0026256593559272705   0.27724928025375944
0.6021130662376163  0.37139089493467375   -0.29511593716069967   0.03701065745527799   -0.14012196585503534   0.02341460684174756   0.2879107112874868
0.6061259971203349  0.3701226791478004   -0.3060996651345666   0.0420856098346573   -0.10983727973866889   0.05074952379379303   0.30284686116366444
0.6107487804048711  0.3686214371567441   -0.31400441960846814   0.04860437512353909   -0.07904754473901561   0.06518765288881788   0.30789734999653273
0.6157590405319042  0.36696796608149074   -0.3187629014640971   0.05276047112871034   -0.04758481855628928   0.04156096005171252   0.3146272618272633
0.6207581699195155  0.36530934402856774   -0.32035386855839865   0.052670980386280215   -0.01590967094301558   -0.0008949074243012205   0.316751476132737
0.6257548950530539  0.3636601739751095   -0.3187928160862896   0.05261846056789966   0.015610524721090124   -0.0005251981838055461   0.31520195664105705
0.6307581728776865  0.3620346388639297   -0.31413605267264205   0.05260717953676809   0.04656763413647548   -0.00011281031131566416   0.30957109415385353
0.6357758198830633  0.3604468014003236   -0.3064799430842971   0.05262889822273979   0.07656109588344982   0.00021718685971697474   0.2999346174697435
0.6408152334731491  0.35891024493852414   -0.2959532503155637   0.05268462308134706   0.1052669276873342   0.0005572485860727119   0.2870583180388437
0.6458825091126495  0.3574382805197024   -0.2827041672184873   0.052767377855025874   0.13249083097076364   0.0008275477367881009   0.2722390328342944
0.6505205054782117  0.3561702158796536   -0.2668854051353943   0.04808221939377177   0.15818762083092963   -0.046851584612541054   0.25696789860166
0.6546983354576001  0.35510948535416115   -0.24864125859890032   0.04310384273401419   0.18244146536494027   -0.04978376659757576   0.2425384453401065
0.6586458065669978  0.35419312234296413   -0.2280992124210062   0.04052437455139525   0.20542046177894122   -0.0257946818261894   0.22978996414000943
0.6626279750576248  0.3533636253994278   -0.20536614908835105   0.0406764441256585   0.22733063332655143   0.0015206957426324526   0.21910171547610213
0.6668229321262037  0.35259798307843493   -0.1805278750521347   0.04264255265684007   0.24838274036216362   0.019661085311815707   0.21052107035612194
0.6712953264444738  0.3519053363186114   -0.15365088738106192   0.04525712150809632   0.2687698767107276   0.026145688512562534   0.20387136348563967
0.6760255802416432  0.3513119851383714   -0.12478573420852197   0.04767322792587755   0.2886515317253995   0.02416106417781227   0.1988165501467189
0.6809552622341597  0.3508473667803911   -0.09397156342203872   0.04951528528233685   0.3081417078648325   0.01842057356459298   0.1949017613943303
0.6860219925364459  0.3505366840264386   -0.061241516836563266   0.05076246618290563   0.32730046585475464   0.012471809005687838   0.19158757989922118
0.691174837256673  0.35039943857625266   -0.026628593844337543   0.05154672154886899   0.3461292299222572   0.007842553659633626   0.18828764067502557
0.6963743804698785  0.3504505436857172   0.009828452579843102   0.051997943572995434   0.36457046424180645   0.004512220241264413   0.18441234319549243
0.7015852221507191  0.35070127235751414   0.048079649730188204   0.052168703155860974   0.38251197150345106   0.001707595828655384   0.17941507261644601
0.7067719946020729  0.3511591994677241   0.08805916389230564   0.052069478296201885   0.39979514162117435   -0.0009922485965908599   0.1728317011772333
0.7119010189091638  0.35182809397094145   0.12968170478976898   0.051724568822912216   0.4162254089746333   -0.0034490947328967166   0.16430267353458936
0.7169356142803813  0.3527070431607718   0.1728399546005679   0.05110743804006015   0.4315824981079891   -0.006171307828520624   0.15357089133355817
0.7218405968856489  0.3537905238221651   0.21740276272280876   0.05023224532269034   0.4456280812224087   -0.008751927173698121   0.140455831144196
0.7265857049227237  0.3550691678767371   0.2632138099078554   0.04914364750585984   0.4581104718504668   -0.010885978168305013   0.12482390628058083
0.731147611860174  0.35653092777991385   0.3100905809070582   0.04790379621751351   0.4687677099920277   -0.012398512883463267   0.10657238141560935
0.7355129319591208  0.3581632093443111   0.35782370055790713   0.046605109882650035   0.4773311965084891   -0.012986863348634777   0.08563486516461366
0.7396833991411458  0.35995689970843847   0.4061768715834158   0.04539837181960249   0.4835317102550866   -0.012067380630475423   0.062005137465975274
0.7436814441674896  0.36191233403139156   0.4548877298638017   0.04450627756177114   0.48710858280385944   -0.008920942578313506   0.03576872548772796
0.7475505885410711  0.364045052948377   0.5037732744091032   0.04418004998014739   0.48885544545301507   -0.0032622758162374524   0.017468626491556588
0.7513477287922055  0.36638654992050224   0.552570450535982   0.044610404792216424   0.487971761268787   0.004303548120690293   -0.008836841842280764
0.7551273773325093  0.36897758976752504   0.6009443258937849   0.04582491743263665   0.4837387535780293   0.012145126404202265   -0.04233007690757708
0.7589214958586361  0.37185344471773407   0.6485869338748309   0.04760869362305451   0.47642607981046076   0.017837761904178615   -0.07312673767568541
0.762723961121269  0.37502494717835466   0.6951698111071042   0.04951481589509303   0.4658287723227329   0.01906122272038522   -0.10597307487727871
0.7664864735112528  0.3784631108082303   0.7403843813432387   0.05096809652182399   0.4521457023613442   0.014532806267309552   -0.13683069961388686
0.7701605843371675  0.3821265556127368   0.7839445439043984   0.05188440825215928   0.4356016256115977   0.009163117303352886   -0.16544076749746522
0.7737207313355106  0.38598500127060753   0.8255861161314882   0.05249976147045926   0.41641572227089796   0.006153532182999823   -0.19185903340699748
0.7771562974518904  0.39001697429549426   0.8650955889745116   0.052971615997088474   0.3950947284302331   0.004718545266292134   -0.21320993840664862
0.7804494132391809  0.3941863390489682   0.9022835379819236   0.05313023059992468   0.3718794900741214   0.0015861460283620832   -0.23215238356111673
0.7835952077996325  0.39846690630753195   0.9370286046735381   0.053121821760603254   0.3474506669161443   -8.408839321426178e-05   -0.2442882315797711
0.7866022177116225  0.4028475234907222   0.9692323749794941   0.05313371388908098   0.32203770305956025   0.00011892128477724166   -0.25412963856584053
0.7894755898833932  0.4073114644813512   0.9988732414297277   0.05308769801500352   0.2964086645023352   -0.00046015874077456035   -0.2562903855722503
0.7922224433765885  0.4118439230966314   1.0259471150574306   0.0529984765934902   0.27073873627703093   -0.0008922142151332928   -0.25669928225304284
0.79485247598614  0.41643450902594253   1.050527591713237   0.05290609672021949   0.24580476655806413   -0.0009237987327070462   -0.24933969718966795
0.7973772219346299  0.4210769700603264   1.0726964532313474   0.0528458007415811   0.22168861518110336   -0.0006029597863839114   -0.2411615137696077
0.7998082288540311  0.42576721254659516   1.0926070116089681   0.052828183029682486   0.19910558377620677   -0.00017617711898611812   -0.22583031404896597
0.8021561875101691  0.43050165604704016   1.1104089830785446   0.052846821200370944   0.17801971469576397   0.00018638170688460573   -0.21085869080442796
0.8044301676995804  0.4352762140192409   1.1263120445648216   0.05288420343707611   0.15903061486277098   0.00037382236705165025   -0.1898909983299298
0.80663783417329  0.44008628415872114   1.1405099947630737   0.05292500921668366   0.14197950198252   0.00040805779607546404   -0.17051112880251013
0.8087854653263815  0.4449271876422977   1.153241752803014   0.05295910319013457   0.12731758039940363   0.00034093973450908226   -0.14661921583116352
0.8108783627430837  0.4497946707491658   1.1647191303295414   0.052983593113797633   0.1147737752652737   0.00024489923663066225   -0.12543805134129926
0.8129205446220933  0.45468457745907725   1.1751828938634186   0.05299216400430533   0.10463763533877066   8.570890507696532e-05   -0.10136139926503038
0.8149146634750374  0.45959210224548186   1.1848372432113912   0.052971982716189504   0.09654349347972613   -0.00020181288115828444   -0.0809414185904454
0.8168616492856868  0.4645109798564071   1.1938993439492114   0.052901900436686466   0.09062100737820374   -0.0007008227950303799   -0.05922486101522381
0.8187613886545964  0.4694344210719318   1.2025421939424323   0.05277241994878737   0.08642849993220998   -0.001294804878990917   -0.04192507445993766
0.8206140236347418  0.4743584722776142   1.21093720574791   0.05261039502402483   0.08395011805477562   -0.0016202492476254148   -0.02478381877434352
0.8224222367154311  0.4792877407812622   1.2192058624462943   0.05250459268124171   0.08268656698384162   -0.001058023427831208   -0.012635510709339997
0.8241918698092437  0.48423777059409434   1.2274561394553225   0.05256842820043425   0.08250277009028349   0.000638355191925424   -0.0018379689355813285
0.8259295382973194  0.48922846792804137   1.2357424688739633   0.05284557848440604   0.08286329418640848   0.002771502839717859   0.0036052409612498284
0.8276363272258671  0.49426561734818913   1.2440977694998219   0.053184586796839475   0.083553006258585   0.0033900831243344033   0.006897120721765246
0.8293045560972088  0.4993285607807597   1.252501688763751   0.05330701995852401   0.08403919263929113   0.0012243316168453057   0.004861863807061309
0.8309301930314767  0.5044054870997058   1.2609110544911644   0.05330841986971687   0.08409365727413477   1.3999111928652618e-05   0.0005446463484363914
0.8325130388790188  0.5094943018074519   1.2692383690086504   0.05329299776410702   0.08327314517485995   -0.0001542210560985295   -0.008205120992748189
0.8340554862207402  0.51459945711292   1.2773817463131685   0.05333081144603647   0.08143377304518018   0.0003781368192945088   -0.01839372129679768
0.8355575531321069  0.5197153658918764   1.285214889629765   0.053318596794009646   0.07833143316596572   -0.00012214652026825969   -0.031023398792144677
0.8370146537852736  0.524814293182742   1.2924487488817422   0.05303037038432477   0.07233859251977204   -0.0028822640968487606   -0.05992840646193675
0.8384297744040327  0.529891446875895   1.2989719747725317   0.05270678892659646   0.0652322589078941   -0.00323581457728316   -0.07106333611877941
0.8398129797590638  0.5349659895541568   1.3046838338730804   0.05259680641225336   0.057118591005487516   -0.0010998251434309418   -0.08113667902406585
0.8411747107059555  0.5400583175361601   1.3095016340561045   0.05271253688451177   0.04817800183024034   0.001157304722584103   -0.08940589175247174
0.842522094112612  0.5451761620402451   1.3133662198686578   0.0529223718407614   0.03864585812553247   0.002098349562496339   -0.09532143704707868
0.8438590304316509  0.5503143802413061   1.3162460554742272   0.0530930174343773   0.028798356055694984   0.0017064559361589483   -0.0984750206983749
0.8451881297411842  0.555462472559889   1.3181401847613436   0.05316893782580632   0.01894129287116567   0.000759203914290178   -0.09857063184529313
0.8465120176302751  0.5606103670154213   1.3190801903010994   0.0531540181624794   0.009400055397556135   -0.0001491966332691488   -0.09541237473609537
0.8478329969850885  0.5657480377628172   1.319131180949263   0.0530477588258729   0.0005099064816354688   -0.001062593366065028   -0.08890148915920665
0.8491526177753791  0.5708647348653675   1.318391791727589   0.052841260648665775   -0.007393892216740411   -0.0020649817720712403   -0.07903798698375879
0.850473172705881  0.5759555988885909   1.316993155531464   0.05259349943425606   -0.013986361961248675   -0.002477612144097149   -0.06592469744508264
0.8518007786461326  0.5810340012113553   1.3150967985730366   0.05249067315670158   -0.01896356958427467   -0.001028262775544822   -0.04977207623025996
0.8531455003438221  0.586133234397285   1.312955800522692   0.05273561939402061   -0.021409980503445364   0.0024494623731903826   -0.024464109191706936
0.8545150862071258  0.5912811729660975   1.3107739570011185   0.05327010131885787   -0.02181843521573498   0.00534481924837253   -0.004084547122896129
0.8558982236428505  0.5964386985419969   1.3087830110723455   0.0533976958605362   -0.019909459287730902   0.0012759454167833193   0.019089759280040745
0.8572875112864387  0.6015869267206319   1.3072173766362483   0.05332389102072464   -0.015656344360972047   -0.0007380483981156076   0.04253114926758855
0.858680249347592  0.6067296789645215   1.306324370394933   0.05328003373591153   -0.008930062413151899   -0.00043857284813111956   0.0672628194782015
0.8600723010440007  0.6118699661442915   1.306327775457779   0.05325444602656599   3.4050628459226934e-05   -0.00025587709345537365   0.08964113041611126
0.8614582323527727  0.6170104312970347   1.307446124779423   0.05324019870284366   0.011183493216440672   -0.00014247323722327263   0.11149442587981445
0.8628317153666958  0.6221535178977052   1.309832140259007   0.05323325593227642   0.02386015479583847   -6.94277056724293e-05   0.12676661579397797
0.8641857291876148  0.6273015187387266   1.3136040072483395   0.053230880216633865   0.03771866989332523   -2.3757156425547133e-05   0.1385851509748676
0.8655131620370173  0.6324565248056484   1.318767973734336   0.05323172505156237   0.051639664859967335   8.448349285081828e-06   0.13920994966642103
0.8668071024663151  0.6376204093713592   1.3252765505738306   0.053235313131920356   0.06508576839494537   3.588080357982408e-05   0.13446103534978038
0.8680614861396938  0.6427947223834248   1.3329595302220303   0.05324189473229588   0.07682979648199587   6.581600375523622e-05   0.1174402808705049
0.8692712897115221  0.6479807136256591   1.3416121327362305   0.0532523519169965   0.08652602514200305   0.0001045718470062339   0.09696228660007195
0.8704330104687475  0.6531793259131873   1.3509410424320836   0.053268344102087986   0.0932890969585308   0.00015992185091484392   0.06763071816527744
0.8715446804593084  0.6583913946168958   1.360657415987072   0.05329302988202784   0.09716373554988296   0.00024685779939847375   0.03874638591352156
0.8726060110002061  0.6636181283054956   1.370462035971812   0.05333401125788592   0.09804619984740036   0.0004098137585808568   0.008824642975174022
0.873617915712642  0.6688584469926452   1.3800442518883564   0.053371238593379805   0.09582215916544472   0.00037227335493883636   -0.022240406819556455
0.8745798960780786  0.6740946967518777   1.3891068154679396   0.05323881832321696   0.0906256357958312   -0.0013242027016284238   -0.05196523369613514
0.8754948536899554  0.6793176679940186   1.3973764769797246   0.05302506579697781   0.08269661511785045   -0.0021375252623915043   -0.07929020677980744
0.8763707200307441  0.6845394865772473   1.4046112386660434   0.05294764504966541   0.0723476168631874   -0.0007742074731239809   -0.1034899825466306
0.8772161173314048  0.6897716947930095   1.4106051497522134   0.05300065981573267   0.059939110861701624   0.00053014766067253   -0.12408506001485767
0.8780386180911434  0.6950147889929847   1.415191333227219   0.05307216246730522   0.04586183475005422   0.0007150265157255454   -0.1407727611164741
0.8788449704883247  0.7002594572214288   1.4182437882744277   0.053062933404464115   0.03052455047208797   -9.229062841104812e-05   -0.15337284277966248
0.8796452192886056  0.7055146091992799   1.4196783676481717   0.05315733293971537   0.014345793737440802   0.0009439953525125566   -0.16178756734647165
0.8804465666327637  0.7107690249153162   1.4194531888865929   0.05315170936375796   -0.0022517876157888655   -5.6235759574121516e-05   -0.16597581353229668
0.8812575273933532  0.716020062083846   1.4175686867163166   0.0531328981897967   -0.018845021702762994   -0.00018811173961259933   -0.16593234086974126
0.8820874132952476  0.7212716728132336   1.4140673361481844   0.05316777770713703   -0.03501350568132281   0.00034879517340331286   -0.16168483978559814
0.8829452422767444  0.7265283261568797   1.4090330400001865   0.05326187655043315   -0.0503429614799775   0.0009409884329611723   -0.1532945579865469
0.8838381338714711  0.7317864798184942   1.402590002884897   0.05333426227956879   -0.06443037115289682   0.0007238572913564684   -0.14087409672919318
0.8847716156584147  0.7370386551654887   1.3949006786592906   0.05334485366191029   -0.07689324225606402   0.00010591382341492461   -0.12462871103167207
0.8857507896947306  0.7422815763730811   1.386162221390008   0.05333573340865574   -0.08738457269282571   -9.120253254548883e-05   -0.10491330436761677
0.88677992892885  0.747514296133056   1.3766010071031582   0.05332961995890173   -0.09561214286849741   -6.113449754008896e-05   -0.08227570175671707
0.887861964134773  0.752735892334818   1.3664652505371884   0.05332529144888561   -0.10135756565969843   -4.32851001611536e-05   -0.057454227912010186
0.8889980057126928  0.757943631322719   1.3560161897822083   0.05330209736289992   -0.10449060754980043   -0.00023194085985697436   -0.03133041890101994
0.8901868374437654  0.7631333930607817   1.3456090109788654   0.05324185175464635   -0.10407178803342833   -0.0006024560825356341   0.004188195163720944
0.8914273481050649  0.768307422089986   1.3354809445195819   0.05320661903919632   -0.10128066459283558   -0.0003523271545002755   0.02791123440592747
0.892718070458673  0.7734723244155152   1.3259093666600512   0.053237374302583754   -0.09571577859530579   0.0003075526338742876   0.055648859975297886
0.8940548821443911  0.7786278489033202   1.3170869303685746   0.053260208624640586   -0.08822436291476815   0.00022834322056829756   0.07491415680537646
0.8954296564711526  0.7837639616948427   1.3092590795233885   0.05316921953229884   -0.07827850845185924   -0.0009098909234174281   0.09945854462908912
0.8968211161346253  0.7888257588716103   1.3025283003215533   0.05249566711051383   -0.06730779201835355   -0.006735524217850113   0.10970716433505695
0.8980656003841044  0.7932586088453379   1.2971003101099472   0.04604226312504419   -0.05427990211606129   -0.06453403985469643   0.13027889902292247
0.8990257597450937  0.7966247042385096   1.2929312816356513   0.035003577237785195   -0.04169028474295707   -0.11038685887258994   0.12589617373104217
0.8996740337715374  0.7988741907325897   1.2902115515905987   0.02341035817838928   -0.02719730045052696   -0.11593219059395915   0.14492984292430114
0.9  0.8   1.2889637530351512   0.011720496954839241   -0.012477985554474456   -0.1168986122355004   0.14719314896052504
0.9  0.8   1.2889637530351512   5.000504022414171e-19   7.877786928742561e-26   -0.11720496954839241   0.12477985554474456
