0.1  0.1   0.34555364660561677   8.024258350497288e-28   6.902917055706046e-21   -6.02851196811639e-09   0.002083397222049257
0.10081896067513388  0.10029236245954681   0.34289019655593483   0.008695817357603537   -0.02663450049681933   0.08695817357603537   -0.2663450049681933
0.1024953237562261  0.10088074972276623   0.3375568178075092   0.01776623975738226   -0.053333787484256566   0.09070422399778724   -0.26699286987437226
0.10502899578065356  0.10174737912620403   0.32957030032393864   0.026777864833233755   -0.07986517483570557   0.09011625075851491   -0.2653138735144901
0.1084062747597722  0.10286287071986294   0.31901175993390546   0.0355673091452256   -0.10558540390033205   0.08789444311991841   -0.2572022906462649
0.11258720022276135  0.1041837999981375   0.30601741389079457   0.04384631328318709   -0.1299434604311082   0.08279004137961496   -0.24358056530776134
0.11743202482076959  0.10563369833221764   0.29078460069160944   0.05057126710359737   -0.15232813199185213   0.0672495382041028   -0.22384671560743952
0.12260501837772274  0.10708574209147646   0.27365491157937416   0.05372922242046762   -0.17129689112235233   0.031579553168702555   -0.1896875913050019
0.1278063960967506  0.10844183172878756   0.25503990874930815   0.05375249694704496   -0.18615002830066024   0.00023274526577332023   -0.14853137178307896
0.13303247589090444  0.10969554886066471   0.23544691278595103   0.053743573254506294   -0.19592995963357093   -8.923692538664039e-05   -0.09779931332910692
0.13828319614157228  0.110844665096451   0.21545242388562377   0.05374991281306347   -0.19994488900327279   6.339558557172524e-05   -0.04014929369701869
0.14355358285396436  0.11188930025593806   0.19567231966173462   0.05372917151286989   -0.1978010422388912   -0.00020741300193574276   0.02143846764381574
0.14884124600548562  0.11283364007544167   0.17672979641996955   0.053713275173511134   -0.1894252324176508   -0.00015896339358762056   0.08375809821240428
0.15385138446746985  0.1136382468438769   0.1592360534818937   0.05074335371264246   -0.17493742938075862   -0.02969921460868676   0.14487803036892158
0.1584284031846853  0.11430056422492317   0.14370746020938943   0.04624690762740138   -0.15528593272504265   -0.04496446085241079   0.19651496655715978
0.1627122826076529  0.11486357071785955   0.13067552403068664   0.043207174429268094   -0.13031936178702772   -0.0303973319813328   0.24966570938014954
0.16693154774181165  0.11537470765930918   0.12055613284852444   0.04250112850882883   -0.1011939118216222   -0.007060459204392618   0.291254499654055
0.17126636115261362  0.11586974082865514   0.11370682279397618   0.04362988098221043   -0.06849310054548265   0.011287524733815937   0.32700811276139574
0.17579679829104  0.11637201086442982   0.11041478570031556   0.04558194363349076   -0.03292037093660628   0.019520626512803303   0.35572729608876347
0.18051096338414188  0.11689693224213693   0.11089300088466798   0.04743300009254199   0.004782151843524549   0.018510564590512264   0.3770252278013083
0.185340328779206  0.11745613201475207   0.11527818871248749   0.0486163290518031   0.043851878278194804   0.011833289592611143   0.3906972643467025
0.19019484738526696  0.11805936849623014   0.12362915287870581   0.048918549803908466   0.0835096416621835   0.0030222075210536697   0.3965776338398869
0.19498385190655784  0.11871435368272823   0.13592521046664666   0.048335876840576025   0.12296057587940812   -0.005826729633324427   0.39450934217224637
0.1996226168449724  0.11942523997589262   0.15206597248585388   0.04692920143755945   0.1614076201920723   -0.014066754030165714   0.3844704431266418
0.20403499595875754  0.12019115137624797   0.1718698698036396   0.04478360159361901   0.19803897317785754   -0.021455998439404433   0.3663135298578526
0.20815896248938703  0.12100600030894089   0.19507587165163695   0.042036982204794474   0.23206001847997307   -0.027466193888245297   0.34021045302115505
0.21195827462851852  0.1218609662052192   0.22134467147870926   0.03894321431822238   0.2626879982707232   -0.030937678865720953   0.30627979790750126
0.21544096098105928  0.12275121525215274   0.25026232387225145   0.03594669330514236   0.289176523935422   -0.029965210130800314   0.2648852566469874
0.21868156503449598  0.12368777911068908   0.2813430921893584   0.033732279039915956   0.3108076831710692   -0.022144142652263936   0.2163115923564721
0.22183847003050206  0.12471317524389713   0.3140605629109233   0.033192599150725   0.32717470721564956   -0.005396798891909542   0.16367024044580492
0.22515073932846144  0.12591386819085024   0.3477657407600399   0.03523179168743675   0.3370517784911658   0.02039192536711751   0.09877071275516155
0.2288887378158615  0.12741483453387428   0.3818356608560596   0.040280929302462354   0.3406992009601965   0.050491376150256013   0.036474224690307616
0.2332338484995272  0.12933203928759165   0.4155391313833058   0.047492800423842615   0.3370347052724626   0.07211871121380252   -0.03664495687733973
0.2380778061122622  0.1316609453883496   0.4481584443020556   0.05374730596051535   0.3261931291874973   0.06254505536672739   -0.10841576084965292
0.24284842722913824  0.13413783566457604   0.47888668685837144   0.053752963900851325   0.3072824255631587   5.6579403359759264e-05   -0.18910703624338565
0.24754781729981262  0.13674791837356648   0.50698637175259   0.053755742748231576   0.2809968489421858   2.778847380258299e-05   -0.26285576620972934
0.25218150926709537  0.1394732776539937   0.5316692515904893   0.05375749664473817   0.2468287983789933   1.753896506580731e-05   -0.3416805056319248
0.2567581218571129  0.14229354688010268   0.5522716090659857   0.0537580703772619   0.206023574754963   5.737325237365501e-06   -0.408052236240303
0.26128933217965156  0.14518619901709912   0.5681659200636059   0.053758072298748544   0.1589431099762026   1.9214866437773402e-08   -0.47080464778760434
0.26578916107128975  0.14812738263775344   0.5789166783342551   0.053757809799557424   0.10750758270649267   -2.624991911241418e-06   -0.5143552726970988
0.27027335958597226  0.15109234222577392   0.5842096017723536   0.05375781029553126   0.05292923438098581   4.959738437445001e-09   -0.5457834832550686
0.2747582963938207  0.15405630723869865   0.5839795317619944   0.05375848469615293   -0.002300700103592988   6.744006216657202e-06   -0.5522993448457879
0.279259947516047  0.15699499017513152   0.5783418603023752   0.05375939008875909   -0.056376714596192305   9.053926061572872e-06   -0.5407601449259932
0.2837927436948889  0.1598855002232602   0.5676713373721428   0.05375991958447072   -0.1067052293023242   5.29495711635912e-06   -0.5032851470613189
0.2883686474006021  0.1627072514172391   0.5525754694551007   0.053759812615663566   -0.15095867917042027   -1.069688071554897e-06   -0.4425344986809606
0.29299659860070854  0.16544259136043152   0.5338109266054921   0.05375873595558285   -0.18764542849608556   -1.0766600807195024e-05   -0.366867493256653
0.29768234462711984  0.16807717877028422   0.5122038595642298   0.05375617791864845   -0.21607067041262387   -2.5580369343930547e-05   -0.28425241916538296
0.3024281461646082  0.17060027314856302   0.48864404813586076   0.05374815110769634   -0.2355981142836903   -8.026810952115027e-05   -0.1952744387106643
0.3064744560290817  0.17262527594664673   0.4640128856802997   0.04524738650088062   -0.24631162455561117   -0.08500764606815717   -0.10713510271920929
0.30984139919090475  0.1742065681302702   0.4390759579664452   0.03719783760509082   -0.2493692771385445   -0.08049548895789803   -0.03057652582933292
0.3129111757871063  0.17555744415620064   0.4145544498909994   0.03353862607208167   -0.24521508075445816   -0.03659211533009151   0.04154196384086341
0.3160665229587952  0.1768585316781515   0.39110199835158915   0.034130696614145764   -0.23452451539410163   0.005920705420641013   0.10690565360356533
0.3195392564465743  0.17820270978248973   0.3693071550978835   0.03723800834273104   -0.21794843253705778   0.031073117285852745   0.1657608285704385
0.3233955771853454  0.17960903166300823   0.3496921793181956   0.0410474735786613   -0.1961497577968784   0.038094652359302594   0.21798674740179363
0.32758377521667714  0.1810562838881799   0.33270931696758915   0.044312009379990365   -0.16982862350606412   0.03264535801329065   0.2632113429081429
0.3319980126135268  0.18251293843665545   0.3187386139289684   0.046483689902316806   -0.13970703038620805   0.021716805223264402   0.3012159311985609
0.33652907425554784  0.18395480590577246   0.30808605616617324   0.04754944942089071   -0.10652557762795148   0.010657595185739086   0.33181452758256563
0.34109003263784576  0.1853705999724837   0.3009850746982014   0.047756480402551614   -0.07100981467971815   0.0020703098166089525   0.35515762948233315
0.345619413254122  0.18675979558480904   0.29759917007442654   0.04737631604125286   -0.03385904623774897   -0.0038016436129875318   0.371507684419692
0.3500755348512022  0.18812859819163266   0.29802495324540823   0.04661613482949235   0.004257831709816699   -0.007601812117605084   0.3811687794756567
0.354429350499055  0.18948636109739694   0.3022979249918714   0.04560617370900487   0.042729717464632666   -0.01009961120487481   0.3847188575481598
0.35865853629697186  0.1908430214485508   0.3104150760906699   0.04441456948085356   0.08117151098798384   -0.011916042281513096   0.3844179352335115
0.36274464936097306  0.19220743270977655   0.3222732622735697   0.04307892531338405   0.11858186182899876   -0.013356441674694984   0.3741035084101492
0.36667258589315405  0.19358707745267398   0.3377782340036959   0.04163184480352391   0.155049717301261   -0.01447080509860161   0.36467855472262234
0.37043223243830403  0.19498821730324856   0.3567339278905636   0.04012248126091673   0.18955693886867742   -0.015093635426071674   0.34507221567416446
0.37402010099167765  0.19641695965645142   0.3789664636103397   0.03861878489559637   0.2223253571977611   -0.015036963653203636   0.3276841832908369
0.37744082835099335  0.1978801926891347   0.4042017919133618   0.037205411669146794   0.2523532830302216   -0.01413373226449577   0.3002792583246048
0.3807068382572477  0.1993866761165096   0.43217912390747154   0.035967086377279196   0.2797733199410969   -0.01238325291867599   0.27420036910875367
0.3838370006888043  0.20094777600353184   0.4626295521876873   0.03497849297095108   0.3045042828021573   -0.009885934063281084   0.24730962861060388
0.3868543797256462  0.20257756905232271   0.4952380414861879   0.03429402518495029   0.3260848929850067   -0.0068446778600079975   0.21580610182849352
0.38978350948037904  0.20429235816398883   0.529634494893705   0.03394157158640443   0.3439645340751701   -0.0035245359854585204   0.17879641090163415
0.39264722236775873  0.20610970890333932   0.5654825149760159   0.03391697983482971   0.3584802008231074   -0.0002459175157471561   0.14515666747937292
0.39546414840150623  0.2080470514431109   0.6024574876750438   0.03418825587246741   0.36974972699028286   0.0027127603763769563   0.11269526167175481
0.3982472725971744  0.21012006957230564   0.640198818331652   0.03470329156216167   0.3774133065660813   0.005150356896942632   0.0766357957579846
0.4010037444468288  0.21234139852491668   0.6783035935586061   0.03540118553614534   0.381047752269541   0.0069789397398366025   0.03634445703459626
0.40373565659327304  0.21472035003796314   0.7164467845100057   0.03622534234112329   0.3814319095139945   0.008241568049779524   0.0038415724445350916
0.40644246294257536  0.217263468295846   0.7542291291601113   0.037140612658115114   0.37782344650105704   0.009152703169918269   -0.03608463012937464
0.4091236721008017  0.21997669481393675   0.7913333502951332   0.038145092329982914   0.3710422113502191   0.010044796718678006   -0.06781235150837998
0.411781628406407  0.222867727262694   0.8273768423525912   0.03927187332210679   0.3604349205745804   0.01126780992123869   -0.10607290775638616
0.4144223627517393  0.22594790836739723   0.8620616810341842   0.04057214995584021   0.3468483868159301   0.013002766337334262   -0.13586533758650338
0.41705443207791004  0.22923111302729898   0.8950337220746979   0.042079949829548574   0.3297204104051346   0.015077998737083643   -0.17127976410795429
0.419684776236748  0.2327289699373705   0.9260245249520508   0.04376495556638107   0.30990802877352974   0.016850057368324914   -0.1981238163160489
0.42231372599843303  0.23644215914422892   0.9547192722590534   0.045496319560377585   0.28694747307002627   0.01731363993996513   -0.22960555703503394
0.4249309491028699  0.2403518493834802   0.980890297452912   0.04704841606824034   0.2617102519385856   0.015520965078627578   -0.25237221131440707
0.4275160774022013  0.24441605213501977   1.004274235506275   0.04816703471217194   0.23383938053363204   0.011186186439315987   -0.2787087140495363
0.4300443748914593  0.24857614470896824   1.024697560257856   0.048681267873814174   0.2042332475158081   0.005142331616422379   -0.2960613301782395
0.4324965868475731  0.25277260503940013   1.0419618241024546   0.04860413848902894   0.17264263844598807   -0.0007712938478523629   -0.3159060906982001
0.4348682616094405  0.2569649112635444   1.055963585293438   0.04816666134692054   0.14001761190983134   -0.004374771421084059   -0.32625026536156737
0.4371754984987141  0.26114630519134385   1.066582526624556   0.04775709082709627   0.10618941331118426   -0.004095705198242694   -0.33828198598647063
0.4394538600090603  0.26534672366213424   1.0737967364366343   0.04778540206129494   0.07214209812077979   0.00028311234198668406   -0.3404731519040445
0.441750040613559  0.26961839237952434   1.077571851744237   0.048497009185740764   0.03775115307602854   0.007116071244458299   -0.34390945044751253
0.4441069083677028  0.2740071990769454   1.0779747835189508   0.04981611168875369   0.004029317747135858   0.013191025030129212   -0.3372183532889268
0.44654771647358626  0.2785206828998318   1.0750582740241985   0.05131187039001486   -0.029165094947522965   0.0149575870126118   -0.33194412694658815
0.44906755606226584  0.28311333046821263   1.0689762004455674   0.05238511548144579   -0.06082073578631065   0.010732450914309223   -0.31655640838787685
0.4516393386455207  0.28770098708410413   1.0598609340439664   0.052593401564148434   -0.09115266401600707   0.0020828608270265104   -0.3033192822969643
0.4542289933556779  0.2921941149104611   1.0479413139811427   0.05185991629556784   -0.11919620062823905   -0.0073348526858059765   -0.2804353661223198
0.4568131193996752  0.29653075374489685   1.033410095555146   0.050481822264662676   -0.1453121842599708   -0.013780940309051708   -0.2611598363173177
0.45939165672025467  0.3006966408483625   1.016548734213441   0.04899333635551682   -0.16861361341705006   -0.014884859091458475   -0.23301429157079265
0.4619872353173528  0.3047176442804962   0.9975873927074136   0.04785968747803223   -0.18961341506027124   -0.011336488774845888   -0.20999801643221166
0.4646321015303222  0.30863421639758826   0.976839704019112   0.04725976558648268   -0.2074768868830148   -0.00599921891549557   -0.17863471822743546
0.46735327643630975  0.31247634702660954   0.9545573289303277   0.04708158943731767   -0.22282375088784298   -0.0017817614916501177   -0.1534686400482821
0.4701623437423727  0.3162514157282926   0.9310753283152784   0.047055289641460725   -0.234820006150494   -0.0002629979585694011   -0.11996255262650993
0.4730531656605066  0.3199445567408932   0.9066598868741775   0.04690004467089048   -0.24415441441100696   -0.0015524497057024746   -0.09334408260512989
0.4760047671371012  0.323526958875374   0.8816411181314363   0.04641719113622202   -0.2501876874274143   -0.004828535346684531   -0.0603327301640731
0.47898719130271084  0.32696580057303054   0.8563578808332674   0.04551976068165343   -0.25283237298169015   -0.00897430454568601   -0.026446855542758448
0.48196808357849724  0.3302326215155433   0.8311315837221828   0.044224244290070366   -0.2522629711108449   -0.012955163915830605   0.005694018708452819
0.4849194167576351  0.3333096506451391   0.8062459049892359   0.04263622379932059   -0.2488567873294691   -0.015880204907497718   0.03406183781375793
0.48782417171054654  0.3361950173038777   0.7820496634915947   0.04094257208801094   -0.24196241497641244   -0.01693651711309646   0.06894372353056631
0.4906839402311714  0.33890704214630274   0.7588880155693954   0.039412377164393185   -0.2316164792219915   -0.015301949236177576   0.10345935754420915
0.4935265671164893  0.3414874683284562   0.7370865067402013   0.03839157054702525   -0.2180150882919433   -0.010208066173679357   0.13601390930048213
0.4964116028767962  0.34400221253626895   0.716930050626248   0.03827188232759619   -0.20156456113953092   -0.0011968821942906012   0.164505271524124
0.4994293765058027  0.34653766870576236   0.698762071508438   0.03941509312858191   -0.18167979117809988   0.011432108009857115   0.1988476996143102
0.5026881725354806  0.3491886557564639   0.6829105768159758   0.04200890846716977   -0.15851494692462187   0.025938153385878678   0.2316484425347799
0.5062834369347464  0.35203513979289014   0.6696787925590386   0.04585673066220182   -0.13231784256937154   0.03847822195032049   0.26197104355250317
0.5102476877277461  0.3551075153263842   0.659322860226471   0.050154536951918974   -0.10355932332567747   0.04297806289717156   0.28758519243694114
0.5144917671712094  0.35834821090271113   0.6521360159841136   0.05339879974386908   -0.07186844242357208   0.032442627919501046   0.31690880902105384
0.518776055508576  0.3615941565967021   0.6483724306502547   0.05375061860671199   -0.037635853338590076   0.0035181886284290924   0.34232589084981996
0.5230562928328125  0.36483601016652933   0.6482205813021868   0.053693617982031316   -0.001518493480680007   -0.0005700062468067676   0.3611735985791008
0.5273267931011395  0.3680947622630714   0.6518226621582773   0.053718374666883416   0.03602080856090543   0.00024756684852106494   0.3753930204158543
0.5315667608988831  0.371380303662887   0.6592461681340025   0.053639639461713344   0.07423505975725275   -0.0007873520517008092   0.38214251196347326
0.5354776189684329  0.3744817384825104   0.6704775746240416   0.04991363419002771   0.11231406490038985   -0.03726005271685634   0.38079005143137096
0.53883086690161  0.3772232014836406   0.6853536369459882   0.04331268992794416   0.14876062321946681   -0.06600944262083548   0.36446558319077
0.5415476044989067  0.37952858285279284   0.7036717093854884   0.03563066997660295   0.18318072439500147   -0.07682019951341208   0.3442010117553464
0.5436850669870505  0.38142260801357725   0.7250874001674319   0.028558846611721526   0.21415690781943517   -0.07071823364881426   0.3097618342443369
0.5454266014792885  0.38304214877740705   0.7491180477301589   0.023782040857273014   0.24030647562727023   -0.0477680575444851   0.2614956780783504
0.5470766077417377  0.38465906777413633   0.7752705566104807   0.023101834793184128   0.26152508880321856   -0.006802060640888863   0.21218613175948314
0.549031468136406  0.38668355122836445   0.8028924939609704   0.02814251662361075   0.27621937350489645   0.050406818304266236   0.14694284701677898
0.5516529134839179  0.3895576637092368   0.8313424211733119   0.03890051190245733   0.2844992721234146   0.10757995278846577   0.08279898618518201
0.5549529864238818  0.3933894924910327   0.8598206321627356   0.05057014259634407   0.2847821098942374   0.1166963069388674   0.0028283777082277776
0.5583467617539785  0.39755835928290184   0.8875310617919344   0.05375607995343065   0.277104296291989   0.03185937357086589   -0.07677813602248396
0.5616312681244537  0.401814217267487   0.9135128484552542   0.053759007880288694   0.2598178666331972   2.9279268580333987e-05   -0.1728642965879178
0.5648158287480741  0.40614554885646   0.9368098754094858   0.05376044986719532   0.2329702695423153   1.4419869066297644e-05   -0.2684759709088192
0.5679148514023892  0.41053854342580753   0.9564243371198943   0.05376089907949951   0.19614461710408504   4.492123041889764e-06   -0.3682565243823027
0.5709474038724666  0.4149776855612867   0.9714761213865181   0.05376091273671711   0.15051784266623744   1.3657217606531954e-07   -0.45626774437847606
0.5739366209600966  0.41944609788086   0.9812033847842048   0.053760698893136   0.09727263397686776   -2.1384358111389665e-06   -0.5324520868936969
0.5769083809719734  0.4239261163389751   0.9851027297197276   0.053760508696749726   0.0389934493552279   -1.9019638627507786e-06   -0.5827918462163985
0.57988987143074  0.4283996734529172   0.9829300676021443   0.05376057905892536   -0.02172662117583272   7.036217563637044e-07   -0.6072007053106062
0.5829075822119929  0.4328489075366961   0.9748145711070025   0.05376082429766205   -0.08115496495141845   2.452387366953229e-06   -0.5942834377558575
0.5859858372986303  0.4372564909647167   0.9611451751439888   0.053760995204199795   -0.1366939596301366   1.7090653773460167e-06   -0.5553899467871816
0.5891450281006182  0.4416064229014718   0.9426613482045965   0.05376094714367628   -0.18483826939392387   -4.806052350796427e-07   -0.48144309763787274
0.5924008438280822  0.44588446730421866   0.9202591606888663   0.053760580319745906   -0.22402187515730182   -3.6682393037613033e-06   -0.3918360576337793
0.5957634437372222  0.45007898134828483   0.8950402671193428   0.05375967467804547   -0.25218893569523404   -9.056417004375257e-06   -0.28167060537932215
0.5992373766447565  0.45418149194250446   0.8681733356347776   0.05375760692386297   -0.268669314845653   -2.0677541824983855e-05   -0.16480379150418958
0.6028223016307184  0.45818714351474943   0.8407689936042533   0.05375586635267569   -0.27404342030524265   -1.7405711872862575e-05   -0.05374105459589671
0.6065020772946359  0.46208273916444703   0.8138801498736254   0.05358769859096242   -0.26888843730627837   -0.0016816776171326218   0.05154982998964278
0.6097685404961981  0.4653691049600656   0.7884354062467063   0.046335711918358585   -0.2544474362691919   -0.07251986672603838   0.14441001037086493
0.6125921733754197  0.46808099545202486   0.7652144869357224   0.0391500353473968   -0.23220919310983879   -0.07185676570961781   0.22238243159353105
0.6152210465798614  0.47050486463592445   0.7448475819114957   0.03575767909932969   -0.20366905024226759   -0.03392356248067103   0.2854014286757121
0.6179414037946931  0.47292872214593035   0.7278243564540543   0.0364354615795017   -0.17023225457441254   0.006777824801719979   0.3343679566785505
0.620962917514528  0.47554955276864735   0.7145035911223054   0.03999787283360992   -0.13320765331748963   0.035624112541082206   0.370246012569229
0.6243758533521476  0.4784542362107963   0.7051210673018747   0.04481664526804518   -0.09382523820430536   0.048187724344352686   0.39382415113184277
0.6281451114918175  0.4816277144366371   0.6997944647133255   0.04927298547212949   -0.05326602588549243   0.04456340204084295   0.4055921231881293
0.6321320342813916  0.48497582128299754   0.6985262385506448   0.05206282050051113   -0.012682261626807764   0.027898350283816424   0.4058376425868466
0.6361461023750419  0.48836527883942754   0.7012308453831015   0.05253681108262077   0.02704606832456776   0.004739905821096489   0.3972832995137553
0.6400029201339259  0.49166474071288   0.7076715994717291   0.05075577984783214   0.06440754088627493   -0.01781031234788635   0.3736147256170715
0.6435830061836985  0.4947895098397517   0.7175937242883987   0.04751967826072608   0.09922124816669683   -0.032361015871060515   0.34813707280421907
0.6468557668324759  0.4977219203877847   0.7306036388219556   0.04394313812918171   0.13009914533556752   -0.035765401315443805   0.30877897168870727
0.6498660919646897  0.500505727681793   0.7463237124902856   0.04100200050218481   0.1572007366833006   -0.0294113762699689   0.2710159134773307
0.6526981263785093  0.5032205060510898   0.7642619564210752   0.039230651938835216   0.1793824393078953   -0.01771348563349596   0.2218170262459465
0.6554385691903926  0.5059531351428544   0.7839704981059854   0.03870050201013003   0.19708541684910255   -0.005301499287051932   0.17702977541207277
0.6581537466175841  0.508776379596732   0.8049079294410938   0.03917001111498456   0.20937431335108492   0.004695091048545284   0.1228889650198237
0.6608813671885553  0.5117385388389933   0.8265958852042071   0.0402669856777211   0.2168795576311316   0.010969745627365532   0.07505244280046666
0.6636335418161604  0.5148618522562821   0.8484816616879985   0.041628778367191636   0.21885776483791516   0.013617926894705274   0.0197820720678361
0.666404221732134  0.5181465986809183   0.8700886292248767   0.0429723472374248   0.21606967536878302   0.013435688702331685   -0.027880894691321708
0.6691772394422237  0.5215763647333078   0.8908847620480405   0.044105467228669815   0.2079613282316366   0.011331199912450067   -0.0810834713714643
0.6719320796595942  0.5251232134314113   0.9104245489525417   0.04491022189933756   0.19539786904501116   0.008047546706677572   -0.1256345918662542
0.6746484938905779  0.5287521251968317   0.9282252188354286   0.045329799112168605   0.1780066988288694   0.004195772128310346   -0.17391170216141758
0.677311441034911  0.5324283349953072   0.9438992318199662   0.04539361846770377   0.15674012984537605   0.0006381935553516863   -0.21266568983493353
0.6799194734861684  0.536130151214283   0.9570380273979964   0.045282752330088175   0.13138795578030318   -0.001108661376155931   -0.2535217406507288
0.682495990664031  0.5398684084108214   0.9673355130234161   0.04540155023265986   0.10297485625419683   0.0011879790257168974   -0.28413099526106356
0.6850973360301462  0.5437009777288966   0.9744769002637274   0.04632017410551748   0.07141387240311187   0.009186238728576141   -0.3156098385108498
0.6878035499038868  0.5477206616858252   0.9782564336181032   0.04845766466102997   0.037795333543758344   0.021374905555124963   -0.3361853885935351
0.6906770279413909  0.5519907634945123   0.9784703485321065   0.051469063998250235   0.0021391491400332002   0.030113993372202566   -0.3565618440372515
0.6936927898080616  0.5564392255010583   0.9750340458348076   0.05374349622059936   -0.034363026972990034   0.02274432222349132   -0.36502176113023244
0.696739394075465  0.5608646775589623   0.9678792288577763   0.05372748224042508   -0.0715481697703126   -0.00016013980174274213   -0.3718514279732255
0.6998351517122382  0.5652592060059602   0.9570851471077145   0.05375462363099001   -0.10794081750061596   0.0002714139056491984   -0.3639264773030335
0.7029932001712049  0.5696086262302812   0.9427773660697887   0.05375009428539775   -0.14307781037925968   -4.529345592254299e-05   -0.3513699287864373
0.7062272089924273  0.573902543210327   0.9252755406373312   0.05375549840457375   -0.1750182543245741   5.404119175990829e-05   -0.31940443945314445
0.7095479699425938  0.5781302746855489   0.9049774596056092   0.053759805351861485   -0.20298081031722087   4.3069472877373344e-05   -0.27962555992646765
0.7129629897359406  0.5822824672349864   0.8825084314361276   0.05376156913308825   -0.2246902816948162   1.7637812267639737e-05   -0.21709471377595335
0.7164765004969698  0.5863517489631658   0.8585610475018595   0.05376226525279482   -0.239473839342682   6.961197065778212e-06   -0.14783557647865742
0.720088938557107  0.5903335061899281   0.8339916499328203   0.053762532819010854   -0.24569397569039045   2.675662160234028e-06   -0.06220136347708464
0.7237968398142414  0.5942265281098785   0.8097483731055177   0.05376258122692638   -0.24243276827302584   4.840791551998322e-07   0.03261207417364543
0.7275932617729743  0.5980332566371633   0.7867537280751272   0.05376244206612411   -0.2299464503039052   -1.3916080226581362e-06   0.12486317969120679
0.7314684398644747  0.6017597212397088   0.7658373227716795   0.05376201602879312   -0.20916405303447783   -4.260373309794558e-06   0.20782397269427363
0.7354101331176333  0.6054155128176791   0.7477848162126589   0.05376035506159084   -0.18052506559020418   -1.6609672022923356e-05   0.2863898744427364
0.7394043874865497  0.6090136049754832   0.7332662886126852   0.053759031929137065   -0.14518527599973896   -1.3231324537727519e-05   0.3533978959046522
0.7434310653265069  0.6125649638748765   0.7227569951856612   0.053690114973819855   -0.10509293427023864   -0.0006891695531720185   0.4009234172950034
0.7473480945800003  0.6159770403344377   0.7166099491044153   0.05194745801146686   -0.061470460812459805   -0.017426569623530053   0.4362247345777883
0.7508902661203094  0.6190527712070941   0.7150328785348049   0.04691172521014228   -0.015770705696103733   -0.050357328013245814   0.45699755116356056
0.754114279682967  0.6218696207144818   0.7180983179138697   0.04281226996949263   0.03065439379064764   -0.04099455240649634   0.46425099486751376
0.7571121868655978  0.6245297849191185   0.7257766658978508   0.040079821695265826   0.07678347983981146   -0.027324482742268088   0.46129086049163814
0.7599697072699891  0.6271278038609063   0.7378673883098201   0.03862010523463751   0.12090722411969325   -0.014597164606283129   0.44123744279881805
0.7628157447526505  0.6298011790673023   0.7541256356408648   0.03904723338064836   0.16258247331044576   0.004271281460108445   0.4167524919075249
0.7658480351986874  0.632765867869616   0.7741260249043942   0.04240774109006373   0.20000389263529508   0.03360507709415373   0.37421419324849337
0.7692399504360882  0.6362402378738307   0.7974062289919469   0.04855546921182161   0.2328020408755271   0.06147728121757882   0.32798148240231995
0.7728920489918859  0.640180346080647   0.8233148884092423   0.05372362286979568   0.2590865941729548   0.051681536579740645   0.2628455329742771
0.7764350979502609  0.6442229682200609   0.8511606776766487   0.0537549901715142   0.2784578926740632   0.000313673017185278   0.1937129850110844
0.7798601015260117  0.6483665169688975   0.8800527192416039   0.05375839071974287   0.2889204156495512   3.400548228662772e-05   0.10462522975487928
0.7831634844212878  0.6526079055180036   0.9090887411789556   0.053760315640035375   0.2903602193735167   1.924920292509254e-05   0.014398037239655605
0.786346257954535  0.65694061230213   0.9372292173296908   0.05376094813247199   0.2814047615073535   6.3249243660927474e-06   -0.08955457866163175
0.7894140264915294  0.6613555176393062   0.963524175749788   0.053761131807906225   0.26294958420097203   1.8367543423219762e-06   -0.18455177306381534
0.7923772353615148  0.6658412576444908   0.9870165071696602   0.053761017662562194   0.23492331419872134   -1.1414534402517715e-06   -0.28026270002250664
0.7952503080247992  0.6703852181935039   1.0069763574965307   0.053760695679439335   0.19959850326870757   -3.219831228601435e-06   -0.35324810930013795
0.7980511042505422  0.6749740385145997   1.022799722429342   0.05376033057684101   0.15823364932811018   -3.6510259832051414e-06   -0.4136485394059738
0.8007993997166565  0.67959446880594   1.0341989726722558   0.05376011909034182   0.11399250242913816   -2.1148649919279297e-06   -0.4424114689897202
0.8035159296300873  0.6842336338925011   1.041058865814657   0.05376001066854093   0.06859893142401016   -1.08421800894156e-06   -0.4539357100512801
0.8062208195613386  0.6888795607703001   1.0435628592703365   0.053759711768133774   0.02503993455679671   -2.9890040715542426e-06   -0.43558996867213456
0.8089329155514817  0.6935211762779682   1.042000930415247   0.053758775265689875   -0.0156192885508929   -9.365024439025997e-06   -0.40659223107689607
0.8116687509839926  0.6981486300312137   1.0368589675166506   0.0537569751307782   -0.05141962898596451   -1.8001349116705464e-05   -0.3580034043507162
0.8144424197893625  0.7027529558700711   1.0286103365140766   0.053752260484711836   -0.08248631002574364   -4.71464606636459e-05   -0.31066681039779126
0.8172639074640092  0.7073243084498938   1.0178179326862418   0.05371969574295182   -0.10792403827834637   -0.0003256474176000844   -0.2543772825260272
0.8200229410975121  0.7116683737065319   1.0049477145722574   0.05146180092521387   -0.1287021811398443   -0.02257894817737957   -0.2077814286149795
0.8226931278951015  0.7157413683652958   0.9905062058442551   0.04870234391103764   -0.14441508728002217   -0.027594570141762247   -0.15712906140177857
0.825373743308447  0.719694138034422   0.9748780613827703   0.0477599068795039   -0.15628144461484772   -0.009424370315337577   -0.11866357334825568
0.8281601165157908  0.7236611778719754   0.9584741965766874   0.04847811952139294   -0.16403864806082943   0.007182126418890535   -0.07757203445981688
0.8310965189683807  0.7276956892181587   0.9416414739262723   0.04989964044562961   -0.1683272265041505   0.01421520924236665   -0.042885784433210644
0.8341788663212663  0.7317830665681475   0.9246676294012075   0.05119327964198333   -0.16973844525064885   0.012936391963537245   -0.014112187464983382
0.8373850613390893  0.7358888113693414   0.9078078549128252   0.052093019556205974   -0.16859774488382318   0.008997399142226404   0.011407003668256593
0.8406914970284647  0.7399816832651759   0.8912857449890496   0.05261569853540355   -0.16522109923775516   0.0052267897919757705   0.03376645646068
0.8440838170625143  0.7440456991968112   0.8752395726831197   0.05293775656939596   -0.1604617230592998   0.003220580339924164   0.04759376178455385
0.8475499765919028  0.7480706546671905   0.8598547622118   0.05311734972842908   -0.15384810471319768   0.0017959315903311247   0.06613618346102086
0.8510785865125547  0.7520487447372304   0.8452039544821996   0.053175453526504685   -0.14650807729600165   0.0005810379807560099   0.07340027417196063
0.8546593875030596  0.7559752587243908   0.8314158052816372   0.053140989664283704   -0.13788149200562475   -0.0003446386222097451   0.08626585290376917
0.8582862350276971  0.7598506187214203   0.8185113018077933   0.053077714790276856   -0.12904503473843904   -0.0006327487400685039   0.08836457267185657
0.8619558340293924  0.7636790383870965   0.8065766806862731   0.05303089096914805   -0.11934621121520095   -0.0004682382112879847   0.09698823523238115
0.8656659035385076  0.7674655543222859   0.7955953094094945   0.053011620131772096   -0.10981371276778645   -0.0001927083737596006   0.09532498447414503
0.8694128335244528  0.7712140100450574   0.7856017202098389   0.05300038172051055   -0.09993589199655664   -0.00011238411261544151   0.098778207712298
0.8731908990178463  0.7749263288159609   0.7766209055509218   0.05296705535445638   -0.08980814658917255   -0.0003332636605417048   0.10127745407384098
0.8769931073490669  0.7786032359702348   0.768646255238556   0.0528927541495087   -0.07974650312365664   -0.0007430120494768207   0.10061643465515925
0.8808108067424234  0.7822435662980344   0.7616203502734478   0.0527511455359805   -0.07025904965108239   -0.0014160861352819727   0.0948745347257424
0.8846251873242568  0.7858369110271943   0.7555684546360948   0.052403841047863255   -0.06051895637352997   -0.003473044881172518   0.09740093277552418
0.8883873849860102  0.7893447652895101   0.7504273392914034   0.05143848051002254   -0.051411153446914055   -0.009653605378407093   0.09107802926615904
0.8919759122005102  0.7926623334012298   0.7461835011397103   0.04887104024383932   -0.04243838151693091   -0.025674402661832164   0.08972771929983148
0.895092315675084  0.7955241685510848   0.7428413768839771   0.04231083908564383   -0.03342124255733217   -0.06560201158195494   0.09017138959598749
0.8975176186481618  0.7977403453336578   0.7403726839704876   0.03285351433690998   -0.02468692913489344   -0.0945732474873385   0.08734313422438726
0.8991638818432183  0.7992397254050225   0.7387379102264549   0.02226729239447895   -0.016347737440328792   -0.1058622194243103   0.08339191694564647
0.9  0.8   0.7379245227552071   0.011300933730762118   -0.008133874712477479   -0.10966358663716835   0.08213862727851312
0.9  0.8   0.7379245227552071   3.946624181138071e-25   -3.127285456270061e-20   -0.11300933730762117   0.08133874712477479
