graph_load_time: 0.314871
n_generated: 99991
n_expanded: 50893
n_domCheck: 370649
rt_initHeu: 0.330859
rt_search: 1.51637
N: 36
Label: 179666
[258,60778,]
33731 33732 33733 33734 33735 33736 33737 33738 33538 33539 33339 33139 33140 32940 32740 32540 32541 32341 32141 31941 31741 31541 31542 31342 31343 31143 30943 30743 30543 30343 30143 29943 29743 29543 29343 29143 28943 28944 28744 28745 28545 28546 28346 28347 28147 28148 27948 27949 27749 27549 27550 27350 27150 26950 26750 26550 26350 26150 25950 25750 25550 25350 25351 25151 24951 24952 24752 24753 24553 24554 24354 24355 24155 24156 24157 23957 23757 23557 23357 23157 22957 22757 22557 22357 22157 21957 21757 21557 21357 21157 21156 20956 20955 20755 20754 20554 20553 20552 20352 20351 20350 20150 20149 20148 20147 20146 20145 20144 20143 20142 20141 20140 20139 20138 20137 20136 20135 20134 20133 20132 19932 19931 19731 19531 19530 19330 19329 19328 19128 19127 19126 19125 19124 19123 19122 19121 19120 19119 19118 19117 19116 19115 18915 18914 18913 18912 18911 18910 18909 18709 18708 18508 18507 18307 18107 18106 17906 17706 17506 17306 17106 17105 16905 16705 16505 16504 16304 16303 16103 15903 15902 15702 15701 15700 15500 15499 15299 15298 15297 15097 15096 15095 15094 15093 14893 14892 14891 14890 14889 14888 14688 14687 14487 14486 14485 14285 14284 14084 14083 14082 14081 14080 14079 14078 13878 13877 13876 13875 13874 13674 13673 13672 13671 13670 13470 13469 13468 13467 13267 13266 13066 12866 12666 12665 12465 12265 12065 11865 11864 11664 11464 11463 11462 11461 11460 11459 11458 11457 11456 11455 11454 11453 11452 11451 11450 11449 11448 11447 11446 11445 11444 11443 11442 11441 11440 11439 11239 11238 11237 
Label: 170662
[254,74301,]
33731 33732 33733 33734 33735 33736 33737 33738 33538 33539 33339 33139 33140 32940 32740 32540 32541 32341 32141 31941 31741 31541 31542 31342 31343 31143 30943 30743 30543 30343 30143 29943 29743 29543 29343 29143 28943 28944 28744 28745 28545 28546 28346 28347 28147 28148 27948 27949 27749 27549 27550 27350 27150 26950 26750 26550 26350 26150 25950 25750 25550 25350 25351 25151 24951 24952 24752 24753 24553 24554 24354 24355 24155 23955 23755 23555 23355 23155 22955 22755 22555 22355 22155 21955 21755 21555 21355 21155 20955 20755 20754 20554 20553 20552 20352 20351 20350 20150 20149 20148 20147 20146 20145 20144 20143 20142 20141 20140 20139 20138 20137 20136 20135 20134 20133 20132 19932 19931 19731 19531 19530 19330 19329 19328 19128 19127 19126 19125 19124 19123 19122 19121 19120 19119 19118 19117 19116 19115 18915 18914 18913 18912 18911 18910 18909 18709 18708 18508 18507 18307 18107 18106 17906 17706 17506 17306 17106 17105 16905 16705 16505 16504 16304 16303 16103 15903 15902 15702 15701 15700 15500 15499 15299 15298 15297 15097 15096 15095 15094 15093 14893 14892 14891 14890 14889 14888 14688 14687 14487 14486 14485 14285 14284 14084 14083 14082 14081 14080 14079 14078 13878 13877 13876 13875 13874 13674 13673 13672 13671 13670 13470 13469 13468 13467 13267 13266 13066 12866 12666 12665 12465 12265 12065 11865 11864 11664 11464 11463 11462 11461 11460 11459 11458 11457 11456 11455 11454 11453 11452 11451 11450 11449 11448 11447 11446 11445 11444 11443 11442 11441 11440 11439 11239 11238 11237 
Label: 165786
[252,100004,]
33731 33732 33733 33734 33735 33736 33737 33738 33538 33539 33339 33139 33140 32940 32740 32540 32541 32341 32141 31941 31741 31541 31542 31342 31343 31143 30943 30743 30543 30343 30143 29943 29743 29543 29343 29143 28943 28944 28744 28745 28545 28546 28346 28347 28147 28148 27948 27949 27749 27549 27550 27350 27150 26950 26750 26550 26350 26150 25950 25750 25550 25350 25351 25151 24951 24952 24752 24753 24553 24554 24354 24154 23954 23754 23554 23354 23154 22954 22754 22554 22354 22154 21954 21754 21554 21354 21154 20954 20754 20554 20553 20552 20352 20351 20350 20150 20149 20148 20147 20146 20145 20144 20143 20142 20141 20140 20139 20138 20137 20136 20135 20134 20133 20132 19932 19931 19731 19531 19530 19330 19329 19328 19128 19127 19126 19125 19124 19123 19122 19121 19120 19119 19118 19117 19116 19115 18915 18914 18913 18912 18911 18910 18909 18709 18708 18508 18507 18307 18107 18106 17906 17706 17506 17306 17106 17105 16905 16705 16505 16504 16304 16303 16103 15903 15902 15702 15701 15700 15500 15499 15299 15298 15297 15097 15096 15095 15094 15093 14893 14892 14891 14890 14889 14888 14688 14687 14487 14486 14485 14285 14284 14084 14083 14082 14081 14080 14079 14078 13878 13877 13876 13875 13874 13674 13673 13672 13671 13670 13470 13469 13468 13467 13267 13266 13066 12866 12666 12665 12465 12265 12065 11865 11864 11664 11464 11463 11462 11461 11460 11459 11458 11457 11456 11455 11454 11453 11452 11451 11450 11449 11448 11447 11446 11445 11444 11443 11442 11441 11440 11439 11239 11238 11237 
Label: 199770
[268,57399,]
33731 33732 33733 33734 33735 33736 33737 33738 33538 33539 33339 33139 33140 32940 32740 32540 32541 32341 32141 31941 31741 31541 31542 31342 31343 31143 30943 30743 30543 30343 30143 29943 29743 29543 29343 29143 28943 28944 28744 28745 28545 28546 28346 28347 28147 28148 27948 27949 27749 27549 27550 27350 27150 26950 26750 26550 26350 26150 25950 25750 25550 25350 25351 25151 24951 24952 24752 24753 24553 24554 24354 24355 24155 24156 24157 23957 23958 23758 23558 23358 23158 22958 22758 22759 22559 22359 22159 21959 21759 21559 21359 21358 21357 21157 21156 20956 20955 20755 20754 20554 20553 20552 20352 20351 20350 20150 20149 20148 20147 20146 20145 20144 20143 20142 20342 20341 20340 20339 20338 20337 20336 20335 20334 20333 20133 20132 19932 19931 19731 19531 19530 19330 19329 19328 19128 19127 19126 19125 19124 19123 19122 19121 19120 19119 19118 19117 19116 19115 18915 18914 18913 18912 18911 18910 18909 18709 18708 18508 18507 18307 18107 18106 17906 17706 17506 17306 17106 17105 16905 16705 16505 16504 16304 16303 16103 15903 15902 15702 15701 15700 15500 15499 15299 15298 15297 15097 15096 15095 15094 15093 14893 14892 14891 14890 14889 14888 14688 14687 14487 14486 14485 14285 14284 14084 14083 14082 14081 14080 14079 14078 13878 13877 13876 13875 13874 13674 13673 13672 13671 13670 13470 13469 13468 13467 13267 13266 13066 12866 12666 12665 12465 12265 12065 11865 11864 11664 11464 11264 11263 11262 11261 11260 11259 11258 11257 11256 11255 11254 11253 11252 11452 11451 11450 11449 11448 11648 11647 11646 11645 11644 11643 11642 11641 11640 11639 11439 11239 11238 11237 
Label: 155282
[248,155020,]
33731 33732 33733 33734 33735 33736 33737 33738 33538 33539 33339 33139 33140 32940 32740 32540 32541 32341 32141 31941 31741 31541 31542 31342 31343 31143 30943 30743 30543 30343 30143 29943 29743 29543 29343 29143 28943 28944 28744 28745 28545 28546 28346 28347 28147 28148 27948 27949 27749 27549 27550 27350 27150 26950 26750 26550 26350 26150 25950 25750 25550 25350 25349 25348 25347 25147 25146 25145 25144 25143 25142 25141 25140 25139 25138 25137 25136 25135 25134 25133 25132 25131 25130 24930 24929 24928 24728 24727 24726 24526 24525 24524 24324 24323 24322 24321 24121 24120 24119 24118 24117 24116 24115 24114 23914 23913 23912 23712 23711 23511 23510 23509 23309 23109 22909 22709 22509 22309 22109 21909 21709 21509 21309 21109 20909 20908 20708 20508 20308 20108 19908 19708 19508 19308 19108 18908 18708 18508 18507 18307 18107 18106 17906 17706 17506 17306 17106 17105 16905 16705 16505 16504 16304 16303 16103 15903 15902 15702 15701 15700 15500 15499 15299 15298 15297 15097 15096 15095 15094 15093 14893 14892 14891 14890 14889 14888 14688 14687 14487 14486 14485 14285 14284 14084 14083 14082 14081 14080 14079 14078 13878 13877 13876 13875 13874 13674 13673 13672 13671 13670 13470 13469 13468 13467 13267 13266 13066 12866 12666 12665 12465 12265 12065 11865 11864 11664 11464 11264 11263 11262 11261 11260 11259 11258 11257 11256 11255 11254 11253 11252 11452 11451 11450 11449 11448 11648 11647 11646 11645 11644 11643 11642 11641 11640 11639 11439 11239 11238 11237 
Label: 149914
[246,155851,]
33731 33732 33733 33734 33735 33736 33737 33738 33538 33539 33339 33139 33140 32940 32740 32540 32541 32341 32141 31941 31741 31541 31542 31342 31343 31143 30943 30743 30543 30343 30143 29943 29743 29543 29343 29143 28943 28944 28744 28745 28545 28546 28346 28347 28147 28148 27948 27949 27749 27549 27550 27350 27150 26950 26750 26550 26350 26150 25950 25750 25550 25350 25349 25348 25347 25147 25146 25145 25144 25143 25142 25141 25140 25139 25138 25137 25136 25135 25134 25133 25132 25131 25130 24930 24929 24928 24728 24727 24726 24526 24525 24524 24324 24323 24322 24321 24121 24120 24119 24118 24117 24116 24115 24114 23914 23913 23912 23712 23711 23511 23510 23509 23309 23109 22909 22709 22509 22309 22109 21909 21709 21509 21309 21109 20909 20908 20708 20508 20308 20108 19908 19708 19508 19308 19108 18908 18708 18508 18507 18307 18107 18106 17906 17706 17506 17306 17106 17105 16905 16705 16505 16504 16304 16303 16103 15903 15902 15702 15701 15700 15500 15499 15299 15298 15297 15097 15096 15095 15094 15093 14893 14892 14891 14890 14889 14888 14688 14687 14487 14486 14485 14285 14284 14084 14083 14082 14081 14080 14079 14078 13878 13877 13876 13875 13874 13674 13673 13672 13671 13670 13470 13469 13468 13467 13267 13266 13066 12866 12666 12665 12465 12265 12065 11865 11864 11664 11464 11264 11263 11262 11261 11260 11259 11258 11257 11256 11255 11254 11253 11252 11452 11451 11450 11449 11448 11447 11446 11445 11444 11443 11442 11441 11440 11439 11239 11238 11237 
Label: 144274
[244,156763,]
33731 33732 33733 33734 33735 33736 33737 33738 33538 33539 33339 33139 33140 32940 32740 32540 32541 32341 32141 31941 31741 31541 31542 31342 31343 31143 30943 30743 30543 30343 30143 29943 29743 29543 29343 29143 28943 28944 28744 28745 28545 28546 28346 28347 28147 28148 27948 27949 27749 27549 27550 27350 27150 26950 26750 26550 26350 26150 25950 25750 25550 25350 25349 25348 25347 25147 25146 25145 25144 25143 25142 25141 25140 25139 25138 25137 25136 25135 25134 25133 25132 25131 25130 24930 24929 24928 24728 24727 24726 24526 24525 24524 24324 24323 24322 24321 24121 24120 24119 24118 24117 24116 24115 24114 23914 23913 23912 23712 23711 23511 23510 23509 23309 23109 22909 22709 22509 22309 22109 21909 21709 21509 21309 21109 20909 20908 20708 20508 20308 20108 19908 19708 19508 19308 19108 18908 18708 18508 18507 18307 18107 18106 17906 17706 17506 17306 17106 17105 16905 16705 16505 16504 16304 16303 16103 15903 15902 15702 15701 15700 15500 15499 15299 15298 15297 15097 15096 15095 15094 15093 14893 14892 14891 14890 14889 14888 14688 14687 14487 14486 14485 14285 14284 14084 14083 14082 14081 14080 14079 14078 13878 13877 13876 13875 13874 13674 13673 13672 13671 13670 13470 13469 13468 13467 13267 13266 13066 12866 12666 12665 12465 12265 12065 11865 11864 11664 11464 11463 11462 11461 11460 11459 11458 11457 11456 11455 11454 11453 11452 11451 11450 11449 11448 11447 11446 11445 11444 11443 11442 11441 11440 11439 11239 11238 11237 
Label: 44946
[210,499507,]
33731 33730 33729 33728 33727 33726 33725 33724 33723 33722 33522 33521 33321 33121 32921 32721 32521 32321 32121 31921 31721 31521 31321 31121 30921 30721 30722 30522 30322 30122 30123 29923 29723 29523 29323 29123 28923 28723 28523 28323 28123 27923 27723 27523 27323 27322 27122 26922 26921 26721 26720 26520 26519 26319 26318 26118 26117 25917 25916 25716 25516 25316 25116 24916 24716 24516 24316 24116 24115 24114 23914 23913 23912 23712 23711 23511 23510 23509 23309 23109 22909 22709 22509 22309 22109 21909 21709 21509 21309 21109 20909 20908 20708 20508 20308 20108 19908 19708 19508 19308 19108 18908 18708 18508 18507 18307 18107 18106 17906 17706 17506 17306 17106 17105 16905 16705 16505 16504 16304 16303 16103 15903 15902 15702 15701 15700 15500 15499 15299 15298 15297 15097 15096 15095 15094 15093 14893 14892 14891 14890 14889 14888 14688 14687 14487 14486 14485 14285 14284 14084 14083 14082 14081 14080 14079 14078 13878 13877 13876 13875 13874 13674 13673 13672 13671 13670 13470 13469 13468 13467 13267 13266 13066 12866 12666 12665 12465 12265 12065 11865 11864 11664 11464 11463 11462 11461 11460 11459 11458 11457 11456 11455 11454 11453 11452 11451 11450 11449 11448 11447 11446 11445 11444 11443 11442 11441 11440 11439 11239 11238 11237 
Label: 128930
[236,161536,]
33731 33931 33930 33929 33928 33927 33926 33925 33924 33923 33723 33722 33522 33521 33520 33320 33319 33119 32919 32719 32519 32319 32119 31919 31719 31519 31319 31320 31120 31121 30921 30721 30722 30522 30322 30122 30123 29923 29723 29724 29524 29525 29325 29125 28925 28725 28525 28325 28326 28126 27926 27927 27928 27728 27729 27529 27530 27330 27130 26930 26730 26731 26531 26331 26131 25931 25731 25531 25331 25131 25130 24930 24929 24928 24728 24727 24726 24526 24525 24524 24324 24323 24322 24321 24121 24120 24119 24118 24117 24116 24115 24114 23914 23913 23912 23712 23711 23511 23510 23509 23309 23109 22909 22709 22509 22309 22109 21909 21709 21509 21309 21109 20909 20908 20708 20508 20308 20108 19908 19708 19508 19308 19108 18908 18708 18508 18507 18307 18107 18106 17906 17706 17506 17306 17106 17105 16905 16705 16505 16504 16304 16303 16103 15903 15902 15702 15701 15700 15500 15499 15299 15298 15297 15097 15096 15095 15094 15093 14893 14892 14891 14890 14889 14888 14688 14687 14487 14486 14485 14285 14284 14084 14083 14082 14081 14080 14079 14078 13878 13877 13876 13875 13874 13674 13673 13672 13671 13670 13470 13469 13468 13467 13267 13266 13066 12866 12666 12665 12465 12265 12065 11865 11864 11664 11464 11264 11263 11262 11261 11260 11259 11258 11257 11256 11255 11254 11253 11252 11452 11451 11450 11449 11448 11648 11647 11646 11645 11644 11643 11642 11641 11640 11639 11439 11239 11238 11237 
Label: 175214
[256,64202,]
33731 33732 33733 33734 33735 33736 33737 33738 33538 33539 33339 33139 33140 32940 32740 32540 32541 32341 32141 31941 31741 31541 31542 31342 31343 31143 30943 30743 30543 30343 30143 29943 29743 29543 29343 29143 28943 28944 28744 28745 28545 28546 28346 28347 28147 28148 27948 27949 27749 27549 27550 27350 27150 26950 26750 26550 26350 26150 25950 25750 25550 25350 25351 25151 24951 24952 24752 24753 24553 24554 24354 24355 24155 24156 23956 23756 23556 23356 23156 22956 22756 22556 22356 22156 21956 21756 21556 21356 21156 20956 20955 20755 20754 20554 20553 20552 20352 20351 20350 20150 20149 20148 20147 20146 20145 20144 20143 20142 20141 20140 20139 20138 20137 20136 20135 20134 20133 20132 19932 19931 19731 19531 19530 19330 19329 19328 19128 19127 19126 19125 19124 19123 19122 19121 19120 19119 19118 19117 19116 19115 18915 18914 18913 18912 18911 18910 18909 18709 18708 18508 18507 18307 18107 18106 17906 17706 17506 17306 17106 17105 16905 16705 16505 16504 16304 16303 16103 15903 15902 15702 15701 15700 15500 15499 15299 15298 15297 15097 15096 15095 15094 15093 14893 14892 14891 14890 14889 14888 14688 14687 14487 14486 14485 14285 14284 14084 14083 14082 14081 14080 14079 14078 13878 13877 13876 13875 13874 13674 13673 13672 13671 13670 13470 13469 13468 13467 13267 13266 13066 12866 12666 12665 12465 12265 12065 11865 11864 11664 11464 11463 11462 11461 11460 11459 11458 11457 11456 11455 11454 11453 11452 11451 11450 11449 11448 11447 11446 11445 11444 11443 11442 11441 11440 11439 11239 11238 11237 
Label: 56906
[212,412818,]
33731 33730 33729 33728 33727 33726 33725 33724 33723 33523 33323 33123 32923 32723 32523 32323 32123 31923 31723 31523 31323 31123 30923 30723 30523 30323 30123 29923 29723 29724 29524 29525 29325 29125 28925 28725 28525 28325 28326 28126 27926 27726 27526 27326 27126 26926 26726 26526 26326 26126 25926 25726 25526 25326 25126 24926 24726 24526 24525 24524 24324 24323 24322 24321 24121 24120 24119 24118 24117 24116 24115 24114 23914 23913 23912 23712 23711 23511 23510 23509 23309 23109 22909 22709 22509 22309 22109 21909 21709 21509 21309 21109 20909 20908 20708 20508 20308 20108 19908 19708 19508 19308 19108 18908 18708 18508 18507 18307 18107 18106 17906 17706 17506 17306 17106 17105 16905 16705 16505 16504 16304 16303 16103 15903 15902 15702 15701 15700 15500 15499 15299 15298 15297 15097 15096 15095 15094 15093 14893 14892 14891 14890 14889 14888 14688 14687 14487 14486 14485 14285 14284 14084 14083 14082 14081 14080 14079 14078 13878 13877 13876 13875 13874 13674 13673 13672 13671 13670 13470 13469 13468 13467 13267 13266 13066 12866 12666 12665 12465 12265 12065 11865 11864 11664 11464 11463 11462 11461 11460 11459 11458 11457 11456 11455 11454 11453 11452 11451 11450 11449 11448 11447 11446 11445 11444 11443 11442 11441 11440 11439 11239 11238 11237 
Label: 188838
[262,58935,]
33731 33732 33733 33734 33735 33736 33737 33738 33538 33539 33339 33139 33140 32940 32740 32540 32541 32341 32141 31941 31741 31541 31542 31342 31343 31143 30943 30743 30543 30343 30143 29943 29743 29543 29343 29143 28943 28944 28744 28745 28545 28546 28346 28347 28147 28148 27948 27949 27749 27549 27550 27350 27150 26950 26750 26550 26350 26150 25950 25750 25550 25350 25351 25151 24951 24952 24752 24753 24553 24554 24354 24355 24155 24156 24157 23957 23958 23758 23558 23358 23158 22958 22758 22558 22358 22158 21958 21758 21558 21358 21357 21157 21156 20956 20955 20755 20754 20554 20553 20552 20352 20351 20350 20150 20149 20148 20147 20146 20145 20144 20143 20142 20141 20140 20139 20138 20137 20136 20135 20134 20133 20132 19932 19931 19731 19531 19530 19330 19329 19328 19128 19127 19126 19125 19124 19123 19122 19121 19120 19119 19118 19117 19116 19115 18915 18914 18913 18912 18911 18910 18909 18709 18708 18508 18507 18307 18107 18106 17906 17706 17506 17306 17106 17105 16905 16705 16505 16504 16304 16303 16103 15903 15902 15702 15701 15700 15500 15499 15299 15298 15297 15097 15096 15095 15094 15093 14893 14892 14891 14890 14889 14888 14688 14687 14487 14486 14485 14285 14284 14084 14083 14082 14081 14080 14079 14078 13878 13877 13876 13875 13874 13674 13673 13672 13671 13670 13470 13469 13468 13467 13267 13266 13066 12866 12666 12665 12465 12265 12065 11865 11864 11664 11464 11264 11263 11262 11261 11260 11259 11258 11257 11256 11255 11254 11253 11252 11452 11451 11450 11449 11448 11447 11446 11445 11444 11443 11442 11441 11440 11439 11239 11238 11237 
Label: 193090
[264,58104,]
33731 33732 33733 33734 33735 33736 33737 33738 33538 33539 33339 33139 33140 32940 32740 32540 32541 32341 32141 31941 31741 31541 31542 31342 31343 31143 30943 30743 30543 30343 30143 29943 29743 29543 29343 29143 28943 28944 28744 28745 28545 28546 28346 28347 28147 28148 27948 27949 27749 27549 27550 27350 27150 26950 26750 26550 26350 26150 25950 25750 25550 25350 25351 25151 24951 24952 24752 24753 24553 24554 24354 24355 24155 24156 24157 23957 23958 23758 23558 23358 23158 22958 22758 22558 22358 22158 21958 21758 21558 21358 21357 21157 21156 20956 20955 20755 20754 20554 20553 20552 20352 20351 20350 20150 20149 20148 20147 20146 20145 20144 20143 20142 20141 20140 20139 20138 20137 20136 20135 20134 20133 20132 19932 19931 19731 19531 19530 19330 19329 19328 19128 19127 19126 19125 19124 19123 19122 19121 19120 19119 19118 19117 19116 19115 18915 18914 18913 18912 18911 18910 18909 18709 18708 18508 18507 18307 18107 18106 17906 17706 17506 17306 17106 17105 16905 16705 16505 16504 16304 16303 16103 15903 15902 15702 15701 15700 15500 15499 15299 15298 15297 15097 15096 15095 15094 15093 14893 14892 14891 14890 14889 14888 14688 14687 14487 14486 14485 14285 14284 14084 14083 14082 14081 14080 14079 14078 13878 13877 13876 13875 13874 13674 13673 13672 13671 13670 13470 13469 13468 13467 13267 13266 13066 12866 12666 12665 12465 12265 12065 11865 11864 11664 11464 11264 11263 11262 11261 11260 11259 11258 11257 11256 11255 11254 11253 11252 11452 11451 11450 11449 11448 11648 11647 11646 11645 11644 11643 11642 11641 11640 11639 11439 11239 11238 11237 
Label: 65414
[214,336321,]
33731 33730 33729 33728 33727 33726 33725 33724 33723 33523 33323 33123 32923 32723 32523 32323 32123 31923 31723 31523 31323 31123 30923 30723 30523 30323 30123 29923 29723 29724 29524 29525 29325 29125 28925 28725 28525 28325 28326 28126 27926 27927 27727 27527 27327 27127 26927 26727 26527 26327 26127 25927 25727 25527 25327 25127 24927 24727 24726 24526 24525 24524 24324 24323 24322 24321 24121 24120 24119 24118 24117 24116 24115 24114 23914 23913 23912 23712 23711 23511 23510 23509 23309 23109 22909 22709 22509 22309 22109 21909 21709 21509 21309 21109 20909 20908 20708 20508 20308 20108 19908 19708 19508 19308 19108 18908 18708 18508 18507 18307 18107 18106 17906 17706 17506 17306 17106 17105 16905 16705 16505 16504 16304 16303 16103 15903 15902 15702 15701 15700 15500 15499 15299 15298 15297 15097 15096 15095 15094 15093 14893 14892 14891 14890 14889 14888 14688 14687 14487 14486 14485 14285 14284 14084 14083 14082 14081 14080 14079 14078 13878 13877 13876 13875 13874 13674 13673 13672 13671 13670 13470 13469 13468 13467 13267 13266 13066 12866 12666 12665 12465 12265 12065 11865 11864 11664 11464 11463 11462 11461 11460 11459 11458 11457 11456 11455 11454 11453 11452 11451 11450 11449 11448 11447 11446 11445 11444 11443 11442 11441 11440 11439 11239 11238 11237 
Label: 184286
[260,59847,]
33731 33732 33733 33734 33735 33736 33737 33738 33538 33539 33339 33139 33140 32940 32740 32540 32541 32341 32141 31941 31741 31541 31542 31342 31343 31143 30943 30743 30543 30343 30143 29943 29743 29543 29343 29143 28943 28944 28744 28745 28545 28546 28346 28347 28147 28148 27948 27949 27749 27549 27550 27350 27150 26950 26750 26550 26350 26150 25950 25750 25550 25350 25351 25151 24951 24952 24752 24753 24553 24554 24354 24355 24155 24156 24157 23957 23958 23758 23558 23358 23158 22958 22758 22558 22358 22158 21958 21758 21558 21358 21357 21157 21156 20956 20955 20755 20754 20554 20553 20552 20352 20351 20350 20150 20149 20148 20147 20146 20145 20144 20143 20142 20141 20140 20139 20138 20137 20136 20135 20134 20133 20132 19932 19931 19731 19531 19530 19330 19329 19328 19128 19127 19126 19125 19124 19123 19122 19121 19120 19119 19118 19117 19116 19115 18915 18914 18913 18912 18911 18910 18909 18709 18708 18508 18507 18307 18107 18106 17906 17706 17506 17306 17106 17105 16905 16705 16505 16504 16304 16303 16103 15903 15902 15702 15701 15700 15500 15499 15299 15298 15297 15097 15096 15095 15094 15093 14893 14892 14891 14890 14889 14888 14688 14687 14487 14486 14485 14285 14284 14084 14083 14082 14081 14080 14079 14078 13878 13877 13876 13875 13874 13674 13673 13672 13671 13670 13470 13469 13468 13467 13267 13266 13066 12866 12666 12665 12465 12265 12065 11865 11864 11664 11464 11463 11462 11461 11460 11459 11458 11457 11456 11455 11454 11453 11452 11451 11450 11449 11448 11447 11446 11445 11444 11443 11442 11441 11440 11439 11239 11238 11237 
Label: 83054
[220,205644,]
33731 33730 33729 33728 33727 33726 33725 33724 33723 33722 33522 33322 33122 32922 32722 32522 32322 32122 31922 31722 31522 31322 31122 30922 30722 30522 30322 30122 30123 29923 29723 29724 29524 29525 29325 29125 28925 28725 28525 28325 28326 28126 27926 27927 27928 27728 27729 27529 27329 27129 26929 26729 26529 26329 26129 25929 25729 25529 25329 25129 24929 24928 24728 24727 24726 24526 24525 24524 24324 24323 24322 24321 24121 24120 24119 24118 24117 24116 24115 24114 23914 23913 23912 23712 23711 23511 23510 23509 23309 23109 22909 22709 22509 22309 22109 21909 21709 21509 21309 21109 20909 20908 20708 20508 20308 20108 19908 19708 19508 19308 19108 18908 18708 18508 18507 18307 18107 18106 17906 17706 17506 17306 17106 17105 16905 16705 16505 16504 16304 16303 16103 15903 15902 15702 15701 15700 15500 15499 15299 15298 15297 15097 15096 15095 15094 15093 14893 14892 14891 14890 14889 14888 14688 14687 14487 14486 14485 14285 14284 14084 14083 14082 14081 14080 14079 14078 13878 13877 13876 13875 13874 13674 13673 13672 13671 13670 13470 13469 13468 13467 13267 13266 13066 12866 12666 12665 12465 12265 12065 11865 11864 11664 11464 11463 11462 11461 11460 11459 11458 11457 11456 11455 11454 11453 11452 11451 11450 11449 11448 11447 11446 11445 11444 11443 11442 11441 11440 11439 11239 11238 11237 
Label: 100550
[226,168004,]
33731 33730 33729 33728 33727 33726 33725 33724 33723 33722 33522 33521 33520 33320 33120 32920 32720 32520 32320 32120 31920 31720 31520 31320 31120 31121 30921 30721 30722 30522 30322 30122 30123 29923 29723 29724 29524 29525 29325 29125 28925 28725 28525 28325 28326 28126 27926 27927 27928 27728 27729 27529 27530 27330 27130 26930 26730 26530 26330 26130 25930 25730 25530 25330 25130 24930 24929 24928 24728 24727 24726 24526 24525 24524 24324 24323 24322 24321 24121 24120 24119 24118 24117 24116 24115 24114 23914 23913 23912 23712 23711 23511 23510 23509 23309 23109 22909 22709 22509 22309 22109 21909 21709 21509 21309 21109 20909 20908 20708 20508 20308 20108 19908 19708 19508 19308 19108 18908 18708 18508 18507 18307 18107 18106 17906 17706 17506 17306 17106 17105 16905 16705 16505 16504 16304 16303 16103 15903 15902 15702 15701 15700 15500 15499 15299 15298 15297 15097 15096 15095 15094 15093 14893 14892 14891 14890 14889 14888 14688 14687 14487 14486 14485 14285 14284 14084 14083 14082 14081 14080 14079 14078 13878 13877 13876 13875 13874 13674 13673 13672 13671 13670 13470 13469 13468 13467 13267 13266 13066 12866 12666 12665 12465 12265 12065 11865 11864 11664 11464 11463 11462 11461 11460 11459 11458 11457 11456 11455 11454 11453 11452 11451 11450 11449 11448 11447 11446 11445 11444 11443 11442 11441 11440 11439 11239 11238 11237 
Label: 123826
[234,162367,]
33731 33931 33930 33929 33928 33927 33926 33925 33924 33923 33723 33722 33522 33521 33520 33320 33319 33119 32919 32719 32519 32319 32119 31919 31719 31519 31319 31320 31120 31121 30921 30721 30722 30522 30322 30122 30123 29923 29723 29724 29524 29525 29325 29125 28925 28725 28525 28325 28326 28126 27926 27927 27928 27728 27729 27529 27530 27330 27130 26930 26730 26731 26531 26331 26131 25931 25731 25531 25331 25131 25130 24930 24929 24928 24728 24727 24726 24526 24525 24524 24324 24323 24322 24321 24121 24120 24119 24118 24117 24116 24115 24114 23914 23913 23912 23712 23711 23511 23510 23509 23309 23109 22909 22709 22509 22309 22109 21909 21709 21509 21309 21109 20909 20908 20708 20508 20308 20108 19908 19708 19508 19308 19108 18908 18708 18508 18507 18307 18107 18106 17906 17706 17506 17306 17106 17105 16905 16705 16505 16504 16304 16303 16103 15903 15902 15702 15701 15700 15500 15499 15299 15298 15297 15097 15096 15095 15094 15093 14893 14892 14891 14890 14889 14888 14688 14687 14487 14486 14485 14285 14284 14084 14083 14082 14081 14080 14079 14078 13878 13877 13876 13875 13874 13674 13673 13672 13671 13670 13470 13469 13468 13467 13267 13266 13066 12866 12666 12665 12465 12265 12065 11865 11864 11664 11464 11264 11263 11262 11261 11260 11259 11258 11257 11256 11255 11254 11253 11252 11452 11451 11450 11449 11448 11447 11446 11445 11444 11443 11442 11441 11440 11439 11239 11238 11237 
Label: 131378
[238,161353,]
33731 33931 34131 34130 34129 34128 34127 34126 34125 33925 33924 33923 33723 33722 33522 33521 33520 33320 33319 33119 32919 32719 32519 32319 32119 31919 31719 31519 31319 31320 31120 31121 30921 30721 30722 30522 30322 30122 30123 29923 29723 29724 29524 29525 29325 29125 28925 28725 28525 28325 28326 28126 27926 27927 27928 27728 27729 27529 27530 27330 27130 26930 26730 26731 26531 26331 26131 25931 25731 25531 25331 25131 25130 24930 24929 24928 24728 24727 24726 24526 24525 24524 24324 24323 24322 24321 24121 24120 24119 24118 24117 24116 24115 24114 23914 23913 23912 23712 23711 23511 23510 23509 23309 23109 22909 22709 22509 22309 22109 21909 21709 21509 21309 21109 20909 20908 20708 20508 20308 20108 19908 19708 19508 19308 19108 18908 18708 18508 18507 18307 18107 18106 17906 17706 17506 17306 17106 17105 16905 16705 16505 16504 16304 16303 16103 15903 15902 15702 15701 15700 15500 15499 15299 15298 15297 15097 15096 15095 15094 15093 14893 14892 14891 14890 14889 14888 14688 14687 14487 14486 14485 14285 14284 14084 14083 14082 14081 14080 14079 14078 13878 13877 13876 13875 13874 13674 13673 13672 13671 13670 13470 13469 13468 13467 13267 13266 13066 12866 12666 12665 12465 12265 12065 11865 11864 11664 11464 11264 11263 11262 11261 11260 11259 11258 11257 11256 11255 11254 11253 11252 11452 11451 11450 11449 11448 11648 11647 11646 11645 11644 11643 11642 11641 11640 11639 11439 11239 11238 11237 
Label: 77334
[218,228128,]
33731 33730 33729 33728 33727 33726 33725 33724 33723 33722 33522 33322 33122 32922 32722 32522 32322 32122 31922 31722 31522 31322 31122 30922 30722 30522 30322 30122 30123 29923 29723 29724 29524 29525 29325 29125 28925 28725 28525 28325 28326 28126 27926 27927 27928 27728 27528 27328 27128 26928 26728 26528 26328 26128 25928 25728 25528 25328 25128 24928 24728 24727 24726 24526 24525 24524 24324 24323 24322 24321 24121 24120 24119 24118 24117 24116 24115 24114 23914 23913 23912 23712 23711 23511 23510 23509 23309 23109 22909 22709 22509 22309 22109 21909 21709 21509 21309 21109 20909 20908 20708 20508 20308 20108 19908 19708 19508 19308 19108 18908 18708 18508 18507 18307 18107 18106 17906 17706 17506 17306 17106 17105 16905 16705 16505 16504 16304 16303 16103 15903 15902 15702 15701 15700 15500 15499 15299 15298 15297 15097 15096 15095 15094 15093 14893 14892 14891 14890 14889 14888 14688 14687 14487 14486 14485 14285 14284 14084 14083 14082 14081 14080 14079 14078 13878 13877 13876 13875 13874 13674 13673 13672 13671 13670 13470 13469 13468 13467 13267 13266 13066 12866 12666 12665 12465 12265 12065 11865 11864 11664 11464 11463 11462 11461 11460 11459 11458 11457 11456 11455 11454 11453 11452 11451 11450 11449 11448 11447 11446 11445 11444 11443 11442 11441 11440 11439 11239 11238 11237 
Label: 71434
[216,273723,]
33731 33730 33729 33728 33727 33726 33725 33724 33723 33722 33522 33322 33122 32922 32722 32522 32322 32122 31922 31722 31522 31322 31122 30922 30722 30522 30322 30122 30123 29923 29723 29724 29524 29525 29325 29125 28925 28725 28525 28325 28326 28126 27926 27927 27727 27527 27327 27127 26927 26727 26527 26327 26127 25927 25727 25527 25327 25127 24927 24727 24726 24526 24525 24524 24324 24323 24322 24321 24121 24120 24119 24118 24117 24116 24115 24114 23914 23913 23912 23712 23711 23511 23510 23509 23309 23109 22909 22709 22509 22309 22109 21909 21709 21509 21309 21109 20909 20908 20708 20508 20308 20108 19908 19708 19508 19308 19108 18908 18708 18508 18507 18307 18107 18106 17906 17706 17506 17306 17106 17105 16905 16705 16505 16504 16304 16303 16103 15903 15902 15702 15701 15700 15500 15499 15299 15298 15297 15097 15096 15095 15094 15093 14893 14892 14891 14890 14889 14888 14688 14687 14487 14486 14485 14285 14284 14084 14083 14082 14081 14080 14079 14078 13878 13877 13876 13875 13874 13674 13673 13672 13671 13670 13470 13469 13468 13467 13267 13266 13066 12866 12666 12665 12465 12265 12065 11865 11864 11664 11464 11463 11462 11461 11460 11459 11458 11457 11456 11455 11454 11453 11452 11451 11450 11449 11448 11447 11446 11445 11444 11443 11442 11441 11440 11439 11239 11238 11237 
Label: 196538
[266,57495,]
33731 33732 33733 33734 33735 33736 33737 33738 33538 33539 33339 33139 33140 32940 32740 32540 32541 32341 32141 31941 31741 31541 31542 31342 31343 31143 30943 30743 30543 30343 30143 29943 29743 29543 29343 29143 28943 28944 28744 28745 28545 28546 28346 28347 28147 28148 27948 27949 27749 27549 27550 27350 27150 26950 26750 26550 26350 26150 25950 25750 25550 25350 25351 25151 24951 24952 24752 24753 24553 24554 24354 24355 24155 24156 24157 23957 23958 23758 23558 23358 23158 22958 22758 22558 22358 22158 21958 21758 21558 21358 21357 21157 21156 20956 20955 20755 20754 20554 20553 20552 20352 20351 20350 20150 20149 20148 20147 20146 20145 20144 20143 20142 20342 20341 20340 20339 20338 20337 20336 20335 20334 20333 20133 20132 19932 19931 19731 19531 19530 19330 19329 19328 19128 19127 19126 19125 19124 19123 19122 19121 19120 19119 19118 19117 19116 19115 18915 18914 18913 18912 18911 18910 18909 18709 18708 18508 18507 18307 18107 18106 17906 17706 17506 17306 17106 17105 16905 16705 16505 16504 16304 16303 16103 15903 15902 15702 15701 15700 15500 15499 15299 15298 15297 15097 15096 15095 15094 15093 14893 14892 14891 14890 14889 14888 14688 14687 14487 14486 14485 14285 14284 14084 14083 14082 14081 14080 14079 14078 13878 13877 13876 13875 13874 13674 13673 13672 13671 13670 13470 13469 13468 13467 13267 13266 13066 12866 12666 12665 12465 12265 12065 11865 11864 11664 11464 11264 11263 11262 11261 11260 11259 11258 11257 11256 11255 11254 11253 11252 11452 11451 11450 11449 11448 11648 11647 11646 11645 11644 11643 11642 11641 11640 11639 11439 11239 11238 11237 
Label: 203246
[272,57253,]
33731 33931 33932 33933 33934 33935 33936 33937 33737 33738 33538 33539 33339 33139 33140 32940 32740 32540 32541 32341 32141 31941 31741 31541 31542 31342 31343 31143 30943 30743 30543 30343 30143 29943 29743 29543 29343 29143 28943 28944 28744 28745 28545 28546 28346 28347 28147 28148 27948 27949 27749 27549 27550 27350 27150 26950 26750 26550 26350 26150 25950 25750 25550 25350 25351 25151 24951 24952 24752 24753 24553 24554 24354 24355 24155 24156 24157 23957 23958 23758 23558 23358 23158 22958 22758 22759 22559 22359 22159 21959 21759 21559 21359 21358 21357 21157 21156 20956 20955 20755 20754 20554 20553 20552 20352 20351 20350 20150 20149 20148 20147 20146 20145 20144 20143 20142 20342 20341 20340 20339 20338 20337 20336 20335 20334 20333 20133 20132 19932 19931 19731 19531 19530 19330 19329 19328 19128 19127 19126 19125 19124 19123 19122 19121 19120 19119 19118 19117 19116 19115 18915 18914 18913 18912 18911 18910 18909 18709 18708 18508 18507 18307 18107 18106 17906 17706 17506 17306 17106 17105 16905 16705 16505 16504 16304 16303 16103 15903 15902 15702 15701 15700 15500 15499 15299 15298 15297 15097 15096 15095 15094 15093 14893 14892 14891 14890 14889 14888 14688 14687 14487 14486 14485 14285 14284 14084 14083 14082 14081 14080 14079 14078 13878 13877 13876 13875 13874 13674 13673 13672 13671 13670 13470 13469 13468 13467 13267 13266 13066 12866 12666 12665 12465 12265 12065 11865 11864 11664 11464 11264 11263 11262 11261 11260 11259 11258 11257 11256 11255 11254 11253 11252 11452 11451 11450 11449 11448 11648 11647 11646 11645 11845 11844 11843 11842 11841 11840 11640 11639 11439 11239 11238 11237 
Label: 203566
[276,57227,]
33731 33931 34131 34331 34332 34333 34334 34134 34135 34136 33936 33937 33737 33738 33538 33539 33339 33139 33140 32940 32740 32540 32541 32341 32141 31941 31741 31541 31542 31342 31343 31143 30943 30743 30543 30343 30143 29943 29743 29543 29343 29143 28943 28944 28744 28745 28545 28546 28346 28347 28147 28148 27948 27949 27749 27549 27550 27350 27150 26950 26750 26550 26350 26150 25950 25750 25550 25350 25351 25151 24951 24952 24752 24753 24553 24554 24354 24355 24155 24156 24157 23957 23958 23758 23558 23358 23158 22958 22758 22759 22559 22359 22159 21959 21759 21559 21359 21358 21357 21157 21156 20956 20955 20755 20754 20554 20553 20552 20352 20351 20350 20150 20149 20148 20147 20146 20145 20144 20143 20142 20342 20341 20340 20339 20338 20337 20336 20335 20334 20333 20133 20132 19932 19931 19731 19531 19530 19330 19329 19328 19128 19127 19126 19125 19124 19123 19122 19121 19120 19119 19118 19117 19116 19115 18915 18914 18913 18912 18911 18910 18909 18709 18708 18508 18507 18307 18107 18106 17906 17706 17506 17306 17106 17105 16905 16705 16505 16504 16304 16303 16103 15903 15902 15702 15701 15700 15500 15499 15299 15298 15297 15097 15096 15095 15094 15093 14893 14892 14891 14890 14889 14888 14688 14687 14487 14486 14485 14285 14284 14084 14083 14082 14081 14080 14079 14078 13878 13877 13876 13875 13874 13674 13673 13672 13671 13670 13470 13469 13468 13467 13267 13266 13066 12866 12666 12665 12465 12265 12065 11865 11864 11664 11464 11264 11263 11262 11261 11260 11259 11258 11257 11256 11255 11254 11253 11252 11452 11451 11450 11449 11448 11648 11647 11646 11645 11845 11844 11843 11842 11841 11840 11640 11639 11439 11239 11238 11237 
Label: 94874
[224,174938,]
33731 33730 33729 33728 33727 33726 33725 33724 33723 33722 33522 33521 33321 33121 32921 32721 32521 32321 32121 31921 31721 31521 31321 31121 30921 30721 30722 30522 30322 30122 30123 29923 29723 29724 29524 29525 29325 29125 28925 28725 28525 28325 28326 28126 27926 27927 27928 27728 27729 27529 27530 27330 27130 26930 26730 26530 26330 26130 25930 25730 25530 25330 25130 24930 24929 24928 24728 24727 24726 24526 24525 24524 24324 24323 24322 24321 24121 24120 24119 24118 24117 24116 24115 24114 23914 23913 23912 23712 23711 23511 23510 23509 23309 23109 22909 22709 22509 22309 22109 21909 21709 21509 21309 21109 20909 20908 20708 20508 20308 20108 19908 19708 19508 19308 19108 18908 18708 18508 18507 18307 18107 18106 17906 17706 17506 17306 17106 17105 16905 16705 16505 16504 16304 16303 16103 15903 15902 15702 15701 15700 15500 15499 15299 15298 15297 15097 15096 15095 15094 15093 14893 14892 14891 14890 14889 14888 14688 14687 14487 14486 14485 14285 14284 14084 14083 14082 14081 14080 14079 14078 13878 13877 13876 13875 13874 13674 13673 13672 13671 13670 13470 13469 13468 13467 13267 13266 13066 12866 12666 12665 12465 12265 12065 11865 11864 11664 11464 11463 11462 11461 11460 11459 11458 11457 11456 11455 11454 11453 11452 11451 11450 11449 11448 11447 11446 11445 11444 11443 11442 11441 11440 11439 11239 11238 11237 
Label: 138814
[242,158773,]
33731 33732 33733 33734 33735 33736 33737 33738 33538 33539 33339 33139 33140 32940 32740 32540 32541 32341 32141 31941 31741 31541 31542 31342 31343 31143 30943 30743 30543 30343 30143 29943 29743 29543 29343 29143 28943 28944 28744 28745 28545 28546 28346 28347 28147 28148 27948 27949 27749 27549 27349 27149 26949 26749 26549 26349 26149 25949 25749 25549 25349 25348 25347 25147 25146 25145 25144 25143 25142 25141 25140 25139 25138 25137 25136 25135 25134 25133 25132 25131 25130 24930 24929 24928 24728 24727 24726 24526 24525 24524 24324 24323 24322 24321 24121 24120 24119 24118 24117 24116 24115 24114 23914 23913 23912 23712 23711 23511 23510 23509 23309 23109 22909 22709 22509 22309 22109 21909 21709 21509 21309 21109 20909 20908 20708 20508 20308 20108 19908 19708 19508 19308 19108 18908 18708 18508 18507 18307 18107 18106 17906 17706 17506 17306 17106 17105 16905 16705 16505 16504 16304 16303 16103 15903 15902 15702 15701 15700 15500 15499 15299 15298 15297 15097 15096 15095 15094 15093 14893 14892 14891 14890 14889 14888 14688 14687 14487 14486 14485 14285 14284 14084 14083 14082 14081 14080 14079 14078 13878 13877 13876 13875 13874 13674 13673 13672 13671 13670 13470 13469 13468 13467 13267 13266 13066 12866 12666 12665 12465 12265 12065 11865 11864 11664 11464 11463 11462 11461 11460 11459 11458 11457 11456 11455 11454 11453 11452 11451 11450 11449 11448 11447 11446 11445 11444 11443 11442 11441 11440 11439 11239 11238 11237 
Label: 202534
[270,57316,]
33731 33931 33932 33933 33934 33935 33936 33937 33737 33738 33538 33539 33339 33139 33140 32940 32740 32540 32541 32341 32141 31941 31741 31541 31542 31342 31343 31143 30943 30743 30543 30343 30143 29943 29743 29543 29343 29143 28943 28944 28744 28745 28545 28546 28346 28347 28147 28148 27948 27949 27749 27549 27550 27350 27150 26950 26750 26550 26350 26150 25950 25750 25550 25350 25351 25151 24951 24952 24752 24753 24553 24554 24354 24355 24155 24156 24157 23957 23958 23758 23558 23358 23158 22958 22758 22759 22559 22359 22159 21959 21759 21559 21359 21358 21357 21157 21156 20956 20955 20755 20754 20554 20553 20552 20352 20351 20350 20150 20149 20148 20147 20146 20145 20144 20143 20142 20342 20341 20340 20339 20338 20337 20336 20335 20334 20333 20133 20132 19932 19931 19731 19531 19530 19330 19329 19328 19128 19127 19126 19125 19124 19123 19122 19121 19120 19119 19118 19117 19116 19115 18915 18914 18913 18912 18911 18910 18909 18709 18708 18508 18507 18307 18107 18106 17906 17706 17506 17306 17106 17105 16905 16705 16505 16504 16304 16303 16103 15903 15902 15702 15701 15700 15500 15499 15299 15298 15297 15097 15096 15095 15094 15093 14893 14892 14891 14890 14889 14888 14688 14687 14487 14486 14485 14285 14284 14084 14083 14082 14081 14080 14079 14078 13878 13877 13876 13875 13874 13674 13673 13672 13671 13670 13470 13469 13468 13467 13267 13266 13066 12866 12666 12665 12465 12265 12065 11865 11864 11664 11464 11264 11263 11262 11261 11260 11259 11258 11257 11256 11255 11254 11253 11252 11452 11451 11450 11449 11448 11648 11647 11646 11645 11644 11643 11642 11641 11640 11639 11439 11239 11238 11237 
Label: 203478
[274,57230,]
33731 33931 34131 34132 34133 34134 34135 34136 33936 33937 33737 33738 33538 33539 33339 33139 33140 32940 32740 32540 32541 32341 32141 31941 31741 31541 31542 31342 31343 31143 30943 30743 30543 30343 30143 29943 29743 29543 29343 29143 28943 28944 28744 28745 28545 28546 28346 28347 28147 28148 27948 27949 27749 27549 27550 27350 27150 26950 26750 26550 26350 26150 25950 25750 25550 25350 25351 25151 24951 24952 24752 24753 24553 24554 24354 24355 24155 24156 24157 23957 23958 23758 23558 23358 23158 22958 22758 22759 22559 22359 22159 21959 21759 21559 21359 21358 21357 21157 21156 20956 20955 20755 20754 20554 20553 20552 20352 20351 20350 20150 20149 20148 20147 20146 20145 20144 20143 20142 20342 20341 20340 20339 20338 20337 20336 20335 20334 20333 20133 20132 19932 19931 19731 19531 19530 19330 19329 19328 19128 19127 19126 19125 19124 19123 19122 19121 19120 19119 19118 19117 19116 19115 18915 18914 18913 18912 18911 18910 18909 18709 18708 18508 18507 18307 18107 18106 17906 17706 17506 17306 17106 17105 16905 16705 16505 16504 16304 16303 16103 15903 15902 15702 15701 15700 15500 15499 15299 15298 15297 15097 15096 15095 15094 15093 14893 14892 14891 14890 14889 14888 14688 14687 14487 14486 14485 14285 14284 14084 14083 14082 14081 14080 14079 14078 13878 13877 13876 13875 13874 13674 13673 13672 13671 13670 13470 13469 13468 13467 13267 13266 13066 12866 12666 12665 12465 12265 12065 11865 11864 11664 11464 11264 11263 11262 11261 11260 11259 11258 11257 11256 11255 11254 11253 11252 11452 11451 11450 11449 11448 11648 11647 11646 11645 11845 11844 11843 11842 11841 11840 11640 11639 11439 11239 11238 11237 
Label: 133386
[240,161290,]
33731 33931 34131 34130 34129 34128 34127 34126 34125 33925 33924 33923 33723 33722 33522 33521 33520 33320 33319 33119 32919 32719 32519 32319 32119 31919 31719 31519 31319 31320 31120 31121 30921 30721 30722 30522 30322 30122 30123 29923 29723 29724 29524 29525 29325 29125 28925 28725 28525 28325 28326 28126 27926 27927 27928 27728 27729 27529 27530 27330 27130 26930 26730 26731 26531 26331 26131 25931 25731 25531 25331 25131 25130 24930 24929 24928 24728 24727 24726 24526 24525 24524 24324 24323 24322 24321 24121 24120 24119 24118 24117 24116 24115 24114 23914 23913 23912 23712 23711 23511 23510 23509 23309 23109 22909 22709 22509 22309 22109 21909 21709 21509 21309 21109 20909 20908 20708 20508 20308 20108 19908 19708 19508 19308 19108 18908 18708 18508 18507 18307 18107 18106 17906 17706 17506 17306 17106 17105 16905 16705 16505 16504 16304 16303 16103 15903 15902 15702 15701 15700 15500 15499 15299 15298 15297 15097 15096 15095 15094 15093 14893 14892 14891 14890 14889 14888 14688 14687 14487 14486 14485 14285 14284 14084 14083 14082 14081 14080 14079 14078 13878 13877 13876 13875 13874 13674 13673 13672 13671 13670 13470 13469 13468 13467 13267 13266 13066 12866 12666 12665 12465 12265 12065 11865 11864 11664 11464 11264 11263 11262 11261 11260 11259 11258 11257 11256 11255 11254 11253 11252 11452 11451 11450 11449 11448 11648 11647 11646 11645 11845 11844 11843 11842 11841 11840 11640 11639 11439 11239 11238 11237 
Label: 112294
[230,164227,]
33731 33730 33729 33728 33727 33726 33725 33724 33723 33722 33522 33521 33520 33320 33319 33119 32919 32719 32519 32319 32119 31919 31719 31519 31319 31320 31120 31121 30921 30721 30722 30522 30322 30122 30123 29923 29723 29724 29524 29525 29325 29125 28925 28725 28525 28325 28326 28126 27926 27927 27928 27728 27729 27529 27530 27330 27130 26930 26730 26731 26531 26331 26131 25931 25731 25531 25331 25131 25130 24930 24929 24928 24728 24727 24726 24526 24525 24524 24324 24323 24322 24321 24121 24120 24119 24118 24117 24116 24115 24114 23914 23913 23912 23712 23711 23511 23510 23509 23309 23109 22909 22709 22509 22309 22109 21909 21709 21509 21309 21109 20909 20908 20708 20508 20308 20108 19908 19708 19508 19308 19108 18908 18708 18508 18507 18307 18107 18106 17906 17706 17506 17306 17106 17105 16905 16705 16505 16504 16304 16303 16103 15903 15902 15702 15701 15700 15500 15499 15299 15298 15297 15097 15096 15095 15094 15093 14893 14892 14891 14890 14889 14888 14688 14687 14487 14486 14485 14285 14284 14084 14083 14082 14081 14080 14079 14078 13878 13877 13876 13875 13874 13674 13673 13672 13671 13670 13470 13469 13468 13467 13267 13266 13066 12866 12666 12665 12465 12265 12065 11865 11864 11664 11464 11463 11462 11461 11460 11459 11458 11457 11456 11455 11454 11453 11452 11451 11450 11449 11448 11447 11446 11445 11444 11443 11442 11441 11440 11439 11239 11238 11237 
Label: 118326
[232,163279,]
33731 33931 33930 33929 33928 33927 33926 33925 33924 33923 33723 33722 33522 33521 33520 33320 33319 33119 32919 32719 32519 32319 32119 31919 31719 31519 31319 31320 31120 31121 30921 30721 30722 30522 30322 30122 30123 29923 29723 29724 29524 29525 29325 29125 28925 28725 28525 28325 28326 28126 27926 27927 27928 27728 27729 27529 27530 27330 27130 26930 26730 26731 26531 26331 26131 25931 25731 25531 25331 25131 25130 24930 24929 24928 24728 24727 24726 24526 24525 24524 24324 24323 24322 24321 24121 24120 24119 24118 24117 24116 24115 24114 23914 23913 23912 23712 23711 23511 23510 23509 23309 23109 22909 22709 22509 22309 22109 21909 21709 21509 21309 21109 20909 20908 20708 20508 20308 20108 19908 19708 19508 19308 19108 18908 18708 18508 18507 18307 18107 18106 17906 17706 17506 17306 17106 17105 16905 16705 16505 16504 16304 16303 16103 15903 15902 15702 15701 15700 15500 15499 15299 15298 15297 15097 15096 15095 15094 15093 14893 14892 14891 14890 14889 14888 14688 14687 14487 14486 14485 14285 14284 14084 14083 14082 14081 14080 14079 14078 13878 13877 13876 13875 13874 13674 13673 13672 13671 13670 13470 13469 13468 13467 13267 13266 13066 12866 12666 12665 12465 12265 12065 11865 11864 11664 11464 11463 11462 11461 11460 11459 11458 11457 11456 11455 11454 11453 11452 11451 11450 11449 11448 11447 11446 11445 11444 11443 11442 11441 11440 11439 11239 11238 11237 
Label: 88894
[222,183876,]
33731 33730 33729 33728 33727 33726 33725 33724 33723 33722 33522 33521 33321 33121 32921 32721 32521 32321 32121 31921 31721 31521 31321 31121 30921 30721 30722 30522 30322 30122 30123 29923 29723 29724 29524 29525 29325 29125 28925 28725 28525 28325 28326 28126 27926 27927 27928 27728 27729 27529 27329 27129 26929 26729 26529 26329 26129 25929 25729 25529 25329 25129 24929 24928 24728 24727 24726 24526 24525 24524 24324 24323 24322 24321 24121 24120 24119 24118 24117 24116 24115 24114 23914 23913 23912 23712 23711 23511 23510 23509 23309 23109 22909 22709 22509 22309 22109 21909 21709 21509 21309 21109 20909 20908 20708 20508 20308 20108 19908 19708 19508 19308 19108 18908 18708 18508 18507 18307 18107 18106 17906 17706 17506 17306 17106 17105 16905 16705 16505 16504 16304 16303 16103 15903 15902 15702 15701 15700 15500 15499 15299 15298 15297 15097 15096 15095 15094 15093 14893 14892 14891 14890 14889 14888 14688 14687 14487 14486 14485 14285 14284 14084 14083 14082 14081 14080 14079 14078 13878 13877 13876 13875 13874 13674 13673 13672 13671 13670 13470 13469 13468 13467 13267 13266 13066 12866 12666 12665 12465 12265 12065 11865 11864 11664 11464 11463 11462 11461 11460 11459 11458 11457 11456 11455 11454 11453 11452 11451 11450 11449 11448 11447 11446 11445 11444 11443 11442 11441 11440 11439 11239 11238 11237 
Label: 14382
[206,537154,]
33731 33730 33729 33728 33727 33726 33725 33724 33723 33722 33522 33322 33122 32922 32722 32522 32322 32122 31922 31722 31522 31322 31122 30922 30722 30522 30322 30122 29922 29722 29522 29322 29122 28922 28722 28522 28322 28122 27922 27722 27522 27322 27122 26922 26921 26721 26720 26520 26519 26319 26318 26118 26117 25917 25916 25716 25516 25316 25116 24916 24716 24516 24316 24116 24115 24114 23914 23913 23912 23712 23711 23511 23510 23509 23309 23109 22909 22709 22509 22309 22109 21909 21709 21509 21309 21109 20909 20908 20708 20508 20308 20108 19908 19708 19508 19308 19108 18908 18708 18508 18507 18307 18107 18106 17906 17706 17506 17306 17106 17105 16905 16705 16505 16504 16304 16303 16103 15903 15902 15702 15701 15700 15500 15499 15299 15298 15297 15097 15096 15095 15094 15093 14893 14892 14891 14890 14889 14888 14688 14687 14487 14486 14485 14285 14284 14084 14083 14082 14081 14080 14079 14078 13878 13877 13876 13875 13874 13674 13673 13672 13671 13670 13470 13469 13468 13467 13267 13266 13066 12866 12666 12665 12465 12265 12065 11865 11864 11664 11464 11463 11462 11461 11460 11459 11458 11457 11456 11455 11454 11453 11452 11451 11450 11449 11448 11447 11446 11445 11444 11443 11442 11441 11440 11439 11239 11238 11237 
Label: 160466
[250,154590,]
33731 33732 33733 33734 33735 33736 33737 33738 33538 33539 33339 33139 33140 32940 32740 32540 32541 32341 32141 31941 31741 31541 31542 31342 31343 31143 30943 30743 30543 30343 30143 29943 29743 29543 29343 29143 28943 28944 28744 28745 28545 28546 28346 28347 28147 28148 27948 27949 27749 27549 27550 27350 27150 26950 26750 26550 26350 26150 25950 25750 25550 25350 25349 25348 25347 25147 25146 25145 25144 25143 25142 25141 25140 25139 25138 25137 25136 25336 25335 25334 25333 25332 25331 25131 25130 24930 24929 24928 24728 24727 24726 24526 24525 24524 24324 24323 24322 24321 24121 24120 24119 24118 24117 24116 24115 24114 23914 23913 23912 23712 23711 23511 23510 23509 23309 23109 22909 22709 22509 22309 22109 21909 21709 21509 21309 21109 20909 20908 20708 20508 20308 20108 19908 19708 19508 19308 19108 18908 18708 18508 18507 18307 18107 18106 17906 17706 17506 17306 17106 17105 16905 16705 16505 16504 16304 16303 16103 15903 15902 15702 15701 15700 15500 15499 15299 15298 15297 15097 15096 15095 15094 15093 14893 14892 14891 14890 14889 14888 14688 14687 14487 14486 14485 14285 14284 14084 14083 14082 14081 14080 14079 14078 13878 13877 13876 13875 13874 13674 13673 13672 13671 13670 13470 13469 13468 13467 13267 13266 13066 12866 12666 12665 12465 12265 12065 11865 11864 11664 11464 11264 11263 11262 11261 11260 11259 11258 11257 11256 11255 11254 11253 11252 11452 11451 11450 11449 11448 11648 11647 11646 11645 11644 11643 11642 11641 11640 11639 11439 11239 11238 11237 
Label: 29146
[208,515386,]
33731 33730 33729 33728 33727 33726 33725 33724 33723 33722 33522 33521 33321 33121 32921 32721 32521 32321 32121 31921 31721 31521 31321 31121 30921 30721 30722 30522 30322 30122 29922 29722 29522 29322 29122 28922 28722 28522 28322 28122 27922 27722 27522 27322 27122 26922 26921 26721 26720 26520 26519 26319 26318 26118 26117 25917 25916 25716 25516 25316 25116 24916 24716 24516 24316 24116 24115 24114 23914 23913 23912 23712 23711 23511 23510 23509 23309 23109 22909 22709 22509 22309 22109 21909 21709 21509 21309 21109 20909 20908 20708 20508 20308 20108 19908 19708 19508 19308 19108 18908 18708 18508 18507 18307 18107 18106 17906 17706 17506 17306 17106 17105 16905 16705 16505 16504 16304 16303 16103 15903 15902 15702 15701 15700 15500 15499 15299 15298 15297 15097 15096 15095 15094 15093 14893 14892 14891 14890 14889 14888 14688 14687 14487 14486 14485 14285 14284 14084 14083 14082 14081 14080 14079 14078 13878 13877 13876 13875 13874 13674 13673 13672 13671 13670 13470 13469 13468 13467 13267 13266 13066 12866 12666 12665 12465 12265 12065 11865 11864 11664 11464 11463 11462 11461 11460 11459 11458 11457 11456 11455 11454 11453 11452 11451 11450 11449 11448 11447 11446 11445 11444 11443 11442 11441 11440 11439 11239 11238 11237 
Label: 106266
[228,165653,]
33731 33730 33729 33728 33727 33726 33725 33724 33723 33722 33522 33521 33520 33320 33120 32920 32720 32520 32320 32120 31920 31720 31520 31320 31120 31121 30921 30721 30722 30522 30322 30122 30123 29923 29723 29724 29524 29525 29325 29125 28925 28725 28525 28325 28326 28126 27926 27927 27928 27728 27729 27529 27530 27330 27130 26930 26730 26731 26531 26331 26131 25931 25731 25531 25331 25131 25130 24930 24929 24928 24728 24727 24726 24526 24525 24524 24324 24323 24322 24321 24121 24120 24119 24118 24117 24116 24115 24114 23914 23913 23912 23712 23711 23511 23510 23509 23309 23109 22909 22709 22509 22309 22109 21909 21709 21509 21309 21109 20909 20908 20708 20508 20308 20108 19908 19708 19508 19308 19108 18908 18708 18508 18507 18307 18107 18106 17906 17706 17506 17306 17106 17105 16905 16705 16505 16504 16304 16303 16103 15903 15902 15702 15701 15700 15500 15499 15299 15298 15297 15097 15096 15095 15094 15093 14893 14892 14891 14890 14889 14888 14688 14687 14487 14486 14485 14285 14284 14084 14083 14082 14081 14080 14079 14078 13878 13877 13876 13875 13874 13674 13673 13672 13671 13670 13470 13469 13468 13467 13267 13266 13066 12866 12666 12665 12465 12265 12065 11865 11864 11664 11464 11463 11462 11461 11460 11459 11458 11457 11456 11455 11454 11453 11452 11451 11450 11449 11448 11447 11446 11445 11444 11443 11442 11441 11440 11439 11239 11238 11237 
