graph_load_time: 0.544601
n_generated: 16174
n_expanded: 6156
n_domCheck: 38840
rt_initHeu: 0.507491
rt_search: 0.312007
N: 20
Label: 16927
[242,1304131,]
15162 14962 14762 14562 14362 14162 13962 13762 13562 13362 13162 12962 12762 12761 12760 12759 12758 12757 12756 12755 12754 12753 12752 12751 12750 12749 12748 12747 12746 12745 12744 12743 12742 12741 12740 12739 12738 12737 12736 12735 12734 12733 12732 12731 12730 12729 12728 12727 12726 12725 12724 12723 12722 12721 12921 13121 13321 13320 13520 13720 13719 13718 13717 13716 13715 13714 13713 13712 13711 13710 13709 13708 13707 13706 13705 13704 13703 13702 13701 13700 13699 13698 13697 13696 13695 13694 13693 13692 13691 13690 13689 13688 13687 13686 13685 13684 13683 13682 13681 13680 13679 13678 13677 13676 13876 14076 14276 14476 14676 14876 15076 15276 15476 15676 15876 16076 16276 16275 16475 16675 16875 16874 17074 17073 17273 17473 17472 17672 17671 17670 17870 17869 18069 18068 18268 18267 18266 18466 18465 18665 18664 18663 18863 18862 18861 18860 19060 19059 19058 19258 19257 19457 19456 19656 19856 20056 20055 20255 20455 20655 20855 21055 21255 21254 21454 21654 21854 21853 22053 22052 22252 22251 22451 22450 22650 22649 22849 22848 23048 23047 23247 23246 23245 23445 23645 23644 23844 24044 24043 24243 24443 24643 24843 25043 25243 25242 25442 25642 25842 26042 26242 26442 26642 26842 27042 27242 27442 27642 27842 28042 28242 28442 28642 28842 28841 29041 29241 29240 29440 29640 29639 29839 29838 29837 30037 30036 30035 30034 30033 30032 30031 30030 30029 30229 30228 30227 30427 30426 30626 30625 30825 31025 31225 
Label: 15807
[240,1334437,]
15162 14962 14762 14562 14362 14162 13962 13762 13562 13362 13162 12962 12961 12960 12959 12958 12957 12956 12955 12954 12953 12952 12951 12950 12949 12948 12947 12946 12945 12944 12943 12942 12941 12940 12939 12938 12937 12936 12935 12934 12933 12932 12931 12930 12929 12928 12927 12926 12925 12924 12923 12922 12921 13121 13321 13320 13520 13720 13719 13718 13717 13716 13715 13714 13713 13712 13711 13710 13709 13708 13707 13706 13705 13704 13703 13702 13701 13700 13699 13698 13697 13696 13695 13694 13693 13692 13691 13690 13689 13688 13687 13686 13685 13684 13683 13682 13681 13680 13679 13678 13677 13676 13876 14076 14276 14476 14676 14876 15076 15276 15476 15676 15876 16076 16276 16275 16475 16675 16875 16874 17074 17073 17273 17473 17472 17672 17671 17670 17870 17869 18069 18068 18268 18267 18266 18466 18465 18665 18664 18663 18863 18862 18861 18860 19060 19059 19058 19258 19257 19457 19456 19656 19856 20056 20055 20255 20455 20655 20855 21055 21255 21254 21454 21654 21854 21853 22053 22052 22252 22251 22451 22450 22650 22649 22849 22848 23048 23047 23247 23246 23245 23445 23645 23644 23844 24044 24043 24243 24443 24643 24843 25043 25243 25242 25442 25642 25842 26042 26242 26442 26642 26842 27042 27242 27442 27642 27842 28042 28242 28442 28642 28842 28841 29041 29241 29240 29440 29640 29639 29839 29838 29837 30037 30036 30035 30034 30033 30032 30031 30030 30029 30229 30228 30227 30427 30426 30626 30625 30825 31025 31225 
Label: 9311
[228,1484663,]
15162 14962 14762 14562 14362 14162 14161 14160 14159 14158 14157 14156 14155 14154 14153 14152 14151 14150 14149 14148 14147 14146 14145 14144 14143 14142 14141 14140 14139 14138 14137 14136 14135 14134 14133 14132 14131 14130 14129 14128 14127 14126 14125 14124 14123 14122 14121 14120 14119 14118 14117 14116 14115 14114 14113 14112 14111 14110 14109 14108 14107 14106 14105 14104 14103 14102 14101 14100 14099 14098 14097 14096 14095 14094 14093 14092 14091 14090 14089 14088 14087 14086 14085 14084 14083 14082 14081 14080 14079 14078 14077 14076 14276 14476 14676 14876 15076 15276 15476 15676 15876 16076 16276 16275 16475 16675 16875 16874 17074 17073 17273 17473 17472 17672 17671 17670 17870 17869 18069 18068 18268 18267 18266 18466 18465 18665 18664 18663 18863 18862 18861 18860 19060 19059 19058 19258 19257 19457 19456 19656 19856 20056 20055 20255 20455 20655 20855 21055 21255 21254 21454 21654 21854 21853 22053 22052 22252 22251 22451 22450 22650 22649 22849 22848 23048 23047 23247 23246 23245 23445 23645 23644 23844 24044 24043 24243 24443 24643 24843 25043 25243 25242 25442 25642 25842 26042 26242 26442 26642 26842 27042 27242 27442 27642 27842 28042 28242 28442 28642 28842 28841 29041 29241 29240 29440 29640 29639 29839 29838 29837 30037 30036 30035 30034 30033 30032 30031 30030 30029 30229 30228 30227 30427 30426 30626 30625 30825 31025 31225 
Label: 10379
[230,1452671,]
15162 14962 14762 14562 14362 14162 13962 13961 13960 13959 13958 13957 13956 13955 13954 13953 13952 13951 13950 13949 13948 13947 13946 13945 13944 13943 13942 13941 13940 13939 13938 13937 13936 13935 13934 13933 13932 13931 13930 13929 13928 13927 13926 13925 13924 13923 13922 13921 13920 13919 13918 13917 13916 13915 13914 13913 13912 13911 13910 13909 13908 13907 13906 13905 13904 13903 13902 13901 13900 13899 13898 13897 13896 13895 13894 13893 13892 13891 13890 13889 13888 13887 13886 13885 13884 13883 13882 13881 13880 13879 13878 13877 13876 14076 14276 14476 14676 14876 15076 15276 15476 15676 15876 16076 16276 16275 16475 16675 16875 16874 17074 17073 17273 17473 17472 17672 17671 17670 17870 17869 18069 18068 18268 18267 18266 18466 18465 18665 18664 18663 18863 18862 18861 18860 19060 19059 19058 19258 19257 19457 19456 19656 19856 20056 20055 20255 20455 20655 20855 21055 21255 21254 21454 21654 21854 21853 22053 22052 22252 22251 22451 22450 22650 22649 22849 22848 23048 23047 23247 23246 23245 23445 23645 23644 23844 24044 24043 24243 24443 24643 24843 25043 25243 25242 25442 25642 25842 26042 26242 26442 26642 26842 27042 27242 27442 27642 27842 28042 28242 28442 28642 28842 28841 29041 29241 29240 29440 29640 29639 29839 29838 29837 30037 30036 30035 30034 30033 30032 30031 30030 30029 30229 30228 30227 30427 30426 30626 30625 30825 31025 31225 
Label: 23951
[254,1177670,]
15162 14962 14762 14562 14362 14162 13962 13762 13562 13362 13162 12962 12762 12562 12362 12162 11962 11961 11761 11760 11560 11559 11558 11557 11556 11555 11554 11553 11552 11551 11550 11549 11548 11547 11546 11545 11544 11543 11542 11541 11540 11539 11538 11537 11536 11535 11534 11533 11532 11531 11530 11529 11528 11527 11526 11726 11725 11724 11924 11923 12123 12323 12322 12522 12722 12721 12921 13121 13321 13320 13520 13720 13719 13718 13717 13716 13715 13714 13713 13712 13711 13710 13709 13708 13707 13706 13705 13704 13703 13702 13701 13700 13699 13698 13697 13696 13695 13694 13693 13692 13691 13690 13689 13688 13687 13686 13685 13684 13683 13682 13681 13680 13679 13678 13677 13676 13876 14076 14276 14476 14676 14876 15076 15276 15476 15676 15876 16076 16276 16275 16475 16675 16875 16874 17074 17073 17273 17473 17472 17672 17671 17670 17870 17869 18069 18068 18268 18267 18266 18466 18465 18665 18664 18663 18863 18862 18861 18860 19060 19059 19058 19258 19257 19457 19456 19656 19856 20056 20055 20255 20455 20655 20855 21055 21255 21254 21454 21654 21854 21853 22053 22052 22252 22251 22451 22450 22650 22649 22849 22848 23048 23047 23247 23246 23245 23445 23645 23644 23844 24044 24043 24243 24443 24643 24843 25043 25243 25242 25442 25642 25842 26042 26242 26442 26642 26842 27042 27242 27442 27642 27842 28042 28242 28442 28642 28842 28841 29041 29241 29240 29440 29640 29639 29839 29838 29837 30037 30036 30035 30034 30033 30032 30031 30030 30029 30229 30228 30227 30427 30426 30626 30625 30825 31025 31225 
Label: 18063
[244,1273598,]
15162 14962 14762 14562 14362 14162 13962 13762 13562 13362 13162 12962 12762 12562 12561 12560 12559 12558 12557 12556 12555 12554 12553 12552 12551 12550 12549 12548 12547 12546 12545 12544 12543 12542 12541 12540 12539 12538 12537 12536 12535 12534 12533 12532 12531 12530 12529 12528 12527 12526 12525 12524 12523 12522 12722 12721 12921 13121 13321 13320 13520 13720 13719 13718 13717 13716 13715 13714 13713 13712 13711 13710 13709 13708 13707 13706 13705 13704 13703 13702 13701 13700 13699 13698 13697 13696 13695 13694 13693 13692 13691 13690 13689 13688 13687 13686 13685 13684 13683 13682 13681 13680 13679 13678 13677 13676 13876 14076 14276 14476 14676 14876 15076 15276 15476 15676 15876 16076 16276 16275 16475 16675 16875 16874 17074 17073 17273 17473 17472 17672 17671 17670 17870 17869 18069 18068 18268 18267 18266 18466 18465 18665 18664 18663 18863 18862 18861 18860 19060 19059 19058 19258 19257 19457 19456 19656 19856 20056 20055 20255 20455 20655 20855 21055 21255 21254 21454 21654 21854 21853 22053 22052 22252 22251 22451 22450 22650 22649 22849 22848 23048 23047 23247 23246 23245 23445 23645 23644 23844 24044 24043 24243 24443 24643 24843 25043 25243 25242 25442 25642 25842 26042 26242 26442 26642 26842 27042 27242 27442 27642 27842 28042 28242 28442 28642 28842 28841 29041 29241 29240 29440 29640 29639 29839 29838 29837 30037 30036 30035 30034 30033 30032 30031 30030 30029 30229 30228 30227 30427 30426 30626 30625 30825 31025 31225 
Label: 21551
[250,1197372,]
15162 14962 14762 14562 14362 14162 13962 13762 13562 13362 13162 12962 12762 12562 12362 12162 11962 11961 11960 11959 11958 11957 11956 11955 11954 11953 11952 11951 11950 11949 11948 11947 11946 11945 11944 11943 11942 11941 11940 11939 11938 11937 11936 11935 11934 11933 11932 11931 11930 11929 11928 11927 11926 11925 11924 11923 12123 12323 12322 12522 12722 12721 12921 13121 13321 13320 13520 13720 13719 13718 13717 13716 13715 13714 13713 13712 13711 13710 13709 13708 13707 13706 13705 13704 13703 13702 13701 13700 13699 13698 13697 13696 13695 13694 13693 13692 13691 13690 13689 13688 13687 13686 13685 13684 13683 13682 13681 13680 13679 13678 13677 13676 13876 14076 14276 14476 14676 14876 15076 15276 15476 15676 15876 16076 16276 16275 16475 16675 16875 16874 17074 17073 17273 17473 17472 17672 17671 17670 17870 17869 18069 18068 18268 18267 18266 18466 18465 18665 18664 18663 18863 18862 18861 18860 19060 19059 19058 19258 19257 19457 19456 19656 19856 20056 20055 20255 20455 20655 20855 21055 21255 21254 21454 21654 21854 21853 22053 22052 22252 22251 22451 22450 22650 22649 22849 22848 23048 23047 23247 23246 23245 23445 23645 23644 23844 24044 24043 24243 24443 24643 24843 25043 25243 25242 25442 25642 25842 26042 26242 26442 26642 26842 27042 27242 27442 27642 27842 28042 28242 28442 28642 28842 28841 29041 29241 29240 29440 29640 29639 29839 29838 29837 30037 30036 30035 30034 30033 30032 30031 30030 30029 30229 30228 30227 30427 30426 30626 30625 30825 31025 31225 
Label: 2875
[218,1632253,]
15162 15161 15160 15159 15158 15157 15156 15155 15154 15153 15152 15151 15150 15149 15148 15147 15146 15145 15144 15143 15142 15141 15140 15139 15138 15137 15136 15135 15134 15133 15132 15131 15130 15129 15128 15127 15126 15125 15124 15123 15122 15121 15120 15119 15118 15117 15116 15115 15114 15113 15112 15111 15110 15109 15108 15107 15106 15306 15506 15706 15705 15905 16105 16305 16505 16705 16905 17105 17305 17505 17705 17905 18105 18305 18505 18705 18905 19105 19305 19505 19705 19905 20105 20305 20505 20705 20905 21105 21305 21505 21705 21905 22105 22305 22505 22705 22704 22904 23104 23103 23303 23302 23502 23501 23701 23901 23900 24100 24099 24299 24499 24498 24698 24697 24897 25097 25096 25296 25496 25495 25695 25895 25894 26094 26093 26293 26493 26492 26692 26892 26891 27091 27291 27491 27691 27891 28091 28291 28491 28490 28690 28890 28889 28888 28887 28886 28885 28884 28883 28882 28881 28880 28879 28878 28877 28876 28875 28874 28873 28872 28871 28870 28869 28868 28867 28866 28865 28864 28863 28862 28861 28860 28859 28858 28857 28856 28855 28854 28853 28852 28851 28850 28849 28848 28847 28846 28845 28844 28843 28842 28841 29041 29241 29240 29440 29640 29639 29839 29838 29837 30037 30036 30035 30034 30033 30032 30031 30030 30029 30229 30228 30227 30427 30426 30626 30625 30825 31025 31225 
Label: 4119
[220,1621840,]
15162 14962 14961 14960 14959 14958 14957 14956 14955 14954 14953 14952 14951 14950 14949 14948 14947 14946 14945 14944 14943 14942 14941 14940 14939 14938 14937 14936 14935 14934 14933 14932 14931 14930 14929 14928 14927 14926 14925 14924 14923 14922 14921 14920 14919 14918 14917 14916 14915 14914 14913 14912 14911 14910 14909 14908 14907 14906 15106 15306 15506 15706 15705 15905 16105 16305 16505 16705 16905 17105 17305 17505 17705 17905 18105 18305 18505 18705 18905 19105 19305 19505 19705 19905 20105 20305 20505 20705 20905 21105 21305 21505 21705 21905 22105 22305 22505 22705 22704 22904 23104 23103 23303 23302 23502 23501 23701 23901 23900 24100 24099 24299 24499 24498 24698 24697 24897 25097 25096 25296 25496 25495 25695 25895 25894 26094 26093 26293 26493 26492 26692 26892 26891 27091 27291 27491 27691 27891 28091 28291 28491 28490 28690 28890 28889 28888 28887 28886 28885 28884 28883 28882 28881 28880 28879 28878 28877 28876 28875 28874 28873 28872 28871 28870 28869 28868 28867 28866 28865 28864 28863 28862 28861 28860 28859 28858 28857 28856 28855 28854 28853 28852 28851 28850 28849 28848 28847 28846 28845 28844 28843 28842 28841 29041 29241 29240 29440 29640 29639 29839 29838 29837 30037 30036 30035 30034 30033 30032 30031 30030 30029 30229 30228 30227 30427 30426 30626 30625 30825 31025 31225 
Label: 5471
[222,1613275,]
15162 14962 14762 14761 14760 14759 14758 14757 14756 14755 14754 14753 14752 14751 14750 14749 14748 14747 14746 14745 14744 14743 14742 14741 14740 14739 14738 14737 14736 14735 14734 14733 14732 14731 14730 14729 14728 14727 14726 14725 14724 14723 14722 14721 14720 14719 14718 14717 14716 14715 14714 14713 14712 14711 14710 14709 14708 14707 14907 14906 15106 15306 15506 15706 15705 15905 16105 16305 16505 16705 16905 17105 17305 17505 17705 17905 18105 18305 18505 18705 18905 19105 19305 19505 19705 19905 20105 20305 20505 20705 20905 21105 21305 21505 21705 21905 22105 22305 22505 22705 22704 22904 23104 23103 23303 23302 23502 23501 23701 23901 23900 24100 24099 24299 24499 24498 24698 24697 24897 25097 25096 25296 25496 25495 25695 25895 25894 26094 26093 26293 26493 26492 26692 26892 26891 27091 27291 27491 27691 27891 28091 28291 28491 28490 28690 28890 28889 28888 28887 28886 28885 28884 28883 28882 28881 28880 28879 28878 28877 28876 28875 28874 28873 28872 28871 28870 28869 28868 28867 28866 28865 28864 28863 28862 28861 28860 28859 28858 28857 28856 28855 28854 28853 28852 28851 28850 28849 28848 28847 28846 28845 28844 28843 28842 28841 29041 29241 29240 29440 29640 29639 29839 29838 29837 30037 30036 30035 30034 30033 30032 30031 30030 30029 30229 30228 30227 30427 30426 30626 30625 30825 31025 31225 
Label: 22743
[252,1183218,]
15162 14962 14762 14562 14362 14162 13962 13762 13562 13362 13162 12962 12762 12562 12362 12162 11962 11961 11761 11760 11759 11758 11757 11756 11755 11754 11753 11752 11751 11750 11749 11748 11747 11746 11745 11744 11743 11742 11741 11740 11739 11738 11737 11736 11735 11734 11733 11732 11731 11730 11729 11728 11727 11726 11725 11724 11924 11923 12123 12323 12322 12522 12722 12721 12921 13121 13321 13320 13520 13720 13719 13718 13717 13716 13715 13714 13713 13712 13711 13710 13709 13708 13707 13706 13705 13704 13703 13702 13701 13700 13699 13698 13697 13696 13695 13694 13693 13692 13691 13690 13689 13688 13687 13686 13685 13684 13683 13682 13681 13680 13679 13678 13677 13676 13876 14076 14276 14476 14676 14876 15076 15276 15476 15676 15876 16076 16276 16275 16475 16675 16875 16874 17074 17073 17273 17473 17472 17672 17671 17670 17870 17869 18069 18068 18268 18267 18266 18466 18465 18665 18664 18663 18863 18862 18861 18860 19060 19059 19058 19258 19257 19457 19456 19656 19856 20056 20055 20255 20455 20655 20855 21055 21255 21254 21454 21654 21854 21853 22053 22052 22252 22251 22451 22450 22650 22649 22849 22848 23048 23047 23247 23246 23245 23445 23645 23644 23844 24044 24043 24243 24443 24643 24843 25043 25243 25242 25442 25642 25842 26042 26242 26442 26642 26842 27042 27242 27442 27642 27842 28042 28242 28442 28642 28842 28841 29041 29241 29240 29440 29640 29639 29839 29838 29837 30037 30036 30035 30034 30033 30032 30031 30030 30029 30229 30228 30227 30427 30426 30626 30625 30825 31025 31225 
Label: 6851
[224,1581923,]
15162 14962 14762 14562 14561 14560 14559 14558 14557 14556 14555 14554 14553 14552 14551 14550 14549 14548 14547 14546 14545 14544 14543 14542 14541 14540 14539 14538 14537 14536 14535 14534 14533 14532 14531 14530 14529 14528 14527 14526 14525 14524 14523 14522 14521 14520 14519 14518 14517 14516 14515 14514 14513 14512 14511 14510 14509 14508 14507 14506 14505 14504 14503 14502 14501 14500 14499 14498 14497 14496 14495 14494 14493 14492 14491 14490 14489 14488 14487 14486 14485 14484 14483 14482 14481 14480 14479 14478 14477 14476 14676 14876 15076 15276 15476 15676 15876 16076 16276 16275 16475 16675 16875 16874 17074 17073 17273 17473 17472 17672 17671 17670 17870 17869 18069 18068 18268 18267 18266 18466 18465 18665 18664 18663 18863 18862 18861 18860 19060 19059 19058 19258 19257 19457 19456 19656 19856 20056 20055 20255 20455 20655 20855 21055 21255 21254 21454 21654 21854 21853 22053 22052 22252 22251 22451 22450 22650 22649 22849 22848 23048 23047 23247 23246 23245 23445 23645 23644 23844 24044 24043 24243 24443 24643 24843 25043 25243 25242 25442 25642 25842 26042 26242 26442 26642 26842 27042 27242 27442 27642 27842 28042 28242 28442 28642 28842 28841 29041 29241 29240 29440 29640 29639 29839 29838 29837 30037 30036 30035 30034 30033 30032 30031 30030 30029 30229 30228 30227 30427 30426 30626 30625 30825 31025 31225 
Label: 14703
[238,1363299,]
15162 14962 14762 14562 14362 14162 13962 13762 13562 13362 13162 13161 13160 13159 13158 13157 13156 13155 13154 13153 13152 13151 13150 13149 13148 13147 13146 13145 13144 13143 13142 13141 13140 13139 13138 13137 13136 13135 13134 13133 13132 13131 13130 13129 13128 13127 13126 13125 13124 13123 13122 13121 13321 13320 13520 13720 13719 13718 13717 13716 13715 13714 13713 13712 13711 13710 13709 13708 13707 13706 13705 13704 13703 13702 13701 13700 13699 13698 13697 13696 13695 13694 13693 13692 13691 13690 13689 13688 13687 13686 13685 13684 13683 13682 13681 13680 13679 13678 13677 13676 13876 14076 14276 14476 14676 14876 15076 15276 15476 15676 15876 16076 16276 16275 16475 16675 16875 16874 17074 17073 17273 17473 17472 17672 17671 17670 17870 17869 18069 18068 18268 18267 18266 18466 18465 18665 18664 18663 18863 18862 18861 18860 19060 19059 19058 19258 19257 19457 19456 19656 19856 20056 20055 20255 20455 20655 20855 21055 21255 21254 21454 21654 21854 21853 22053 22052 22252 22251 22451 22450 22650 22649 22849 22848 23048 23047 23247 23246 23245 23445 23645 23644 23844 24044 24043 24243 24443 24643 24843 25043 25243 25242 25442 25642 25842 26042 26242 26442 26642 26842 27042 27242 27442 27642 27842 28042 28242 28442 28642 28842 28841 29041 29241 29240 29440 29640 29639 29839 29838 29837 30037 30036 30035 30034 30033 30032 30031 30030 30029 30229 30228 30227 30427 30426 30626 30625 30825 31025 31225 
Label: 24619
[256,1175936,]
15162 14962 14762 14562 14362 14162 13962 13762 13562 13362 13162 12962 12762 12562 12362 12162 11962 11961 11761 11760 11560 11559 11558 11557 11556 11555 11554 11553 11552 11551 11550 11549 11548 11547 11546 11545 11544 11543 11542 11541 11540 11539 11538 11537 11536 11535 11534 11533 11532 11531 11530 11529 11528 11527 11526 11726 11725 11724 11924 11923 12123 12323 12322 12522 12722 12721 12921 13121 13321 13320 13520 13720 13719 13919 13918 13917 13916 13915 13914 13913 13912 13911 13910 13909 13908 13907 13906 13905 13904 13903 13703 13702 13701 13700 13699 13698 13697 13696 13695 13694 13693 13692 13691 13690 13689 13688 13687 13686 13685 13684 13683 13682 13681 13680 13679 13678 13677 13676 13876 14076 14276 14476 14676 14876 15076 15276 15476 15676 15876 16076 16276 16275 16475 16675 16875 16874 17074 17073 17273 17473 17472 17672 17671 17670 17870 17869 18069 18068 18268 18267 18266 18466 18465 18665 18664 18663 18863 18862 18861 18860 19060 19059 19058 19258 19257 19457 19456 19656 19856 20056 20055 20255 20455 20655 20855 21055 21255 21254 21454 21654 21854 21853 22053 22052 22252 22251 22451 22450 22650 22649 22849 22848 23048 23047 23247 23246 23245 23445 23645 23644 23844 24044 24043 24243 24443 24643 24843 25043 25243 25242 25442 25642 25842 26042 26242 26442 26642 26842 27042 27242 27442 27642 27842 28042 28242 28442 28642 28842 28841 29041 29241 29240 29440 29640 29639 29839 29838 29837 30037 30036 30035 30034 30033 30032 30031 30030 30029 30229 30228 30227 30427 30426 30626 30625 30825 31025 31225 
Label: 8147
[226,1528125,]
15162 14962 14762 14562 14362 14361 14360 14359 14358 14357 14356 14355 14354 14353 14352 14351 14350 14349 14348 14347 14346 14345 14344 14343 14342 14341 14340 14339 14338 14337 14336 14335 14334 14333 14332 14331 14330 14329 14328 14327 14326 14325 14324 14323 14322 14321 14320 14319 14318 14317 14316 14315 14314 14313 14312 14311 14310 14309 14308 14307 14306 14305 14304 14303 14302 14301 14300 14299 14298 14297 14296 14295 14294 14293 14292 14291 14290 14289 14288 14287 14286 14285 14284 14283 14282 14281 14280 14279 14278 14277 14276 14476 14676 14876 15076 15276 15476 15676 15876 16076 16276 16275 16475 16675 16875 16874 17074 17073 17273 17473 17472 17672 17671 17670 17870 17869 18069 18068 18268 18267 18266 18466 18465 18665 18664 18663 18863 18862 18861 18860 19060 19059 19058 19258 19257 19457 19456 19656 19856 20056 20055 20255 20455 20655 20855 21055 21255 21254 21454 21654 21854 21853 22053 22052 22252 22251 22451 22450 22650 22649 22849 22848 23048 23047 23247 23246 23245 23445 23645 23644 23844 24044 24043 24243 24443 24643 24843 25043 25243 25242 25442 25642 25842 26042 26242 26442 26642 26842 27042 27242 27442 27642 27842 28042 28242 28442 28642 28842 28841 29041 29241 29240 29440 29640 29639 29839 29838 29837 30037 30036 30035 30034 30033 30032 30031 30030 30029 30229 30228 30227 30427 30426 30626 30625 30825 31025 31225 
Label: 12515
[234,1412696,]
15162 14962 14762 14562 14362 14162 13962 13762 13562 13561 13560 13559 13558 13557 13556 13555 13554 13553 13552 13551 13550 13549 13548 13547 13546 13545 13544 13543 13542 13541 13540 13539 13538 13537 13536 13535 13534 13533 13532 13531 13530 13529 13528 13527 13526 13525 13524 13523 13522 13521 13520 13720 13719 13718 13717 13716 13715 13714 13713 13712 13711 13710 13709 13708 13707 13706 13705 13704 13703 13702 13701 13700 13699 13698 13697 13696 13695 13694 13693 13692 13691 13690 13689 13688 13687 13686 13685 13684 13683 13682 13681 13680 13679 13678 13677 13676 13876 14076 14276 14476 14676 14876 15076 15276 15476 15676 15876 16076 16276 16275 16475 16675 16875 16874 17074 17073 17273 17473 17472 17672 17671 17670 17870 17869 18069 18068 18268 18267 18266 18466 18465 18665 18664 18663 18863 18862 18861 18860 19060 19059 19058 19258 19257 19457 19456 19656 19856 20056 20055 20255 20455 20655 20855 21055 21255 21254 21454 21654 21854 21853 22053 22052 22252 22251 22451 22450 22650 22649 22849 22848 23048 23047 23247 23246 23245 23445 23645 23644 23844 24044 24043 24243 24443 24643 24843 25043 25243 25242 25442 25642 25842 26042 26242 26442 26642 26842 27042 27242 27442 27642 27842 28042 28242 28442 28642 28842 28841 29041 29241 29240 29440 29640 29639 29839 29838 29837 30037 30036 30035 30034 30033 30032 30031 30030 30029 30229 30228 30227 30427 30426 30626 30625 30825 31025 31225 
Label: 13607
[236,1389619,]
15162 14962 14762 14562 14362 14162 13962 13762 13562 13362 13361 13360 13359 13358 13357 13356 13355 13354 13353 13352 13351 13350 13349 13348 13347 13346 13345 13344 13343 13342 13341 13340 13339 13338 13337 13336 13335 13334 13333 13332 13331 13330 13329 13328 13327 13326 13325 13324 13323 13322 13321 13320 13520 13720 13719 13718 13717 13716 13715 13714 13713 13712 13711 13710 13709 13708 13707 13706 13705 13704 13703 13702 13701 13700 13699 13698 13697 13696 13695 13694 13693 13692 13691 13690 13689 13688 13687 13686 13685 13684 13683 13682 13681 13680 13679 13678 13677 13676 13876 14076 14276 14476 14676 14876 15076 15276 15476 15676 15876 16076 16276 16275 16475 16675 16875 16874 17074 17073 17273 17473 17472 17672 17671 17670 17870 17869 18069 18068 18268 18267 18266 18466 18465 18665 18664 18663 18863 18862 18861 18860 19060 19059 19058 19258 19257 19457 19456 19656 19856 20056 20055 20255 20455 20655 20855 21055 21255 21254 21454 21654 21854 21853 22053 22052 22252 22251 22451 22450 22650 22649 22849 22848 23048 23047 23247 23246 23245 23445 23645 23644 23844 24044 24043 24243 24443 24643 24843 25043 25243 25242 25442 25642 25842 26042 26242 26442 26642 26842 27042 27242 27442 27642 27842 28042 28242 28442 28642 28842 28841 29041 29241 29240 29440 29640 29639 29839 29838 29837 30037 30036 30035 30034 30033 30032 30031 30030 30029 30229 30228 30227 30427 30426 30626 30625 30825 31025 31225 
Label: 11443
[232,1432085,]
15162 14962 14762 14562 14362 14162 13962 13762 13761 13760 13759 13758 13757 13756 13755 13754 13753 13752 13751 13750 13749 13748 13747 13746 13745 13744 13743 13742 13741 13740 13739 13738 13737 13736 13735 13734 13733 13732 13731 13730 13729 13728 13727 13726 13725 13724 13723 13722 13721 13720 13719 13718 13717 13716 13715 13714 13713 13712 13711 13710 13709 13708 13707 13706 13705 13704 13703 13702 13701 13700 13699 13698 13697 13696 13695 13694 13693 13692 13691 13690 13689 13688 13687 13686 13685 13684 13683 13682 13681 13680 13679 13678 13677 13676 13876 14076 14276 14476 14676 14876 15076 15276 15476 15676 15876 16076 16276 16275 16475 16675 16875 16874 17074 17073 17273 17473 17472 17672 17671 17670 17870 17869 18069 18068 18268 18267 18266 18466 18465 18665 18664 18663 18863 18862 18861 18860 19060 19059 19058 19258 19257 19457 19456 19656 19856 20056 20055 20255 20455 20655 20855 21055 21255 21254 21454 21654 21854 21853 22053 22052 22252 22251 22451 22450 22650 22649 22849 22848 23048 23047 23247 23246 23245 23445 23645 23644 23844 24044 24043 24243 24443 24643 24843 25043 25243 25242 25442 25642 25842 26042 26242 26442 26642 26842 27042 27242 27442 27642 27842 28042 28242 28442 28642 28842 28841 29041 29241 29240 29440 29640 29639 29839 29838 29837 30037 30036 30035 30034 30033 30032 30031 30030 30029 30229 30228 30227 30427 30426 30626 30625 30825 31025 31225 
Label: 19215
[246,1244447,]
15162 14962 14762 14562 14362 14162 13962 13762 13562 13362 13162 12962 12762 12562 12362 12361 12360 12359 12358 12357 12356 12355 12354 12353 12352 12351 12350 12349 12348 12347 12346 12345 12344 12343 12342 12341 12340 12339 12338 12337 12336 12335 12334 12333 12332 12331 12330 12329 12328 12327 12326 12325 12324 12323 12322 12522 12722 12721 12921 13121 13321 13320 13520 13720 13719 13718 13717 13716 13715 13714 13713 13712 13711 13710 13709 13708 13707 13706 13705 13704 13703 13702 13701 13700 13699 13698 13697 13696 13695 13694 13693 13692 13691 13690 13689 13688 13687 13686 13685 13684 13683 13682 13681 13680 13679 13678 13677 13676 13876 14076 14276 14476 14676 14876 15076 15276 15476 15676 15876 16076 16276 16275 16475 16675 16875 16874 17074 17073 17273 17473 17472 17672 17671 17670 17870 17869 18069 18068 18268 18267 18266 18466 18465 18665 18664 18663 18863 18862 18861 18860 19060 19059 19058 19258 19257 19457 19456 19656 19856 20056 20055 20255 20455 20655 20855 21055 21255 21254 21454 21654 21854 21853 22053 22052 22252 22251 22451 22450 22650 22649 22849 22848 23048 23047 23247 23246 23245 23445 23645 23644 23844 24044 24043 24243 24443 24643 24843 25043 25243 25242 25442 25642 25842 26042 26242 26442 26642 26842 27042 27242 27442 27642 27842 28042 28242 28442 28642 28842 28841 29041 29241 29240 29440 29640 29639 29839 29838 29837 30037 30036 30035 30034 30033 30032 30031 30030 30029 30229 30228 30227 30427 30426 30626 30625 30825 31025 31225 
Label: 20375
[248,1218399,]
15162 14962 14762 14562 14362 14162 13962 13762 13562 13362 13162 12962 12762 12562 12362 12162 12161 12160 12159 12158 12157 12156 12155 12154 12153 12152 12151 12150 12149 12148 12147 12146 12145 12144 12143 12142 12141 12140 12139 12138 12137 12136 12135 12134 12133 12132 12131 12130 12129 12128 12127 12126 12125 12124 12123 12323 12322 12522 12722 12721 12921 13121 13321 13320 13520 13720 13719 13718 13717 13716 13715 13714 13713 13712 13711 13710 13709 13708 13707 13706 13705 13704 13703 13702 13701 13700 13699 13698 13697 13696 13695 13694 13693 13692 13691 13690 13689 13688 13687 13686 13685 13684 13683 13682 13681 13680 13679 13678 13677 13676 13876 14076 14276 14476 14676 14876 15076 15276 15476 15676 15876 16076 16276 16275 16475 16675 16875 16874 17074 17073 17273 17473 17472 17672 17671 17670 17870 17869 18069 18068 18268 18267 18266 18466 18465 18665 18664 18663 18863 18862 18861 18860 19060 19059 19058 19258 19257 19457 19456 19656 19856 20056 20055 20255 20455 20655 20855 21055 21255 21254 21454 21654 21854 21853 22053 22052 22252 22251 22451 22450 22650 22649 22849 22848 23048 23047 23247 23246 23245 23445 23645 23644 23844 24044 24043 24243 24443 24643 24843 25043 25243 25242 25442 25642 25842 26042 26242 26442 26642 26842 27042 27242 27442 27642 27842 28042 28242 28442 28642 28842 28841 29041 29241 29240 29440 29640 29639 29839 29838 29837 30037 30036 30035 30034 30033 30032 30031 30030 30029 30229 30228 30227 30427 30426 30626 30625 30825 31025 31225 
