graph_load_time: 0.309794
n_generated: 142560
n_expanded: 73227
n_domCheck: 539277
rt_initHeu: 0.307793
rt_search: 2.35335
N: 18
Label: 286835
[267,307260,]
10131 10130 10129 10128 10127 10126 10125 10124 10123 9923 9723 9523 9323 9123 8923 8922 8921 8920 8919 8918 8917 8916 8915 8914 8913 8912 8911 8910 8909 8908 8907 8906 8905 8904 8903 8902 8901 8900 9100 9099 9299 9298 9498 9497 9697 9696 9695 9895 9894 10094 10093 10293 10292 10291 10491 10490 10489 10689 10688 10687 10887 10886 10885 11085 11084 11284 11283 11282 11482 11481 11681 11881 11880 12080 12079 12279 12278 12478 12678 12677 12877 13077 13277 13477 13677 13877 14077 14277 14276 14476 14475 14675 14674 14874 14873 15073 15072 15272 15271 15471 15470 15670 15669 15869 16069 16068 16268 16267 16467 16667 16666 16866 16865 17065 17265 17465 17464 17664 17864 18064 18264 18464 18664 18864 19064 19264 19464 19664 19663 19863 20063 20062 20262 20462 20461 20661 20660 20860 21060 21059 21259 21459 21458 21658 21858 22058 22258 22458 22457 22657 22857 23057 23257 23256 23456 23656 23655 23855 23854 24054 24053 24253 24252 24251 24250 24249 24248 24247 24246 24245 24244 24243 24242 24241 24240 24239 24238 24237 24236 24235 24234 24233 24232 24231 24230 24229 24228 24227 24226 24225 24224 24223 24222 24221 24220 24219 24218 24217 24216 24215 24214 24213 24212 24211 24210 24209 24208 24207 24206 24205 24204 24203 24202 24201 24200 24400 24600 24800 25000 25200 25400 25600 25800 26000 26200 26400 26600 26800 27000 27200 27400 27600 27800 28000 28200 28400 28600 28800 29000 29200 29400 29600 29800 30000 30001 30002 30003 30004 30005 30006 30007 30207 30208 30209 30210 30410 30411 30412 30612 30812 31012 31212 31412 31612 31812 32012 32212 32412 
Label: 281817
[265,326360,]
10131 10130 10129 10128 10127 10126 10125 10124 10123 9923 9723 9523 9323 9123 9122 9121 9120 9119 9118 9117 9116 9115 9114 9113 9112 9111 9110 9109 9108 9107 9106 9105 9104 9103 9102 9101 9100 9099 9299 9298 9498 9497 9697 9696 9695 9895 9894 10094 10093 10293 10292 10291 10491 10490 10489 10689 10688 10687 10887 10886 10885 11085 11084 11284 11283 11282 11482 11481 11681 11881 11880 12080 12079 12279 12278 12478 12678 12677 12877 13077 13277 13477 13677 13877 14077 14277 14276 14476 14475 14675 14674 14874 14873 15073 15072 15272 15271 15471 15470 15670 15669 15869 16069 16068 16268 16267 16467 16667 16666 16866 16865 17065 17265 17465 17464 17664 17864 18064 18264 18464 18664 18864 19064 19264 19464 19664 19663 19863 20063 20062 20262 20462 20461 20661 20660 20860 21060 21059 21259 21459 21458 21658 21858 22058 22258 22458 22457 22657 22857 23057 23257 23256 23456 23656 23655 23855 23854 24054 24053 24253 24252 24251 24250 24249 24248 24247 24246 24245 24244 24243 24242 24241 24240 24239 24238 24237 24236 24235 24234 24233 24232 24231 24230 24229 24228 24227 24226 24225 24224 24223 24222 24221 24220 24219 24218 24217 24216 24215 24214 24213 24212 24211 24210 24209 24208 24207 24206 24205 24204 24203 24202 24201 24200 24400 24600 24800 25000 25200 25400 25600 25800 26000 26200 26400 26600 26800 27000 27200 27400 27600 27800 28000 28200 28400 28600 28800 29000 29200 29400 29600 29800 30000 30001 30002 30003 30004 30005 30006 30007 30207 30208 30209 30210 30410 30411 30412 30612 30812 31012 31212 31412 31612 31812 32012 32212 32412 
Label: 160539
[245,345681,]
10131 10130 10129 10128 10127 10126 10125 10124 10123 9923 9723 9523 9323 9123 8923 8723 8722 8721 8720 8719 8718 8717 8716 8715 8714 8713 8712 8711 8710 8709 8708 8707 8706 8705 8704 8703 8702 8701 8901 8900 9100 9099 9299 9298 9498 9497 9697 9696 9695 9895 9894 10094 10093 10293 10292 10291 10491 10490 10489 10689 10688 10687 10887 10886 10885 11085 11084 11284 11283 11282 11482 11481 11681 11881 11880 12080 12079 12279 12278 12478 12678 12677 12877 13077 13277 13477 13677 13877 14077 14277 14276 14476 14475 14675 14674 14874 14873 15073 15072 15272 15271 15471 15470 15670 15669 15869 16069 16068 16268 16267 16467 16667 16666 16866 16865 17065 17265 17465 17464 17664 17864 18064 18264 18464 18664 18864 19064 19264 19464 19664 19663 19863 20063 20062 20262 20462 20461 20661 20660 20860 21060 21059 21259 21459 21458 21658 21858 22058 22258 22458 22457 22657 22857 23057 23257 23256 23456 23656 23655 23855 23854 24054 24053 24253 24252 24452 24652 24852 25052 25252 25452 25652 25852 26052 26252 26452 26652 26852 27052 27252 27452 27652 27852 28052 28252 28452 28652 28852 28851 29051 29251 29451 29651 29851 30051 30050 30250 30249 30248 30247 30246 30245 30244 30243 30242 30241 30240 30239 30238 30237 30236 30235 30234 30233 30232 30231 30230 30229 30228 30227 30226 30225 30224 30223 30222 30221 30220 30219 30218 30217 30216 30215 30214 30414 30413 30412 30612 30812 31012 31212 31412 31612 31812 32012 32212 32412 
Label: 292663
[279,283741,]
10131 10130 10129 10128 10127 10126 10125 10124 10123 9923 9723 9523 9323 9123 8923 8723 8523 8323 8322 8321 8320 8319 8318 8317 8316 8315 8314 8313 8312 8311 8310 8309 8308 8307 8306 8305 8304 8303 8503 8502 8702 8701 8901 8900 9100 9099 9299 9298 9498 9497 9697 9696 9695 9895 9894 10094 10093 10293 10292 10291 10491 10490 10489 10689 10688 10687 10887 10886 10885 11085 11084 11284 11283 11282 11482 11481 11681 11881 11880 12080 12079 12279 12278 12478 12678 12677 12877 13077 13277 13477 13677 13877 14077 14277 14276 14476 14475 14675 14674 14874 14873 15073 15072 15272 15271 15471 15470 15670 15669 15869 16069 16068 16268 16267 16467 16667 16666 16866 16865 17065 17265 17465 17464 17664 17864 18064 18264 18464 18664 18864 19064 19264 19464 19664 19663 19863 20063 20062 20262 20462 20461 20661 20660 20860 21060 21059 21259 21459 21458 21658 21858 22058 22258 22458 22457 22657 22857 23057 23257 23256 23456 23656 23655 23855 23854 24054 24053 24253 24252 24452 24451 24651 24650 24850 24849 24848 24847 24846 24845 24844 24843 24842 24841 24840 24839 24639 24638 24637 24636 24635 24634 24633 24632 24631 24431 24430 24429 24428 24427 24426 24425 24424 24423 24223 24222 24221 24220 24219 24218 24217 24216 24215 24214 24213 24212 24211 24210 24209 24208 24207 24206 24205 24204 24203 24202 24201 24200 24400 24600 24800 25000 25200 25400 25600 25800 26000 26200 26400 26600 26800 27000 27200 27400 27600 27800 28000 28200 28400 28600 28800 29000 29200 29400 29600 29800 30000 30001 30002 30003 30004 30005 30006 30007 30207 30208 30209 30210 30410 30411 30412 30612 30812 31012 31212 31412 31612 31812 32012 32212 32412 
Label: 291753
[273,284568,]
10131 10130 10129 10128 10127 10126 10125 10124 10123 9923 9723 9523 9323 9123 8923 8723 8523 8323 8322 8321 8320 8319 8318 8317 8316 8315 8314 8313 8312 8311 8310 8309 8308 8307 8306 8305 8304 8303 8503 8502 8702 8701 8901 8900 9100 9099 9299 9298 9498 9497 9697 9696 9695 9895 9894 10094 10093 10293 10292 10291 10491 10490 10489 10689 10688 10687 10887 10886 10885 11085 11084 11284 11283 11282 11482 11481 11681 11881 11880 12080 12079 12279 12278 12478 12678 12677 12877 13077 13277 13477 13677 13877 14077 14277 14276 14476 14475 14675 14674 14874 14873 15073 15072 15272 15271 15471 15470 15670 15669 15869 16069 16068 16268 16267 16467 16667 16666 16866 16865 17065 17265 17465 17464 17664 17864 18064 18264 18464 18664 18864 19064 19264 19464 19664 19663 19863 20063 20062 20262 20462 20461 20661 20660 20860 21060 21059 21259 21459 21458 21658 21858 22058 22258 22458 22457 22657 22857 23057 23257 23256 23456 23656 23655 23855 23854 24054 24053 24253 24252 24251 24250 24249 24248 24247 24246 24245 24244 24243 24242 24241 24240 24239 24238 24237 24236 24235 24234 24233 24232 24231 24230 24229 24228 24227 24226 24225 24224 24223 24222 24221 24220 24219 24218 24217 24216 24215 24214 24213 24212 24211 24210 24209 24208 24207 24206 24205 24204 24203 24202 24201 24200 24400 24600 24800 25000 25200 25400 25600 25800 26000 26200 26400 26600 26800 27000 27200 27400 27600 27800 28000 28200 28400 28600 28800 29000 29200 29400 29600 29800 30000 30001 30002 30003 30004 30005 30006 30007 30207 30208 30209 30210 30410 30411 30412 30612 30812 31012 31212 31412 31612 31812 32012 32212 32412 
Label: 292457
[277,283748,]
10131 10130 10129 10128 10127 10126 10125 10124 10123 9923 9723 9523 9323 9123 8923 8723 8523 8323 8322 8321 8320 8319 8318 8317 8316 8315 8314 8313 8312 8311 8310 8309 8308 8307 8306 8305 8304 8303 8503 8502 8702 8701 8901 8900 9100 9099 9299 9298 9498 9497 9697 9696 9695 9895 9894 10094 10093 10293 10292 10291 10491 10490 10489 10689 10688 10687 10887 10886 10885 11085 11084 11284 11283 11282 11482 11481 11681 11881 11880 12080 12079 12279 12278 12478 12678 12677 12877 13077 13277 13477 13677 13877 14077 14277 14276 14476 14475 14675 14674 14874 14873 15073 15072 15272 15271 15471 15470 15670 15669 15869 16069 16068 16268 16267 16467 16667 16666 16866 16865 17065 17265 17465 17464 17664 17864 18064 18264 18464 18664 18864 19064 19264 19464 19664 19663 19863 20063 20062 20262 20462 20461 20661 20660 20860 21060 21059 21259 21459 21458 21658 21858 22058 22258 22458 22457 22657 22857 23057 23257 23256 23456 23656 23655 23855 23854 24054 24053 24253 24252 24452 24451 24651 24650 24649 24648 24647 24646 24645 24644 24643 24642 24641 24640 24639 24638 24637 24636 24635 24634 24633 24632 24631 24431 24430 24429 24428 24427 24426 24425 24424 24423 24223 24222 24221 24220 24219 24218 24217 24216 24215 24214 24213 24212 24211 24210 24209 24208 24207 24206 24205 24204 24203 24202 24201 24200 24400 24600 24800 25000 25200 25400 25600 25800 26000 26200 26400 26600 26800 27000 27200 27400 27600 27800 28000 28200 28400 28600 28800 29000 29200 29400 29600 29800 30000 30001 30002 30003 30004 30005 30006 30007 30207 30208 30209 30210 30410 30411 30412 30612 30812 31012 31212 31412 31612 31812 32012 32212 32412 
Label: 291007
[271,286541,]
10131 10130 10129 10128 10127 10126 10125 10124 10123 9923 9723 9523 9323 9123 8923 8723 8523 8522 8521 8520 8519 8518 8517 8516 8515 8514 8513 8512 8511 8510 8509 8508 8507 8506 8505 8504 8503 8502 8702 8701 8901 8900 9100 9099 9299 9298 9498 9497 9697 9696 9695 9895 9894 10094 10093 10293 10292 10291 10491 10490 10489 10689 10688 10687 10887 10886 10885 11085 11084 11284 11283 11282 11482 11481 11681 11881 11880 12080 12079 12279 12278 12478 12678 12677 12877 13077 13277 13477 13677 13877 14077 14277 14276 14476 14475 14675 14674 14874 14873 15073 15072 15272 15271 15471 15470 15670 15669 15869 16069 16068 16268 16267 16467 16667 16666 16866 16865 17065 17265 17465 17464 17664 17864 18064 18264 18464 18664 18864 19064 19264 19464 19664 19663 19863 20063 20062 20262 20462 20461 20661 20660 20860 21060 21059 21259 21459 21458 21658 21858 22058 22258 22458 22457 22657 22857 23057 23257 23256 23456 23656 23655 23855 23854 24054 24053 24253 24252 24251 24250 24249 24248 24247 24246 24245 24244 24243 24242 24241 24240 24239 24238 24237 24236 24235 24234 24233 24232 24231 24230 24229 24228 24227 24226 24225 24224 24223 24222 24221 24220 24219 24218 24217 24216 24215 24214 24213 24212 24211 24210 24209 24208 24207 24206 24205 24204 24203 24202 24201 24200 24400 24600 24800 25000 25200 25400 25600 25800 26000 26200 26400 26600 26800 27000 27200 27400 27600 27800 28000 28200 28400 28600 28800 29000 29200 29400 29600 29800 30000 30001 30002 30003 30004 30005 30006 30007 30207 30208 30209 30210 30410 30411 30412 30612 30812 31012 31212 31412 31612 31812 32012 32212 32412 
Label: 24923
[231,513078,]
10131 10331 10531 10731 10931 11131 11331 11531 11731 11931 12131 12331 12531 12731 12931 13131 13331 13531 13731 13931 14131 14331 14531 14731 14931 15131 15331 15531 15731 15931 16131 16331 16531 16731 16931 17131 17331 17531 17530 17529 17528 17527 17526 17525 17524 17523 17522 17521 17520 17519 17518 17517 17516 17515 17514 17714 17713 17712 17711 17710 17709 17909 17908 17907 17906 17905 17904 17903 17902 17901 17900 17899 17898 17897 17896 17895 17894 17893 18093 18293 18292 18492 18692 18691 18891 19091 19291 19491 19691 19891 20091 20291 20491 20691 20891 21091 21291 21491 21691 21891 22091 22291 22491 22691 22891 23091 23291 23491 23691 23891 24091 24291 24491 24691 24891 25091 25291 25491 25691 25891 26091 26291 26491 26691 26891 27091 27291 27491 27691 27690 27890 28090 28089 28289 28288 28488 28487 28687 28686 28886 28885 29085 29084 29083 29082 29282 29281 29280 29480 29479 29478 29477 29677 29676 29675 29875 29874 29873 29872 29871 30071 30070 30069 30068 30067 30066 30065 30064 30063 30062 30061 30060 30059 30058 30057 30056 30055 30054 30053 30052 30051 30050 30250 30249 30248 30247 30246 30245 30244 30243 30242 30241 30240 30239 30238 30237 30236 30235 30234 30233 30232 30231 30230 30229 30228 30227 30226 30225 30224 30223 30222 30221 30220 30219 30218 30217 30216 30215 30214 30414 30413 30412 30612 30812 31012 31212 31412 31612 31812 32012 32212 32412 
Label: 106407
[239,402676,]
10131 10130 10129 10128 10127 10126 10125 10124 10123 9923 9723 9523 9323 9322 9321 9320 9319 9318 9317 9316 9315 9314 9313 9312 9311 9310 9309 9308 9307 9306 9305 9304 9303 9302 9301 9300 9299 9298 9498 9497 9697 9696 9695 9895 9894 10094 10093 10293 10292 10291 10491 10490 10489 10689 10688 10687 10887 10886 10885 11085 11084 11284 11283 11282 11482 11481 11681 11881 11880 12080 12079 12279 12278 12478 12678 12677 12877 13077 13277 13477 13677 13877 14077 14277 14276 14476 14475 14675 14674 14874 14873 15073 15072 15272 15271 15471 15470 15670 15669 15869 16069 16068 16268 16267 16467 16667 16666 16866 16865 17065 17265 17465 17464 17664 17864 18064 18264 18464 18664 18864 19064 19264 19464 19664 19663 19863 20063 20062 20262 20462 20461 20661 20660 20860 21060 21059 21259 21459 21458 21658 21858 22058 22258 22458 22457 22657 22857 23057 23257 23256 23456 23656 23655 23855 23854 24054 24053 24253 24252 24452 24652 24852 25052 25252 25452 25652 25852 26052 26252 26452 26652 26852 27052 27252 27452 27652 27852 28052 28252 28452 28652 28852 28851 29051 29251 29451 29651 29851 30051 30050 30250 30249 30248 30247 30246 30245 30244 30243 30242 30241 30240 30239 30238 30237 30236 30235 30234 30233 30232 30231 30230 30229 30228 30227 30226 30225 30224 30223 30222 30221 30220 30219 30218 30217 30216 30215 30214 30414 30413 30412 30612 30812 31012 31212 31412 31612 31812 32012 32212 32412 
Label: 292223
[275,283869,]
10131 10130 10129 10128 10127 10126 10125 10124 10123 9923 9723 9523 9323 9123 8923 8723 8523 8323 8322 8321 8320 8319 8318 8317 8316 8315 8314 8313 8312 8311 8310 8309 8308 8307 8306 8305 8304 8303 8503 8502 8702 8701 8901 8900 9100 9099 9299 9298 9498 9497 9697 9696 9695 9895 9894 10094 10093 10293 10292 10291 10491 10490 10489 10689 10688 10687 10887 10886 10885 11085 11084 11284 11283 11282 11482 11481 11681 11881 11880 12080 12079 12279 12278 12478 12678 12677 12877 13077 13277 13477 13677 13877 14077 14277 14276 14476 14475 14675 14674 14874 14873 15073 15072 15272 15271 15471 15470 15670 15669 15869 16069 16068 16268 16267 16467 16667 16666 16866 16865 17065 17265 17465 17464 17664 17864 18064 18264 18464 18664 18864 19064 19264 19464 19664 19663 19863 20063 20062 20262 20462 20461 20661 20660 20860 21060 21059 21259 21459 21458 21658 21858 22058 22258 22458 22457 22657 22857 23057 23257 23256 23456 23656 23655 23855 23854 24054 24053 24253 24252 24452 24451 24450 24449 24448 24447 24446 24445 24444 24443 24442 24441 24440 24439 24438 24437 24436 24435 24434 24433 24432 24431 24430 24429 24428 24427 24426 24425 24424 24423 24223 24222 24221 24220 24219 24218 24217 24216 24215 24214 24213 24212 24211 24210 24209 24208 24207 24206 24205 24204 24203 24202 24201 24200 24400 24600 24800 25000 25200 25400 25600 25800 26000 26200 26400 26600 26800 27000 27200 27400 27600 27800 28000 28200 28400 28600 28800 29000 29200 29400 29600 29800 30000 30001 30002 30003 30004 30005 30006 30007 30207 30208 30209 30210 30410 30411 30412 30612 30812 31012 31212 31412 31612 31812 32012 32212 32412 
Label: 50015
[233,497689,]
10131 10130 10129 10128 10127 10126 10125 10124 10123 10122 9922 9921 9920 9919 9918 9917 9916 9915 9914 9913 9912 9911 9910 9909 9908 9907 9906 9905 9904 9903 9902 9901 9900 9899 9898 9897 9896 9895 9894 10094 10093 10293 10292 10291 10491 10490 10489 10689 10688 10687 10887 10886 10885 11085 11084 11284 11283 11282 11482 11481 11681 11881 11880 12080 12079 12279 12278 12478 12678 12677 12877 13077 13277 13477 13677 13877 14077 14277 14276 14476 14475 14675 14674 14874 14873 15073 15072 15272 15271 15471 15470 15670 15669 15869 16069 16068 16268 16267 16467 16667 16666 16866 16865 17065 17265 17465 17464 17664 17864 18064 18264 18464 18664 18864 19064 19264 19464 19664 19663 19863 20063 20062 20262 20462 20461 20661 20660 20860 21060 21059 21259 21459 21458 21658 21858 22058 22258 22458 22457 22657 22857 23057 23257 23256 23456 23656 23655 23855 23854 24054 24053 24253 24252 24452 24652 24852 25052 25252 25452 25652 25852 26052 26252 26452 26652 26852 27052 27252 27452 27652 27852 28052 28252 28452 28652 28852 28851 29051 29251 29451 29651 29851 30051 30050 30250 30249 30248 30247 30246 30245 30244 30243 30242 30241 30240 30239 30238 30237 30236 30235 30234 30233 30232 30231 30230 30229 30228 30227 30226 30225 30224 30223 30222 30221 30220 30219 30218 30217 30216 30215 30214 30414 30413 30412 30612 30812 31012 31212 31412 31612 31812 32012 32212 32412 
Label: 179287
[247,338206,]
10131 10130 10129 10128 10127 10126 10125 10124 10123 9923 9723 9523 9323 9123 8923 8723 8523 8522 8521 8520 8519 8518 8517 8516 8515 8514 8513 8512 8511 8510 8509 8508 8507 8506 8505 8504 8503 8502 8702 8701 8901 8900 9100 9099 9299 9298 9498 9497 9697 9696 9695 9895 9894 10094 10093 10293 10292 10291 10491 10490 10489 10689 10688 10687 10887 10886 10885 11085 11084 11284 11283 11282 11482 11481 11681 11881 11880 12080 12079 12279 12278 12478 12678 12677 12877 13077 13277 13477 13677 13877 14077 14277 14276 14476 14475 14675 14674 14874 14873 15073 15072 15272 15271 15471 15470 15670 15669 15869 16069 16068 16268 16267 16467 16667 16666 16866 16865 17065 17265 17465 17464 17664 17864 18064 18264 18464 18664 18864 19064 19264 19464 19664 19663 19863 20063 20062 20262 20462 20461 20661 20660 20860 21060 21059 21259 21459 21458 21658 21858 22058 22258 22458 22457 22657 22857 23057 23257 23256 23456 23656 23655 23855 23854 24054 24053 24253 24252 24452 24652 24852 25052 25252 25452 25652 25852 26052 26252 26452 26652 26852 27052 27252 27452 27652 27852 28052 28252 28452 28652 28852 28851 29051 29251 29451 29651 29851 30051 30050 30250 30249 30248 30247 30246 30245 30244 30243 30242 30241 30240 30239 30238 30237 30236 30235 30234 30233 30232 30231 30230 30229 30228 30227 30226 30225 30224 30223 30222 30221 30220 30219 30218 30217 30216 30215 30214 30414 30413 30412 30612 30812 31012 31212 31412 31612 31812 32012 32212 32412 
Label: 198571
[249,336233,]
10131 10130 10129 10128 10127 10126 10125 10124 10123 9923 9723 9523 9323 9123 8923 8723 8523 8323 8322 8321 8320 8319 8318 8317 8316 8315 8314 8313 8312 8311 8310 8309 8308 8307 8306 8305 8304 8303 8503 8502 8702 8701 8901 8900 9100 9099 9299 9298 9498 9497 9697 9696 9695 9895 9894 10094 10093 10293 10292 10291 10491 10490 10489 10689 10688 10687 10887 10886 10885 11085 11084 11284 11283 11282 11482 11481 11681 11881 11880 12080 12079 12279 12278 12478 12678 12677 12877 13077 13277 13477 13677 13877 14077 14277 14276 14476 14475 14675 14674 14874 14873 15073 15072 15272 15271 15471 15470 15670 15669 15869 16069 16068 16268 16267 16467 16667 16666 16866 16865 17065 17265 17465 17464 17664 17864 18064 18264 18464 18664 18864 19064 19264 19464 19664 19663 19863 20063 20062 20262 20462 20461 20661 20660 20860 21060 21059 21259 21459 21458 21658 21858 22058 22258 22458 22457 22657 22857 23057 23257 23256 23456 23656 23655 23855 23854 24054 24053 24253 24252 24452 24652 24852 25052 25252 25452 25652 25852 26052 26252 26452 26652 26852 27052 27252 27452 27652 27852 28052 28252 28452 28652 28852 28851 29051 29251 29451 29651 29851 30051 30050 30250 30249 30248 30247 30246 30245 30244 30243 30242 30241 30240 30239 30238 30237 30236 30235 30234 30233 30232 30231 30230 30229 30228 30227 30226 30225 30224 30223 30222 30221 30220 30219 30218 30217 30216 30215 30214 30414 30413 30412 30612 30812 31012 31212 31412 31612 31812 32012 32212 32412 
Label: 70971
[235,464371,]
10131 10130 10129 10128 10127 10126 10125 10124 10123 9923 9723 9722 9721 9720 9719 9718 9717 9716 9715 9714 9713 9712 9711 9710 9709 9708 9707 9706 9705 9704 9703 9702 9701 9700 9699 9698 9697 9696 9695 9895 9894 10094 10093 10293 10292 10291 10491 10490 10489 10689 10688 10687 10887 10886 10885 11085 11084 11284 11283 11282 11482 11481 11681 11881 11880 12080 12079 12279 12278 12478 12678 12677 12877 13077 13277 13477 13677 13877 14077 14277 14276 14476 14475 14675 14674 14874 14873 15073 15072 15272 15271 15471 15470 15670 15669 15869 16069 16068 16268 16267 16467 16667 16666 16866 16865 17065 17265 17465 17464 17664 17864 18064 18264 18464 18664 18864 19064 19264 19464 19664 19663 19863 20063 20062 20262 20462 20461 20661 20660 20860 21060 21059 21259 21459 21458 21658 21858 22058 22258 22458 22457 22657 22857 23057 23257 23256 23456 23656 23655 23855 23854 24054 24053 24253 24252 24452 24652 24852 25052 25252 25452 25652 25852 26052 26252 26452 26652 26852 27052 27252 27452 27652 27852 28052 28252 28452 28652 28852 28851 29051 29251 29451 29651 29851 30051 30050 30250 30249 30248 30247 30246 30245 30244 30243 30242 30241 30240 30239 30238 30237 30236 30235 30234 30233 30232 30231 30230 30229 30228 30227 30226 30225 30224 30223 30222 30221 30220 30219 30218 30217 30216 30215 30214 30414 30413 30412 30612 30812 31012 31212 31412 31612 31812 32012 32212 32412 
Label: 289761
[269,294016,]
10131 10130 10129 10128 10127 10126 10125 10124 10123 9923 9723 9523 9323 9123 8923 8723 8722 8721 8720 8719 8718 8717 8716 8715 8714 8713 8712 8711 8710 8709 8708 8707 8706 8705 8704 8703 8702 8701 8901 8900 9100 9099 9299 9298 9498 9497 9697 9696 9695 9895 9894 10094 10093 10293 10292 10291 10491 10490 10489 10689 10688 10687 10887 10886 10885 11085 11084 11284 11283 11282 11482 11481 11681 11881 11880 12080 12079 12279 12278 12478 12678 12677 12877 13077 13277 13477 13677 13877 14077 14277 14276 14476 14475 14675 14674 14874 14873 15073 15072 15272 15271 15471 15470 15670 15669 15869 16069 16068 16268 16267 16467 16667 16666 16866 16865 17065 17265 17465 17464 17664 17864 18064 18264 18464 18664 18864 19064 19264 19464 19664 19663 19863 20063 20062 20262 20462 20461 20661 20660 20860 21060 21059 21259 21459 21458 21658 21858 22058 22258 22458 22457 22657 22857 23057 23257 23256 23456 23656 23655 23855 23854 24054 24053 24253 24252 24251 24250 24249 24248 24247 24246 24245 24244 24243 24242 24241 24240 24239 24238 24237 24236 24235 24234 24233 24232 24231 24230 24229 24228 24227 24226 24225 24224 24223 24222 24221 24220 24219 24218 24217 24216 24215 24214 24213 24212 24211 24210 24209 24208 24207 24206 24205 24204 24203 24202 24201 24200 24400 24600 24800 25000 25200 25400 25600 25800 26000 26200 26400 26600 26800 27000 27200 27400 27600 27800 28000 28200 28400 28600 28800 29000 29200 29400 29600 29800 30000 30001 30002 30003 30004 30005 30006 30007 30207 30208 30209 30210 30410 30411 30412 30612 30812 31012 31212 31412 31612 31812 32012 32212 32412 
Label: 88791
[237,431982,]
10131 10130 10129 10128 10127 10126 10125 10124 10123 9923 9723 9523 9522 9521 9520 9519 9518 9517 9516 9515 9514 9513 9512 9511 9510 9509 9508 9507 9506 9505 9504 9503 9502 9501 9500 9499 9498 9497 9697 9696 9695 9895 9894 10094 10093 10293 10292 10291 10491 10490 10489 10689 10688 10687 10887 10886 10885 11085 11084 11284 11283 11282 11482 11481 11681 11881 11880 12080 12079 12279 12278 12478 12678 12677 12877 13077 13277 13477 13677 13877 14077 14277 14276 14476 14475 14675 14674 14874 14873 15073 15072 15272 15271 15471 15470 15670 15669 15869 16069 16068 16268 16267 16467 16667 16666 16866 16865 17065 17265 17465 17464 17664 17864 18064 18264 18464 18664 18864 19064 19264 19464 19664 19663 19863 20063 20062 20262 20462 20461 20661 20660 20860 21060 21059 21259 21459 21458 21658 21858 22058 22258 22458 22457 22657 22857 23057 23257 23256 23456 23656 23655 23855 23854 24054 24053 24253 24252 24452 24652 24852 25052 25252 25452 25652 25852 26052 26252 26452 26652 26852 27052 27252 27452 27652 27852 28052 28252 28452 28652 28852 28851 29051 29251 29451 29651 29851 30051 30050 30250 30249 30248 30247 30246 30245 30244 30243 30242 30241 30240 30239 30238 30237 30236 30235 30234 30233 30232 30231 30230 30229 30228 30227 30226 30225 30224 30223 30222 30221 30220 30219 30218 30217 30216 30215 30214 30414 30413 30412 30612 30812 31012 31212 31412 31612 31812 32012 32212 32412 
Label: 124151
[241,378025,]
10131 10130 10129 10128 10127 10126 10125 10124 10123 9923 9723 9523 9323 9123 9122 9121 9120 9119 9118 9117 9116 9115 9114 9113 9112 9111 9110 9109 9108 9107 9106 9105 9104 9103 9102 9101 9100 9099 9299 9298 9498 9497 9697 9696 9695 9895 9894 10094 10093 10293 10292 10291 10491 10490 10489 10689 10688 10687 10887 10886 10885 11085 11084 11284 11283 11282 11482 11481 11681 11881 11880 12080 12079 12279 12278 12478 12678 12677 12877 13077 13277 13477 13677 13877 14077 14277 14276 14476 14475 14675 14674 14874 14873 15073 15072 15272 15271 15471 15470 15670 15669 15869 16069 16068 16268 16267 16467 16667 16666 16866 16865 17065 17265 17465 17464 17664 17864 18064 18264 18464 18664 18864 19064 19264 19464 19664 19663 19863 20063 20062 20262 20462 20461 20661 20660 20860 21060 21059 21259 21459 21458 21658 21858 22058 22258 22458 22457 22657 22857 23057 23257 23256 23456 23656 23655 23855 23854 24054 24053 24253 24252 24452 24652 24852 25052 25252 25452 25652 25852 26052 26252 26452 26652 26852 27052 27252 27452 27652 27852 28052 28252 28452 28652 28852 28851 29051 29251 29451 29651 29851 30051 30050 30250 30249 30248 30247 30246 30245 30244 30243 30242 30241 30240 30239 30238 30237 30236 30235 30234 30233 30232 30231 30230 30229 30228 30227 30226 30225 30224 30223 30222 30221 30220 30219 30218 30217 30216 30215 30214 30414 30413 30412 30612 30812 31012 31212 31412 31612 31812 32012 32212 32412 
Label: 142271
[243,358925,]
10131 10130 10129 10128 10127 10126 10125 10124 10123 9923 9723 9523 9323 9123 8923 8922 8921 8920 8919 8918 8917 8916 8915 8914 8913 8912 8911 8910 8909 8908 8907 8906 8905 8904 8903 8902 8901 8900 9100 9099 9299 9298 9498 9497 9697 9696 9695 9895 9894 10094 10093 10293 10292 10291 10491 10490 10489 10689 10688 10687 10887 10886 10885 11085 11084 11284 11283 11282 11482 11481 11681 11881 11880 12080 12079 12279 12278 12478 12678 12677 12877 13077 13277 13477 13677 13877 14077 14277 14276 14476 14475 14675 14674 14874 14873 15073 15072 15272 15271 15471 15470 15670 15669 15869 16069 16068 16268 16267 16467 16667 16666 16866 16865 17065 17265 17465 17464 17664 17864 18064 18264 18464 18664 18864 19064 19264 19464 19664 19663 19863 20063 20062 20262 20462 20461 20661 20660 20860 21060 21059 21259 21459 21458 21658 21858 22058 22258 22458 22457 22657 22857 23057 23257 23256 23456 23656 23655 23855 23854 24054 24053 24253 24252 24452 24652 24852 25052 25252 25452 25652 25852 26052 26252 26452 26652 26852 27052 27252 27452 27652 27852 28052 28252 28452 28652 28852 28851 29051 29251 29451 29651 29851 30051 30050 30250 30249 30248 30247 30246 30245 30244 30243 30242 30241 30240 30239 30238 30237 30236 30235 30234 30233 30232 30231 30230 30229 30228 30227 30226 30225 30224 30223 30222 30221 30220 30219 30218 30217 30216 30215 30214 30414 30413 30412 30612 30812 31012 31212 31412 31612 31812 32012 32212 32412 
