graph_load_time: 0.990456
n_generated: 24512
n_expanded: 12199
n_domCheck: 80971
rt_initHeu: 0.975969
rt_search: 1.1282
N: 26
Label: 37658
[255,438501,]
36381 36380 36180 35980 35780 35580 35380 35379 35179 34979 34978 34778 34777 34577 34576 34376 34375 34374 34174 33974 33774 33574 33374 33174 32974 32774 32574 32374 32174 31974 31774 31574 31374 31174 30974 30973 30773 30573 30572 30372 30172 30171 29971 29771 29770 29570 29370 29369 29169 29168 28968 28967 28767 28766 28765 28565 28365 28364 28164 27964 27764 27763 27563 27363 27163 26963 26962 26961 26960 26959 26958 26957 26956 26955 26954 26953 26952 26951 26950 26949 26948 26748 26747 26746 26546 26545 26544 26344 26343 26342 26142 26141 25941 25741 25740 25540 25539 25339 25338 25138 25137 24937 24737 24736 24536 24336 24335 24135 23935 23934 23734 23534 23533 23532 23332 23331 23330 23130 23129 23128 22928 22927 22926 22726 22725 22525 22325 22125 22124 21924 21724 21524 21523 21323 21322 21321 21320 21319 21119 21118 21117 20917 20916 20716 20715 20515 20514 20513 20313 20312 20311 20310 20309 20308 20307 20306 20305 20304 20303 20302 20301 20101 19901 19701 19501 19301 19300 19100 18900 18700 18699 18499 18299 18099 17899 17898 17698 17697 17696 17695 17694 17693 17692 17691 17690 17689 17688 17687 17686 17685 17684 17683 17883 17882 18082 18282 18482 18682 18681 18881 19081 19281 19280 19480 19680 19880 20080 20079 20078 20077 20076 20075 20074 20073 20072 20071 20070 20069 20068 20067 20066 20065 20064 20063 20062 20061 20060 20059 20058 20057 20056 20055 20054 20053 20052 20051 20050 20049 20048 20047 20046 20045 20044 20043 20042 20041 20040 20039 20038 20037 20036 20035 20034 20033 20032 20031 
Label: 44618
[265,416701,]
36381 36380 36180 35980 35780 35580 35380 35379 35179 34979 34978 34778 34777 34577 34576 34376 34375 34374 34174 33974 33774 33574 33374 33174 32974 32774 32574 32374 32174 31974 31774 31574 31374 31174 30974 30973 30773 30573 30572 30372 30172 30171 29971 29771 29770 29570 29370 29369 29169 29168 28968 28967 28767 28766 28765 28565 28365 28364 28164 27964 27764 27763 27563 27363 27163 26963 26763 26563 26363 26163 25963 25763 25563 25363 25163 24963 24763 24563 24562 24561 24560 24559 24558 24557 24556 24555 24554 24553 24552 24551 24550 24549 24548 24748 24747 24746 24946 24945 24944 24943 24942 24941 24940 24939 24938 24937 24737 24736 24536 24336 24335 24135 23935 23934 23734 23534 23533 23532 23332 23331 23330 23130 23129 23128 22928 22927 22926 22726 22725 22525 22325 22125 22124 21924 21724 21524 21523 21323 21322 21321 21320 21319 21119 21118 21117 20917 20916 20716 20715 20515 20514 20513 20313 20312 20311 20310 20309 20308 20307 20306 20305 20304 20303 20302 20301 20101 19901 19701 19501 19301 19300 19100 18900 18700 18699 18499 18299 18099 17899 17898 17698 17498 17497 17496 17495 17494 17493 17492 17491 17490 17489 17488 17487 17486 17485 17484 17483 17683 17883 17882 18082 18282 18482 18682 18681 18881 19081 19281 19280 19480 19680 19880 20080 20079 20279 20278 20478 20477 20476 20475 20474 20473 20472 20471 20470 20469 20468 20467 20466 20465 20464 20463 20462 20461 20460 20459 20458 20457 20456 20455 20454 20254 20253 20252 20052 20051 20050 20049 20048 20047 20046 20045 20044 20043 20042 20041 20040 20039 20038 20037 20036 20035 20034 20033 20032 20031 
Label: 36098
[253,447436,]
36381 36380 36180 35980 35780 35580 35380 35379 35179 34979 34978 34778 34777 34577 34576 34376 34375 34374 34174 33974 33774 33574 33374 33174 32974 32774 32574 32374 32174 31974 31774 31574 31374 31174 30974 30973 30773 30573 30572 30372 30172 30171 29971 29771 29770 29570 29370 29369 29169 29168 28968 28967 28767 28766 28765 28565 28365 28364 28164 27964 27764 27763 27563 27363 27163 26963 26962 26961 26960 26959 26958 26957 26956 26955 26954 26953 26952 26951 26950 26949 26948 26748 26747 26746 26546 26545 26544 26344 26343 26342 26142 26141 25941 25741 25740 25540 25539 25339 25338 25138 25137 24937 24737 24736 24536 24336 24335 24135 23935 23934 23734 23534 23533 23532 23332 23331 23330 23130 23129 23128 22928 22927 22926 22726 22725 22525 22325 22125 22124 21924 21724 21524 21523 21323 21322 21321 21320 21319 21119 21118 21117 20917 20916 20716 20715 20515 20514 20513 20313 20312 20311 20310 20309 20308 20307 20306 20305 20304 20303 20302 20301 20101 19901 19701 19501 19301 19300 19100 18900 18700 18699 18499 18299 18099 17899 17898 17897 17896 17895 17894 17893 17892 17891 17890 17889 17888 17887 17886 17885 17884 17883 17882 18082 18282 18482 18682 18681 18881 19081 19281 19280 19480 19680 19880 20080 20079 20078 20077 20076 20075 20074 20073 20072 20071 20070 20069 20068 20067 20066 20065 20064 20063 20062 20061 20060 20059 20058 20057 20056 20055 20054 20053 20052 20051 20050 20049 20048 20047 20046 20045 20044 20043 20042 20041 20040 20039 20038 20037 20036 20035 20034 20033 20032 20031 
Label: 11158
[233,509206,]
36381 36380 36180 35980 35780 35580 35380 35379 35179 34979 34978 34778 34777 34577 34576 34376 34375 34374 34174 33974 33774 33574 33374 33174 32974 32774 32574 32374 32174 31974 31774 31574 31374 31174 30974 30973 30773 30573 30572 30372 30172 30171 29971 29771 29770 29570 29370 29369 29169 29168 28968 28967 28767 28766 28765 28565 28365 28364 28164 27964 27764 27763 27563 27363 27163 26963 26962 26961 26960 26959 26958 26957 26956 26955 26954 26953 26952 26951 26950 26949 26948 26748 26747 26746 26546 26545 26544 26344 26343 26342 26142 26141 25941 25741 25740 25540 25539 25339 25338 25138 25137 24937 24737 24736 24536 24336 24335 24135 23935 23934 23734 23534 23533 23532 23332 23331 23330 23130 23129 23128 22928 22927 22926 22726 22725 22525 22325 22125 22124 21924 21724 21524 21523 21323 21322 21321 21320 21319 21119 21118 21117 20917 20916 20716 20715 20515 20514 20513 20512 20511 20510 20509 20508 20507 20506 20505 20504 20503 20502 20702 20701 20700 20699 20698 20697 20696 20695 20694 20693 20692 20691 20690 20689 20688 20687 20686 20685 20684 20683 20682 20681 20680 20679 20678 20677 20676 20675 20674 20673 20672 20671 20670 20669 20668 20667 20666 20665 20664 20663 20662 20661 20660 20659 20658 20657 20656 20655 20455 20454 20254 20253 20252 20052 20051 20050 20049 20048 20047 20046 20045 20044 20043 20042 20041 20040 20039 20038 20037 20036 20035 20034 20033 20032 20031 
Label: 29434
[245,496769,]
36381 36380 36180 35980 35780 35580 35380 35379 35179 34979 34978 34778 34777 34577 34576 34376 34375 34374 34174 33974 33774 33574 33374 33174 32974 32774 32574 32374 32174 31974 31774 31574 31374 31174 30974 30973 30773 30573 30572 30372 30172 30171 29971 29771 29770 29570 29370 29369 29169 29168 28968 28967 28767 28766 28765 28565 28365 28364 28164 27964 27764 27763 27563 27363 27163 26963 26763 26563 26363 26163 25963 25763 25563 25363 25163 24963 24763 24563 24562 24561 24560 24559 24558 24557 24556 24555 24554 24553 24552 24551 24550 24549 24548 24748 24747 24746 24946 24945 24944 25144 25143 25142 25141 25140 25139 25138 25137 24937 24737 24736 24536 24336 24335 24135 23935 23934 23734 23534 23533 23532 23332 23331 23330 23130 23129 23128 22928 22927 22926 22726 22725 22525 22325 22125 22124 21924 21724 21524 21523 21323 21322 21321 21320 21319 21119 21118 21117 20917 20916 20716 20715 20515 20514 20513 20313 20312 20311 20310 20309 20308 20307 20306 20305 20304 20303 20302 20502 20702 20701 20700 20699 20698 20697 20696 20695 20694 20693 20692 20691 20690 20689 20688 20687 20686 20685 20684 20484 20483 20482 20481 20480 20479 20478 20477 20677 20676 20675 20875 20874 20873 20872 20871 20870 20869 20868 20867 20866 20865 20864 20863 20862 20861 20860 20859 20858 20857 20657 20656 20655 20455 20454 20254 20253 20252 20052 20051 20050 20049 20048 20047 20046 20045 20044 20043 20042 20041 20040 20039 20038 20037 20036 20035 20034 20033 20032 20031 
Label: 34522
[251,467039,]
36381 36380 36180 35980 35780 35580 35380 35379 35179 34979 34978 34778 34777 34577 34576 34376 34375 34374 34174 33974 33774 33574 33374 33174 32974 32774 32574 32374 32174 31974 31774 31574 31374 31174 30974 30973 30773 30573 30572 30372 30172 30171 29971 29771 29770 29570 29370 29369 29169 29168 28968 28967 28767 28766 28765 28565 28365 28364 28164 27964 27764 27763 27563 27363 27163 26963 26962 26961 26960 26959 26958 26957 26956 26955 26954 26953 26952 26951 26950 26949 26948 26748 26747 26746 26546 26545 26544 26344 26343 26342 26142 26141 25941 25741 25740 25540 25539 25339 25338 25138 25137 24937 24737 24736 24536 24336 24335 24135 23935 23934 23734 23534 23533 23532 23332 23331 23330 23130 23129 23128 22928 22927 22926 22726 22725 22525 22325 22125 22124 21924 21724 21524 21523 21323 21322 21321 21320 21319 21119 21118 21117 20917 20916 20716 20715 20515 20514 20513 20313 20312 20311 20310 20309 20308 20307 20306 20305 20304 20303 20302 20301 20101 19901 19701 19501 19301 19300 19100 18900 18700 18699 18499 18299 18099 18098 18097 18096 18095 18094 18093 18092 18091 18090 18089 18088 18087 18086 18085 18084 18083 18082 18282 18482 18682 18681 18881 19081 19281 19280 19480 19680 19880 20080 20079 20078 20077 20076 20075 20074 20073 20072 20071 20070 20069 20068 20067 20066 20065 20064 20063 20062 20061 20060 20059 20058 20057 20056 20055 20054 20053 20052 20051 20050 20049 20048 20047 20046 20045 20044 20043 20042 20041 20040 20039 20038 20037 20036 20035 20034 20033 20032 20031 
Label: 48790
[281,413418,]
36381 36380 36180 35980 35780 35580 35380 35379 35179 34979 34978 34778 34777 34577 34576 34376 34375 34374 34174 33974 33774 33574 33374 33174 32974 32774 32574 32374 32174 31974 31774 31574 31374 31174 30974 30973 30773 30573 30572 30372 30172 30171 29971 29771 29770 29570 29370 29369 29169 29168 28968 28967 28767 28766 28765 28565 28365 28364 28164 27964 27764 27763 27563 27363 27163 26963 26763 26563 26363 26163 25963 25763 25563 25363 25163 24963 24763 24563 24562 24561 24560 24559 24558 24557 24556 24555 24554 24553 24552 24551 24550 24549 24548 24748 24747 24746 24946 24945 24944 25144 25143 25142 25342 25341 25340 25339 25338 25138 25137 24937 24737 24736 24536 24336 24335 24135 23935 23934 23734 23534 23533 23532 23332 23331 23330 23130 23129 23128 22928 22927 22926 22726 22725 22525 22325 22125 22124 21924 21724 21524 21523 21323 21322 21321 21320 21319 21119 21118 21117 20917 20916 20716 20715 20515 20514 20513 20313 20312 20311 20310 20309 20308 20307 20306 20305 20304 20303 20302 20301 20101 19901 19701 19501 19301 19300 19100 18900 18700 18699 18499 18299 18099 17899 17898 17698 17498 17298 17297 17097 17096 17095 17094 17093 17092 17091 17090 17089 17088 17087 17086 17085 17084 17083 17283 17483 17683 17883 17882 18082 18282 18482 18682 18681 18881 19081 19281 19280 19480 19680 19880 20080 20079 20279 20278 20478 20477 20677 20676 20675 20875 20874 21074 21073 21072 21071 21070 21069 21068 21067 21066 21266 21265 21264 21263 21262 21261 21260 21259 21059 21058 20858 20857 20657 20656 20655 20455 20454 20254 20253 20252 20052 20051 20050 20049 20048 20047 20046 20045 20044 20043 20042 20041 20040 20039 20038 20037 20036 20035 20034 20033 20032 20031 
Label: 27658
[243,497031,]
36381 36380 36180 35980 35780 35580 35380 35379 35179 34979 34978 34778 34777 34577 34576 34376 34375 34374 34174 33974 33774 33574 33374 33174 32974 32774 32574 32374 32174 31974 31774 31574 31374 31174 30974 30973 30773 30573 30572 30372 30172 30171 29971 29771 29770 29570 29370 29369 29169 29168 28968 28967 28767 28766 28765 28565 28365 28364 28164 27964 27764 27763 27563 27363 27163 26963 26763 26563 26363 26163 25963 25763 25563 25363 25163 24963 24763 24563 24562 24561 24560 24559 24558 24557 24556 24555 24554 24553 24552 24551 24550 24549 24548 24748 24747 24746 24946 24945 24944 25144 25143 25142 25141 25140 25139 25138 25137 24937 24737 24736 24536 24336 24335 24135 23935 23934 23734 23534 23533 23532 23332 23331 23330 23130 23129 23128 22928 22927 22926 22726 22725 22525 22325 22125 22124 21924 21724 21524 21523 21323 21322 21321 21320 21319 21119 21118 21117 20917 20916 20716 20715 20515 20514 20513 20313 20312 20311 20310 20309 20308 20307 20306 20305 20304 20303 20302 20502 20702 20701 20700 20699 20698 20697 20696 20695 20694 20693 20692 20691 20690 20689 20688 20687 20686 20685 20684 20484 20483 20482 20481 20480 20479 20478 20477 20677 20676 20675 20674 20673 20672 20671 20670 20669 20668 20667 20666 20665 20664 20663 20662 20661 20660 20659 20658 20657 20656 20655 20455 20454 20254 20253 20252 20052 20051 20050 20049 20048 20047 20046 20045 20044 20043 20042 20041 20040 20039 20038 20037 20036 20035 20034 20033 20032 20031 
Label: 25522
[241,497592,]
36381 36380 36180 35980 35780 35580 35380 35379 35179 34979 34978 34778 34777 34577 34576 34376 34375 34374 34174 33974 33774 33574 33374 33174 32974 32774 32574 32374 32174 31974 31774 31574 31374 31174 30974 30973 30773 30573 30572 30372 30172 30171 29971 29771 29770 29570 29370 29369 29169 29168 28968 28967 28767 28766 28765 28565 28365 28364 28164 27964 27764 27763 27563 27363 27163 26963 26763 26563 26363 26163 25963 25763 25563 25363 25163 24963 24763 24563 24562 24561 24560 24559 24558 24557 24556 24555 24554 24553 24552 24551 24550 24549 24548 24748 24747 24746 24946 24945 24944 24943 24942 24941 24940 24939 24938 24937 24737 24736 24536 24336 24335 24135 23935 23934 23734 23534 23533 23532 23332 23331 23330 23130 23129 23128 22928 22927 22926 22726 22725 22525 22325 22125 22124 21924 21724 21524 21523 21323 21322 21321 21320 21319 21119 21118 21117 20917 20916 20716 20715 20515 20514 20513 20313 20312 20311 20310 20309 20308 20307 20306 20305 20304 20303 20302 20502 20702 20701 20700 20699 20698 20697 20696 20695 20694 20693 20692 20691 20690 20689 20688 20687 20686 20685 20684 20484 20483 20482 20481 20480 20479 20478 20477 20677 20676 20675 20674 20673 20672 20671 20670 20669 20668 20667 20666 20665 20664 20663 20662 20661 20660 20659 20658 20657 20656 20655 20455 20454 20254 20253 20252 20052 20051 20050 20049 20048 20047 20046 20045 20044 20043 20042 20041 20040 20039 20038 20037 20036 20035 20034 20033 20032 20031 
Label: 15198
[235,504496,]
36381 36380 36180 35980 35780 35580 35380 35379 35179 34979 34978 34778 34777 34577 34576 34376 34375 34374 34174 33974 33774 33574 33374 33174 32974 32774 32574 32374 32174 31974 31774 31574 31374 31174 30974 30973 30773 30573 30572 30372 30172 30171 29971 29771 29770 29570 29370 29369 29169 29168 28968 28967 28767 28766 28765 28565 28365 28364 28164 27964 27764 27763 27563 27363 27163 26963 26763 26563 26363 26163 25963 25763 25563 25363 25163 24963 24763 24563 24562 24561 24560 24559 24558 24557 24556 24555 24554 24553 24552 24551 24550 24549 24548 24748 24747 24746 24745 24744 24743 24742 24741 24740 24739 24738 24737 24736 24536 24336 24335 24135 23935 23934 23734 23534 23533 23532 23332 23331 23330 23130 23129 23128 22928 22927 22926 22726 22725 22525 22325 22125 22124 21924 21724 21524 21523 21323 21322 21321 21320 21319 21119 21118 21117 20917 20916 20716 20715 20515 20514 20513 20512 20511 20510 20509 20508 20507 20506 20505 20504 20503 20502 20702 20701 20700 20699 20698 20697 20696 20695 20694 20693 20692 20691 20690 20689 20688 20687 20686 20685 20684 20683 20682 20681 20680 20679 20678 20677 20676 20675 20674 20673 20672 20671 20670 20669 20668 20667 20666 20665 20664 20663 20662 20661 20660 20659 20658 20657 20656 20655 20455 20454 20254 20253 20252 20052 20051 20050 20049 20048 20047 20046 20045 20044 20043 20042 20041 20040 20039 20038 20037 20036 20035 20034 20033 20032 20031 
Label: 23006
[239,498226,]
36381 36380 36180 35980 35780 35580 35380 35379 35179 34979 34978 34778 34777 34577 34576 34376 34375 34374 34174 33974 33774 33574 33374 33174 32974 32774 32574 32374 32174 31974 31774 31574 31374 31174 30974 30973 30773 30573 30572 30372 30172 30171 29971 29771 29770 29570 29370 29369 29169 29168 28968 28967 28767 28766 28765 28565 28365 28364 28164 27964 27764 27763 27563 27363 27163 26963 26763 26563 26363 26163 25963 25763 25563 25363 25163 24963 24763 24563 24562 24561 24560 24559 24558 24557 24556 24555 24554 24553 24552 24551 24550 24549 24548 24748 24747 24746 24946 24945 24944 24943 24942 24941 24940 24939 24938 24937 24737 24736 24536 24336 24335 24135 23935 23934 23734 23534 23533 23532 23332 23331 23330 23130 23129 23128 22928 22927 22926 22726 22725 22525 22325 22125 22124 21924 21724 21524 21523 21323 21322 21321 21320 21319 21119 21118 21117 20917 20916 20716 20715 20515 20514 20513 20313 20312 20311 20310 20309 20308 20307 20306 20305 20304 20303 20302 20502 20702 20701 20700 20699 20698 20697 20696 20695 20694 20693 20692 20691 20690 20689 20688 20687 20686 20685 20684 20683 20682 20681 20680 20679 20678 20677 20676 20675 20674 20673 20672 20671 20670 20669 20668 20667 20666 20665 20664 20663 20662 20661 20660 20659 20658 20657 20656 20655 20455 20454 20254 20253 20252 20052 20051 20050 20049 20048 20047 20046 20045 20044 20043 20042 20041 20040 20039 20038 20037 20036 20035 20034 20033 20032 20031 
Label: 19174
[237,500902,]
36381 36380 36180 35980 35780 35580 35380 35379 35179 34979 34978 34778 34777 34577 34576 34376 34375 34374 34174 33974 33774 33574 33374 33174 32974 32774 32574 32374 32174 31974 31774 31574 31374 31174 30974 30973 30773 30573 30572 30372 30172 30171 29971 29771 29770 29570 29370 29369 29169 29168 28968 28967 28767 28766 28765 28565 28365 28364 28164 27964 27764 27763 27563 27363 27163 26963 26763 26563 26363 26163 25963 25763 25563 25363 25163 24963 24763 24563 24562 24561 24560 24559 24558 24557 24556 24555 24554 24553 24552 24551 24550 24549 24548 24748 24747 24746 24946 24945 24944 24943 24942 24941 24940 24939 24938 24937 24737 24736 24536 24336 24335 24135 23935 23934 23734 23534 23533 23532 23332 23331 23330 23130 23129 23128 22928 22927 22926 22726 22725 22525 22325 22125 22124 21924 21724 21524 21523 21323 21322 21321 21320 21319 21119 21118 21117 20917 20916 20716 20715 20515 20514 20513 20512 20511 20510 20509 20508 20507 20506 20505 20504 20503 20502 20702 20701 20700 20699 20698 20697 20696 20695 20694 20693 20692 20691 20690 20689 20688 20687 20686 20685 20684 20683 20682 20681 20680 20679 20678 20677 20676 20675 20674 20673 20672 20671 20670 20669 20668 20667 20666 20665 20664 20663 20662 20661 20660 20659 20658 20657 20656 20655 20455 20454 20254 20253 20252 20052 20051 20050 20049 20048 20047 20046 20045 20044 20043 20042 20041 20040 20039 20038 20037 20036 20035 20034 20033 20032 20031 
Label: 48346
[277,413479,]
36381 36380 36180 35980 35780 35580 35380 35379 35179 34979 34978 34778 34777 34577 34576 34376 34375 34374 34174 33974 33774 33574 33374 33174 32974 32774 32574 32374 32174 31974 31774 31574 31374 31174 30974 30973 30773 30573 30572 30372 30172 30171 29971 29771 29770 29570 29370 29369 29169 29168 28968 28967 28767 28766 28765 28565 28365 28364 28164 27964 27764 27763 27563 27363 27163 26963 26763 26563 26363 26163 25963 25763 25563 25363 25163 24963 24763 24563 24562 24561 24560 24559 24558 24557 24556 24555 24554 24553 24552 24551 24550 24549 24548 24748 24747 24746 24946 24945 24944 25144 25143 25142 25141 25140 25139 25138 25137 24937 24737 24736 24536 24336 24335 24135 23935 23934 23734 23534 23533 23532 23332 23331 23330 23130 23129 23128 22928 22927 22926 22726 22725 22525 22325 22125 22124 21924 21724 21524 21523 21323 21322 21321 21320 21319 21119 21118 21117 20917 20916 20716 20715 20515 20514 20513 20313 20312 20311 20310 20309 20308 20307 20306 20305 20304 20303 20302 20301 20101 19901 19701 19501 19301 19300 19100 18900 18700 18699 18499 18299 18099 17899 17898 17698 17498 17298 17297 17097 17096 17095 17094 17093 17092 17091 17090 17089 17088 17087 17086 17085 17084 17083 17283 17483 17683 17883 17882 18082 18282 18482 18682 18681 18881 19081 19281 19280 19480 19680 19880 20080 20079 20279 20278 20478 20477 20677 20676 20675 20875 20874 21074 21073 21072 21071 21070 21069 21068 21067 21066 21065 21064 21063 21062 21061 21060 21059 21058 20858 20857 20657 20656 20655 20455 20454 20254 20253 20252 20052 20051 20050 20049 20048 20047 20046 20045 20044 20043 20042 20041 20040 20039 20038 20037 20036 20035 20034 20033 20032 20031 
Label: 6942
[231,521608,]
36381 36380 36180 35980 35780 35580 35380 35379 35179 34979 34978 34778 34777 34577 34576 34376 34375 34374 34174 33974 33774 33574 33374 33174 32974 32774 32574 32374 32174 31974 31774 31574 31374 31174 30974 30973 30773 30573 30572 30372 30172 30171 29971 29771 29770 29570 29370 29369 29169 29168 28968 28967 28767 28766 28765 28565 28365 28364 28164 27964 27764 27763 27563 27363 27163 26963 26962 26961 26960 26959 26958 26957 26956 26955 26954 26953 26952 26951 26950 26949 26948 26748 26747 26746 26546 26545 26544 26344 26343 26342 26142 26141 25941 25741 25740 25540 25539 25339 25338 25138 25137 24937 24737 24736 24536 24336 24335 24135 23935 23934 23734 23534 23533 23532 23332 23331 23330 23130 23129 23128 22928 22927 22926 22726 22725 22525 22325 22125 22124 21924 21724 21524 21523 21323 21322 21321 21320 21319 21119 21118 21117 20917 20916 20716 20715 20714 20713 20712 20711 20710 20709 20708 20707 20706 20705 20704 20703 20702 20701 20700 20699 20698 20697 20696 20695 20694 20693 20692 20691 20690 20689 20688 20687 20686 20685 20684 20683 20682 20681 20680 20679 20678 20677 20676 20675 20674 20673 20672 20671 20670 20669 20668 20667 20666 20665 20664 20663 20662 20661 20660 20659 20658 20657 20656 20655 20455 20454 20254 20253 20252 20052 20051 20050 20049 20048 20047 20046 20045 20044 20043 20042 20041 20040 20039 20038 20037 20036 20035 20034 20033 20032 20031 
Label: 48594
[279,413426,]
36381 36380 36180 35980 35780 35580 35380 35379 35179 34979 34978 34778 34777 34577 34576 34376 34375 34374 34174 33974 33774 33574 33374 33174 32974 32774 32574 32374 32174 31974 31774 31574 31374 31174 30974 30973 30773 30573 30572 30372 30172 30171 29971 29771 29770 29570 29370 29369 29169 29168 28968 28967 28767 28766 28765 28565 28365 28364 28164 27964 27764 27763 27563 27363 27163 26963 26763 26563 26363 26163 25963 25763 25563 25363 25163 24963 24763 24563 24562 24561 24560 24559 24558 24557 24556 24555 24554 24553 24552 24551 24550 24549 24548 24748 24747 24746 24946 24945 24944 25144 25143 25142 25342 25341 25340 25339 25338 25138 25137 24937 24737 24736 24536 24336 24335 24135 23935 23934 23734 23534 23533 23532 23332 23331 23330 23130 23129 23128 22928 22927 22926 22726 22725 22525 22325 22125 22124 21924 21724 21524 21523 21323 21322 21321 21320 21319 21119 21118 21117 20917 20916 20716 20715 20515 20514 20513 20313 20312 20311 20310 20309 20308 20307 20306 20305 20304 20303 20302 20301 20101 19901 19701 19501 19301 19300 19100 18900 18700 18699 18499 18299 18099 17899 17898 17698 17498 17298 17297 17097 17096 17095 17094 17093 17092 17091 17090 17089 17088 17087 17086 17085 17084 17083 17283 17483 17683 17883 17882 18082 18282 18482 18682 18681 18881 19081 19281 19280 19480 19680 19880 20080 20079 20279 20278 20478 20477 20677 20676 20675 20875 20874 21074 21073 21072 21071 21070 21069 21068 21067 21066 21065 21064 21063 21062 21061 21060 21059 21058 20858 20857 20657 20656 20655 20455 20454 20254 20253 20252 20052 20051 20050 20049 20048 20047 20046 20045 20044 20043 20042 20041 20040 20039 20038 20037 20036 20035 20034 20033 20032 20031 
Label: 48014
[275,413546,]
36381 36380 36180 35980 35780 35580 35380 35379 35179 34979 34978 34778 34777 34577 34576 34376 34375 34374 34174 33974 33774 33574 33374 33174 32974 32774 32574 32374 32174 31974 31774 31574 31374 31174 30974 30973 30773 30573 30572 30372 30172 30171 29971 29771 29770 29570 29370 29369 29169 29168 28968 28967 28767 28766 28765 28565 28365 28364 28164 27964 27764 27763 27563 27363 27163 26963 26763 26563 26363 26163 25963 25763 25563 25363 25163 24963 24763 24563 24562 24561 24560 24559 24558 24557 24556 24555 24554 24553 24552 24551 24550 24549 24548 24748 24747 24746 24946 24945 24944 25144 25143 25142 25141 25140 25139 25138 25137 24937 24737 24736 24536 24336 24335 24135 23935 23934 23734 23534 23533 23532 23332 23331 23330 23130 23129 23128 22928 22927 22926 22726 22725 22525 22325 22125 22124 21924 21724 21524 21523 21323 21322 21321 21320 21319 21119 21118 21117 20917 20916 20716 20715 20515 20514 20513 20313 20312 20311 20310 20309 20308 20307 20306 20305 20304 20303 20302 20301 20101 19901 19701 19501 19301 19300 19100 18900 18700 18699 18499 18299 18099 17899 17898 17698 17498 17298 17297 17097 17096 17095 17094 17093 17092 17091 17090 17089 17088 17087 17086 17085 17084 17083 17283 17483 17683 17883 17882 18082 18282 18482 18682 18681 18881 19081 19281 19280 19480 19680 19880 20080 20079 20279 20278 20478 20477 20677 20676 20675 20875 20874 20873 20872 20871 20870 20869 20868 20867 20866 20865 20864 20863 20862 20861 20860 20859 20858 20857 20657 20656 20655 20455 20454 20254 20253 20252 20052 20051 20050 20049 20048 20047 20046 20045 20044 20043 20042 20041 20040 20039 20038 20037 20036 20035 20034 20033 20032 20031 
Label: 47702
[273,413749,]
36381 36380 36180 35980 35780 35580 35380 35379 35179 34979 34978 34778 34777 34577 34576 34376 34375 34374 34174 33974 33774 33574 33374 33174 32974 32774 32574 32374 32174 31974 31774 31574 31374 31174 30974 30973 30773 30573 30572 30372 30172 30171 29971 29771 29770 29570 29370 29369 29169 29168 28968 28967 28767 28766 28765 28565 28365 28364 28164 27964 27764 27763 27563 27363 27163 26963 26763 26563 26363 26163 25963 25763 25563 25363 25163 24963 24763 24563 24562 24561 24560 24559 24558 24557 24556 24555 24554 24553 24552 24551 24550 24549 24548 24748 24747 24746 24946 24945 24944 25144 25143 25142 25141 25140 25139 25138 25137 24937 24737 24736 24536 24336 24335 24135 23935 23934 23734 23534 23533 23532 23332 23331 23330 23130 23129 23128 22928 22927 22926 22726 22725 22525 22325 22125 22124 21924 21724 21524 21523 21323 21322 21321 21320 21319 21119 21118 21117 20917 20916 20716 20715 20515 20514 20513 20313 20312 20311 20310 20309 20308 20307 20306 20305 20304 20303 20302 20301 20101 19901 19701 19501 19301 19300 19100 18900 18700 18699 18499 18299 18099 17899 17898 17698 17498 17298 17297 17296 17295 17294 17293 17292 17291 17290 17289 17288 17287 17286 17285 17284 17283 17483 17683 17883 17882 18082 18282 18482 18682 18681 18881 19081 19281 19280 19480 19680 19880 20080 20079 20279 20278 20478 20477 20677 20676 20675 20875 20874 20873 20872 20871 20870 20869 20868 20867 20866 20865 20864 20863 20862 20861 20860 20859 20858 20857 20657 20656 20655 20455 20454 20254 20253 20252 20052 20051 20050 20049 20048 20047 20046 20045 20044 20043 20042 20041 20040 20039 20038 20037 20036 20035 20034 20033 20032 20031 
Label: 39174
[257,431318,]
36381 36380 36180 35980 35780 35580 35380 35379 35179 34979 34978 34778 34777 34577 34576 34376 34375 34374 34174 33974 33774 33574 33374 33174 32974 32774 32574 32374 32174 31974 31774 31574 31374 31174 30974 30973 30773 30573 30572 30372 30172 30171 29971 29771 29770 29570 29370 29369 29169 29168 28968 28967 28767 28766 28765 28565 28365 28364 28164 27964 27764 27763 27563 27363 27163 26963 26962 26961 26960 26959 26958 26957 26956 26955 26954 26953 26952 26951 26950 26949 26948 26748 26747 26746 26546 26545 26544 26344 26343 26342 26142 26141 25941 25741 25740 25540 25539 25339 25338 25138 25137 24937 24737 24736 24536 24336 24335 24135 23935 23934 23734 23534 23533 23532 23332 23331 23330 23130 23129 23128 22928 22927 22926 22726 22725 22525 22325 22125 22124 21924 21724 21524 21523 21323 21322 21321 21320 21319 21119 21118 21117 20917 20916 20716 20715 20515 20514 20513 20313 20312 20311 20310 20309 20308 20307 20306 20305 20304 20303 20302 20301 20101 19901 19701 19501 19301 19300 19100 18900 18700 18699 18499 18299 18099 17899 17898 17698 17697 17696 17695 17694 17693 17692 17691 17690 17689 17688 17687 17686 17685 17684 17683 17883 17882 18082 18282 18482 18682 18681 18881 19081 19281 19280 19480 19680 19880 20080 20079 20279 20278 20277 20276 20275 20274 20273 20272 20271 20270 20269 20268 20267 20266 20265 20264 20263 20262 20261 20260 20259 20258 20257 20256 20255 20254 20253 20252 20052 20051 20050 20049 20048 20047 20046 20045 20044 20043 20042 20041 20040 20039 20038 20037 20036 20035 20034 20033 20032 20031 
Label: 46646
[269,414572,]
36381 36380 36180 35980 35780 35580 35380 35379 35179 34979 34978 34778 34777 34577 34576 34376 34375 34374 34174 33974 33774 33574 33374 33174 32974 32774 32574 32374 32174 31974 31774 31574 31374 31174 30974 30973 30773 30573 30572 30372 30172 30171 29971 29771 29770 29570 29370 29369 29169 29168 28968 28967 28767 28766 28765 28565 28365 28364 28164 27964 27764 27763 27563 27363 27163 26963 26763 26563 26363 26163 25963 25763 25563 25363 25163 24963 24763 24563 24562 24561 24560 24559 24558 24557 24556 24555 24554 24553 24552 24551 24550 24549 24548 24748 24747 24746 24946 24945 24944 24943 24942 24941 24940 24939 24938 24937 24737 24736 24536 24336 24335 24135 23935 23934 23734 23534 23533 23532 23332 23331 23330 23130 23129 23128 22928 22927 22926 22726 22725 22525 22325 22125 22124 21924 21724 21524 21523 21323 21322 21321 21320 21319 21119 21118 21117 20917 20916 20716 20715 20515 20514 20513 20313 20312 20311 20310 20309 20308 20307 20306 20305 20304 20303 20302 20301 20101 19901 19701 19501 19301 19300 19100 18900 18700 18699 18499 18299 18099 17899 17898 17698 17498 17298 17297 17296 17295 17294 17293 17292 17291 17290 17289 17288 17287 17286 17285 17284 17283 17483 17683 17883 17882 18082 18282 18482 18682 18681 18881 19081 19281 19280 19480 19680 19880 20080 20079 20279 20278 20478 20477 20677 20676 20675 20674 20673 20672 20671 20670 20669 20668 20667 20666 20665 20664 20663 20662 20661 20660 20659 20658 20657 20656 20655 20455 20454 20254 20253 20252 20052 20051 20050 20049 20048 20047 20046 20045 20044 20043 20042 20041 20040 20039 20038 20037 20036 20035 20034 20033 20032 20031 
Label: 45654
[267,415495,]
36381 36380 36180 35980 35780 35580 35380 35379 35179 34979 34978 34778 34777 34577 34576 34376 34375 34374 34174 33974 33774 33574 33374 33174 32974 32774 32574 32374 32174 31974 31774 31574 31374 31174 30974 30973 30773 30573 30572 30372 30172 30171 29971 29771 29770 29570 29370 29369 29169 29168 28968 28967 28767 28766 28765 28565 28365 28364 28164 27964 27764 27763 27563 27363 27163 26963 26763 26563 26363 26163 25963 25763 25563 25363 25163 24963 24763 24563 24562 24561 24560 24559 24558 24557 24556 24555 24554 24553 24552 24551 24550 24549 24548 24748 24747 24746 24946 24945 24944 24943 24942 24941 24940 24939 24938 24937 24737 24736 24536 24336 24335 24135 23935 23934 23734 23534 23533 23532 23332 23331 23330 23130 23129 23128 22928 22927 22926 22726 22725 22525 22325 22125 22124 21924 21724 21524 21523 21323 21322 21321 21320 21319 21119 21118 21117 20917 20916 20716 20715 20515 20514 20513 20313 20312 20311 20310 20309 20308 20307 20306 20305 20304 20303 20302 20301 20101 19901 19701 19501 19301 19300 19100 18900 18700 18699 18499 18299 18099 17899 17898 17698 17498 17298 17297 17296 17295 17294 17293 17292 17291 17290 17289 17288 17287 17286 17285 17284 17283 17483 17683 17883 17882 18082 18282 18482 18682 18681 18881 19081 19281 19280 19480 19680 19880 20080 20079 20279 20278 20478 20477 20476 20475 20474 20473 20472 20471 20470 20469 20468 20467 20466 20465 20464 20463 20462 20461 20460 20459 20458 20457 20456 20455 20454 20254 20253 20252 20052 20051 20050 20049 20048 20047 20046 20045 20044 20043 20042 20041 20040 20039 20038 20037 20036 20035 20034 20033 20032 20031 
Label: 32890
[249,496649,]
36381 36380 36180 35980 35780 35580 35380 35379 35179 34979 34978 34778 34777 34577 34576 34376 34375 34374 34174 33974 33774 33574 33374 33174 32974 32774 32574 32374 32174 31974 31774 31574 31374 31174 30974 30973 30773 30573 30572 30372 30172 30171 29971 29771 29770 29570 29370 29369 29169 29168 28968 28967 28767 28766 28765 28565 28365 28364 28164 27964 27764 27763 27563 27363 27163 26963 26763 26563 26363 26163 25963 25763 25563 25363 25163 24963 24763 24563 24562 24561 24560 24559 24558 24557 24556 24555 24554 24553 24552 24551 24550 24549 24548 24748 24747 24746 24946 24945 24944 25144 25143 25142 25342 25341 25340 25339 25338 25138 25137 24937 24737 24736 24536 24336 24335 24135 23935 23934 23734 23534 23533 23532 23332 23331 23330 23130 23129 23128 22928 22927 22926 22726 22725 22525 22325 22125 22124 21924 21724 21524 21523 21323 21322 21321 21320 21319 21119 21118 21117 20917 20916 20716 20715 20515 20514 20513 20313 20312 20311 20310 20309 20308 20307 20306 20305 20304 20303 20302 20502 20702 20701 20700 20699 20698 20697 20696 20695 20694 20693 20692 20691 20690 20689 20688 20687 20686 20685 20684 20484 20483 20482 20481 20480 20479 20478 20477 20677 20676 20675 20875 20874 21074 21073 21072 21071 21070 21069 21068 21067 21066 21065 21064 21063 21062 21061 21060 21059 21058 20858 20857 20657 20656 20655 20455 20454 20254 20253 20252 20052 20051 20050 20049 20048 20047 20046 20045 20044 20043 20042 20041 20040 20039 20038 20037 20036 20035 20034 20033 20032 20031 
Label: 40662
[259,426608,]
36381 36380 36180 35980 35780 35580 35380 35379 35179 34979 34978 34778 34777 34577 34576 34376 34375 34374 34174 33974 33774 33574 33374 33174 32974 32774 32574 32374 32174 31974 31774 31574 31374 31174 30974 30973 30773 30573 30572 30372 30172 30171 29971 29771 29770 29570 29370 29369 29169 29168 28968 28967 28767 28766 28765 28565 28365 28364 28164 27964 27764 27763 27563 27363 27163 26963 26763 26563 26363 26163 25963 25763 25563 25363 25163 24963 24763 24563 24562 24561 24560 24559 24558 24557 24556 24555 24554 24553 24552 24551 24550 24549 24548 24748 24747 24746 24745 24744 24743 24742 24741 24740 24739 24738 24737 24736 24536 24336 24335 24135 23935 23934 23734 23534 23533 23532 23332 23331 23330 23130 23129 23128 22928 22927 22926 22726 22725 22525 22325 22125 22124 21924 21724 21524 21523 21323 21322 21321 21320 21319 21119 21118 21117 20917 20916 20716 20715 20515 20514 20513 20313 20312 20311 20310 20309 20308 20307 20306 20305 20304 20303 20302 20301 20101 19901 19701 19501 19301 19300 19100 18900 18700 18699 18499 18299 18099 17899 17898 17698 17697 17696 17695 17694 17693 17692 17691 17690 17689 17688 17687 17686 17685 17684 17683 17883 17882 18082 18282 18482 18682 18681 18881 19081 19281 19280 19480 19680 19880 20080 20079 20279 20278 20277 20276 20275 20274 20273 20272 20271 20270 20269 20268 20267 20266 20265 20264 20263 20262 20261 20260 20259 20258 20257 20256 20255 20254 20253 20252 20052 20051 20050 20049 20048 20047 20046 20045 20044 20043 20042 20041 20040 20039 20038 20037 20036 20035 20034 20033 20032 20031 
Label: 43494
[263,419443,]
36381 36380 36180 35980 35780 35580 35380 35379 35179 34979 34978 34778 34777 34577 34576 34376 34375 34374 34174 33974 33774 33574 33374 33174 32974 32774 32574 32374 32174 31974 31774 31574 31374 31174 30974 30973 30773 30573 30572 30372 30172 30171 29971 29771 29770 29570 29370 29369 29169 29168 28968 28967 28767 28766 28765 28565 28365 28364 28164 27964 27764 27763 27563 27363 27163 26963 26763 26563 26363 26163 25963 25763 25563 25363 25163 24963 24763 24563 24562 24561 24560 24559 24558 24557 24556 24555 24554 24553 24552 24551 24550 24549 24548 24748 24747 24746 24946 24945 24944 24943 24942 24941 24940 24939 24938 24937 24737 24736 24536 24336 24335 24135 23935 23934 23734 23534 23533 23532 23332 23331 23330 23130 23129 23128 22928 22927 22926 22726 22725 22525 22325 22125 22124 21924 21724 21524 21523 21323 21322 21321 21320 21319 21119 21118 21117 20917 20916 20716 20715 20515 20514 20513 20313 20312 20311 20310 20309 20308 20307 20306 20305 20304 20303 20302 20301 20101 19901 19701 19501 19301 19300 19100 18900 18700 18699 18499 18299 18099 17899 17898 17698 17498 17497 17496 17495 17494 17493 17492 17491 17490 17489 17488 17487 17486 17485 17484 17483 17683 17883 17882 18082 18282 18482 18682 18681 18881 19081 19281 19280 19480 19680 19880 20080 20079 20279 20278 20277 20276 20275 20274 20273 20272 20271 20270 20269 20268 20267 20266 20265 20264 20263 20262 20261 20260 20259 20258 20257 20256 20255 20254 20253 20252 20052 20051 20050 20049 20048 20047 20046 20045 20044 20043 20042 20041 20040 20039 20038 20037 20036 20035 20034 20033 20032 20031 
Label: 42202
[261,423014,]
36381 36380 36180 35980 35780 35580 35380 35379 35179 34979 34978 34778 34777 34577 34576 34376 34375 34374 34174 33974 33774 33574 33374 33174 32974 32774 32574 32374 32174 31974 31774 31574 31374 31174 30974 30973 30773 30573 30572 30372 30172 30171 29971 29771 29770 29570 29370 29369 29169 29168 28968 28967 28767 28766 28765 28565 28365 28364 28164 27964 27764 27763 27563 27363 27163 26963 26763 26563 26363 26163 25963 25763 25563 25363 25163 24963 24763 24563 24562 24561 24560 24559 24558 24557 24556 24555 24554 24553 24552 24551 24550 24549 24548 24748 24747 24746 24946 24945 24944 24943 24942 24941 24940 24939 24938 24937 24737 24736 24536 24336 24335 24135 23935 23934 23734 23534 23533 23532 23332 23331 23330 23130 23129 23128 22928 22927 22926 22726 22725 22525 22325 22125 22124 21924 21724 21524 21523 21323 21322 21321 21320 21319 21119 21118 21117 20917 20916 20716 20715 20515 20514 20513 20313 20312 20311 20310 20309 20308 20307 20306 20305 20304 20303 20302 20301 20101 19901 19701 19501 19301 19300 19100 18900 18700 18699 18499 18299 18099 17899 17898 17698 17697 17696 17695 17694 17693 17692 17691 17690 17689 17688 17687 17686 17685 17684 17683 17883 17882 18082 18282 18482 18682 18681 18881 19081 19281 19280 19480 19680 19880 20080 20079 20279 20278 20277 20276 20275 20274 20273 20272 20271 20270 20269 20268 20267 20266 20265 20264 20263 20262 20261 20260 20259 20258 20257 20256 20255 20254 20253 20252 20052 20051 20050 20049 20048 20047 20046 20045 20044 20043 20042 20041 20040 20039 20038 20037 20036 20035 20034 20033 20032 20031 
Label: 31074
[247,496702,]
36381 36380 36180 35980 35780 35580 35380 35379 35179 34979 34978 34778 34777 34577 34576 34376 34375 34374 34174 33974 33774 33574 33374 33174 32974 32774 32574 32374 32174 31974 31774 31574 31374 31174 30974 30973 30773 30573 30572 30372 30172 30171 29971 29771 29770 29570 29370 29369 29169 29168 28968 28967 28767 28766 28765 28565 28365 28364 28164 27964 27764 27763 27563 27363 27163 26963 26763 26563 26363 26163 25963 25763 25563 25363 25163 24963 24763 24563 24562 24561 24560 24559 24558 24557 24556 24555 24554 24553 24552 24551 24550 24549 24548 24748 24747 24746 24946 24945 24944 25144 25143 25142 25141 25140 25139 25138 25137 24937 24737 24736 24536 24336 24335 24135 23935 23934 23734 23534 23533 23532 23332 23331 23330 23130 23129 23128 22928 22927 22926 22726 22725 22525 22325 22125 22124 21924 21724 21524 21523 21323 21322 21321 21320 21319 21119 21118 21117 20917 20916 20716 20715 20515 20514 20513 20313 20312 20311 20310 20309 20308 20307 20306 20305 20304 20303 20302 20502 20702 20701 20700 20699 20698 20697 20696 20695 20694 20693 20692 20691 20690 20689 20688 20687 20686 20685 20684 20484 20483 20482 20481 20480 20479 20478 20477 20677 20676 20675 20875 20874 21074 21073 21072 21071 21070 21069 21068 21067 21066 21065 21064 21063 21062 21061 21060 21059 21058 20858 20857 20657 20656 20655 20455 20454 20254 20253 20252 20052 20051 20050 20049 20048 20047 20046 20045 20044 20043 20042 20041 20040 20039 20038 20037 20036 20035 20034 20033 20032 20031 
Label: 47198
[271,414011,]
36381 36380 36180 35980 35780 35580 35380 35379 35179 34979 34978 34778 34777 34577 34576 34376 34375 34374 34174 33974 33774 33574 33374 33174 32974 32774 32574 32374 32174 31974 31774 31574 31374 31174 30974 30973 30773 30573 30572 30372 30172 30171 29971 29771 29770 29570 29370 29369 29169 29168 28968 28967 28767 28766 28765 28565 28365 28364 28164 27964 27764 27763 27563 27363 27163 26963 26763 26563 26363 26163 25963 25763 25563 25363 25163 24963 24763 24563 24562 24561 24560 24559 24558 24557 24556 24555 24554 24553 24552 24551 24550 24549 24548 24748 24747 24746 24946 24945 24944 25144 25143 25142 25141 25140 25139 25138 25137 24937 24737 24736 24536 24336 24335 24135 23935 23934 23734 23534 23533 23532 23332 23331 23330 23130 23129 23128 22928 22927 22926 22726 22725 22525 22325 22125 22124 21924 21724 21524 21523 21323 21322 21321 21320 21319 21119 21118 21117 20917 20916 20716 20715 20515 20514 20513 20313 20312 20311 20310 20309 20308 20307 20306 20305 20304 20303 20302 20301 20101 19901 19701 19501 19301 19300 19100 18900 18700 18699 18499 18299 18099 17899 17898 17698 17498 17298 17297 17296 17295 17294 17293 17292 17291 17290 17289 17288 17287 17286 17285 17284 17283 17483 17683 17883 17882 18082 18282 18482 18682 18681 18881 19081 19281 19280 19480 19680 19880 20080 20079 20279 20278 20478 20477 20677 20676 20675 20674 20673 20672 20671 20670 20669 20668 20667 20666 20665 20664 20663 20662 20661 20660 20659 20658 20657 20656 20655 20455 20454 20254 20253 20252 20052 20051 20050 20049 20048 20047 20046 20045 20044 20043 20042 20041 20040 20039 20038 20037 20036 20035 20034 20033 20032 20031 



----mat_cost_data, PWDC succeeds in =  9  cases ----
DirCol-wA* > 2*PWDC 5 0.5555555555555556
DirCol-linear > 2*PWDC 1 0.1111111111111111
DirCol-random > 2*PWDC 2 0.2222222222222222
------------------
DirCol-wA* > 1.5*PWDC 5 0.5555555555555556
DirCol-linear > 1.5*PWDC 2 0.2222222222222222
DirCol-random > 1.5*PWDC 4 0.4444444444444444
------------------
DirCol-wA* > 1.0*PWDC 6 0.6666666666666666
DirCol-linear > 1.0*PWDC 8 0.8888888888888888
DirCol-random > 1.0*PWDC 6 0.6666666666666666
----mat_cvg_data----
[[ 2. inf]
 [ 2.  4.]
 [ 3. inf]
 [ 3. inf]----mat_cost_data, PWDC succeeds in =  9  cases ----
DirCol-wA* > 2*PWDC 5 0.5555555555555556
DirCol-linear > 2*PWDC 1 0.1111111111111111
DirCol-random > 2*PWDC 2 0.2222222222222222
------------------
DirCol-wA* > 1.5*PWDC 5 0.5555555555555556
DirCol-linear > 1.5*PWDC 2 0.2222222222222222
DirCol-random > 1.5*PWDC 4 0.4444444444444444
------------------
DirCol-wA* > 1.0*PWDC 6 0.6666666666666666
DirCol-linear > 1.0*PWDC 8 0.8888888888888888
DirCol-random > 1.0*PWDC 6 0.6666666666666666
----mat_cvg_data----
[[ 2. inf]
 [ 2.  4.]
 [ 3. inf]
 [ 3. inf]
 [ 6. inf]
 [ 1. inf]
 [ 2.  3.]
 [ 3.  9.]
 [ 0.  9.]
 [ 0.  0.]]
DirCol-wA* > 2*PWDC 7 0.7777777777777778

 [ 6. inf]
 [ 1. inf]
 [ 2.  3.]
 [ 3.  9.]
 [ 0.  9.]
 [ 0.  0.]]
DirCol-wA* > 2*PWDC 7 0.7777777777777778

