graph_load_time: 0.310914
n_generated: 157001
n_expanded: 82948
n_domCheck: 621713
rt_initHeu: 0.294674
rt_search: 4.1563
N: 17
Label: 328863
[222,200216,]
2831 2832 2833 2834 2835 2836 2837 2838 2839 2840 2841 2842 2843 2844 2845 2846 2847 2997 3147 3297 3447 3597 3747 3897 4047 4197 4347 4497 4647 4797 4947 5097 5247 5397 5547 5697 5847 5997 6147 6297 6447 6446 6445 6444 6443 6442 6441 6440 6439 6438 6437 6587 6586 6585 6584 6583 6582 6581 6580 6579 6578 6577 6576 6575 6574 6573 6572 6571 6570 6569 6568 6567 6566 6565 6564 6563 6562 6561 6560 6559 6558 6557 6556 6555 6554 6553 6552 6551 6550 6549 6548 6698 6848 6998 7148 7298 7448 7598 7748 7898 8048 8198 8348 8498 8648 8798 8948 9098 9248 9398 9548 9698 9848 9998 10148 10298 10448 10598 10748 10898 11048 11198 11348 11498 11648 11798 11948 12098 12248 12398 12548 12698 12848 12998 13148 13298 13448 13598 13748 13898 14048 14198 14348 14498 14648 14798 14948 15098 15248 15398 15397 15547 15697 15847 15846 15996 16146 16145 16295 16445 16444 16594 16593 16743 16742 16892 17042 17041 17191 17190 17340 17339 17489 17488 17638 17637 17787 17937 17936 18086 18085 18084 18083 18082 18081 18080 18079 18078 18077 18076 18075 18074 18073 18072 18071 18070 18069 18068 18067 18066 18065 18064 18063 18062 17912 17911 17761 17760 17610 17460 17459 17309 17308 17158 17157 17007 17006 16856 16706 16556 16406 16256 16106 
Label: 322219
[218,205463,]
2831 2832 2833 2834 2835 2836 2837 2838 2839 2840 2841 2842 2843 2844 2845 2846 2996 3146 3296 3446 3596 3746 3896 4046 4196 4346 4496 4646 4796 4946 5096 5246 5396 5546 5696 5846 5996 6146 6296 6446 6445 6444 6443 6442 6441 6440 6439 6438 6437 6587 6586 6585 6584 6583 6582 6581 6580 6579 6578 6577 6576 6575 6574 6573 6572 6571 6570 6569 6568 6567 6566 6565 6564 6563 6562 6561 6560 6559 6558 6557 6556 6555 6554 6553 6552 6551 6550 6549 6548 6698 6848 6998 7148 7298 7448 7598 7748 7898 8048 8198 8348 8498 8648 8798 8948 9098 9248 9398 9548 9698 9848 9998 10148 10298 10448 10598 10748 10898 11048 11198 11348 11498 11648 11798 11948 12098 12248 12398 12548 12698 12848 12998 13148 13298 13448 13598 13748 13898 14048 14198 14348 14498 14648 14798 14948 15098 15248 15398 15397 15547 15697 15847 15846 15996 16146 16145 16295 16445 16444 16594 16593 16743 16742 16892 17042 17041 17191 17190 17340 17339 17489 17488 17638 17637 17787 17937 17936 17935 17934 17933 17932 17931 17930 17929 17928 17927 17926 17925 17924 17923 17922 17921 17920 17919 17918 17917 17916 17915 17914 17913 17912 17911 17761 17760 17610 17460 17459 17309 17308 17158 17157 17007 17006 16856 16706 16556 16406 16256 16106 
Label: 317596
[216,209480,]
2831 2832 2833 2834 2835 2836 2837 2838 2839 2840 2841 2842 2843 2844 2845 2995 3145 3295 3445 3595 3745 3895 4045 4195 4345 4495 4645 4795 4945 5095 5245 5395 5545 5695 5845 5995 6145 6295 6445 6444 6443 6442 6441 6440 6439 6438 6437 6587 6586 6585 6584 6583 6582 6581 6580 6579 6578 6577 6576 6575 6574 6573 6572 6571 6570 6569 6568 6567 6566 6565 6564 6563 6562 6561 6560 6559 6558 6557 6556 6555 6554 6553 6552 6551 6550 6549 6548 6698 6848 6998 7148 7298 7448 7598 7748 7898 8048 8198 8348 8498 8648 8798 8948 9098 9248 9398 9548 9698 9848 9998 10148 10298 10448 10598 10748 10898 11048 11198 11348 11498 11648 11798 11948 12098 12248 12398 12548 12698 12848 12998 13148 13298 13448 13598 13748 13898 14048 14198 14348 14498 14648 14798 14948 15098 15248 15398 15397 15547 15697 15847 15846 15996 16146 16145 16295 16445 16444 16594 16593 16743 16742 16892 17042 17041 17191 17190 17340 17339 17489 17488 17638 17637 17787 17937 17936 17935 17934 17933 17932 17931 17930 17929 17928 17927 17926 17925 17924 17923 17922 17921 17920 17919 17918 17917 17916 17915 17914 17913 17912 17911 17761 17760 17610 17460 17459 17309 17308 17158 17157 17007 17006 16856 16706 16556 16406 16256 16106 
Label: 331727
[232,197929,]
2831 2832 2833 2834 2835 2836 2837 2838 2839 2840 2841 2842 2843 2844 2845 2846 2847 2848 2849 2999 3149 3299 3449 3599 3749 3899 4049 4199 4349 4499 4649 4799 4949 5099 5249 5399 5549 5699 5849 5999 6149 6299 6449 6448 6447 6446 6445 6444 6443 6442 6441 6440 6439 6438 6437 6587 6586 6585 6584 6583 6582 6581 6580 6579 6578 6577 6576 6575 6574 6573 6572 6571 6570 6569 6568 6418 6417 6416 6415 6414 6264 6114 6113 6112 6111 6110 6109 6108 6107 6106 6105 6104 6103 6102 6101 6100 6099 6098 6248 6398 6548 6698 6848 6998 7148 7298 7448 7598 7748 7898 8048 8198 8348 8498 8648 8798 8948 9098 9248 9398 9548 9698 9848 9998 10148 10298 10448 10598 10748 10898 11048 11198 11348 11498 11648 11798 11948 12098 12248 12398 12548 12698 12848 12998 13148 13298 13448 13598 13748 13898 14048 14198 14348 14498 14648 14798 14948 15098 15248 15398 15397 15547 15697 15847 15846 15996 16146 16145 16295 16445 16444 16594 16593 16743 16742 16892 17042 17041 17191 17190 17340 17339 17489 17488 17638 17637 17787 17937 17936 18086 18085 18084 18083 18082 18081 18080 18079 18078 18077 18076 18075 18074 18073 18072 18071 18070 18069 18068 18067 18066 18065 18064 18063 18062 17912 17911 17761 17760 17610 17460 17459 17309 17308 17158 17157 17007 17006 16856 16706 16556 16406 16256 16106 
Label: 331395
[228,197930,]
2831 2832 2833 2834 2835 2836 2837 2838 2839 2840 2841 2842 2843 2844 2845 2846 2847 2848 2849 2999 3149 3299 3449 3599 3749 3899 4049 4199 4349 4499 4649 4799 4949 5099 5249 5399 5549 5699 5849 5999 6149 6299 6449 6448 6447 6446 6445 6444 6443 6442 6441 6440 6439 6438 6437 6587 6586 6585 6584 6583 6582 6581 6580 6579 6578 6577 6576 6575 6574 6573 6572 6571 6570 6569 6568 6418 6417 6416 6415 6414 6413 6412 6411 6410 6409 6408 6407 6406 6405 6404 6403 6402 6401 6400 6399 6398 6548 6698 6848 6998 7148 7298 7448 7598 7748 7898 8048 8198 8348 8498 8648 8798 8948 9098 9248 9398 9548 9698 9848 9998 10148 10298 10448 10598 10748 10898 11048 11198 11348 11498 11648 11798 11948 12098 12248 12398 12548 12698 12848 12998 13148 13298 13448 13598 13748 13898 14048 14198 14348 14498 14648 14798 14948 15098 15248 15398 15397 15547 15697 15847 15846 15996 16146 16145 16295 16445 16444 16594 16593 16743 16742 16892 17042 17041 17191 17190 17340 17339 17489 17488 17638 17637 17787 17937 17936 18086 18085 18084 18083 18082 18081 18080 18079 18078 18077 18076 18075 18074 18073 18072 18071 18070 18069 18068 18067 18066 18065 18064 18063 18062 17912 17911 17761 17760 17610 17460 17459 17309 17308 17158 17157 17007 17006 16856 16706 16556 16406 16256 16106 
Label: 20591
[164,314712,]
2831 2981 3131 3281 3431 3581 3580 3579 3578 3577 3576 3575 3574 3573 3572 3571 3570 3569 3568 3567 3566 3565 3715 3714 3864 4014 4164 4163 4313 4463 4613 4612 4762 4761 4760 4910 4909 4908 4907 5057 5056 5055 5054 5053 5052 5051 5050 5049 5048 5047 5046 5045 5044 5043 5042 5041 5040 5039 5038 5037 5036 5035 5034 5033 5032 5031 5030 5029 5028 5027 5026 5025 5024 5023 5022 5172 5322 5472 5622 5772 5922 6072 6222 6372 6522 6521 6671 6821 6820 6970 7120 7119 7269 7268 7418 7417 7567 7566 7716 7715 7865 7864 8014 8164 8163 8313 8312 8462 8461 8611 8610 8760 8759 8909 8908 9058 9057 9207 9206 9356 9506 9656 9806 9956 10106 10256 10406 10556 10706 10856 11006 11156 11306 11456 11606 11756 11906 12056 12206 12356 12506 12656 12806 12956 13106 13256 13406 13556 13706 13856 14006 14156 14306 14456 14606 14756 14906 15056 15206 15356 15506 15656 15806 15956 16106 
Label: 331119
[226,197938,]
2831 2832 2833 2834 2835 2836 2837 2838 2839 2840 2841 2842 2843 2844 2845 2846 2847 2848 2849 2999 3149 3299 3449 3599 3749 3899 4049 4199 4349 4499 4649 4799 4949 5099 5249 5399 5549 5699 5849 5999 6149 6299 6449 6448 6447 6446 6445 6444 6443 6442 6441 6440 6439 6438 6437 6587 6586 6585 6584 6583 6582 6581 6580 6579 6578 6577 6576 6575 6574 6573 6572 6571 6570 6569 6568 6567 6566 6565 6564 6563 6562 6561 6560 6559 6558 6557 6556 6555 6554 6553 6552 6551 6550 6549 6548 6698 6848 6998 7148 7298 7448 7598 7748 7898 8048 8198 8348 8498 8648 8798 8948 9098 9248 9398 9548 9698 9848 9998 10148 10298 10448 10598 10748 10898 11048 11198 11348 11498 11648 11798 11948 12098 12248 12398 12548 12698 12848 12998 13148 13298 13448 13598 13748 13898 14048 14198 14348 14498 14648 14798 14948 15098 15248 15398 15397 15547 15697 15847 15846 15996 16146 16145 16295 16445 16444 16594 16593 16743 16742 16892 17042 17041 17191 17190 17340 17339 17489 17488 17638 17637 17787 17937 17936 18086 18085 18084 18083 18082 18081 18080 18079 18078 18077 18076 18075 18074 18073 18072 18071 18070 18069 18068 18067 18066 18065 18064 18063 18062 17912 17911 17761 17760 17610 17460 17459 17309 17308 17158 17157 17007 17006 16856 16706 16556 16406 16256 16106 
Label: 158648
[190,237439,]
2831 2981 3131 3281 3431 3581 3580 3579 3578 3577 3576 3575 3574 3573 3572 3571 3570 3569 3568 3567 3566 3565 3715 3714 3864 4014 4164 4163 4313 4463 4613 4612 4762 4761 4760 4910 4909 4908 4907 5057 5056 5055 5054 5053 5052 5051 5050 5049 5048 5198 5348 5498 5648 5798 5948 6098 6248 6398 6548 6698 6848 6998 7148 7298 7448 7598 7748 7898 8048 8198 8348 8498 8648 8798 8948 9098 9248 9398 9548 9698 9848 9998 10148 10298 10448 10598 10748 10898 11048 11198 11348 11498 11648 11798 11948 12098 12248 12398 12548 12698 12848 12998 13148 13298 13448 13598 13748 13898 14048 14198 14348 14498 14648 14798 14948 15098 15248 15398 15397 15547 15697 15847 15846 15996 16146 16145 16295 16445 16444 16594 16593 16743 16742 16892 17042 17041 17191 17190 17340 17339 17489 17488 17638 17637 17787 17937 17936 18086 18085 18084 18083 18082 18081 18080 18079 18078 18077 18076 18075 18074 18073 18072 18071 18070 18069 18068 18067 18066 18065 18064 18063 18062 17912 17911 17761 17760 17610 17460 17459 17309 17308 17158 17157 17007 17006 16856 16706 16556 16406 16256 16106 
Label: 330711
[224,198758,]
2831 2832 2833 2834 2835 2836 2837 2838 2839 2840 2841 2842 2843 2844 2845 2846 2847 2848 2998 3148 3298 3448 3598 3748 3898 4048 4198 4348 4498 4648 4798 4948 5098 5248 5398 5548 5698 5848 5998 6148 6298 6448 6447 6446 6445 6444 6443 6442 6441 6440 6439 6438 6437 6587 6586 6585 6584 6583 6582 6581 6580 6579 6578 6577 6576 6575 6574 6573 6572 6571 6570 6569 6568 6567 6566 6565 6564 6563 6562 6561 6560 6559 6558 6557 6556 6555 6554 6553 6552 6551 6550 6549 6548 6698 6848 6998 7148 7298 7448 7598 7748 7898 8048 8198 8348 8498 8648 8798 8948 9098 9248 9398 9548 9698 9848 9998 10148 10298 10448 10598 10748 10898 11048 11198 11348 11498 11648 11798 11948 12098 12248 12398 12548 12698 12848 12998 13148 13298 13448 13598 13748 13898 14048 14198 14348 14498 14648 14798 14948 15098 15248 15398 15397 15547 15697 15847 15846 15996 16146 16145 16295 16445 16444 16594 16593 16743 16742 16892 17042 17041 17191 17190 17340 17339 17489 17488 17638 17637 17787 17937 17936 18086 18085 18084 18083 18082 18081 18080 18079 18078 18077 18076 18075 18074 18073 18072 18071 18070 18069 18068 18067 18066 18065 18064 18063 18062 17912 17911 17761 17760 17610 17460 17459 17309 17308 17158 17157 17007 17006 16856 16706 16556 16406 16256 16106 
Label: 298263
[210,236530,]
2831 2832 2833 2834 2835 2836 2837 2838 2839 2840 2841 2842 2843 2993 3143 3293 3443 3593 3743 3893 4043 4193 4343 4493 4643 4793 4943 5093 5243 5393 5543 5693 5843 5993 6143 6293 6443 6442 6441 6440 6439 6438 6437 6587 6586 6585 6584 6583 6582 6581 6580 6579 6578 6577 6576 6575 6574 6573 6572 6571 6570 6569 6568 6567 6566 6565 6564 6563 6562 6561 6560 6559 6558 6557 6556 6555 6554 6553 6552 6551 6550 6549 6548 6698 6848 6998 7148 7298 7448 7598 7748 7898 8048 8198 8348 8498 8648 8798 8948 9098 9248 9398 9548 9698 9848 9998 10148 10298 10448 10598 10748 10898 11048 11198 11348 11498 11648 11798 11948 12098 12248 12398 12548 12698 12848 12998 13148 13298 13448 13598 13748 13898 14048 14198 14348 14498 14648 14798 14948 15098 15248 15398 15397 15547 15697 15847 15846 15996 16146 16145 16295 16445 16444 16594 16593 16743 16742 16892 17042 17041 17191 17190 17340 17339 17489 17488 17638 17637 17787 17786 17785 17784 17783 17782 17781 17780 17779 17778 17777 17776 17775 17774 17773 17772 17771 17770 17769 17768 17767 17766 17765 17764 17763 17762 17761 17760 17610 17460 17459 17309 17308 17158 17157 17007 17006 16856 16706 16556 16406 16256 16106 
Label: 312089
[214,215647,]
2831 2832 2833 2834 2835 2836 2837 2838 2839 2840 2841 2842 2843 2844 2994 3144 3294 3444 3594 3744 3894 4044 4194 4344 4494 4644 4794 4944 5094 5244 5394 5544 5694 5844 5994 6144 6294 6444 6443 6442 6441 6440 6439 6438 6437 6587 6586 6585 6584 6583 6582 6581 6580 6579 6578 6577 6576 6575 6574 6573 6572 6571 6570 6569 6568 6567 6566 6565 6564 6563 6562 6561 6560 6559 6558 6557 6556 6555 6554 6553 6552 6551 6550 6549 6548 6698 6848 6998 7148 7298 7448 7598 7748 7898 8048 8198 8348 8498 8648 8798 8948 9098 9248 9398 9548 9698 9848 9998 10148 10298 10448 10598 10748 10898 11048 11198 11348 11498 11648 11798 11948 12098 12248 12398 12548 12698 12848 12998 13148 13298 13448 13598 13748 13898 14048 14198 14348 14498 14648 14798 14948 15098 15248 15398 15397 15547 15697 15847 15846 15996 16146 16145 16295 16445 16444 16594 16593 16743 16742 16892 17042 17041 17191 17190 17340 17339 17489 17488 17638 17637 17787 17937 17936 17935 17934 17933 17932 17931 17930 17929 17928 17927 17926 17925 17924 17923 17922 17921 17920 17919 17918 17917 17916 17915 17914 17913 17912 17911 17761 17760 17610 17460 17459 17309 17308 17158 17157 17007 17006 16856 16706 16556 16406 16256 16106 
Label: 114976
[184,273385,]
2831 2981 3131 3281 3431 3581 3580 3579 3578 3577 3576 3575 3574 3573 3572 3571 3570 3569 3568 3567 3566 3565 3715 3714 3864 4014 4164 4163 4313 4463 4613 4612 4762 4761 4760 4910 4909 4908 4907 5057 5056 5055 5054 5053 5052 5051 5050 5049 5048 5198 5348 5498 5648 5798 5948 6098 6248 6398 6548 6698 6848 6998 7148 7298 7448 7598 7748 7898 8048 8198 8348 8498 8648 8798 8948 9098 9248 9398 9548 9698 9848 9998 10148 10298 10448 10598 10748 10898 11048 11198 11348 11498 11648 11798 11948 12098 12248 12398 12548 12698 12848 12998 13148 13298 13448 13598 13748 13898 14048 14198 14348 14498 14648 14798 14948 15098 15248 15398 15397 15547 15697 15847 15846 15996 16146 16145 16295 16445 16444 16594 16593 16743 16742 16892 17042 17041 17191 17190 17340 17339 17489 17488 17638 17637 17636 17635 17634 17633 17632 17631 17630 17629 17628 17627 17626 17625 17624 17623 17622 17621 17620 17619 17618 17617 17616 17615 17614 17613 17612 17611 17610 17460 17459 17309 17308 17158 17157 17007 17006 16856 16706 16556 16406 16256 16106 
Label: 107224
[182,304311,]
2831 2981 3131 3281 3431 3581 3580 3579 3578 3577 3576 3575 3574 3573 3572 3571 3570 3569 3568 3567 3566 3565 3715 3714 3864 4014 4164 4163 4313 4463 4613 4612 4762 4761 4760 4910 4909 4908 4907 5057 5056 5055 5054 5053 5052 5051 5050 5049 5048 5198 5348 5498 5648 5798 5948 6098 6248 6398 6548 6698 6848 6998 7148 7298 7448 7598 7748 7898 8048 8198 8348 8498 8648 8798 8948 9098 9248 9398 9548 9698 9848 9998 10148 10298 10448 10598 10748 10898 11048 11198 11348 11498 11648 11798 11948 12098 12248 12398 12548 12698 12848 12998 13148 13298 13448 13598 13748 13898 14048 14198 14348 14498 14648 14798 14948 15098 15248 15398 15397 15547 15697 15847 15846 15996 16146 16145 16295 16445 16444 16594 16593 16743 16742 16892 17042 17041 17191 17190 17340 17339 17489 17488 17487 17486 17485 17484 17483 17482 17481 17480 17479 17478 17477 17476 17475 17474 17473 17472 17471 17470 17469 17468 17467 17466 17465 17464 17463 17462 17461 17460 17459 17309 17308 17158 17157 17007 17006 16856 16706 16556 16406 16256 16106 
Label: 130476
[186,252100,]
2831 2981 3131 3281 3431 3581 3580 3579 3578 3577 3576 3575 3574 3573 3572 3571 3570 3569 3568 3567 3566 3565 3715 3714 3864 4014 4164 4163 4313 4463 4613 4612 4762 4761 4760 4910 4909 4908 4907 5057 5056 5055 5054 5053 5052 5051 5050 5049 5048 5198 5348 5498 5648 5798 5948 6098 6248 6398 6548 6698 6848 6998 7148 7298 7448 7598 7748 7898 8048 8198 8348 8498 8648 8798 8948 9098 9248 9398 9548 9698 9848 9998 10148 10298 10448 10598 10748 10898 11048 11198 11348 11498 11648 11798 11948 12098 12248 12398 12548 12698 12848 12998 13148 13298 13448 13598 13748 13898 14048 14198 14348 14498 14648 14798 14948 15098 15248 15398 15397 15547 15697 15847 15846 15996 16146 16145 16295 16445 16444 16594 16593 16743 16742 16892 17042 17041 17191 17190 17340 17339 17489 17488 17638 17637 17787 17786 17785 17784 17783 17782 17781 17780 17779 17778 17777 17776 17775 17774 17773 17772 17771 17770 17769 17768 17767 17766 17765 17764 17763 17762 17761 17760 17610 17460 17459 17309 17308 17158 17157 17007 17006 16856 16706 16556 16406 16256 16106 
Label: 326039
[220,202700,]
2831 2832 2833 2834 2835 2836 2837 2838 2839 2840 2841 2842 2843 2844 2845 2846 2996 3146 3296 3446 3596 3746 3896 4046 4196 4346 4496 4646 4796 4946 5096 5246 5396 5546 5696 5846 5996 6146 6296 6446 6445 6444 6443 6442 6441 6440 6439 6438 6437 6587 6586 6585 6584 6583 6582 6581 6580 6579 6578 6577 6576 6575 6574 6573 6572 6571 6570 6569 6568 6567 6566 6565 6564 6563 6562 6561 6560 6559 6558 6557 6556 6555 6554 6553 6552 6551 6550 6549 6548 6698 6848 6998 7148 7298 7448 7598 7748 7898 8048 8198 8348 8498 8648 8798 8948 9098 9248 9398 9548 9698 9848 9998 10148 10298 10448 10598 10748 10898 11048 11198 11348 11498 11648 11798 11948 12098 12248 12398 12548 12698 12848 12998 13148 13298 13448 13598 13748 13898 14048 14198 14348 14498 14648 14798 14948 15098 15248 15398 15397 15547 15697 15847 15846 15996 16146 16145 16295 16445 16444 16594 16593 16743 16742 16892 17042 17041 17191 17190 17340 17339 17489 17488 17638 17637 17787 17937 17936 18086 18085 18084 18083 18082 18081 18080 18079 18078 18077 18076 18075 18074 18073 18072 18071 18070 18069 18068 18067 18066 18065 18064 18063 18062 17912 17911 17761 17760 17610 17460 17459 17309 17308 17158 17157 17007 17006 16856 16706 16556 16406 16256 16106 
Label: 144992
[188,240202,]
2831 2981 3131 3281 3431 3581 3580 3579 3578 3577 3576 3575 3574 3573 3572 3571 3570 3569 3568 3567 3566 3565 3715 3714 3864 4014 4164 4163 4313 4463 4613 4612 4762 4761 4760 4910 4909 4908 4907 5057 5056 5055 5054 5053 5052 5051 5050 5049 5048 5198 5348 5498 5648 5798 5948 6098 6248 6398 6548 6698 6848 6998 7148 7298 7448 7598 7748 7898 8048 8198 8348 8498 8648 8798 8948 9098 9248 9398 9548 9698 9848 9998 10148 10298 10448 10598 10748 10898 11048 11198 11348 11498 11648 11798 11948 12098 12248 12398 12548 12698 12848 12998 13148 13298 13448 13598 13748 13898 14048 14198 14348 14498 14648 14798 14948 15098 15248 15398 15397 15547 15697 15847 15846 15996 16146 16145 16295 16445 16444 16594 16593 16743 16742 16892 17042 17041 17191 17190 17340 17339 17489 17488 17638 17637 17787 17937 17936 17935 17934 17933 17932 17931 17930 17929 17928 17927 17926 17925 17924 17923 17922 17921 17920 17919 17918 17917 17916 17915 17914 17913 17912 17911 17761 17760 17610 17460 17459 17309 17308 17158 17157 17007 17006 16856 16706 16556 16406 16256 16106 
Label: 305654
[212,224632,]
2831 2832 2833 2834 2835 2836 2837 2838 2839 2840 2841 2842 2843 2993 3143 3293 3443 3593 3743 3893 4043 4193 4343 4493 4643 4793 4943 5093 5243 5393 5543 5693 5843 5993 6143 6293 6443 6442 6441 6440 6439 6438 6437 6587 6586 6585 6584 6583 6582 6581 6580 6579 6578 6577 6576 6575 6574 6573 6572 6571 6570 6569 6568 6567 6566 6565 6564 6563 6562 6561 6560 6559 6558 6557 6556 6555 6554 6553 6552 6551 6550 6549 6548 6698 6848 6998 7148 7298 7448 7598 7748 7898 8048 8198 8348 8498 8648 8798 8948 9098 9248 9398 9548 9698 9848 9998 10148 10298 10448 10598 10748 10898 11048 11198 11348 11498 11648 11798 11948 12098 12248 12398 12548 12698 12848 12998 13148 13298 13448 13598 13748 13898 14048 14198 14348 14498 14648 14798 14948 15098 15248 15398 15397 15547 15697 15847 15846 15996 16146 16145 16295 16445 16444 16594 16593 16743 16742 16892 17042 17041 17191 17190 17340 17339 17489 17488 17638 17637 17787 17937 17936 17935 17934 17933 17932 17931 17930 17929 17928 17927 17926 17925 17924 17923 17922 17921 17920 17919 17918 17917 17916 17915 17914 17913 17912 17911 17761 17760 17610 17460 17459 17309 17308 17158 17157 17007 17006 16856 16706 16556 16406 16256 16106 
