0.05  0.1   -1.0822019376787755   8.991454963376355e-25   -1.571113532664259e-20   0.0   0.0
0.05169114894073973  0.09688053597890817   -1.0740169232831147   0.03548385621478808   0.08185014395660797   0.35483856214788084   0.8185014395660797
0.05517508689348335  0.09069779080629863   -1.0576523289389566   0.0709677120444592   0.16364594344158193   0.3548385582967113   0.8179579948497396
0.06062624844226128  0.08155477310530516   -1.0331680121500058   0.1064471394224005   0.24484316788950589   0.35479427377941297   0.8119722444792394
0.06718760629058418  0.07131997071400767   -1.0007152085074078   0.1215740913202173   0.32452803642598194   0.15126951897816804   0.7968486853647605
0.0737279327960586  0.061966715349784   -0.960569393858858   0.11413117747012849   0.40145814648549655   -0.07442913850088813   0.769301100595146
0.07965284952584203  0.05429531158723079   -0.91315149619181   0.09693042553469916   0.47417897667048   -0.1720075193542934   0.7272083018498345
0.08477237763774749  0.04836004796944728   -0.8590548893410567   0.078381708517619   0.5409660685075336   -0.1854871701708016   0.6678709183705351
0.0892653715216458  0.04374209706219332   -0.799112349121656   0.06443016733075935   0.599425402194007   -0.13951541186859645   0.5845933368647347
0.09365826724062158  0.03977636513514782   -0.7343380466949665   0.05918155330429116   0.6477430242668951   -0.052486140264681964   0.4831762207288812
0.09866476048924565  0.0358434633471212   -0.6658739534196921   0.06366528969766796   0.6846409327527436   0.04483736393376815   0.36897908485848524
0.104977677162015  0.03157162312271253   -0.594904624648076   0.07622436344130196   0.7096932877161609   0.1255907374363399   0.25052354963417384
0.11308991251633742  0.026898661308298506   -0.5226145684350176   0.09361887339795065   0.7229005621305838   0.17394509956648682   0.13207274414422754
0.12317526937843289  0.02202490538955223   -0.45015862166084464   0.11201246349913424   0.7245594677417304   0.18393590101183596   0.016589056111466563
0.13504315518671145  0.01730360819623781   -0.3786267363050293   0.12772523663944366   0.7153188535581533   0.15712773140309455   -0.09240614183577073
0.14820461931079834  0.013102151900129557   -0.3089989412937274   0.1381580156551733   0.6962779501130191   0.1043277901572959   -0.19040903445134266
0.16206681357133695  0.00967905139803611   -0.24209457332886533   0.1427858700167098   0.6690436796486207   0.04627854361536544   -0.2723427046439844
0.17613938561733955  0.00713948375977973   -0.17854061933536503   0.14299884187611284   0.6355395399350029   0.0021297185940300323   -0.335041397136178
0.19011428315311912  0.005471980398749191   -0.11875983655055238   0.1407403028966559   0.5978078278481267   -0.022585389794569394   -0.37731712086876257
0.20381762540027665  0.004607958067942147   -0.06296858470674094   0.13730554370843043   0.5579125184381144   -0.034347591882254565   -0.3989530941001221
0.2171219592263442  0.004459153343967423   -0.011184214211504628   0.13305165966688365   0.5178437049523631   -0.04253884041546768   -0.40068813485751226
0.2299006500650219  0.004929122190988042   0.03676097445151874   0.12787330067980499   0.47945188663023375   -0.051783589870786816   -0.3839181832212943
0.24204466876957015  0.005919088250659681   0.08133896250771229   0.12184302322888188   0.4457798805619354   -0.06030277450923108   -0.3367200606829833
0.25351995933802113  0.00733736848142433   0.12297065853780786   0.11562604051129373   0.4163169603009558   -0.062169827175881404   -0.29462920260979575
0.26443081705195065  0.009123269617260258   0.16224239779291508   0.11056050783188896   0.39271739255107246   -0.050655326794047634   -0.23599567749883388
0.2750817214908814  0.01127840768522151   0.19964761642841838   0.10866755976788943   0.3740521863550327   -0.018929480639995465   -0.1866520619603974
0.2859170816076755  0.013881576773555705   0.23577906728321102   0.11143676151205313   0.36131450854792635   0.027692017441636938   -0.1273767780710631
0.29712423592327497  0.01699797429153864   0.27122011680208313   0.11632379006188753   0.3544104951887211   0.04887028549834403   -0.06904013359205247
0.30874125948148856  0.020674629260818058   0.3065144299346768   0.12184950886855837   0.35294313132593685   0.05525718806670864   -0.01467363862784294
0.3206582480341868  0.024918776821167152   0.34213657395839825   0.12650193859345968   0.3562214402372144   0.04652429724901296   0.032783089112775825
0.33264787426737696  0.029686264349589785   0.37846538276140546   0.1290271578177064   0.3632880880300724   0.02525219224246713   0.07066647792857943
0.34420272845949884  0.034787730167696186   0.4157627146905874   0.12630898974119176   0.372973319291819   -0.027181680765146418   0.09685231261746599
0.355034101335146  0.04007556144143807   0.454159772992033   0.12053206957104298   0.3839705830144559   -0.05776920170148777   0.10997263722636938
0.3648974769346676  0.045382930278376615   0.49365212217439686   0.11200640257970992   0.39492349182363856   -0.08525666991333056   0.10952908809182632
0.3736318135270374  0.05055128649114085   0.5343153425252988   0.10148918250275706   0.40663220350901874   -0.10517220076952859   0.11708711685380284
0.3811986552419845  0.05546436523416702   0.5758763172318003   0.09021941934761174   0.41560974706501624   -0.11269763155145325   0.08977543555997458
0.3876988049932689  0.06008530107843578   0.6180018954044866   0.07975273968080504   0.4212557817268621   -0.10466679666806693   0.056460346618458765
0.3933709257094612  0.06448956837140651   0.6602317349510488   0.07181261992642157   0.4222983954656221   -0.07940119754383468   0.010426137387599774
0.39853722439239736  0.06885946199574497   0.7020775661747164   0.0676658055219339   0.4184583122366758   -0.04146814404487692   -0.03840083228946306
0.4035041395123711  0.07342175808322814   0.7429627382759815   0.0674424135087623   0.40885172101265144   -0.002233920131715825   -0.09606591224024379
0.40851115471830446  0.07839662942996085   0.7821779556846343   0.0705829626673241   0.392152174086529   0.03140549158561799   -0.16699546926122383
0.41369405780645213  0.08394137327411165   0.8191151220537427   0.07589905712085962   0.36937166369108326   0.05316094453535517   -0.22780510395445797
0.41907233908002595  0.09010483099924406   0.8533228099473885   0.08180105169687146   0.3420768789364582   0.059019945760118375   -0.27294784754625023
0.4245684844115588  0.09681140931917943   0.8842684094705144   0.08670974931732207   0.30945599523125844   0.049086976204506055   -0.32620883705199794
0.43005771092167827  0.10389336116536949   0.9114232889092297   0.08960225981029953   0.2715487943871536   0.028925104929774587   -0.3790720084410482
0.43542224126432  0.11115199187803171   0.9343366271885164   0.09025846532037873   0.22913338279286674   0.006562055100792074   -0.4241541159428687
0.44061530429487045  0.1184547919435434   0.9526556693890773   0.08960959347976312   0.1831904220056087   -0.006488718406156084   -0.4594296078725804
0.44569944160799746  0.12581129513461073   0.9660631928720211   0.0894240411851829   0.13407523482943895   -0.0018555229458022153   -0.4911518717616976
0.4506771856767058  0.1331431788333063   0.9743602705847677   0.08861966744732282   0.08297077712746494   -0.00804373737860089   -0.5110445770197399
0.45571245415459444  0.1406081433081181   0.977376429793074   0.09004422427596692   0.03016159208306415   0.014245568286441123   -0.5280918504440079
0.4609815168440747  0.14838074724018369   0.9750557901889216   0.09390228618645098   -0.02320639604152449   0.0385806191048407   -0.5336798812458864
0.4664983302539931  0.15638569242688427   0.9673720195225678   0.09721850525590688   -0.07683770666353872   0.033162190694558696   -0.5363131062201423
0.4722430341302218  0.16449416779244438   0.9544008077181625   0.09937252909101404   -0.12971211804405341   0.0215402383510718   -0.5287441138051467
0.47817825938904235  0.1725572002273302   0.9362485528225714   0.10011962391008042   -0.18152254895591016   0.007470948190663867   -0.5181043091185678
0.48421235199377194  0.18036963057169408   0.9131309967807373   0.09871390046391192   -0.2311755604183421   -0.014057234461685178   -0.4965301146243197
0.49025242205306024  0.18775554820693693   0.8853063932694226   0.09541185756272949   -0.2782460351131461   -0.0330204290118242   -0.4707047469480394
0.49621043464923753  0.19458079836925435   0.853136014122259   0.09059909153762283   -0.32170379147163625   -0.04812766025106666   -0.4345775635849012
0.5020436951938047  0.20079627068541286   0.8171096842187565   0.085240263193952   -0.360263299035024   -0.05358828343670814   -0.3855950756338782
0.5077423114578771  0.20640868805527862   0.7777775313346972   0.079983408316181   -0.3933215288405949   -0.05256854877771016   -0.3305822980557088
0.5133315891153825  0.21146936735320013   0.735805011840138   0.0753992703473376   -0.41972519494559   -0.045841379688434   -0.2640366610499511
0.5188674375911868  0.2160567826926719   0.6919823727796334   0.07189575637260674   -0.4382263906050476   -0.035035139747308465   -0.18501195659457603
0.5244633364323485  0.2202855544045722   0.6471335607162871   0.0701402837404381   -0.4484881206334611   -0.017554726321686493   -0.10261730028413509
0.5302865749191935  0.22428821963253584   0.6021927426330712   0.07066217899401918   -0.44940818083215983   0.0052189525358107254   -0.009200601986986705
0.5365090035769644  0.22817334827666624   0.5581497220917017   0.07335723753147902   -0.4404302054136948   0.026950585374598386   0.08977975418464984
0.5433119586184706  0.23203205894024384   0.5159609083153688   0.07821115347696332   -0.4218881377633299   0.04853915945484308   0.18542067650364885
0.5507705845345469  0.23588275906860726   0.4765824673960881   0.08393985467854281   -0.3937844091928061   0.057287012015794975   0.2810372857052381
0.5588585023197193  0.23970046668753417   0.4410190380983214   0.08943674052833797   -0.3556342929776677   0.0549688584979516   0.3815011621513843
0.5674915940158655  0.24345506526987512   0.41023259122409444   0.09414206432227255   -0.30786446874226897   0.04705323793934584   0.47769824235398717
0.576602535477508  0.24714768569406065   0.3850628139212075   0.09830803625065217   -0.2516977730288698   0.041659719283796075   0.5616669571339914
0.5860156320087825  0.2507582237500482   0.3662588274265822   0.10081784135798025   -0.18803986494625266   0.025098051073280916   0.6365790808261717
0.5955296897723115  0.2542788221569618   0.3544166248832684   0.10144550668734832   -0.11842202543313764   0.006276653293680574   0.6961783951311501
0.6050061243114894  0.2577382423803481   0.3500234269503646   0.10088131633622674   -0.043931979329038626   -0.0056419035112157   0.74490046104099
0.6144301219713555  0.26121472821118097   0.3534095165627678   0.10044784000920083   0.03386089612403228   -0.0043347632702590184   0.7779287545307091
0.623936864070514  0.2648452705193013   0.3647986468233095   0.10176393407831702   0.11389130260541597   0.013160940691161834   0.8003040648138371
0.6335742879737987  0.26874288930487256   0.3843155252275126   0.10395738150282299   0.19516878404203233   0.021934474245059635   0.8127748143661635
0.6433016903281724  0.27299363853812336   0.4119798511777067   0.10615612351996218   0.2766432595019407   0.021987420171391794   0.8147447545990835
0.6530138902604993  0.277657703436973   0.4477048082556198   0.1077405814473651   0.3572495707791305   0.015844579274029366   0.8060631127718983
0.662412517519776  0.2826863710774969   0.4912872641935144   0.10659347662857654   0.4358245593789462   -0.011471048187885566   0.7857498859981573
0.6711278555330558  0.28793899777989407   0.5423933802482581   0.10175814658318717   0.5110611605474368   -0.048353300453893695   0.7523660116849058
0.6788562005692841  0.29323177354516483   0.6004872938819394   0.09367005514060303   0.5809391363368136   -0.08088091442584154   0.6987797578937673
0.685460449988458  0.2984091936536523   0.6648792111793522   0.08391769144252953   0.6439191729741289   -0.09752363698073493   0.6298003663731522
0.6910012728117492  0.303414708403263   0.7346839636740929   0.07466987040813787   0.698047524947407   -0.0924782103439165   0.5412835197327815
0.6956963960141918  0.3083349922448399   0.808810536558361   0.0680098338240913   0.7412657288426786   -0.0666003658404659   0.43218203895271645
0.6997723548876847  0.3133278939592814   0.8861646509238855   0.06445347800428725   0.7735411436552465   -0.03556355819804048   0.32275414812567943
0.7034773806005656  0.31868222328235046   0.9654811852123357   0.06511225540019419   0.7931653428845014   0.0065877739590694435   0.19624199229254827
0.7069056487618373  0.3245959815242011   1.0454291348179718   0.06835609638405642   0.7994794960563624   0.03243840983862236   0.06314153171860919
0.7100218288178715  0.3311105851783452   1.1246283105645998   0.0722153992665274   0.7919917574662779   0.03859302882470983   -0.07487738590084382
0.7127451361965339  0.3381499814705101   1.2016628547389578   0.07547814467569788   0.7703454417435806   0.0326274540917048   -0.21646315722697373
0.7150279731146644  0.34564382436422786   1.2750987767348236   0.07833838504241974   0.7343592199586578   0.028602403667218612   -0.35986221784922684
0.7168886369574075  0.3536892093793709   1.3435211788832324   0.08257741215225   0.6842240214840876   0.04239027109830243   -0.5013519847457026
0.7183821091920551  0.36264727017100534   1.4055974588641964   0.09081702068574123   0.620762799809639   0.08239608533491236   -0.6346122167444859
0.71953990380004  0.3730670015967227   1.4601346810718323   0.10483858609235573   0.545372222076359   0.14021565406614506   -0.7539057773327998
0.7203367292937369  0.3853535031639083   1.5060332899744706   0.12312313008853099   0.4589860890263862   0.18284543996175248   -0.8638613304997279
0.7207391585179392  0.3995204892583893   1.5423978352058443   0.1417270067001554   0.36364545231373674   0.18603876611624406   -0.9534063671264945
0.7207693898459223  0.41507925262005935   1.568853287413357   0.1555879273201529   0.26455452207512625   0.13860920619997533   -0.9909093023861049
0.7205360134009833  0.43114369586445367   1.5853228202149978   0.16066138344904252   0.16469532801641032   0.050734561288896154   -0.9985919405871597
0.7201972583409679  0.4472691710934414   1.5918006839428493   0.16129032258064516   0.06477863727851227   0.006289468102641366   -0.9991669073789805
0.7199158935801536  0.46335409960030816   1.5882869900646115   0.16087389197747975   -0.03513693878238029   -0.004164382818269039   -0.9991557606089254
0.7198514838816131  0.47948300350083917   1.5747897386565821   0.16129032258064516   -0.13497251408029226   0.004164331018635947   -0.9983557529791196
0.7201454348489689  0.4946549750159792   1.5514241446959005   0.1517481884002489   -0.23365593960681494   -0.09542136679094475   -0.9868342552652271
0.7207753458792993  0.5068211691343996   1.5190669971974593   0.12182490190158457   -0.32357147498441136   -0.29923286498664314   -0.899155353775964
0.7215884561733135  0.5156677981972506   1.479141961988837   0.08883917723952532   -0.3992503520862227   -0.32985724662059246   -0.7567887710181139
0.7224707418731967  0.5220437436225214   1.4332923086820086   0.06436700095722063   -0.4584965330682846   -0.24472176282304686   -0.5924618098206186
0.7234661279837393  0.5272843352989537   1.3830944769821236   0.05334284828181294   -0.5019783169988501   -0.11024152675407695   -0.43481783930565504
0.7247967094062248  0.532705488947561   1.3301116679907936   0.05582056413516666   -0.5298280899132991   0.02477715853353732   -0.2784977291444898
0.7267179701026253  0.5390271692367334   1.275750623440929   0.06607184297570162   -0.543610445498645   0.10251278840534965   -0.13782355585345885
0.7294393948669625  0.5464951722974053   1.221341053609653   0.07948410058757943   -0.5440956983127613   0.1341225761187781   -0.004852528141163
0.7330639660802266  0.555001878257085   1.1680078888376524   0.0924670550869228   -0.5333316477200095   0.12982954499343358   0.10764050592751805
0.7375151384054045  0.564122496224883   1.1167672026929343   0.10148822945689068   -0.5124068614471788   0.09021174369967878   0.20924786272830728
0.7426107744037187  0.5733973771517807   1.068412525507328   0.10582481865584954   -0.48354677185606276   0.04336589198958863   0.2886008959111597
0.7481313735738735  0.5824593037016764   1.023633651593211   0.10611103995023008   -0.44778873914116823   0.002862212943805298   0.35758032714894505
0.7539236085839246  0.591150110350314   0.9829240650534375   0.10444142215406108   -0.407095865397736   -0.016696177961690047   0.4069287374343219
0.7598932791546306  0.5994418449202112   0.9468033232775357   0.10217134084484696   -0.3612074177590186   -0.022700813092141132   0.45888447638717444
0.7659916213759898  0.6073767149062368   0.9155287033374472   0.10007594093681509   -0.3127461994008863   -0.02095399908031863   0.48461218358132285
0.7721555464131338  0.6149751729841327   0.889258896538763   0.09784198333282887   -0.26269806798684137   -0.022339576039862162   0.5004813141404495
0.7783218040130149  0.6222556151912495   0.8680686477193089   0.09540837044997305   -0.21190248819454005   -0.024336128828558234   0.5079557979230134
0.7844435776311598  0.6292508957962569   0.8518932134283494   0.09295701316981801   -0.16175434290959473   -0.02451357280155047   0.5014814528494536
0.790496128318919  0.6360131042850435   0.8407198185085889   0.09075286963707531   -0.1117339491976054   -0.02204143532742698   0.5002039371198931
0.7964727976051512  0.642607028832414   0.8344618667148772   0.08899461595699368   -0.06257951793711758   -0.017582536800816236   0.49154431260487813
0.8023990239234604  0.6491252161431509   0.8329307453211441   0.08809479223744765   -0.015311213937331394   -0.008998237195460336   0.472683039997862
0.8082935630565986  0.6556479234622751   0.8359434387957589   0.08791547210984206   0.030126934746149456   -0.0017932012760558307   0.45438148683480845
0.8141037025091957  0.662172267083034   0.8432366297502538   0.08736405447337835   0.07293190954494991   -0.005514176364637113   0.42804974798800444
0.8197615547231908  0.6686707103203042   0.8544368838248416   0.08616324981298186   0.11200254074587673   -0.012008046603964938   0.39070631200926825
0.8252051144316385  0.6751123487233277   0.8691782054724128   0.08433685292602149   0.14741321647571218   -0.01826396886960372   0.3541067572983546
0.8303807003892021  0.6814627914065488   0.8869780802902997   0.08192363045966942   0.17799874817886813   -0.024132224663520673   0.3058553170315592
0.8353312069371452  0.6877963321441438   0.9073553361275044   0.08038734561852842   0.2037725583720473   -0.015362848411409993   0.2577381019317918
0.8401826351663928  0.6942981936162839   0.9297574230403213   0.08112370705679431   0.22402086912816851   0.007363614382658881   0.2024831075612122
0.8451770404896377  0.7013347129910169   0.9535343921403412   0.08628828972912346   0.23776969100019862   0.051645826723291426   0.13748821872030118
0.8506077462306736  0.7093974612022014   0.9780399092551418   0.09721135405012471   0.2450551711480074   0.10923064321001266   0.07285480147808758
0.8566720422848347  0.7188973452470346   1.0026511865322565   0.11270469533150983   0.24611277277114701   0.15493341281385123   0.01057601623139607
0.863384597924665  0.7299910188496493   1.0266501916438577   0.12966418056620144   0.23999005111601202   0.16959485234691601   -0.06122721655135009
0.8705699885383323  0.7425003486661309   1.0494111823702588   0.14426128057395185   0.22760990726400998   0.14597100007750427   -0.12380143852002025
0.8778324566483291  0.7557771084349971   1.0702546283973504   0.15133267757123484   0.20843446027091705   0.0707139699728297   -0.19175446993092915
0.8847661229668202  0.769022635884418   1.0885477108481822   0.14950576110286176   0.18293082450831924   -0.018269164683731055   -0.2550363576259782
0.8907925649150717  0.7809738030600789   1.10375010476164   0.1338463295784375   0.1520239391345772   -0.15659431524424225   -0.3090688537374203
0.8954076662485146  0.7903984275724112   1.1154343678689116   0.10493936702514549   0.11684263107271646   -0.2890696255329203   -0.35181308061860744
0.8984777151788873  0.7967947403836351   1.1232993783825465   0.07094929035156286   0.0786501051363478   -0.3399007667358262   -0.3819252593636863
0.9  0.8   1.1274023381133362   0.035483855885302014   0.04102959730789766   -0.3546543446626084   -0.37620507828450167
0.9  0.8   1.1274023381133362   6.060031862060481e-25   -9.783123904744393e-21   -0.3548385588530201   -0.4102959730789766
