0.05  0.1   0.7278288866904906   6.888167039769609e-16   8.512962708456108e-23   -1.1108002958924957e-19   0.0
0.05223315071345189  0.10200323145980153   0.731178808468522   0.02999983065037749   0.0334992177803125   0.299998306503768   0.33499217780312496
0.05667253076557928  0.10603950266146223   0.7378731647787411   0.05999965038275139   0.06694356310219166   0.2999981973237389   0.33444345321879165
0.06327221618852019  0.11215858133128312   0.7476289118598174   0.08999942858103246   0.09755747081076342   0.2999977819828108   0.30613907708571747
0.07197253808927366  0.1204230960035115   0.7597149568994563   0.11999908497319706   0.12086045039638836   0.299996563921646   0.23302979585624936
0.08271048397719333  0.13089644758653077   0.7729245944232243   0.1499981917468411   0.13209637523768   0.29999106773644013   0.11235924841291647
0.09411181315211843  0.1423048057105771   0.7857063196992138   0.16128885331643641   0.12781725275989522   0.11290661569595335   -0.04279122477784773
0.10538956595169807  0.15383496104028838   0.7964641597090902   0.16128614017810464   0.10757840009876563   -2.713138331764723e-05   -0.20238852661129614
0.11658214494910464  0.16544792401632435   0.8038294892049086   0.1612869287002782   0.07365329495818246   7.88522173551022e-06   -0.33925105140583145
0.12740864612297012  0.17674803146584475   0.8067992726480332   0.15649458650004613   0.029697834431245452   -0.04792342200232077   -0.43955460526937024
0.13803040997114527  0.18778849302755257   0.8047242287942163   0.15320367447998484   -0.02075043853816707   -0.03290912020061285   -0.5044827296941253
0.14877491183548092  0.19879155974604124   0.797286971609013   0.15378940065031704   -0.07437257185203412   0.005857261703321903   -0.5362213331386705
0.15976853426325704  0.20976428522197377   0.7844468470692881   0.1553256058910205   -0.1284012453972494   0.015362052407034775   -0.5402867354521526
0.17063098488783918  0.22022217389930918   0.7664250412737479   0.15078470385233986   -0.18021805795540216   -0.0454090203868068   -0.5181681255815279
0.18075604179964394  0.2295351600324003   0.7436450495992514   0.13756761544122093   -0.2277999167449652   -0.13217088411118907   -0.4758185878956302
0.1897162445832808  0.23734168130273736   0.716698639456275   0.11883897015190444   -0.2694641014297624   -0.187286452893165   -0.4166418468479721
0.1974446272869186  0.2436718322341647   0.6862663047682164   0.0998993043159911   -0.30432334688058754   -0.18939665835913336   -0.34859245450825094
0.20417883241815116  0.2488241653132616   0.653094593133075   0.08479154138662898   -0.3317171163514125   -0.1510776292936211   -0.27393769470824925
0.21032558824446562  0.2531933377576452   0.6179438826966384   0.07541370899039282   -0.3515071043643672   -0.09377832396236162   -0.1978998801295476
0.21632867949536524  0.25714006168018066   0.5815936839151429   0.0718426992026044   -0.36350198781495513   -0.035710097877884185   -0.1199488345058793
0.22257152425638746  0.26092314301885966   0.5448099134417522   0.07299644862944904   -0.36783770473390626   0.011537494268446457   -0.04335716918951171
0.2293237917672121  0.26468547089566996   0.5083502098787336   0.0772969776836224   -0.36459703563018614   0.04300529054173357   0.032406691037200584
0.23672437467152319  0.26847227534571655   0.4729558334088604   0.0831315314825718   -0.35394376469873234   0.05834553798949384   0.10653270931453863
0.24479797295948738  0.2722665728513806   0.43933109199315473   0.08920744524804741   -0.3362474141570565   0.06075913765475632   0.17696350541675915
0.25348847440347916  0.2760246286673855   0.4081492140217782   0.09468252154656698   -0.31181877971376526   0.05475076298519549   0.24428634443291164
0.2626929275752062  0.2797013299488968   0.3800305060858444   0.09911613920241087   -0.2811870793593382   0.04433617655843903   0.30631700354427094
0.27228370160779797  0.28326258652138164   0.35554142121958665   0.10230615568931214   -0.24489084866257677   0.03190016486901286   0.3629623069676142
0.28211534964342605  0.28668722456069806   0.3351844878744063   0.10411025348003491   -0.20356933345180422   0.018040977907227546   0.41321515210772547
0.2920350771549751  0.2899678158168559   0.31939116782955107   0.10448122936362098   -0.15793320044855222   0.00370975883586072   0.45636133003251983
0.3019007382197286  0.2931119472934583   0.3085182209360168   0.10354556049716519   -0.10872946893534274   -0.009356688664557869   0.4920373151320949
0.31160523671949447  0.2961441132011002   0.3028388797088707   0.101671687909359   -0.05679341227146091   -0.018738725878061947   0.5193605666388182
0.3210981751520682  0.29910713803588956   0.30254717141895204   0.09944616445904877   -0.0029170828991867768   -0.022255234503102194   0.5387632937227413
0.33039174869671695  0.3020611187861222   0.30775323692011064   0.09751744023633634   0.05206065501158644   -0.019287242227124385   0.5497773791077322
0.3395423457981843  0.30507819516039747   0.31848927053889375   0.09635153198652859   0.1073603361878318   -0.011659082498077589   0.5529968117624535
0.34860810871375064  0.3082312047972796   0.3347073953109977   0.09598412733959152   0.16218124772103842   -0.003674046469370724   0.5482091153320663
0.3576083406385983  0.31158082444856977   0.35628759445053565   0.09603339341564554   0.21580199139537987   0.0004926607605401937   0.5362074367434143
0.3664990786902736  0.3151632192660754   0.38303449701946324   0.09585341711794536   0.26746902568927594   -0.0017997629770017795   0.5166703429389607
0.3751767720933782  0.31898324701648884   0.4146847625111877   0.09481296051282875   0.3165026549172445   -0.010404566051166018   0.49033629227968617
0.3835079751767473  0.3230170639663537   0.45091316297787376   0.09256382878922531   0.3622840046668611   -0.02249131723603441   0.45781349749616534
0.39137686952473194  0.3272277297207636   0.4913337639814032   0.08924640292749543   0.40420601003529383   -0.03317425861729883   0.41922005368432774
0.3987204534633994  0.3315851204017217   0.535523014748662   0.08539032650753695   0.44189250767258953   -0.03856076419958491   0.37686497637295696
0.40553404286443995  0.336078578835507   0.5830140261955978   0.081618728991583   0.47491011446935766   -0.03771597515953934   0.33017606796768145
0.41184748913314745  0.3407140014108779   0.6333214816898457   0.07832416372997224   0.5030745549424777   -0.03294565261610763   0.2816444047312003
0.41769063079066  0.34549693401976145   0.6859529880494246   0.07551076000859908   0.5263150635957888   -0.02813403721373174   0.23240508653311118
0.42307410747794544  0.3504165032449956   0.740402310342978   0.07292734919377439   0.5444932229355343   -0.025834108148246836   0.1817815933974552
0.42800069594105417  0.3554504974419184   0.7961808229063102   0.07043605004497827   0.5577851256333214   -0.024912991487961146   0.13291902697787142
0.43250868002285175  0.3606111074466447   0.8527954969688398   0.06852285465633196   0.5661467406252968   -0.019131953886463077   0.08361614991975239
0.43672688156162287  0.3660348383365378   0.9097825471579452   0.06870959247993037   0.5698705018910535   0.001867378235984061   0.037237612657568885
0.44090926955838783  0.3720946942156571   0.9666917884838037   0.073630308047081   0.5690924132585844   0.04920715567150632   -0.007780886324693142
0.4454097788484695  0.37947334059463156   1.0231022438363395   0.08642858685408264   0.5641045535253584   0.1279827880700164   -0.04987859733225896
0.45056112432782325  0.3890807833180766   1.0786231878786632   0.1090134468456916   0.5552094404232384   0.22584859991608958   -0.08895113102120077
0.4564090436078689  0.40157024107560296   1.1328874594474947   0.13790747441054416   0.5426427156883142   0.2889402756485255   -0.12566724734924062
0.4624697160286016  0.41651642788546883   1.1855579447033429   0.1612824387051611   0.526704852558481   0.23374964294616918   -0.1593786312983334
0.4677644609065353  0.431751086909922   1.2363093652823178   0.16128520047231823   0.5075142057897492   2.7617671571676785e-05   -0.19190646768731728
0.47231502882860554  0.44722440705903094   1.2847691890930448   0.16128586573232603   0.4845982381072723   6.652600078063348e-06   -0.229159676824769
0.47615429904736833  0.4628891525402177   1.330444287692019   0.1612836776623758   0.45675098598974123   -2.1880699502444118e-05   -0.2784725211753106
0.4788029412985116  0.4760826533040374   1.3726762948496067   0.1345673690682271   0.42232007157587664   -0.2671630859414864   -0.3443091441386464
0.4804707627598484  0.4864096642152151   1.4106779811746908   0.10460821324660646   0.3800168632508429   -0.29959155821620675   -0.42303208325033714
0.4814627414493917  0.4941680548092411   1.443627488659551   0.07821550123215719   0.32949507484860036   -0.2639271201444927   -0.5052178840224257
0.48212148178935244  0.5007290103374754   1.4707285713928624   0.06593942392753914   0.2710108273331127   -0.12276077304618055   -0.5848424751548762
0.4826485145009442  0.5073415490897695   1.4912624307868283   0.06633508289711813   0.20533859393966   0.003956589695789837   -0.656722333934527
0.4831467061477595  0.5148626358392341   1.5046536341420358   0.0753756862721151   0.13391203355207326   0.09040603374996976   -0.7142656038758673
0.4836826416992416  0.5237299306867739   1.5104301828155713   0.08883475942925893   0.05776548673535683   0.13459073157143847   -0.7614654681671644
0.4843264498781832  0.5340248164080464   1.5083409597761364   0.10314996897010191   -0.02089223039435255   0.14315209540842969   -0.7865771712970937
0.48516467025360815  0.5455659753599809   1.4982948413010124   0.11571558380424996   -0.10046118475123554   0.12565614834148028   -0.7956895435688298
0.4862937494658317  0.5580016579557298   1.480251079094169   0.12486833925765965   -0.18043762206843592   0.09152755453409718   -0.7997643731720038
0.4878049564427078  0.5709047968268849   1.4542081385998358   0.12991333236246735   -0.26042940494333083   0.050449931048076824   -0.7999178287489493
0.48976943938293815  0.5838480365078917   1.420169174356388   0.13091472287801934   -0.3403896424344778   0.010013905155520048   -0.7996023749114689
0.4922251744848324  0.5964393744743182   1.3781805939582088   0.12828578513426178   -0.41988580398179054   -0.026289377437575593   -0.7949616154731277
0.49516517296793  0.6083282796148843   1.328370576764085   0.12247026435896806   -0.4981001719412397   -0.058155207752937324   -0.7821436795944914
0.498526331757235  0.6192078656285709   1.271156376438159   0.11386956583537847   -0.5721420032592595   -0.08600698523589588   -0.7404183131801976
0.5021897909276452  0.6288327338121835   1.2071038625453552   0.10298496037980784   -0.6405251389280389   -0.10884605455570635   -0.6838313566877945
0.5059981370447936  0.637053066916003   1.1369507712303246   0.09059656532409387   -0.7015309131503066   -0.12388395055713973   -0.610057742222677
0.5097923436182312  0.6438483809146195   1.061560154228903   0.07782820559507435   -0.7539061700142156   -0.12768359729019516   -0.5237525686390889
0.5134628409635267  0.6493431399800192   0.9818714294896976   0.06607944305794292   -0.7968872473920551   -0.11748762537131426   -0.4298107737783953
0.5170002364755677  0.6537905972521252   0.8988819882031632   0.05682696824203163   -0.8298944128653427   -0.09252474815911292   -0.3300716547328768
0.5205276957364123  0.6575229928234522   0.8136193752826966   0.05135537512061918   -0.8526261292046665   -0.0547159312141245   -0.227317163393238
0.5242983929565248  0.6608781228059084   0.7271456877001136   0.05047281914542456   -0.8647368758258309   -0.008825559751946217   -0.12110746621164505
0.5286553458291766  0.6641256513274172   0.6405293342722208   0.05434103406491083   -0.8661635342789273   0.03868214919486269   -0.01426658453096434
0.5339633886764985  0.667415539743967   0.5548462740793235   0.06244892686213331   -0.8568306019289731   0.08107892797222475   0.09332932349954193
0.5405325454710685  0.6707621411413395   0.4711722859001647   0.0737248681955665   -0.8367398817915879   0.11275941333433209   0.20090720137385368
0.5485573028845431  0.6740661431124327   0.3905740231876833   0.08678315537597077   -0.8059826271248138   0.13058287180404257   0.30757254666774037
0.5580832981613568  0.6771606547246457   0.31409546801029137   0.10016016580057947   -0.7647855517739187   0.13377010424608707   0.4119707535089501
0.5690009815336318  0.6798642063997977   0.24274732954584946   0.11247444237579529   -0.7134813846444196   0.1231427657521581   0.5130416712949923
0.5810623428488846  0.6820275970083503   0.17747816290328036   0.12253844119387816   -0.6526916664256905   0.10063998818082864   0.6078971821872893
0.5939284909225722  0.683567268835547   0.11910205670870944   0.12957945654676084   -0.5837610619457098   0.07041015352882692   0.6893060447998093
0.6072638623416208  0.6844797616990379   0.06832000912469799   0.13366554309540704   -0.5078204758401146   0.04086086548646182   0.7594058610559516
0.6208604113174911  0.6848258801032439   0.025450845601758507   0.13600953716668054   -0.4286916352293948   0.023439940712735162   0.7912884061071973
0.6346994420530946  0.6846955220856513   -0.009419313015255002   0.13839644681626614   -0.3487015861701352   0.023869096495856078   0.7999004905925959
0.6488660229185503  0.6841811880098605   -0.03629021509542767   0.14175914536951678   -0.26870902080172676   0.03362698553250636   0.7999256536840843
0.6633674126905866  0.6833804539202353   -0.05516173105128585   0.14523480313022394   -0.1887151595585817   0.03475657760707152   0.7999386124314504
0.6780106057152488  0.682412100380782   -0.0660337973233828   0.1467517667814716   -0.10872066272096967   0.015169636512476287   0.7999449683761206
0.6924356735324081  0.6814165448591343   -0.06890639077661394   0.14459381464166396   -0.028725934532311315   -0.021579521398076174   0.7999472818865835
0.7062348277647646  0.6805352460773784   -0.06377952244367259   0.13827268170938792   0.05126868332941347   -0.06321132932276044   0.799946178617248
0.7190367468977846  0.6798862321842498   -0.05065324363031691   0.12818359977853874   0.13126278813355688   -0.10089081930849168   0.7999410480414343
0.7305378774582273  0.6795465318491247   -0.02952767132259245   0.11506146204791373   0.21125572307724455   -0.13122137730625003   0.7999293494368765
0.7405320976826736  0.679542502141018   -0.0004032038321927844   0.09994221036843422   0.2912446749039967   -0.15119251679479528   0.7998895182675216
0.748964424619019  0.6798520313682439   0.036690977251413716   0.0843800603839076   0.370941810836065   -0.15562149984526608   0.7969713593206825
0.7559861958894618  0.6804247919662514   0.08138905805979058   0.070450923682398   0.44698080808376883   -0.139291367015096   0.7603899724770384
0.7619761125314752  0.6812258893621524   0.13295204923759643   0.06043248995032973   0.5156299117780585   -0.10018433732068274   0.6864910369428964
0.7675110023662293  0.6822931342998483   0.19048358097821136   0.056368446173260686   0.5753153174061489   -0.04064043777069046   0.5968540562809054
0.7732699960221276  0.6837818638445563   0.25296735704712137   0.05948304261379064   0.6248377606891008   0.031145964405299608   0.4952244328295167
0.7798850936697941  0.6859690942584626   0.3193265786941898   0.06967316109639637   0.663592216470684   0.10190118482605726   0.38754455781583275
0.7877955752727465  0.6892062732733255   0.3884348989941809   0.08547224529920601   0.6910832029999104   0.15799084202809646   0.2749098652922651
0.797166638594565  0.6938387759953863   0.45911033278449553   0.10453559644991295   0.7067543379031462   0.1906335115070693   0.15671134903235887
0.8078808248393787  0.7001182142827288   0.5301260500185028   0.12418741163783012   0.7101571723400724   0.19651815187917168   0.034028344369260215
0.8195533749583321  0.7081074291391748   0.6002096870707783   0.141448216779805   0.7008363705227544   0.17260805141974914   -0.09320801817318006
0.8316092666623587  0.7176211065003801   0.6680782498074932   0.15357557804294292   0.67868562736715   0.1212736126313792   -0.22150743155604408
0.8435187129807251  0.7283320775554408   0.7324656415232433   0.16017484588795028   0.6438739171575022   0.06599267845007348   -0.3481171020964775
0.8548451214265287  0.7398126530448192   0.7921577023166356   0.16127341437705814   0.5969206079339224   0.010985684891078661   -0.4695330922357974
0.8654206709577266  0.7517557279593942   0.8460523106871002   0.15952406912492997   0.5389460837046457   -0.017493452521281844   -0.5797452422927661
0.8750617086668975  0.763737509217384   0.8932316398529278   0.1537896908845592   0.4717932916582748   -0.057343782403707376   -0.6715279204637099
0.8834597916393555  0.7750696178285389   0.9330237227214401   0.14104768101139156   0.39792082868512474   -0.12742009873167684   -0.7387246297315014
0.8902507445799122  0.7848729600302375   0.964974256280227   0.11925710048622364   0.31950533558786837   -0.21790580525167924   -0.7841549309725627
0.8951958588787873  0.7923908349648434   0.9889706844651158   0.08998477591280422   0.2399642818488887   -0.2927232457341939   -0.7954105373897974
0.8984121358863703  0.7974550570772228   1.0049685071279983   0.05999231900238787   0.15997822662882516   -0.29992456910416365   -0.7998605522006353
0.9  0.7999999999999999   1.0129674204974768   0.029996744695898334   0.07998913369478372   -0.29995574306489536   -0.7998909293404146
0.9  0.8   1.0129674204974768   6.887526833330649e-16   -1.0488586270115308e-19   -0.2999674469589765   -0.7998913369478372
