0.05  0.1   0.660901963365993   5.000053436239375e-19   2.4415804427464887e-26   1.0770145125148347e-17   0.0
0.052753425560395466  0.10216840085752785   0.6670899168501533   0.03504755996572844   0.061879534841601566   0.3504755996572844   0.6187953484160157
0.05820237434686285  0.10657239201339977   0.6797377149846922   0.07006153079852072   0.12647798134538868   0.35013970832792274   0.6459844650378712
0.06624302518821396  0.11332552881288627   0.698586180237902   0.10500329641709831   0.18848465253209917   0.349417656185776   0.6200667118671048
0.07672407425194426  0.12256572057549547   0.7225611587303638   0.1397259937467288   0.23974978492461754   0.34722697329630503   0.5126513239251835
0.08748960116180916  0.13261167504614524   0.7508361883433462   0.1472473330394108   0.2827502961298236   0.07521339292681971   0.4300051120520609
0.09641782390683185  0.14147723728770278   0.7818766953571522   0.12582184041044875   0.31040507013806073   -0.2142549262896206   0.2765477400823712
0.10321131065218245  0.14866689084178158   0.8137223346072224   0.09891540849953726   0.3184563925007025   -0.2690643191091148   0.08051322362641751
0.10854007781560475  0.15467408768146518   0.8451744142932427   0.0803007928679592   0.31452079686020185   -0.18614615631578058   -0.039355956405006595
0.11335278183613487  0.1604336808334035   0.874723064636352   0.07505666743512515   0.29548650343109284   -0.05244125432834042   -0.1903429342910898
0.11830142097255743  0.166686017833068   0.9012682615569318   0.07973753649280597   0.2654519692057994   0.04680869057680825   -0.30034534225293447
0.1235838249925325  0.17367378100418013   0.9234976756485106   0.08759716112134054   0.22229414091578686   0.0785962462853456   -0.4315782829001256
0.12908488002825558  0.18122024203955522   0.9408985005882506   0.09338665893143451   0.17400824939740084   0.05789497810093968   -0.48285891518386004
0.1346159049631483  0.18899712578767205   0.9525840831734749   0.095431733538353   0.1168558258522426   0.020450746069184938   -0.5715242354515824
0.14002836027852983  0.1967025168625783   0.9584450477077561   0.09416354079869932   0.058609645342811933   -0.012681927396536796   -0.5824618050943068
0.14520476320258324  0.20406432574943292   0.9579642126252955   0.08999520949363167   -0.0048083508246054615   -0.04168331305067645   -0.6341799616741739
0.150161476975858  0.2110155241985841   0.9513501394792169   0.08537456957961188   -0.06614073146078674   -0.04620639914019786   -0.6133238063618126
0.154959037162527  0.2175621508758214   0.938375304089555   0.08116335663049512   -0.12974835389661826   -0.042112129491167646   -0.6360762243583153
0.15974235520800906  0.22383724279522393   0.9194881799782921   0.07890304817983892   -0.18887124111262957   -0.02260308450656205   -0.5912288721601129
0.16461660858105415  0.22991307057726162   0.8946928959457093   0.0778935357916015   -0.24795284032582768   -0.010095123882374097   -0.5908159921319811
0.16966938320252606  0.23583738569209936   0.8646282762070876   0.07786401027102864   -0.3006461973862178   -0.0002952552057287338   -0.5269335706039013
0.17491678290250423  0.24156935048381725   0.8295037074160866   0.0777114045584306   -0.35124568791001   -0.0015260571259803496   -0.5059949052379215
0.18032506625286202  0.24702897150082193   0.7901219154537953   0.07684854614547582   -0.3938179196229126   -0.008628584129547898   -0.4257223171290269
0.18585495710866076  0.25214853681607463   0.7468870262198822   0.07535890252245367   -0.43234889233913093   -0.014896436230221407   -0.3853097271621828
0.19140872237950815  0.256833456522057   0.700741882554656   0.0726586411481277   -0.46145143665226185   -0.02700261374325965   -0.2910254431313094
0.19698648148865935  0.2610936867696897   0.6522677272591251   0.0701861513707358   -0.4847415529553099   -0.02472489777391893   -0.23290116303048053
0.20252765064740352  0.2649050475220331   0.6025087466711941   0.06725401581330025   -0.49758980587930907   -0.029321355574355643   -0.12848252923999118
0.2082314444457047  0.26841926759606793   0.5521880250862196   0.0669947807087591   -0.5032072158497457   -0.00259235104541145   -0.05617409970436637
0.21421582642600004  0.2717059727111106   0.5022393953156216   0.0682753675927165   -0.49948629770598024   0.01280586883957399   0.03720918143765458
0.2208926266674875  0.2749612005777693   0.45363251685684286   0.0742806636537896   -0.4860687845877869   0.06005296061073096   0.13417513118193314
0.22820760342720947  0.27811718254494167   0.40731368283539554   0.07966750101030705   -0.4631883402144731   0.053868373565174536   0.228804443733138
0.2358473944189536  0.2810304379728211   0.36430569815626174   0.08176396736063184   -0.4300798467913379   0.020964663503247816   0.33108493423135205
0.24352212773028126  0.2836192722291197   0.3253334592682899   0.08099604570996757   -0.38972238887971833   -0.007679216506642572   0.40357457911619576
0.25130948809241727  0.28595312019884933   0.2911787226390682   0.08129565040979762   -0.3415473662922169   0.0029960469983005287   0.4817502258750143
0.2600978765568947  0.28831492971297407   0.2625389853380018   0.09100215161385847   -0.2863973730106639   0.09706501204060841   0.5514999328155296
0.27007058965497227  0.2907557398531326   0.24003033804145046   0.10267061930115232   -0.22508647296551348   0.11668467687293854   0.6131090004515044
0.2809344346104023  0.2932325570280838   0.2241558403556485   0.11142609682373243   -0.15874497685801964   0.08755477522580109   0.6634149610749385
0.2921300212403594  0.2956793225996284   0.21516427721224562   0.11459835153742208   -0.08991563143402871   0.031722547136896546   0.6882934542399094
0.3030341581749008  0.298041639582565   0.21334709168529428   0.11157093878563817   -0.01817185526951364   -0.030274127517839096   0.7174377616451507
0.3131961836159188  0.3002993979689475   0.21862491920332672   0.10409814311272318   0.05277827518032454   -0.07472795672914992   0.7095013044983818
0.32259669151087816  0.3025104344457016   0.23100521663367377   0.09657030132744139   0.12380297430347044   -0.07527841785281789   0.7102469912314592
0.3320722819076841  0.30493168002002885   0.25017140339003424   0.09780043123587946   0.19166186756360473   0.012301299084380624   0.678588932601343
0.34165411373271  0.3076451003942438   0.27595867268520785   0.09958621955385334   0.2578726929517358   0.017857883179738843   0.6621082538813107
0.3510952771739178  0.3106467950922383   0.30783040739225676   0.099068530918535   0.31871734707048904   -0.005176886353183376   0.6084465411875323
0.3602853889195712  0.31395411465685885   0.34544762458900496   0.09767114036403801   0.3761721719674825   -0.01397390554496992   0.5745482489699342
0.3697085334185248  0.3178086596965705   0.38828438092180123   0.1018102007223825   0.42836756332796266   0.041390603583444846   0.5219539136048021
0.3791370310140542  0.3221962021151205   0.43554463084887624   0.10399379567236984   0.4726024992707501   0.02183594949987339   0.4423493594278745
0.38812534908408386  0.326952838157331   0.48673538677230826   0.10169338629726762   0.5119075592343203   -0.023004093751022085   0.39305059963570144
0.39636565130268003  0.3319024735996121   0.540906036399406   0.09612568421876172   0.5417064962709776   -0.05567702078505905   0.29798937036657314
0.4038278961055656  0.33698043569882036   0.5975097361291883   0.09026117469828193   0.5660369972978233   -0.05864509520479795   0.2433050102684568
0.4109090257462147  0.3424282256775798   0.6557636883502834   0.08934249416726563   0.5825395222109501   -0.009186805310163037   0.16502524913126831
0.41773214312367335  0.34834880847263117   0.7146941975152339   0.0903372743553444   0.5893050916495051   0.009947801880787739   0.0676556943855503
0.4243709010032794  0.35483599687656336   0.7738513586150276   0.0928206440249056   0.5915716109979376   0.024833696695612008   0.022665193484325163
0.43074384438384444  0.36184117515452374   0.8326218967128397   0.09470318370449127   0.587705380978121   0.018825396795856618   -0.03866230019816707
0.43667501479959436  0.36917125917275206   0.8904982502640499   0.09429152359287027   0.5787635355121025   -0.004116601116209906   -0.08941845466018514
0.44202922876183365  0.3766091433319103   0.9468673711365434   0.09164590984769493   0.5636912087249337   -0.0264561374517534   -0.15072326787168666
0.4468057578613515  0.38407597932010085   1.0016965501739994   0.08863908275282738   0.54829179037456   -0.030068270948675493   -0.1539941835037375
0.45127902050770435  0.3919626867100524   1.0548511734854993   0.09066985836394399   0.5315462331149986   0.02030775611116611   -0.16745557259561406
0.45596888408984115  0.40131810921363503   1.1061100891706341   0.10465120670045597   0.51258915685135   0.13981348336511973   -0.18957076263648664
0.4610478089956315  0.4128438846230839   1.155738329839836   0.12595196583856944   0.4962824066920176   0.2130075913811346   -0.16306750159332314
0.4663095321044733  0.42653303868204134   1.2038348122449631   0.14665560641217595   0.4809648240512725   0.20703640573606524   -0.1531758264074512
0.4713075945064057  0.4415910982908408   1.2503188347203325   0.1586586861637267   0.46484022475369163   0.12003079751550731   -0.1612459929758086
0.4753962626983904  0.4560594264193672   1.2953834820162113   0.15034950163368582   0.4506464729587891   -0.08309184530040867   -0.14193751794902495
0.47825094891277214  0.4681470896653835   1.3388803710381267   0.1242017858682774   0.43496889021915514   -0.26147715765408414   -0.1567758273963401
0.48012982278944144  0.4778917531269867   1.3803231648649588   0.09924143944050143   0.41442793826831914   -0.2496034642777597   -0.20540951950836006
0.4813111365924703  0.48563221553622354   1.4193495131650622   0.07830086883847921   0.3902634830010352   -0.20940570602022213   -0.2416445526728395
0.48208534138507847  0.4922996052438561   1.4551959098395189   0.06712188806433907   0.35846396674456693   -0.11178980774140143   -0.3179951625646824
0.4827109885604714  0.4997582879493884   1.4871105096437651   0.07484876892000777   0.3191459980424615   0.07726880855668707   -0.3931796870210538
0.4832154854996245  0.5086713787341606   1.5142548619164926   0.08927357083539247   0.27144352272727584   0.14424801915384694   -0.4770247531518572
0.48357678030168194  0.5189742259848545   1.535743219108595   0.10309180151793215   0.21488357192102284   0.13818230682539676   -0.5655995080625299
0.483804288495949  0.530285051082267   1.550684838933375   0.11313112938490505   0.14941619824779998   0.10039327866972896   -0.6546737367322285
0.4839537821383978  0.5421774042992218   1.5582264200150149   0.11893292789713265   0.07541581081639842   0.05801798512227607   -0.7400038743140156
0.48411398416710555  0.5543085524251139   1.5575912518738741   0.12132205880961161   -0.006351681411405909   0.023891309124789668   -0.8176749222780433
0.4843892246220181  0.5664438315533423   1.5481191989898344   0.12138400093245064   -0.09472052884039744   0.0006194212283902186   -0.8836884742899153
0.484887679009553  0.5784618087325959   1.5293443537400437   0.12028309617454361   -0.18774845249790667   -0.011009047579070244   -0.9302792365750924
0.4857139745511911  0.5903213896207097   1.5012354891503208   0.11888331386700915   -0.28108864589723026   -0.013997823075344674   -0.9334019339932357
0.4869675065582973  0.6020003615168747   1.463873272316877   0.11746051551088979   -0.37362216833443834   -0.014227983561193515   -0.9253352243720808
0.488733305881589  0.6134215844504736   1.4174039734043573   0.11556919163260086   -0.4646929891251965   -0.01891323878288927   -0.9107082079075819
0.49105735166594416  0.6243922387054708   1.3620405496890997   0.11214118047709298   -0.5536342371525746   -0.034280111555078804   -0.889412480273781
0.49390864773326765  0.6345861835928274   1.2980613148221016   0.10585197288100065   -0.6397923486699816   -0.0628920759609234   -0.8615811151740698
0.49714545673909516  0.6435933063502259   1.2258065121063813   0.09571060176678102   -0.7225480271572032   -0.10141371114219624   -0.8275567848722164
0.5005157171618266  0.651042581190344   1.1459251196298816   0.08176206391701113   -0.7988139247649959   -0.139485378497699   -0.7626589760779272
0.5037301040458225  0.6567699681288878   1.0593714053720067   0.06567742700750542   -0.8655371425787511   -0.16084636909505695   -0.6672321781375525
0.5066188596976607  0.660962309361272   0.9674535137102668   0.050912311108893514   -0.9191789166173987   -0.14765115898611916   -0.5364177403864753
0.5093124012708855  0.6641666601948519   0.8717913581515014   0.041860518954242865   -0.9566215555876532   -0.09051792154650645   -0.3744263897025442
0.5122724162779102  0.6670579905010368   0.7736604268750685   0.0413781098905345   -0.9813093127643295   -0.004824090637083671   -0.24687757176676392
0.5160127206987718  0.6700489636287953   0.6745338014755218   0.04789133263079002   -0.991266253995467   0.06513222740255517   -0.0995694123113739
0.5211494297429528  0.6733843612882874   0.5759011131439001   0.0612459446423164   -0.9863268833162169   0.1335461201152638   0.049393706792500394
0.5280492004690486  0.6769696497277722   0.4792235019494727   0.07775675486200888   -0.966776111944274   0.16510810219692487   0.1955077137194289
0.5367523976713724  0.6805054036087337   0.38589056085605256   0.0939399792681151   -0.9333294109342012   0.16183224406106228   0.3344670101007278
0.5470401023340816  0.6836559833056054   0.2971781770569369   0.10759322453255739   -0.8871238379911569   0.13653245264442276   0.4620557294304426
0.5585577049797397  0.6861616424772128   0.21421260376368828   0.11787005497039117   -0.8296557329324861   0.10276830437833782   0.5746810505867092
0.5709090007383397  0.6878763422375346   0.13794581574088038   0.12469751488471284   -0.7626678802280789   0.06827459914321665   0.6698785270440714
0.5836871413272928  0.688761293436933   0.06914467953215359   0.12808747617789168   -0.688011362087268   0.03389961293178837   0.7465651814081092
0.5964986409297135  0.6888688503585182   0.008395144825132267   0.128119510830372   -0.6074953470702131   0.00032034652480333235   0.8051601501705479
0.6090454505303684  0.6883179767486027   -0.04387729351520647   0.1255889696148394   -0.5227243834033874   -0.025305412155326095   0.847709636668257
0.6212151156270438  0.6872519578461237   -0.0873733838363812   0.12216265585917961   -0.4349609032117472   -0.034263137556597795   0.8776348019164031
0.6330873087704102  0.6857977361340385   -0.12188258355022634   0.11960925165774995   -0.3450919971384515   -0.025534042014296602   0.8986890607329567
0.6448589819487924  0.684051694755307   -0.14725206583881098   0.11900460071559882   -0.25369482288584644   -0.006046509421511381   0.9139717425260505
0.6567259606146555  0.6820956005102775   -0.16336605464776685   0.12027114672741812   -0.16113988808955873   0.012665460118193105   0.9255493479628772
0.6687844498041914  0.6800239942600206   -0.17013567773215996   0.12235142581511708   -0.0676962308439309   0.02080279087698962   0.9344365724562783
0.6810344777366323  0.6779527355005305   -0.16749777031882254   0.12423900240821714   0.02637907413337395   0.0188757659310005   0.9407530497730484
0.6934599117509563  0.6760058667325786   -0.15542053292684443   0.1257703098681973   0.12077237391978125   0.015313074599801585   0.943932997864073
0.7061000847807798  0.6743030056707328   -0.13391193853148714   0.12754360431605133   0.21508594395357294   0.017732944478540395   0.9431357003379169
0.719061288905389  0.6729628749846385   -0.1030294298015088   0.13030301708521655   0.3088250872997834   0.027594127691652082   0.9373914334621051
0.7324658436377799  0.672118583189082   -0.06290234785596789   0.13431117459439762   0.40127081945540893   0.04008157509181083   0.9244573215562553
0.7463730636395681  0.6719271081741506   -0.013767159686736476   0.13908538056140105   0.49135188169231414   0.04774205967003408   0.9008106223690518
0.7607104491455721  0.6725583017207418   0.04399590417627858   0.1435127271152997   0.5776306386301506   0.0442734655389866   0.8627875693783645
0.7752342149840552  0.6741599538705904   0.10983421529615199   0.1461181247278877   0.6583831111987343   0.02605397612588022   0.8075247256858362
0.7895233446081661  0.6768044779513379   0.1830018077935167   0.14531783546011195   0.7316759249736472   -0.008002892677757658   0.73292813774913
0.8030119650590373  0.6804295500837793   0.26254677414268407   0.13967248463207527   0.7954496634916737   -0.05645350828036692   0.6377373851802647
0.8150868589212977  0.6847979177956859   0.3471240652155145   0.12840782618331995   0.8457729107283039   -0.11264658448755327   0.5032324723663013
0.8252637576209314  0.689533312681308   0.4355110880266142   0.11224670679595888   0.8838702281109974   -0.16161119387361048   0.3809731738269358
0.8334101200073579  0.694262252279282   0.5259556696582818   0.09419452736346134   0.9044458163166761   -0.18052179432497545   0.20575588205678721
0.8398448917814297  0.6988244840725765   0.6167385158652477   0.07887981156170117   0.9078284620696598   -0.15314715801760184   0.0338264575298368
0.845401678801513  0.7035646700896372   0.7062588388646149   0.0730391986968594   0.8952032299936712   -0.058406128648417606   -0.12625232075988665
0.8509123817307958  0.7091563185048798   0.7926888759439268   0.07850756573364034   0.8643003707931186   0.05468367036780951   -0.30902859200552507
0.8571569878725868  0.7166188861175593   0.8740211854174672   0.09730622859772207   0.8133230947354045   0.18798662864081722   -0.5097727605771415
0.8644389872317431  0.7267718941802098   0.9486027314052897   0.12494442259851499   0.7458154598782247   0.27638194000792915   -0.6750763485717975
0.8724443054842944  0.7396577647204059   1.0148998005785899   0.15170061960912337   0.6629706917330005   0.2675619701060838   -0.8284476814522423
0.880008781872277  0.753558479741554   1.072433241273841   0.15825649468955919   0.5753344069525141   0.0655587508043583   -0.8763628478048641
0.8868600286069027  0.7677405407850996   1.1207660095073404   0.15750251974106536   0.48332768233499224   -0.007539749484938316   -0.9200672461752184
0.8924145540148802  0.7804789522789729   1.1596074694377116   0.13896757890969103   0.38841459930371286   -0.18534940831374336   -0.9491308303127939
0.8963128607254647  0.7901827188157053   1.1887983446712573   0.10457527441918046   0.29190875233545654   -0.3439230449051056   -0.965058469682563
0.8987911419531924  0.7967167437565038   1.2082710921493713   0.06988230088164225   0.19472747478114066   -0.346929735375382   -0.9718127755431589
0.9  0.8   1.2180104847971445   0.03498729674652185   0.09739392647773068   -0.348950041351204   -0.9733354830340999
0.9  0.8   1.2180104847971445   5.000046476196422e-19   7.159181384029904e-25   -0.34987296746521857   -0.9739392647773067
