0.1  0.1   1.4443090589633647   6.36945162516533e-23   -5.654617536251906e-20   1.803943920318158e-18   0.0
0.10040223574054388  0.10297286837787714   1.4363107838489733   0.029999566635461376   -0.07998275114391357   0.2999956663546138   -0.7998275114391357
0.10130156371168386  0.10890498273939692   1.4203387530326552   0.05999897632279488   -0.1597203081631808   0.29999409687333506   -0.7973755701926722
0.10286329427584381  0.1177682527375132   1.3963841058988022   0.08999808743221095   -0.23954647133853096   0.2999911110941608   -0.7982616317535018
0.1053220671052126  0.12951330166104033   1.3644310959781702   0.11999655746833829   -0.31953009920631986   0.29998470036127317   -0.799836278677889
0.10897696348063429  0.1440606389898543   1.324649436305902   0.14999443018773345   -0.3978165967226836   0.2999787271939522   -0.7828649751636368
0.11363528268256919  0.15950222639148198   1.2778048311158166   0.16128935466089553   -0.4684460519008553   0.11294924473162049   -0.7062945517817173
0.1190653705972582  0.17456087446559376   1.2247132464111334   0.1600777113096191   -0.5309158470468308   -0.012116433512764795   -0.6246979514597545
0.125152442997312  0.18877513547247024   1.1661871145942242   0.15462783267418417   -0.5852613181690917   -0.054498786354348606   -0.5434547112226097
0.13208333788597157  0.20249537707434764   1.103030542057759   0.1537147792411591   -0.6315657253646496   -0.009130534330250975   -0.463044071955579
0.14012256589160427  0.21606743236534923   1.0360305755446642   0.15774342197017416   -0.6699996651309517   0.04028642729015048   -0.38433939766301956
0.14928774083074353  0.2293283512068393   0.9660402558236838   0.16119937970900222   -0.6999031972098008   0.03455957738828047   -0.2990353207884918
0.15938959409989606  0.24190109331124512   0.8939415545344919   0.16128275899656702   -0.7209870128919195   0.0008337928756482637   -0.2108381568211869
0.17010945257040785  0.2534049982220146   0.8206631804362989   0.15724350346640412   -0.7327837409819298   -0.040392555301629184   -0.11796728090010367
0.18058013059313505  0.26310368866973144   0.7471415902522701   0.14272340195507813   -0.7352159018402878   -0.14520101511325967   -0.024321608583580217
0.19023759563688994  0.27082379568164044   0.6743705248120105   0.12363926696107196   -0.7277106544025965   -0.190841349940062   0.07505247437691273
0.19906628148829544  0.2769070413069446   0.6033267884236266   0.1072154705257691   -0.7104373638838382   -0.1642379643530284   0.1727329051875849
0.2073133367972082  0.28179440816458146   0.5349750832447191   0.09586463167895398   -0.6835170517890761   -0.11350838846815126   0.26920312094761867
0.21538761496807218  0.28589773300058136   0.47018377296986363   0.09057110062831505   -0.647913102748554   -0.052935310506389326   0.3560394904052222
0.22369287755228562  0.2895049250760172   0.4097433211373761   0.0905478996232612   -0.6044045183248757   -0.00023201005053858197   0.4350858442367836
0.23252997728528377  0.29277417636873293   0.35433257945597996   0.09422437885488959   -0.5541074168139615   0.03676479231628387   0.5029710151091413
0.24206039468003973  0.2957699646803341   0.30455999279367274   0.0999017534011361   -0.49772586662307294   0.05677374546246529   0.5638155019088855
0.25230534851979414  0.2985060660140749   0.2609772254634887   0.10604024221361415   -0.4358276733018388   0.06138488812478044   0.6189819332123414
0.2631698061574855  0.30098205153894125   0.22407085146554834   0.11143022214846347   -0.36906373997940434   0.05389979934849316   0.6676393332243449
0.27448052348291613  0.30320726465691133   0.1942541018914822   0.11527527915221282   -0.2981674957406614   0.038450570037493456   0.7089624423874293
0.28602587363090193  0.3052112008218976   0.17185864171415013   0.11717972102414184   -0.2239546017733207   0.019044418719290395   0.7421289396734064
0.29759117547412256  0.3070435273314373   0.15712709160084976   0.11709552816499122   -0.14731550113300426   -0.0008419285915063928   0.7663910064031648
0.30898894988078374  0.3087685546258439   0.1502077605842476   0.11527574792279781   -0.06919331016602151   -0.018197802421933945   0.7812219096698277
0.3200822014652408  0.31045821999000317   0.1511529473801526   0.11221194221601981   0.009451867959050304   -0.030638057067779882   0.7864517812507179
0.33079537599975467  0.3121862205276537   0.15991941517303893   0.10851640173959465   0.08766467792886336   -0.036955404764251715   0.7821280996981306
0.3411366961411288  0.31402924899941614   0.1763681164496158   0.10504268475916222   0.16448701276576871   -0.03473716980432422   0.7682233483690537
0.35110386922968195  0.3160524537061252   0.20026583954623106   0.10170442304169211   0.23897723096615267   -0.03338261717470107   0.7449021820038395
0.3607222689425709  0.3183176297918622   0.2312899712908704   0.09881530030127332   0.31024131744639316   -0.02889122740418788   0.7126408648024048
0.3699221564175013  0.3208542340185756   0.26903660253702133   0.09543180316559438   0.37746631246150947   -0.03383497135678959   0.6722499501511624
0.3785977694507899  0.32366229337991587   0.3130309614578234   0.0911874217642896   0.4399435892080196   -0.042443814013047934   0.624772767465102
0.38666316171152837  0.3267232853777306   0.3627290620517657   0.08626715732552695   0.49698100593942335   -0.04920264438762622   0.570374167314037
0.3941037269617338  0.33002391009932175   0.41751782835934925   0.08139787146808443   0.5478876630758365   -0.04869285857442546   0.5090665713641308
0.4010018393275295  0.33358627752967257   0.47670221727136053   0.07763659956487567   0.5918438891201124   -0.03761271903208742   0.4395622604427604
0.4075177616602103  0.33748799687163245   0.5395349912506971   0.0759477831598493   0.6283277397933662   -0.016888164050263693   0.3648385067325377
0.41382369770521216  0.34185074410595817   0.6052336295476687   0.0766801100900814   0.6569863829697146   0.007323269302320862   0.2865864317634838
0.4200512395449457  0.34681491348000654   0.6729893690928622   0.07963997422141136   0.6775573954519364   0.029598641313299805   0.20571012482221904
0.42623329420368256  0.3524824519862118   0.7420048448554857   0.08386822552249701   0.690154757626234   0.04228251301085648   0.12597362174297558
0.43230235971022296  0.358876929355587   0.8115013311305278   0.08816059037354691   0.694964862750421   0.04292364851049889   0.0481010512418705
0.4381276303078967  0.36593404082371084   0.8807304431398053   0.09150770448964161   0.6922911200927746   0.033471141160946974   -0.02673742657646523
0.44359080775720544  0.37355784198011055   0.9490194182050676   0.09379160512270882   0.6828897506526248   0.022839006330672044   -0.09401369440149733
0.4486725740184989  0.3817532849754375   1.0157484579978222   0.09643113305569663   0.6672903979275422   0.02639527932987819   -0.15599352725082766
0.4535022405556895  0.39079823624608084   1.0803491428090766   0.1025362483947749   0.6460068481125452   0.06105115339078265   -0.2128354981499685
0.45826483089714953  0.4012260811634842   1.14236930827822   0.11463952912584438   0.6202016546914328   0.12103280731069484   -0.2580519342111228
0.4630057993163362  0.4134716566291025   1.2014097134041255   0.13131294682392877   0.5904040512590583   0.166734176980844   -0.29797603432374775
0.4674710765001724  0.42723663696202874   1.2571126214817923   0.14471122413078066   0.5570290807766667   0.13398277306851886   -0.3337497048239151
0.4712161150711149  0.44122329840173374   1.309175460768025   0.1447936504570339   0.5206283928623279   0.0008242632625322713   -0.3640068791433875
0.4739943648239053  0.4540338631262771   1.35723179334324   0.13108365277583883   0.48056332575215277   -0.1370999768119505   -0.40065067110175123
0.47590617769837  0.46517182588186484   1.4008045612700202   0.1130085141977423   0.43572767926780126   -0.18075138578096533   -0.448356464843516
0.477201974140327  0.47497113166803157   1.4393255780613996   0.0988460835388941   0.3852101679137926   -0.14162430658848196   -0.5051751135400864
0.47810371696805093  0.48408419941040826   1.4721668671298236   0.09157573030257178   0.3284128906842394   -0.07270353236322329   -0.5679727722955317
0.47875586834255124  0.49311423144726324   1.4987012241920667   0.09053550684780415   0.2653435706224325   -0.010402234547676418   -0.6306932006180692
0.47924444805761207  0.5024200292164764   1.5183417668499708   0.09318614825147682   0.19640542657903937   0.02650641403672676   -0.689381440433931
0.4796373094996046  0.5121822471365781   1.530574978437716   0.09770119693850424   0.12233211587745069   0.04515048687027422   -0.7407331070158869
0.48000665929075864  0.5224923772374551   1.5349876700109952   0.10316743767547895   0.04412691573279281   0.054662407369747215   -0.7820520014465788
0.4804364117518979  0.5333960136460099   1.5314030344187635   0.1091210218554719   -0.035846355922319086   0.05953584179992941   -0.7997327165511191
0.4810235123403301  0.5449043202766811   1.5198251389448825   0.11523272478185165   -0.11577895473880791   0.06111702926379755   -0.7993259881648882
0.48187053419922055  0.556892833176357   1.5002607499733671   0.1201839787888335   -0.19564388971515304   0.049512540069818346   -0.7986493497634513
0.4830794658375888  0.5691777496809353   1.4727043546177025   0.1234425733816015   -0.27556395355664526   0.032585945927680104   -0.799200638414922
0.4847455178236272  0.5815699907532387   1.4371545174109948   0.12503734162812363   -0.35549837206707835   0.015947682465221193   -0.799344185104331
0.48692954203661454  0.5937748756478097   1.3937237929252249   0.12398757076927891   -0.43430724485769684   -0.010497708588447084   -0.7880887279061857
0.4896476906052534  0.6054879087488324   1.3427705292678098   0.1202428692550464   -0.5095326365741535   -0.03744701514232497   -0.7522539171645664
0.49286136382417006  0.616415219873941   1.28476525296355   0.11390075679420396   -0.5800527630425983   -0.06342112460842461   -0.7052012646844483
0.4964788378452067  0.6263093902379799   1.2202773713096633   0.10534738985163218   -0.6448788165388685   -0.08553366942571758   -0.6482605349627008
0.5003738289872115  0.6350120906621518   1.1499723493494534   0.09534566097583552   -0.703050219602099   -0.10001728875796669   -0.5817140306323066
0.5044203741362961  0.6424870798977658   1.074622604781893   0.08499999512713732   -0.7534974456756023   -0.10345665848698209   -0.5044722607350313
0.5085374795608912  0.6488298706337354   0.9950540600279579   0.07561848411436176   -0.7956854475393502   -0.09381511012775567   -0.42188001863747965
0.5127288463687095  0.6542457313892249   0.9121701412628769   0.06848292009000079   -0.8288391876508115   -0.07135564024360974   -0.3315374011146144
0.5171081838592223  0.65900466169164   0.8269131113782119   0.06467303493655976   -0.852570298846649   -0.03809885153441011   -0.23731111195837473
0.5218763962340001  0.6633610248521896   0.7402925177116417   0.06458618214260319   -0.8662059366657021   -0.0008685279395658767   -0.1363563781905294
0.5272811665675505  0.6674979437954759   0.6532970445876893   0.06806294197413319   -0.8699547312395242   0.034767598315300005   -0.037487945738220105
0.5335509570678824  0.6714897292760738   0.5669470148956898   0.07432672752190285   -0.8635002969199951   0.06263785547769674   0.06454434319528918
0.5408303897696619  0.6753003292508459   0.482250644780232   0.08216496371778795   -0.8469637011545782   0.07838236195885105   0.1653659576541696
0.5491487550016273  0.6788190744456039   0.4001832318552443   0.09031985821400174   -0.8206741292498759   0.08154894496213788   0.2628957190470229
0.5584210605751597  0.6819088935624674   0.3216583989994808   0.09773568070252299   -0.785248328557636   0.07415822488521262   0.354258006922398
0.5684707761558445  0.6844484436315069   0.2475169994137086   0.10365620956110883   -0.7414139958577217   0.059205288585858204   0.43834332699914397
0.5790578512531365  0.6863588369210636   0.17852471896897532   0.10758055662452243   -0.6899228044473324   0.03924347063413601   0.5149119141038923
0.589906371154377  0.6876155953781196   0.11533197874242872   0.10921072560281056   -0.6319274022654663   0.016301689782881216   0.5799540218186605
0.6007509258824076  0.6882504878982947   0.058478071289021584   0.1086312366501265   -0.5685390745340714   -0.005794889526840417   0.6338832773139502
0.6114187976884451  0.6883404049433437   0.008428571090632869   0.10668250744379866   -0.5004950019838872   -0.01948729206327839   0.6804407255018424
0.6219171920963236  0.6879788917445626   -0.0344214929448756   0.10504616934290788   -0.4285006403550846   -0.01636338100890808   0.7199436162880247
0.6324411431291816  0.6872437380163011   -0.06974200306656292   0.10549596975528974   -0.3532051012168733   0.004498004123818703   0.752955391382113
0.6432188535440374  0.6861920749968413   -0.09726965700948931   0.10828898230793989   -0.2752765394292639   0.027930125526501683   0.7792856178760946
0.654405889442087  0.6848792122244727   -0.11682138391693116   0.11263808451994024   -0.19551726907441835   0.04349102212000349   0.7975927035484556
0.6660052205316503  0.6833819034903563   -0.12837587553434143   0.1169557246014261   -0.11554491617410292   0.043176400814858545   0.7997235290031539
0.6778493425155194  0.6818101301280046   -0.1319340533109039   0.1194795786196249   -0.03558177776562484   0.025238540181988   0.7996313840847808
0.68965226397775  0.6802971023089258   -0.1274956179185031   0.11899504536943571   0.04438435392400824   -0.004845332501892085   0.7996613168963309
0.70109847387603  0.6789742584262235   -0.11506001640777407   0.11522397188664318   0.12435601510729043   -0.03771073482792526   0.7997166118328219
0.711918392998896  0.6779471762310157   -0.09464154198220107   0.10868557754409708   0.20418474425572994   -0.0653839434254609   0.7982872914843949
0.7219309776027962  0.677280902977233   -0.06644562362300199   0.10034728222470159   0.2819591835919908   -0.08338295319395485   0.7777443933626084
0.7310554776690061  0.6769997403143339   -0.03080428767463675   0.09128830916451769   0.3564133594836524   -0.09058973060183909   0.7445417589166159
0.7392783562411287  0.6770971917268985   0.011850698012818548   0.08223456012504105   0.42654985687455305   -0.09053749039476644   0.7013649739090068
0.7466954883655521  0.6775502262586273   0.061003687562574675   0.07430954799890212   0.49152989549756126   -0.07925012126138924   0.6498003862300824
0.7535018181234057  0.6783437479605235   0.11606188919138205   0.06852430332659659   0.5505820162880736   -0.05785244672305536   0.5905212079051234
0.7600536809096781  0.6795112611354182   0.17634462592591552   0.06655072725645342   0.6028273673453349   -0.019735760701431633   0.522453510572614
0.7668724220173239  0.6811875040372313   0.24104898543518907   0.07021753382090837   0.6470435950927355   0.036668065644549504   0.44216227747400627
0.7744944714450569  0.6836224819928635   0.309217556733715   0.08001547045610913   0.6816857129852586   0.09797936635200748   0.3464211789252294
0.7833564028756151  0.687160268133376   0.3798265679122961   0.09541999761883697   0.7060901117858106   0.15404527162727863   0.24404398800552118
0.7936144173132755  0.692136953942675   0.45169798645964016   0.11401502613583661   0.7187141854734416   0.1859502851699964   0.12624073687630954
0.8051419131011497  0.6987921504097525   0.5235853513590671   0.13310702429046847   0.7188736489942683   0.19091998154631848   0.0015946352082684182
0.8175067328270385  0.70714579307547   0.5941601057270791   0.1492220200372446   0.7057475436801207   0.16114995746776156   -0.1312610531414778
0.8300187523478412  0.7168992003431504   0.6621296708722296   0.15864412558235533   0.6796956514515059   0.09422105545110704   -0.26051892228614937
0.8419864630435944  0.7275283271694959   0.7262296441536943   0.16006387362159386   0.6409997328146458   0.014197480392385383   -0.3869591863685987
0.8533913998333905  0.7389329510236842   0.7853844439044193   0.16128795008756205   0.59154799750725   0.01224076465968223   -0.4945173530739586
0.8641670788786742  0.7509234194580234   0.8387070698158241   0.16120998485253868   0.5332262591140474   -0.0007796523502340741   -0.5832173839320247
0.8743189819577488  0.7633405558968843   0.8854322118957088   0.16038903125460935   0.46725142079884746   -0.008209535979293305   -0.6597483831520007
0.8832155364732496  0.7751450117811007   0.9249564820904048   0.14781537841829728   0.39524270194696115   -0.12573652836312077   -0.7200871885188637
0.8901276658574742  0.7849520755096545   0.9568485921659571   0.11998167843467125   0.318921100755522   -0.2783369998362601   -0.763216011914391
0.8951340000121871  0.7924299268113939   0.9808428095189721   0.08998980039953332   0.23994217353014857   -0.2999187803513793   -0.7897892722537337
0.8983914597308256  0.7974680045685321   0.9968375644912781   0.05999439249253301   0.15994754972306202   -0.2999540790700031   -0.7999462380708657
0.9  0.8   1.0048347831177664   0.02999733765273276   0.07997218626488165   -0.2999705483980025   -0.799753634581804
0.9  0.8   1.0048347831177664   8.9235117004039e-23   1.0174071109737448e-19   -0.29997337652732753   -0.7997218626488165
