0.05  0.1   0.7681751316091391   5.000178922824964e-19   7.199338944473953e-26   0.0   0.0
0.05214281402536023  0.10207440453299266   0.7691781140477346   0.029824161536418117   0.010029824385955472   0.2982416153641812   0.10029824385955473
0.05641893420516403  0.10623065917498224   0.7711842001563642   0.059631917997079384   0.02006086108629594   0.2980775646066127   0.10031036700340466
0.06281398093737238  0.11248059358413488   0.7739227841817504   0.0894194066316141   0.02738584025386283   0.29787488634534715   0.0732497916756689
0.07131422545204694  0.1208341431274381   0.7766944100316765   0.11917883485658705   0.027716258499260547   0.2975942822497295   0.0033041824539771667
0.08191562627094576  0.13128727356407277   0.778356072145797   0.1488817098378807   0.016616621141205237   0.2970287498129365   -0.11099637358055311
0.09333943635846173  0.14253165775837112   0.7774830139472232   0.1602933600678821   -0.008730581985738716   0.11411650230001423   -0.2534720312694395
0.1048133592989598  0.15371764366782695   0.7726919546003191   0.1602426873231786   -0.04791059346904058   -0.0005067274470354321   -0.3918001148330186
0.11638818783871414  0.16478416992157213   0.7629517631239155   0.16013889566395048   -0.09740191476403522   -0.0010379165922810498   -0.4949132129499464
0.12812074372344626  0.17566398966725993   0.7477049876423822   0.16000729523457005   -0.15246775481533323   -0.001316004293804154   -0.5506584005129802
0.1400701962479924  0.18629044698912012   0.7268630326623787   0.15990966538835452   -0.20841954980003521   -0.0009762984621552838   -0.5595179498470197
0.1522966196194821  0.19660457530193182   0.7007628408542899   0.15995832935772208   -0.2610019180808892   0.0004866396936754739   -0.5258236828085396
0.16484521215447367  0.20654894247076175   0.6701318031083696   0.16011171506027488   -0.30631037745920237   0.0015338570255281694   -0.45308459378313176
0.17773478912352028  0.21606668723305575   0.6360397526350586   0.1602275443859102   -0.3409205047331098   0.0011582932563531049   -0.34610127273907465
0.19095916234873758  0.22511057051846842   0.5998249914138999   0.16021107080309888   -0.36214761221158714   -0.00016473582811325332   -0.2122710747847734
0.20448353818533987  0.2336460839150004   0.5629886071841458   0.15992614880351314   -0.36836384229754104   -0.0028492199958574877   -0.0621623008595389
0.21820467566477597  0.24163175356359584   0.5270772906044274   0.15875784499218604   -0.35911316579718355   -0.011683038113270887   0.09250676500357524
0.23205736287788228  0.24908451233668968   0.4935842325762265   0.15730243366009627   -0.3349305802820094   -0.014554113320897774   0.24182585515174124
0.2461382725599575  0.25612915316974705   0.46388540581701054   0.1574480809478132   -0.2969882675921595   0.0014564728771693245   0.3794231268984991
0.26048651919865645  0.2628700248612677   0.43920079619116303   0.1585280835582392   -0.24684609625847534   0.010800026104259982   0.5014217133368415
0.27502941905349215  0.26937439339978975   0.4205679139025655   0.159311878487651   -0.18632882288597563   0.007837949294117866   0.6051727337249971
0.28967464547965893  0.2757189765317521   0.40881115193716616   0.1596046340780442   -0.11756761965399269   0.0029275559039321007   0.6876120323198294
0.3043475102476189  0.28199989134660997   0.4044624206403803   0.15960665757100084   -0.04348731296785915   2.023492956637993e-05   0.7408030668613352
0.31894391630231045  0.2883044801365477   0.407723617099029   0.1589977702745482   0.032611964586487026   -0.0060888729645262795   0.7609927755434616
0.3333021483404319  0.29469367338991215   0.41867536166667324   0.15715616999914855   0.10951744567644237   -0.01841600275399648   0.7690548108995534
0.3472251183183397  0.30120308771236887   0.4373363484187449   0.1536950122239485   0.18660986752071687   -0.034611577752000744   0.7709242184427451
0.360503470101316  0.30784278626889616   0.4636790984202011   0.1484588235813312   0.2634275000145619   -0.05236188642617273   0.7681763249384502
0.37291309419161134  0.31458379353197147   0.4976136841010443   0.14122320948779396   0.33934585680843193   -0.07235614093537253   0.7591835679387003
0.3842599546074942  0.3213682578645197   0.5388854100865018   0.13220446194209437   0.4127172598545757   -0.09018747545699585   0.7337140304614377
0.3944535266244984  0.32814808696676157   0.5869229412066681   0.12242344265634804   0.48037531120166227   -0.09781019285746329   0.6765805134708658
0.4035403543364353  0.3349267180341122   0.640926121444753   0.11336678394076552   0.5400318023808489   -0.09056658715582525   0.5965649117918667
0.4116691622173549  0.34177263282563597   0.6999362627754496   0.10627514615138012   0.5901014133069664   -0.07091637789385401   0.5006961092611751
0.41900648513365746  0.3487866085208196   0.7628711064276902   0.10150475980376222   0.6293484365224057   -0.04770386347617892   0.39247023215439264
0.42564604227146496  0.3560253930156338   0.8285485207468989   0.09822612684323437   0.6567741431920869   -0.03278632960527859   0.27425706669681266
0.43157018326049157  0.36342525388744734   0.8957050896617519   0.09479102667339158   0.67156568914853   -0.034351001698427905   0.14791545956443006
0.4367082553578345  0.37081140190633194   0.9630050810708055   0.08997497842876001   0.6729999140905359   -0.048160482446315586   0.014342249420059692
0.44107629589850594  0.3780695192645037   1.0290436758519446   0.08471130134074722   0.6603859478113908   -0.05263677088012795   -0.12613966279145153
0.4449051660053107  0.38545218531124614   1.0923562518651972   0.08316489899658815   0.6331257601325267   -0.015464023441590705   -0.27260187678864045
0.44863733235143355  0.3938236546035635   1.1514241327102888   0.09165727671371819   0.5906788084509152   0.08492377717130037   -0.42446951681611544
0.4527149345991812  0.4044590742101039   1.2046831320234581   0.11390302467259554   0.5325899931316942   0.22245747958877357   -0.58088815319221
0.45715687347895845  0.41785563847873736   1.2506309166269376   0.14113778913240893   0.4594778460347949   0.27234764459813393   -0.7311214709689928
0.46162038677860096  0.4332592201496296   1.2887500310706625   0.16037246623519788   0.38119114443724955   0.19234677102788936   -0.7828670159754536
0.46562209128798937  0.4488116356550998   1.3189548632713932   0.16058993338038552   0.3020483220073067   0.0021746714518763996   -0.7914282242994288
0.4692755056824753  0.4644446783439547   1.341218366451325   0.16054266113582485   0.22263503179931815   -0.0004727224456066195   -0.7941329020798855
0.47270309586158715  0.4801204154029631   1.3555285665870465   0.16046093193546584   0.1431020013572127   -0.0008172920035899297   -0.7953303044210543
0.4760273072219987  0.49579989323035417   1.3618794884350278   0.16027988211432564   0.0635092184798138   -0.0018104982114021577   -0.7959278287739889
0.4793629412791184  0.5114092251023031   1.3602679720114508   0.15961757298298207   -0.016115164235770734   -0.006623091313435661   -0.7962438271558454
0.48282469018459423  0.5268822110246371   1.3506923854800883   0.15855503739586094   -0.09575586531362378   -0.010625355871211297   -0.7964070107785304
0.4865442316063945  0.5422381725254136   1.3331520572875144   0.1580001715192277   -0.17540328192573856   -0.005548658766332211   -0.796474166121148
0.49066560746507226  0.5575367207718329   1.3076470410493373   0.1584396785581659   -0.2550501623817722   0.0043950703893818254   -0.7964688045603362
0.4952938603085225  0.5726798049587825   1.2741780817732618   0.15834573662585574   -0.3346895927607558   -0.0009394193231015203   -0.7963943037898362
0.5004037476336782  0.5872153652551323   1.2327467721341516   0.15407578057715948   -0.4143130963911001   -0.04269956048696269   -0.796235036303443
0.5057618559146259  0.6003458641249183   1.1833560211971061   0.14181654519827364   -0.4939075093704551   -0.1225923537888584   -0.7959441297935496
0.510978656474954  0.611290828924795   1.1260113037974797   0.12124655152067866   -0.5734471739962644   -0.20569993677594986   -0.7953966462580939
0.5156609573257724  0.619660258238807   1.0607246501042602   0.09590166228983428   -0.6528665369321952   -0.25344889230844375   -0.794193629359308
0.5195177515911102  0.6255052861578944   0.9875334631820402   0.07002800395542623   -0.7319118692221999   -0.2587365833440805   -0.7904533229000457
0.5225136357018484  0.6293337131596634   0.9067948987196933   0.04861293543150761   -0.8073856446234687   -0.21415068523918623   -0.7547377540126892
0.5252828062294621  0.6323090152960523   0.8212662426136825   0.040645698682206084   -0.8552865610601078   -0.07967236749301526   -0.4790091643663905
0.5291383930629355  0.6357882815896371   0.7341373047221114   0.05193346105527721   -0.8712893789157122   0.11287762373071118   -0.16002817855604395
0.5354226798584067  0.6405525076766801   0.6486759256873171   0.07886070677800418   -0.8546137903479422   0.2692724572272697   0.1667558856776998
0.5444784272061167  0.6463339528132638   0.5681973784575205   0.10743913062326634   -0.8047854722979656   0.28578423845262163   0.49828318049976617
0.5564376010147366  0.6527957177122001   0.49537995617367864   0.13593242578216597   -0.7281742228384189   0.28493295158899634   0.7661124945954663
0.5709467347013726  0.6594584493216588   0.43048607808234196   0.1596580573697798   -0.6489387809133671   0.23725631587613838   0.7923544192505181
0.5859029399935737  0.6653204793596421   0.3735443510292633   0.16063980605782224   -0.5694172705307861   0.009817486880424412   0.7952151038258111
0.6011157561205591  0.6704390209203483   0.3245641210919154   0.16050833069228135   -0.48980229937347947   -0.0013147536554090546   0.796149711573066
0.6165148693583604  0.6749263463904773   0.283549760495852   0.16039600318567052   -0.41014360596063354   -0.0011232750661084297   0.7965869341284588
0.6320500149604619  0.6789014564435096   0.25050368871445516   0.1603565554649616   -0.3304607178139688   -0.00039447720708895033   0.7968288814666477
0.6476794469934493  0.6824856780906524   0.22542733748164925   0.16035142359300744   -0.250763512328059   -5.1318719541653066e-05   0.7969720548590983
0.663366847446674  0.6858018118741442   0.20832153729514497   0.16034066116959458   -0.171058001865043   -0.00010762423412859379   0.7970551046301598
0.6790818658199598  0.6889740995737933   0.19918668725463096   0.16032005854382772   -0.09134850040514014   -0.0002060262576686868   0.7970950145990284
0.6947970363146019  0.6921273868153237   0.198022823423282   0.1602840616205797   -0.011638638313489397   -0.0003599692324801416   0.7970986209165075
0.7104846906770137  0.6953863884786848   0.20482962403701552   0.16022596269911812   0.06806800613733521   -0.000580989214615705   0.797066444508246
0.7261118528365219  0.6988744668092838   0.2196063531251254   0.16011710951421654   0.14776729088109855   -0.0010885318490159866   0.7969928474376333
0.7416367345805566  0.702712383451662   0.24235170705462872   0.15992234281411058   0.22745353929503329   -0.0019476670010594125   0.7968624841393475
0.7570203031777368  0.7070206908322879   0.2730634457592593   0.15975471675694283   0.30711738704630553   -0.0016762605716775128   0.7966384775127227
0.7722499165335435  0.7119283460259997   0.3117373937461541   0.16000818805852193   0.3867394798689483   0.00253471301579097   0.7962209282264274
0.7872602940776063  0.7175502727941617   0.3583638140857139   0.16028646062316682   0.46626420339559776   0.002782725646448815   0.7952472352664949
0.8019522403864363  0.7239866313165688   0.4129034781639239   0.16039950042276893   0.5453966407821007   0.0011303979960212082   0.7913243738650287
0.8162243301994591  0.7313125444349162   0.47423364898502524   0.16042492033228287   0.6133017082110128   0.0002541990951393   0.6790506742891216
0.8299990745176709  0.7395307681433417   0.5379270599773017   0.16040036843508507   0.6369341099227651   -0.00024551897197792226   0.2363240171175223
0.8432369674807193  0.7485787562901044   0.5995603400588067   0.16034584484552092   0.6163328008150495   -0.0005452358956417326   -0.2060130910771561
0.855948378672598  0.758344625432491   0.6550953645346868   0.16029727838689517   0.5553502447588008   -0.0004856645862572726   -0.6098255605624865
0.86817535461309  0.768701661953984   0.7027873495875876   0.16023955383872193   0.47691985052900826   -0.0005772454817323486   -0.7843039422979255
0.8791226415827241  0.7787488485034322   0.7425511956571533   0.14858972021787634   0.3976384606956573   -0.11649833620845618   -0.7928138983335099
0.8876365620095459  0.787077021388083   0.7743698424991352   0.11909882645270392   0.3181864684198194   -0.294908937651724   -0.7945199227583787
0.8938761702527435  0.7934789392694785   0.798236860235204   0.08939645607345299   0.23867017736068813   -0.29702370379250936   -0.7951629105913125
0.8979696948196725  0.7978148874553599   0.8141492876046247   0.059630017649691516   0.15912427369420656   -0.2976643842376147   -0.7954590366648159
0.9  0.8   0.8221057537178731   0.029827597887847977   0.07956466113248421   -0.2980241976184354   -0.7955961256172235
0.9  0.8   0.8221057537178731   5.000246692877637e-19   2.3021763176702812e-24   -0.2982759788784798   -0.7956466113248422
