graph_load_time: 0.092337
n_generated: 2015
n_expanded: 865
n_domCheck: 4451
rt_initHeu: 0.0946852
rt_search: 0.100383
N: 5
Label: 895
[78,74778,]
198 260 322 384 446 508 570 571 633 634 696 697 759 760 822 823 885 947 1009 1010 1072 1134 1196 1258 1259 1321 1383 1445 1507 1508 1570 1632 1633 1695 1696 1697 1698 1760 1761 1762 1824 1825 1826 1888 1889 1890 1891 1953 2015 2077 2139 2201 2263 2325 2387 2449 2511 2573 2635 2697 2698 2760 2761 2823 2824 2886 2887 2949 2950 3012 3013 3075 3137 3199 3261 3323 3385 3447 3509 
Label: 2903
[88,74309,]
198 260 322 384 446 508 570 571 633 634 696 697 759 760 822 823 885 947 1009 1010 1072 1134 1196 1258 1259 1321 1383 1445 1507 1508 1570 1632 1633 1695 1696 1697 1698 1760 1761 1762 1824 1825 1826 1888 1889 1890 1891 1892 1893 1894 1895 1896 1897 1898 1899 1900 1901 1963 1964 2026 2088 2150 2212 2274 2336 2398 2460 2522 2584 2646 2708 2770 2832 2894 2893 2955 3017 3016 3015 3014 3013 3075 3137 3199 3261 3323 3385 3447 3509 
Label: 3119
[90,73577,]
198 260 322 384 446 508 570 571 633 634 696 697 759 760 822 823 885 947 1009 1010 1072 1134 1196 1258 1259 1321 1383 1445 1507 1508 1570 1632 1633 1695 1696 1697 1698 1760 1761 1762 1824 1825 1826 1888 1889 1890 1891 1892 1893 1894 1895 1896 1897 1898 1899 1900 1901 1963 1964 2026 2088 2089 2151 2213 2275 2337 2399 2461 2523 2585 2647 2709 2771 2833 2832 2894 2893 2955 3017 3016 3015 3014 3013 3075 3137 3199 3261 3323 3385 3447 3509 
Label: 3299
[92,73566,]
198 260 322 384 446 508 570 571 633 634 696 697 759 760 822 823 885 947 1009 1010 1072 1134 1196 1258 1259 1321 1383 1445 1507 1508 1570 1632 1633 1695 1696 1697 1698 1760 1761 1762 1824 1825 1826 1888 1889 1890 1891 1953 1954 1955 1956 1894 1895 1896 1897 1898 1899 1900 1901 1963 1964 2026 2088 2089 2151 2213 2275 2337 2399 2461 2523 2585 2647 2709 2771 2833 2832 2894 2893 2955 3017 3016 3015 3014 3013 3075 3137 3199 3261 3323 3385 3447 3509 
Label: 3455
[94,73557,]
198 260 322 384 446 508 570 571 633 634 696 697 759 760 822 823 885 947 1009 1010 1072 1134 1196 1258 1259 1321 1383 1445 1507 1508 1570 1632 1633 1695 1696 1697 1698 1760 1761 1762 1824 1825 1826 1888 1889 1890 1891 1953 1954 1955 1956 1894 1895 1833 1834 1835 1836 1837 1838 1900 1901 1963 1964 2026 2088 2089 2151 2213 2275 2337 2399 2461 2523 2585 2647 2709 2771 2833 2832 2894 2893 2955 3017 3016 3015 3014 3013 3075 3137 3199 3261 3323 3385 3447 3509 
