0.10000000000000002  0.1   1.2642569237571961   4.36518758300156e-29   4.1564402242121896e-20   -3.711153699438983e-20   0.0
0.10091095033618458  0.1028517394769906   1.2616044136978752   0.029937014813810815   -0.02652510059320786   0.2993701481381082   -0.2652510059320786
0.1027617566387683  0.10854145923478306   1.2563025741793983   0.05983175987041088   -0.0530183951847709   0.2989474505660006   -0.2649329459156305
0.10559943831248958  0.11703542932759331   1.248372213065141   0.08955443329000834   -0.07930361114257369   0.2972267341959746   -0.2628521595780278
0.10948713380089609  0.12827789318735572   1.2378639539439344   0.11895678620771065   -0.1050825912120636   0.2940235291770232   -0.2577898006948992
0.11426763839113584  0.14154182071909008   1.2248743323428648   0.14099113365898025   -0.12989621601069687   0.22034347451269598   -0.2481362479863324
0.11971425004672519  0.1559577747143297   1.2095570847020614   0.1541055833251063   -0.15317247640803547   0.13114449666126038   -0.23276260397338622
0.1256162571881178  0.17079192159533654   1.192130698026976   0.15965137080037303   -0.17426386675085223   0.055457874752667384   -0.2109139034281676
0.13183065724542103  0.18557613509379478   1.172879137148365   0.16037198534664676   -0.19251560878611162   0.007206145462737388   -0.182517420352594
0.13834301511149144  0.20021217299870184   1.1521469001299243   0.160195009450884   -0.20732237018440489   -0.0017697589576277327   -0.1480676139829323
0.1451624172767128  0.21468000143761135   1.130330768597981   0.1599444608696356   -0.21816131531943342   -0.0025054858124838367   -0.10838945135028576
0.1522664439202085  0.22891370077913853   1.1078696911557424   0.15908029151863046   -0.2246107744223889   -0.008641693510051555   -0.06449459102955443
0.15964667158680823  0.24289930337585808   1.0852336602216823   0.15813438601526378   -0.22636030934060114   -0.009459055033666628   -0.017495349182122505
0.16731283921841444  0.25667281152087956   1.0629093201450655   0.15763237382495024   -0.22324340076616914   -0.005020121903135648   0.031169085744320115
0.17528314975398324  0.2702945136379727   1.0413909411938997   0.1578216140458084   -0.21518378951165426   0.0018924022085819617   0.08059611254514888
0.18356775226508742  0.28381813265462447   1.021161796222783   0.15859473827165949   -0.20229144971116672   0.007731242258510776   0.12892339800487526
0.19214982524057092  0.29726318422040904   1.002684979738785   0.1595059209443799   -0.1847681648399836   0.00911182672720403   0.17523284871183106
0.20097288024241272  0.3106012835325041   0.9863842758703323   0.15992222885667015   -0.1630070386845239   0.00416307912290242   0.21761126155459717
0.2099348228029949  0.3237527261933169   0.9726344263115567   0.1591467431397299   -0.13749849558775634   -0.007754857169402307   0.2550854309676755
0.21885618845398086  0.33654299839027907   0.9617422550134562   0.15594288311782112   -0.10892171298100518   -0.032038600219087957   0.28576782606751155
0.22752117770980593  0.34876136676534486   0.9539376321031634   0.14979004124185902   -0.07804622910292792   -0.06152841875962111   0.30875483878077276
0.23575011406645072  0.3602529462868932   0.9493570892640485   0.14134065001328597   -0.04580542839114972   -0.08449391228573033   0.32240800711778195
0.24348573709913673  0.3710255936967145   0.9480388910453718   0.13262345038497367   -0.013181982186766843   -0.08717199628312317   0.3262344620438287
0.2508446958959736  0.38131432346750765   0.9499121659795525   0.12649594257127433   0.018732749341807724   -0.061275078136993164   0.3191473152857457
0.25809095122609194  0.3915508033646675   0.9547976862359718   0.1254167999090341   0.04885520256419362   -0.010791426622402775   0.30122453222385903
0.26551111020090506  0.40220378272994023   0.9624005386422059   0.12982477751509058   0.07602852406233855   0.044079776060565165   0.27173321498144914
0.27322730288990527  0.4135193087204594   0.9723134072812916   0.13696012487432088   0.09912868639085824   0.07135347359230314   0.23100162328519708
0.2810551610038491  0.4252922315119266   0.9840153385439906   0.14137788854905323   0.11701931262698982   0.04417763674732333   0.1789062623613157
0.288552771452131  0.4368897067708966   0.9968950652687344   0.1380998170949582   0.12879726724743695   -0.032780714540950176   0.11777954620447134
0.2952866353968701  0.4476183306165803   1.01029077484724   0.12666818592228687   0.13395709578505774   -0.1143163117267133   0.05159828537620773
0.30109619256807324  0.45715282414513725   1.023552086159779   0.11165013272342056   0.13261311312538937   -0.15018053198866319   -0.013439826596683621
0.306142672895888  0.4656734977115593   1.0360851647003757   0.09902971358362324   0.12533078540596668   -0.12620419139797304   -0.07282327719422652
0.310784362662467  0.47371658637437575   1.0473831003572733   0.09286364150036942   0.1129793565689766   -0.06166072083253829   -0.1235142883699012
0.3154119559243954  0.4819170108106749   1.0570318878304896   0.09416027842636097   0.09648787473216203   0.012966369259915591   -0.16491481836814575
0.32031868738829233  0.49077027641981613   1.0647125210086414   0.10122071211209702   0.07680633178152005   0.07060433685736037   -0.19681542950641973
0.3256261794599259  0.5004718483768624   1.0702012061939197   0.11058479575791665   0.05488685185278293   0.09364083645819632   -0.21919479928737115
0.3312738568091451  0.5108733141831637   1.0733669311628395   0.11835824870305421   0.03165724968919799   0.07773452945137559   -0.2322960216358495
0.33707633053392877  0.5215802507438765   1.0741654073596405   0.12178144022876898   0.007984761968010071   0.03423191525714781   -0.23672487721187913
0.3428268351313261  0.5321522211753631   1.0726185582314147   0.12034735640175649   -0.015468491282259154   -0.014340838270124875   -0.23453253250269224
0.3483884289661133  0.5422843833822867   1.0687942457097372   0.11558202151310275   -0.03824312521677542   -0.04765334888653755   -0.22774633934516272
0.3537260506702813  0.5518714452057272   1.0627835560545214   0.10972782685503045   -0.06010689655215904   -0.05854194658072294   -0.21863771335383625
0.35888560316669493  0.5609645340114391   1.0546812657681115   0.10454914920352669   -0.08102290286409783   -0.05178677651503751   -0.20916006311938784
0.363954722253104  0.5696915576560695   1.0445743829404106   0.10092418441886696   -0.10106882827700851   -0.03624964784659725   -0.20045925412910687
0.3690308828513545  0.5781934431929853   1.0325392433144975   0.09901992935871413   -0.12035139625913004   -0.019042550601528346   -0.1928256798212151
0.3742049365857386  0.5865917085134053   1.0186327699251947   0.09864162024138816   -0.1390647338930296   -0.0037830911732596867   -0.18713337633899574
0.3795574187702018  0.5949810237157903   1.0028948724518387   0.09951365489216295   -0.15737897473355983   0.008720346507747754   -0.1831424084053023
0.3851612493851011  0.6034333793253693   0.9853431520944309   0.10141263871493787   -0.17551720357407777   0.0189898382277494   -0.18138228840517934
0.39108455831597216  0.6120024479509786   0.9659717359519264   0.1041703056542215   -0.1937141614250446   0.02757666939283619   -0.18196957850966847
0.3973883487005069  0.6207205555449696   0.9447552297547039   0.10758400124207768   -0.21216506197222457   0.03413695587856176   -0.18450900547179952
0.404116633136929  0.6295867775929395   0.921644369569215   0.11130126003837885   -0.23110860185488996   0.03717258796301183   -0.18943539882665414
0.41128043931165653  0.6385509956531563   0.8965703990203953   0.11475074045084993   -0.25073970548819813   0.03449480412471064   -0.19631103633308175
0.41884236681491765  0.6475042899283473   0.8694472260124204   0.11719395289124049   -0.27123173007974766   0.024432124403905634   -0.204920245915495
0.42671247143134017  0.6562875466944247   0.8401762109437501   0.11793394171835335   -0.2927101506867033   0.007399888271128699   -0.21478420606955628
0.434762313379295  0.6647207837937427   0.8086538931494104   0.11658449440657465   -0.31522317794339605   -0.013494473117787256   -0.2251302725669279
0.4428521251808342  0.6726405620364588   0.7747778311136743   0.11321128141582225   -0.3387606203573623   -0.03373212990752396   -0.23537442413966272
0.45085761124051366  0.6799277208329009   0.7384605886160014   0.10825455665988584   -0.3631724249767287   -0.0495672475593639   -0.24411804619366367
0.4586869790485475  0.6865174483320803   0.699636913489581   0.1023345048294645   -0.38823675126420404   -0.05920051830421355   -0.25064326287475275
0.46628664902773537  0.6923945925828536   0.658273413316632   0.09607070746953429   -0.4136350017294893   -0.06263797359930211   -0.2539825046528534
0.4736374095425992  0.6975802066196558   0.6143761445819235   0.08995791965444733   -0.438972687347086   -0.06112787815086955   -0.25337685617596667
0.4807445129873941  0.7021156137052452   0.5680005615961133   0.0843094519060771   -0.46375582985810193   -0.056484677483702415   -0.24783142511015951
0.48762801538115985  0.706050026755917   0.5192537729778554   0.07928569307149592   -0.4874678861825796   -0.050237588345811504   -0.23712056324477657
0.49432471309840453  0.7094374625757055   0.46830610032637976   0.07504697312306213   -0.5094767265147554   -0.04238719948433818   -0.22008840332175775
0.5009081410001668  0.7123411355222752   0.4153928469790497   0.07195334566116122   -0.5291325334733006   -0.030936274619008913   -0.19655806958545152
0.507531764886334  0.7148405154063924   0.36082345800418125   0.07079498088885555   -0.5456938897486847   -0.011583647723056735   -0.16561356275384198
0.5144847994355238  0.7170293977813691   0.3049876479882552   0.07289437254940247   -0.5583581001592604   0.020993916605468985   -0.12664210410575635
0.522236122231831  0.7189951282980265   0.24836341853881547   0.07996693163844075   -0.5662422944943974   0.07072559089038288   -0.07884194335137022
0.5314271968667383  0.720777323762844   0.19152818736784943   0.09362268614991429   -0.5683523117096603   0.13655754511473553   -0.021100172152629104
0.542752094503644  0.7223175749391233   0.13517634244667118   0.11429159206714218   -0.5635184492117828   0.20668905917227892   0.048338624978775106
0.5566293367578813  0.7234321798192017   0.0801468530666579   0.1392193221580536   -0.5502948938001324   0.24927730090911399   0.13223555411650229
0.5726347551494289  0.7238718056636086   0.027460409007564794   0.16011454923633922   -0.526864440590931   0.20895227078285633   0.23430453209201457
0.5887546523388596  0.7235227576274906   -0.021649858895986224   0.1612367575738638   -0.49110267903551014   0.011222083375245643   0.35761761555420957
0.6048416517604926  0.7224634061685931   -0.0657564622990069   0.16121841579207957   -0.4410660340302068   -0.00018341781784175944   0.5003664500530333
0.6208782534441852  0.720799746479593   -0.10337163133295663   0.16122665943391692   -0.37615169033949725   8.243641837304771e-05   0.6491434369070957
0.6368552386167837  0.7186573349519982   -0.13329844888739872   0.16119987045869094   -0.29926817554442087   -0.00026788975225960855   0.7688351479507637
0.6527037451395006  0.7161762836669088   -0.15528758271667772   0.1604153279708096   -0.21989133829279003   -0.007845424878813324   0.7937683725163079
0.6672545960723711  0.7136890874932118   -0.16929517959922671   0.1476189038291001   -0.1400759688254899   -0.12796424141709517   0.7981536946730018
0.6802553892607727  0.7113863026020613   -0.1753082221534845   0.13203160295265773   -0.06013042554257762   -0.15587300876442378   0.7994554328291225
0.6918761241553025  0.7093517430391004   -0.17332339654334733   0.11797496009923708   0.019848256101371326   -0.14056642853420637   0.7997868164394895
0.7023882181398045  0.7076192335962594   -0.16334268917720154   0.10653905805314991   0.09980707366145782   -0.11435902046087174   0.7995881756008649
0.7120401783127718  0.7062061200174878   -0.14537407573284183   0.09754856491360896   0.1796861344435972   -0.08990493139540957   0.7987906078213938
0.7210179748993568  0.7051287334254069   -0.1194345262413237   0.09042211754813508   0.2593954949151815   -0.07126447365473883   0.7970936047158429
0.7294481998168351  0.7044056444956398   -0.08556396190626187   0.08461178981656024   0.33870564335061826   -0.05810327731574841   0.793101484354367
0.7374279732072154  0.7040545927115405   -0.04396435328388908   0.07987491515922676   0.4159960862237279   -0.04736874657333486   0.772904428731097
0.7450671420570102  0.7040909163310425   0.0047548819074145375   0.07639255207218146   0.48719235191303617   -0.03482363087045289   0.7119626568930827
0.7525257145076377  0.7045365425770604   0.05967591426856531   0.0747187297485686   0.5492103236115079   -0.016738223236128603   0.6201797169847165
0.7600291148985445  0.7054391985000836   0.11972424380615716   0.07557499926670773   0.6004832953759184   0.008562695181391342   0.5127297176441055
0.7678536498957069  0.7068932898136293   0.18374134228035272   0.07958500453599766   0.6401709847419557   0.040100052692899284   0.39687689366037343
0.776286282035312  0.7090510486226141   0.25050695911637294   0.08704321218777135   0.6676561683602024   0.07458207651773671   0.2748518361824669
0.7855694809846251  0.7121147099929778   0.3187675441926157   0.09775674080327579   0.6826058507624272   0.10713528615504443   0.14949682402224826
0.7958489793528136  0.7163072116652762   0.387255936432467   0.11101583534515397   0.6848839223985127   0.13259094541878194   0.02278071636085565
0.8071351685704268  0.7218247360247129   0.45470725027752945   0.1256268849063583   0.6745131384506249   0.146110495612043   -0.10370783947887809
0.819283238055559  0.7287784401510683   0.5198873633634689   0.13997485248876276   0.6518011308593946   0.14347967582404478   -0.22712007591230382
0.8319891589288578  0.7371323305589887   0.5816156944640996   0.15206179999792827   0.6172833110063065   0.12086947509165502   -0.34517819853087994
0.844803337749126  0.7466492126085857   0.6388022251851951   0.15961648498315445   0.5718653072109555   0.07554684985226187   -0.45418003795351075
0.8572104721065514  0.7568993309574086   0.6904822176201288   0.16093536253046145   0.5167999243493364   0.01318877547307001   -0.5506538286161903
0.8690924787130723  0.7676583934257329   0.7358411083042115   0.16029332680893002   0.45358890684082614   -0.006420357215314216   -0.632110175085104
0.879664685993856  0.777997319545688   0.7742427908215987   0.1478732430501791   0.38401682517387303   -0.1242008375875092   -0.6957208166695305
0.8879685795582264  0.7866377411867106   0.8052563774911595   0.11983803005017288   0.3101358666956086   -0.28035213000006215   -0.7388095847826448
0.8940448655551405  0.7932636522761195   0.8286412694987072   0.08990214084272734   0.23384892007547628   -0.29935889207445543   -0.7628694662013232
0.8980265580156612  0.7977440818944638   0.8442676616032204   0.059940073752965374   0.15626392104513234   -0.2996206708976197   -0.7758499903034393
0.9  0.8   0.8520884454508877   0.02997272053791349   0.07820783847667326   -0.29967353215051884   -0.7805608256845908
0.9  0.8   0.8520884454508877   4.5252840813835525e-28   3.531233602985582e-19   -0.2997272053791349   -0.7820783847667325
