0.1  0.1   0.8241356627872077   0.0   -1.3552837729574186e-21   0.0   0.0
0.10205455440124554  0.10218562790013502   0.8163005547805172   0.0299969383529847   -0.07835108006690432   0.29996938352984703   -0.7835108006690432
0.1062315440920066  0.10649186303028393   0.8006323984260804   0.05999241941517176   -0.15668156354436885   0.2999548106218706   -0.7833048347746454
0.1126466238505994  0.112801839910843   0.7771388297783723   0.08998280754805933   -0.23493568647707974   0.29990388132887574   -0.7825412293271091
0.12114871237335585  0.1206566521235473   0.7458467367203967   0.11575127824160635   -0.3129209305797563   0.2576847069354701   -0.7798524410267647
0.13035752245662313  0.12852277923979497   0.7069249183016245   0.12111075053795826   -0.3892181841877233   0.053594722963519116   -0.7629725360796705
0.13856634534378534  0.13490239586981428   0.6606617635191169   0.10396359052035183   -0.462631547825075   -0.17147160017606422   -0.7341336363735175
0.14494339698354225  0.13933540941496905   0.6074641534741189   0.07766491917697506   -0.5319761004499804   -0.2629867134337677   -0.6934455262490536
0.14905050607056142  0.14184134016640307   0.5478454496882411   0.048112403789107895   -0.5961870378587776   -0.2955251538786718   -0.6421093740879725
0.1510650753902323  0.1428965824599443   0.48251006110635736   0.022742088386597494   -0.6533538858188375   -0.25370315402510407   -0.5716684796005982
0.1512141132295298  0.14296176103248115   0.4122669233797437   0.0016266691077293114   -0.7024313772661367   -0.2111541927886818   -0.49077491447299143
0.15121651187256446  0.14296260405886965   0.33797463923723436   2.5424755454874095e-05   -0.7429228414250931   -0.016012443522744373   -0.40491464158956547
0.15121751354540452  0.14296287112098566   0.2605551882580678   1.0366632299734659e-05   -0.7741945097916659   -0.0001505812315513945   -0.31271668366572747
0.15121879717494416  0.1429631061375941   0.18108198994559177   1.304966513463533e-05   -0.7947319831247603   2.6830328349006685e-05   -0.2053747333309449
0.15122030079417167  0.1429632579896685   0.10064978733371364   1.5112676248332382e-05   -0.8043220261187813   2.0630111136970402e-05   -0.09590042994020949
0.15122160108394897  0.14296328446281184   0.020356606072718726   1.3005592382719575e-05   -0.8029318126099492   -2.107083865612815e-05   0.013902135088321943
0.1512231165400954  0.14296319539902766   -0.05870275758416006   1.518071042273868e-05   -0.7905936365687879   2.1751180400191078e-05   0.12338176041161279
0.15122443846153635  0.14296301524909485   -0.13544447288352654   1.3341402828599304e-05   -0.7674171529936646   -1.8393075941393732e-05   0.2317648357512326
0.15122648146149079  0.1429625823271455   -0.2088160505932995   2.088365444093638e-05   -0.7337157770977298   7.542251612337085e-05   0.33701375895934754
0.15153838906965683  0.14287358830286737   -0.27793671003909415   0.0032435519479283316   -0.6912065944579466   0.032226682934873956   0.42509182639783244
0.15357646372599307  0.14214815272444947   -0.34195817757234037   0.021633319401411985   -0.640214675332462   0.18389767453483655   0.5099191912548465
0.15783867235607718  0.14034577619948108   -0.4000683922803619   0.04627632606865376   -0.5811021470802155   0.24643006667241782   0.5911252825224653
0.1642701388984656  0.13722675132035694   -0.45154600401515094   0.07147872276591358   -0.51477611734789   0.2520239669725981   0.6632602973232544
0.1724531035528359  0.1328006293899065   -0.4958256844557394   0.09303304030176507   -0.4427968044058845   0.21554317535851508   0.7197931294200547
0.18178721757801167  0.12730128333104063   -0.5324155090853316   0.1083367397101083   -0.3658982462959218   0.1530369940834323   0.7689855810996268
0.19174999546518612  0.1210390719467576   -0.5611557754358403   0.1176742260015454   -0.2874026635050872   0.09337486291437072   0.7849558279083465
0.20203335241231976  0.11427226712972488   -0.5820027350176825   0.1231003970480963   -0.20846959581842234   0.05426171046550918   0.7893306768666485
0.21250561929645947  0.10718547416851547   -0.5949303812249254   0.12644801626269397   -0.12927646207242868   0.033476192145976864   0.7919313374599365
0.22304358228992863  0.09997712480098901   -0.5999315424556617   0.12767496413003326   -0.05001161230736391   0.01226947867339284   0.7926484976506477
0.23339965094432874  0.09293739993146448   -0.5970180499888631   0.12522215627166694   0.029134924667986867   -0.024528078583663397   0.7914653697535078
0.24324273867976007  0.08640066460234631   -0.5862193986658472   0.11815891203389857   0.10798651323015952   -0.07063244237768372   0.7885158856217268
0.2523357098076393  0.08060335841958526   -0.5675796217408178   0.10783825059278804   0.1863977692502931   -0.10320661441110535   0.7841125602013359
0.26068956621799744  0.0755814580766766   -0.5412628623951541   0.09747122651274621   0.2631675934566373   -0.10367024080041821   0.7676982420634423
0.2685868001495811  0.0711881028964572   -0.507679177925613   0.09037027913518908   0.3358368446954109   -0.07100947377557128   0.7266925123877359
0.2764918108855213  0.06719951435590209   -0.4672926136509656   0.08854266388650209   0.4038656427464742   -0.018276152486869892   0.6802879805106321
0.28491388733404477  0.0634319740200735   -0.42064052393614976   0.09226360706522906   0.4665208971481577   0.03720943178726958   0.6265525440168352
0.29427746915385944  0.05981856712164877   -0.368292486727095   0.100366017112342   0.5234803720905482   0.08102410047112936   0.5695947494239049
0.3048293845110741  0.05642820085567988   -0.31088482502267106   0.1108320807001494   0.5740766170442393   0.10466063587807414   0.505962449536911
0.31659696975981544  0.053435180688216954   -0.24906337256385808   0.12142249886624587   0.61821452458813   0.1059041816609648   0.4413790754389061
0.3293987720920721  0.051059873429899406   -0.183458441174221   0.13020300592750828   0.6560493138963709   0.08780507061262396   0.3783478930824093
0.34289865240748973  0.04950494410495148   -0.11467563212847745   0.13589134399813113   0.6878280904574354   0.05688338070622853   0.317787765610646
0.35668199929902933  0.048907856793110105   -0.043292405185389835   0.13796273583488922   0.7138322694308762   0.020713918367581123   0.26004178973440784
0.3703295999392217  0.04931937035249918   0.030143680435579457   0.1365380337648587   0.7343608562096929   -0.014247020700305566   0.2052858677881669
0.3834747677948873  0.050706242126057434   0.10511543524230238   0.13218125860723004   0.7497175480672292   -0.04356775157628629   0.1535669185753639
0.3958432814434614  0.052971448557200325   0.18113560348789057   0.12574231191236007   0.7602016824558819   -0.06438946694869987   0.10484134388652619
0.40727863918423796  0.05598588101913424   0.2577430418494497   0.11825997197999574   0.7660743836155912   -0.07482339932364329   0.058727011597093204
0.41774970837672687  0.05962524820897391   0.3345030596449631   0.11085498796913418   0.767600177955134   -0.07404984010861543   0.015257943395427635
0.42733594944557524  0.06380327016049805   0.41101230509933967   0.10457145177221658   0.7650924545437656   -0.0628353619691762   -0.02507723411368347
0.43619353888423223  0.0684925898646734   0.48689990626479807   0.10022305620553164   0.7588760116545841   -0.043483955666849324   -0.0621644288918154
0.4444902253014673  0.07371509651940054   0.561806504060814   0.09803549421745184   0.7490659779601591   -0.02187561988079811   -0.09810033694425016
0.4523419735694324  0.07950530286448144   0.6354152101495852   0.09755841346706298   0.7360870608877131   -0.00477080750388847   -0.1297891707244593
0.45974971326982433  0.08583930047897655   0.707419316144243   0.09746493382195967   0.7200410599465771   -0.0009347964510330023   -0.1604600094113611
0.4666580374705762  0.0926401509314202   0.7775587748580991   0.09694148242068219   0.7013945871385611   -0.0052345140127747465   -0.18646472808016062
0.47296553453888546  0.09975647124835914   0.8455782572121544   0.09509286730349745   0.6801948235405527   -0.018486151171847542   -0.21199763598008256
0.478597974386012  0.10702098757763225   0.9112764765349586   0.09192256313320032   0.6569821932280416   -0.03170304170297118   -0.23212630312511004
0.48353281889034294  0.11429129585202769   0.9744633651066086   0.08786926236555484   0.6318688857164991   -0.04053300767645483   -0.2511330751154254
0.48782026296490566  0.12151178094047402   1.0349563105389545   0.08397474715947455   0.6049294543234583   -0.03894515206080299   -0.269394313930408
0.49157181469782885  0.12875030874988252   1.0926354269697076   0.08152939669369484   0.576791164307532   -0.024453504657797085   -0.28138290015926337
0.49492159754751364  0.1361826085173163   1.1473553616639662   0.08152307953766016   0.5471993469425876   -6.317156034670145e-05   -0.2959181736494448
0.4979862067756242  0.14404258125433642   1.1990264069665368   0.08436290722095766   0.5167104530257056   0.028398276832974835   -0.30488893916882
0.5008432553966521  0.15257187868247632   1.2475745650970365   0.08995089851724103   0.48548158130499497   0.05587991296283376   -0.3122887172071056
0.50351335382307  0.16193329819827865   1.292950315086905   0.09734762501345508   0.453757499898686   0.07396726496214041   -0.31724081406308957
0.5059747236387737  0.1721835946636942   1.3351315544520201   0.10541675341166898   0.4218123936511515   0.08069128398213912   -0.31945106247534555
0.5081846081317773  0.18327485512225195   1.3741262871942244   0.11309272657071413   0.389947327422043   0.07675973159045142   -0.31865066229108435
0.5100994436753904  0.19507853055234683   1.409973655257633   0.11957982639981896   0.358473680634086   0.06487099829104816   -0.3147364678795703
0.5116887280812039  0.2074218776834035   1.4427444916477956   0.12445241794369678   0.32770836390162694   0.048725915438778404   -0.30765316732459025
0.5129409843361604  0.22012575376233726   1.4725409720765188   0.12765446061810026   0.29796480428723254   0.03202042674403471   -0.2974355961439447
0.51386294026512  0.23303418373673263   1.4994946259883968   0.1294131241948868   0.2695365391187794   0.01758663576786549   -0.28428265168453165
0.5144744933238748  0.24602740167699594   1.5237639390275435   0.13007601992175677   0.24269313039146473   0.006628957268699655   -0.2684340872731464
0.5148027006772469  0.25901483630366184   1.5455305586283161   0.1299158105269442   0.21766619600772816   -0.001602093948125489   -0.25026934383736554
0.5148775325995402  0.27191355579647636   1.564994891791785   0.12898936559689972   0.19464333163468808   -0.009264449300444826   -0.23022864373040075
0.5147303818701611  0.28462622862758796   1.5823709311241312   0.12713524446353922   0.17376039332346313   -0.018541211333605166   -0.20882938311224977
0.5143942509423866  0.2970333360558133   1.597881505971853   0.12411659789735299   0.15510574847721686   -0.030186465661862432   -0.18654644846246243
0.5139036076658839  0.30900618083249143   1.6117530844239727   0.11982893760323753   0.13871578452119748   -0.04287660294115457   -0.1638996395601939
0.5132924330841807  0.32043730245036917   1.6242113136816732   0.11447448441117011   0.12458229257700465   -0.05354453192067412   -0.1413349194419283
0.5125901225555644  0.33128000716944456   1.6354786022959615   0.10865426163002792   0.11267288614288307   -0.05820222781142186   -0.11909406434121578
0.5118158859735878  0.34158689388057306   1.6457738864205131   0.10335925500936485   0.10295284124551678   -0.052950066206630654   -0.09720044897366303
0.510973520171181  0.3515328162212863   1.655289273032092   0.09981530511527958   0.09515386611578909   -0.03543949894085283   -0.07798975129727669
0.510048367980058  0.3614087856356718   1.6642008442801097   0.09919207551544541   0.08911571248017543   -0.006232295998341592   -0.06038153635613678
0.5090107843397031  0.37155759618898376   1.6726793070414936   0.10201712378701366   0.08478462761384024   0.028250482715682434   -0.043310848663351796
0.5078326278756649  0.38221696535459004   1.6808772988227532   0.10724281032425055   0.08197991781259632   0.052256865372368934   -0.028047098012439195
0.506499168670347  0.39345280189632337   1.6889229217755737   0.11314686749742509   0.08045622952820577   0.05904057173174544   -0.015236882843905621
0.5050153894557677  0.40515574696795414   1.696910265213423   0.1179663189674175   0.07987343437849076   0.04819451469992404   -0.005827951497150123
0.5034010484953195  0.41712267992618707   1.704886983203779   0.12075329443266661   0.07976717990355925   0.02786975465249117   -0.0010625447493150786
0.5016767063249236  0.4291804008809138   1.712840536571963   0.12180393694075042   0.07953553368184059   0.010506425080837985   -0.002316462217186501
0.49985263335759433  0.44125851030798297   1.7206866653438202   0.12215071408812932   0.07846128771857155   0.0034677714737887918   -0.010742459632690307
0.4979310285031382  0.45336076467546266   1.7282625333123027   0.12253861676706343   0.07575867968482712   0.003879026789341261   -0.027026080337444566
0.49591954971565605  0.46547595207625153   1.7353250168465029   0.12281034674192752   0.07062483534200123   0.0027172997486408575   -0.05133844342825882
0.49384435280104094  0.4775105104250645   1.7415535729408276   0.12212167575226456   0.0622855609432482   -0.006886709896629543   -0.0833927439875302
0.49175143101751856  0.4892953676088563   1.7465579519107932   0.11969259811463384   0.05004378969965425   -0.024290776376307062   -0.12241771243593956
0.489693676807468  0.5006618126430956   1.7498941436067936   0.11551208815763216   0.033361916960005525   -0.04180509957001695   -0.16681872739648726
0.48771190276230186  0.5115357255528922   1.751068098965437   0.11053027202352053   0.011739553586432906   -0.04981816134111614   -0.2162236337357262
0.48582194744155005  0.5219937647589835   1.7495845883925487   0.10627441608900186   -0.014835105728883255   -0.04255855934518676   -0.2657465931531616
0.48401546107800236  0.5322626859743577   1.7449324134843027   0.10426607113977505   -0.04652174908245775   -0.02008344949226812   -0.31686643353574495
0.4822759376179527  0.5426567181213761   1.736617486387415   0.10538588432105905   -0.08314927096887673   0.011198131812839945   -0.3662752188641898
0.48060876482134035  0.5534414724450607   1.7241683838492428   0.10912854390854744   -0.1244910253817248   0.037426595874883846   -0.41341754412848075
0.4790521521993042  0.5647869682359475   1.7071459609932087   0.11451782289063725   -0.17022422856034028   0.053892789820898145   -0.4573320317861551
0.4776775639861572  0.5767547820858374   1.6851523016998742   0.12046495801740001   -0.21993659293334322   0.05947135126762754   -0.4971236437300288
0.47658170407887696  0.5893126225209926   1.6578408175112453   0.12605564855697807   -0.2731148418862904   0.05590690539578049   -0.5317824895294725
0.47587469199504023  0.6023611287397659   1.6249267687967948   0.1306764633084534   -0.32914048714450567   0.046208147514753425   -0.5602564525821522
0.4756683460652927  0.6157585499450152   1.5861970231318936   0.1339901017215776   -0.38729745664901216   0.033136384131242244   -0.5815696950450652
0.4760659319304611  0.6293346876674909   1.5415190559867107   0.13581958252763424   -0.44677967145182945   0.018294808060566218   -0.5948221480281728
0.47715226074131745  0.6428934740330883   1.490847189813495   0.13602235036684382   -0.5067186617321575   0.002027678392095683   -0.5993899028032801
0.47898233357806064  0.6562102626067045   1.434225802965306   0.13441950174813846   -0.5662138684818868   -0.016028486187053576   -0.594952067497293
0.4815684744700906  0.6690335865278771   1.3717909318286121   0.13081504542702585   -0.6243487113669421   -0.03604456321112592   -0.5813484288505529
0.48486931832840985  0.6810998934944084   1.303770527076745   0.12509649634884376   -0.6802040475186704   -0.057185490781820975   -0.5585533615172832
0.4887870771083667  0.6921642788610425   1.2304848755727285   0.11737523478115565   -0.7328565150401667   -0.0772126156768811   -0.5265246752149643
0.4931795116864996  0.7020411344334666   1.1523419710821998   0.10809521613915204   -0.7814290449052841   -0.092800186420036   -0.48572529865117253
0.49788852152142193  0.7106417142545745   1.069857317989158   0.09805342772419637   -0.8248465309304208   -0.10041788414955678   -0.43417486025136764
0.5027801376593646  0.7179920335959746   0.9836038667783047   0.08829218700515974   -0.8625345121085297   -0.0976124071903662   -0.37687981178108876
0.5077833088159592  0.7242231385882503   0.8942684211955719   0.07991144539234862   -0.893354455827329   -0.08380741612811124   -0.30819943718799203
0.5129130393465179  0.7295319213586993   0.8025495217540648   0.07382229325885181   -0.9171889944150698   -0.0608915213349682   -0.23834538587740864
0.5182625667590482  0.7341230280061494   0.7092506754410048   0.07049517982505804   -0.9329884631306005   -0.033271134337937644   -0.15799468715530626
0.5239795351626668  0.7381629460911332   0.6151777311629034   0.07000333267877441   -0.9407294427810152   -0.004918471462836325   -0.07740979650414789
0.5302392099816826  0.7417564858378529   0.521140873508318   0.07217829088519218   -0.9403685765458548   0.02174958206417772   0.003608662351604073
0.5371984610014384  0.744931354166908   0.42800477115116475   0.07649245953870797   -0.9313610235715312   0.04314168653515788   0.09007552974323613
0.5449745081117625  0.7476524031745552   0.3366098040301725   0.08238386757369233   -0.9139496712099231   0.058914080349843474   0.17411352361608134
0.5536499587733444  0.7498473704086525   0.24780866684767205   0.08948816979930967   -0.8880113718250039   0.07104302225617337   0.25938299384919117
0.5632178057556385  0.7514154435652797   0.1624457145451918   0.09695491184108593   -0.8536295230248028   0.07466742041776278   0.3438184880020117
0.5735859182968742  0.7522607123963102   0.08134591315353308   0.10402511094175186   -0.8109980139165872   0.07070199100665929   0.426315091082155
0.5845968247579744  0.7523190575438993   0.0052988009421094375   0.11011061041123243   -0.7604711221142363   0.06085499469480581   0.5052689180235101
0.5960545605424262  0.7515736197278841   -0.0649682220035321   0.11481959190131759   -0.7026702294564153   0.04708981490085147   0.5780089265782088
0.6077500498127515  0.7500584968648955   -0.12883012183537565   0.11793221212299916   -0.6386189983184354   0.031126202216815835   0.6405123113797998
0.6194811303674161  0.7478539955867878   -0.18575337668527359   0.11936418091923828   -0.5692325484989795   0.01431968796239111   0.6938644981945581
0.6310675918766209  0.7450759845740066   -0.23532138582940323   0.11914840976337561   -0.49568009144129666   -0.002157711558626667   0.7355245705768293
0.6423616712394246  0.7418625724328457   -0.27719685406413785   0.11742327122093998   -0.4187546823473462   -0.01725138542435641   0.769254090939505
0.6532529418283076  0.7383592029723275   -0.31121496009531535   0.11440864155174507   -0.340181060311775   -0.030146296691949168   0.7857362203557114
0.6636686851964952  0.7347058260768263   -0.3373475087461059   0.11037883522329925   -0.2613254865079055   -0.04029806328445803   0.7885557380386954
0.6735739794862927  0.7310273825347465   -0.3555768184066273   0.10566257703641349   -0.18229309660521376   -0.047162581868857675   0.790323899026917
0.6829794892074698  0.7274236737726734   -0.3658955218667113   0.10072255455308755   -0.10318703460084004   -0.049400224833259294   0.7910606200437371
0.6919393636400766  0.7239659165426816   -0.36830618774717083   0.09603928097900222   -0.024106658804594897   -0.04683273574085344   0.7908037579624514
0.7005380462688627  0.7207016261921331   -0.36282085775260325   0.09197441733616589   0.05485329994567525   -0.0406486364283632   0.7895995875027014
0.7089105622940431  0.7176505362511255   -0.34946058972910005   0.08911126439458682   0.13360268023503252   -0.028631529415790682   0.7874938028935727
0.7172104652312078  0.7148237854784603   -0.3282550573187281   0.08768061855228645   0.212055324103719   -0.01430645842300373   0.784526438686865
0.7256062465571883  0.7122334881387445   -0.299258222599001   0.08786283877830452   0.2899683471972712   0.001822202260180708   0.7791302309355221
0.734280483029127  0.7099002858277996   -0.26276156116893346   0.08982550383655451   0.3649666143006751   0.01962665058249989   0.7499826710340393
0.7433916263228568  0.7078713050582736   -0.219116785972559   0.09334328850109343   0.43644775196374486   0.03517784664538906   0.7148113766306974
0.7530504038034194  0.7062261916619244   -0.16870421271645675   0.09797876326320586   0.5041257325610221   0.046354747621124355   0.6767798059727727
0.7632374982252006  0.7050800965940327   -0.11203351315339595   0.10251362185725942   0.5667069956306083   0.04534858594053563   0.6258126306958621
0.7737849580923227  0.7045553491191472   -0.049710089159254296   0.10560505175461563   0.6232342399414166   0.030914298973562113   0.565272443108081
0.7843832241351326  0.7047417031383383   0.017581632364190143   0.10599904288938107   0.6729172152344444   0.003939911347654518   0.4968297529302791
0.7946220029428358  0.705656279147031   0.08908827570713237   0.10279544773420125   0.7150664334294222   -0.03203595155179831   0.421492181949779
0.8040653575029388  0.7072190585953886   0.16400346079003716   0.09571793194173547   0.749151850829048   -0.0707751579246578   0.34085417399625734
0.8123522253978033  0.7092591024847569   0.241378187553384   0.08534281374403267   0.7737472676334681   -0.10375118197702791   0.24595416804420137
0.8192995318363425  0.7115624514387724   0.3201407418045424   0.07319185962587084   0.7876255425115839   -0.1215095411816184   0.13878274878115684
0.8249753427373748  0.713956645973926   0.39917766537543875   0.061601133801610336   0.7903692357089634   -0.11590725824260505   0.027436931973796503
0.8297152742131029  0.7164084147392877   0.4773587095790352   0.053364895271516576   0.7818104420359648   -0.08236238530093762   -0.08558793672998632
0.8340721065199357  0.7191008837736182   0.5535409061590332   0.05121657666292387   0.7618219657999797   -0.021483186085927093   -0.1998847623598518
0.8386996309077621  0.7224512051589196   0.6266515224886008   0.05713023310361605   0.7311061632956758   0.059136564406921846   -0.3071580250430389
0.8441867630029969  0.7270337664552433   0.6958076169044265   0.07149019979348249   0.6915609441582581   0.14359966689866452   -0.395452191374177
0.8508599978348952  0.7333786931336498   0.7601842668464689   0.09208157127026859   0.6437664994204232   0.2059137147678609   -0.47794444737834957
0.858660770434414  0.7417223271619414   0.8190108555144554   0.11422271312986347   0.5882658866798657   0.22141141859594884   -0.5550061274055742
0.867225150338042  0.751906922432776   0.8716002197871632   0.1330693743745631   0.5258936427270788   0.1884666124469963   -0.623722439527868
0.8759481441124661  0.7633009350217161   0.91740025880969   0.1434970882163007   0.4580003902252666   0.10427713841737582   -0.6789325250181225
0.8839812121601403  0.7746784228008444   0.956021912180561   0.13927577335013308   0.38621653370871106   -0.04221314866167619   -0.7178385651655554
0.8905775116148461  0.7846672584269239   0.9871675785627535   0.11970296724016005   0.3114566638219241   -0.19572806109973015   -0.7475986988678696
0.8953589001264645  0.7922908270593886   1.0106272600001829   0.0899891520089707   0.23459681437429464   -0.29713815231189367   -0.768598494476295
0.8984664361766755  0.7974222955212384   1.026280935523527   0.05999062333258458   0.15653675523344163   -0.29998528676386116   -0.78060059140853
0.9  0.8   1.0341102142459717   0.02999396335937903   0.07829278722444677   -0.2999665997320555   -0.7824396800899488
0.9  0.8   1.0341102142459717   0.0   -1.467347552559191e-22   -0.29993963359379033   -0.7829278722444677
