0.1  0.1   0.8476132338453622   0.0   -4.1110298545580572e-22   0.0   0.0
0.10200194950337019  0.10223278016340226   0.8398532215086733   0.029988512920994817   -0.07760012336688954   0.29988512920994814   -0.7760012336688953
0.10607410746492452  0.10663508103941502   0.8243358767880379   0.05996892817684255   -0.15517344720635473   0.29980415255847725   -0.7757332383946519
0.11226495155283538  0.1130230518227096   0.8010682056314018   0.08895657437707771   -0.23267671156636027   0.2898764620023517   -0.7750326436000553
0.12063604963675988  0.12114127216803976   0.770063514009465   0.11661079911655585   -0.31004691621936664   0.27654224739478134   -0.7737020465300638
0.12995907830947423  0.1295072059949527   0.7313439756514857   0.1252628086977693   -0.38719538357979394   0.08652009581213442   -0.771484673604273
0.13797250419125207  0.13605313903210303   0.6849436503512231   0.10347184819534411   -0.4640032530026259   -0.21790960502425188   -0.7680786942283202
0.14407446478000346  0.14051068490180055   0.6309106612433087   0.07556694926165317   -0.5403298910791438   -0.27904898933690947   -0.7632663807651773
0.14805364125612874  0.14305898920678403   0.5696039814194125   0.047252195990182724   -0.6130667982389626   -0.28314753271470444   -0.7273690715981893
0.14972695434661584  0.14397657212267423   0.5015854960787883   0.019083854711061415   -0.6801848534062408   -0.281683412791213   -0.6711805516727827
0.1499633867448871  0.1440842864951997   0.42748630926585873   0.0025981274988123634   -0.7409918681292964   -0.16485727212249054   -0.6080701472305555
0.15010153301940724  0.14413439756950103   0.3479784232224125   0.0014695411845684616   -0.7950788604344624   -0.011285863142439016   -0.5408699230516593
0.15015657950506173  0.14414926364025332   0.2637714282016744   0.0005701855524760141   -0.8420699502073818   -0.008993556320924476   -0.46991089772919525
0.15015876914542872  0.1441496522148449   0.17563201457615626   2.2238514226368155e-05   -0.8813941362551807   -0.005479470382496461   -0.3932418604779882
0.15036306894715498  0.14416698663993227   0.08464524109311017   0.002050338783676687   -0.9098677348304609   0.02028100269450319   -0.28473598575280135
0.15036872829620251  0.14416694846021738   -0.006746206209479412   5.659477832154565e-05   -0.9139144730258958   -0.01993744005355141   -0.04046738195435019
0.15037302453657084  0.14416653446619532   -0.09606532259062532   4.316140909731606e-05   -0.8931911638114589   -0.00013433369224229595   0.20723309214436894
0.15040289857617883  0.14416104132950033   -0.18184531993872707   0.00030374871082038444   -0.8577999734810173   0.0026058730172306838   0.3539119033044159
0.15047816398947597  0.14414075110396243   -0.2633225035072548   0.0007795239374879666   -0.8147718356852773   0.004757752266675822   0.4302813779574
0.15136621303224618  0.14382687718703555   -0.33973797936811323   0.009418853104768731   -0.7641547586085848   0.08639329167280765   0.5061707707669244
0.15429479562722923  0.1425525623881144   -0.4104196534577996   0.03193818126065898   -0.7068167408968636   0.22519328155890248   0.5733801771172118
0.15954845972872947  0.1398525498695352   -0.47472894231771634   0.059068649969232355   -0.6430928885991662   0.27130468708573374   0.6372385229769751
0.1669384573945388  0.13550202847720166   -0.532072232620977   0.08575494264811721   -0.5734329030326069   0.26686292678884876   0.6965998556655936
0.17600046867723432  0.12953976859088573   -0.5819367217152931   0.1084751545007765   -0.498644890943162   0.2272021185265926   0.7478801208944496
0.18608320025448707  0.12227868758528819   -0.6241219556390286   0.1242516693766238   -0.42185233923735477   0.15776514875847317   0.767925517058072
0.19653066040199196  0.11419404025255057   -0.6585840326387508   0.132102591204126   -0.3446207699972207   0.0785092182750222   0.7723156924013411
0.20686281738646303  0.10574798268790657   -0.6852930665033795   0.13345012414270513   -0.26709033864628723   0.01347532938579084   0.7753043135093344
0.2167615382186254  0.09733854511756697   -0.7042315427179064   0.129885840014424   -0.18938476214526978   -0.035642841282811394   0.7770557650101743
0.2260103663058225  0.0893017924666087   -0.7153921425672011   0.12252763531514414   -0.11160599849294663   -0.0735820469927982   0.7777876365232318
0.23448810329018577  0.0818845806325562   -0.7187760152412639   0.1126441546496089   -0.03383872674062769   -0.09883480665535245   0.7776727175231893
0.24218636774255545  0.07520869756660233   -0.7143913412127139   0.10189734554388938   0.043846740285500334   -0.10746809105719532   0.7768546702612802
0.24922562585782157  0.06925245772873034   -0.7022523376083776   0.09221060016049835   0.12139003604336221   -0.0968674538339102   0.7754329575786187
0.2558323655046269  0.06388379749557216   -0.682378938327778   0.08513020701241383   0.19873399280599657   -0.07080393148084517   0.7734395676263437
0.2622957508323119  0.058921200715706785   -0.6547970469157444   0.08148786209839035   0.2758189141203355   -0.03642344914023495   0.7708492131433893
0.26892824021431194  0.054190657188831905   -0.6195553918818532   0.08146653144819715   0.3524165503389125   -0.00021330650193189377   0.7659763621857703
0.2760289619412829  0.049572165842386634   -0.5766743694848669   0.08470579163260819   0.4288102239698624   0.0323926018441103   0.7639367363094988
0.28385186482985086  0.045027099671021885   -0.5263278860893095   0.09047399411214727   0.5034648339555751   0.057682024795390835   0.7465460998571259
0.29258107454583104  0.040605332996763936   -0.46887254592022193   0.09785250266965077   0.5745534016908744   0.07378508557503498   0.7108856773529947
0.3023129117208745  0.03643637265997339   -0.40473317027945754   0.10587203837241037   0.6413937564076443   0.0801953570275961   0.6684035471676991
0.31304339059807457  0.0327079999393067   -0.33440694142668415   0.11359750880994222   0.7032622885277338   0.07725470437531842   0.6186853212008943
0.3246617565495084  0.029636010031031206   -0.2584925754897787   0.12017634932797007   0.7591436593690544   0.06578840518027838   0.5588137084132061
0.336955236499166  0.027427674512277223   -0.1777390749459737   0.1249025200050115   0.8075350054380499   0.04726170677041437   0.4839134606899545
0.3496292223303216  0.026244684104552767   -0.09307038241914097   0.12729076288289856   0.8466869252683275   0.02388242877887078   0.3915191983027759
0.3623425958597737  0.026174355276336464   -0.0055318213276248545   0.12713568053204014   0.8753856109151611   -0.0015508235085843903   0.28698685646833644
0.37475313215283107  0.02721545310391617   0.0836922686874849   0.12454127659851845   0.8922409001510975   -0.025944039335216763   0.16855289235936394
0.38657031724019647  0.02928889369451805   0.17369174062007597   0.11997708917614452   0.8999947193259109   -0.04564187422373935   0.07753819174813403
0.3976069859673405  0.032263041763870376   0.26322596978568097   0.11430381154237627   0.8953422916560496   -0.05673277633768233   -0.046524276698611686
0.40780678524430936  0.036003669791030785   0.35150542865921913   0.10864078577036927   0.8827945887353816   -0.056630257720070194   -0.12547702920668022
0.4172651407184217  0.0404270597248311   0.4374508200131927   0.10441593115091   0.8594539135397354   -0.042248546194592826   -0.23340675195646207
0.4260509430812116  0.04546078095981752   0.5202833541977565   0.10125644306885287   0.8283253418456382   -0.03159488082057122   -0.31128571694097207
0.4342475850771119  0.05106172453675421   0.5994445739443439   0.09927512727817832   0.7916121974658736   -0.019813157906745437   -0.36713144379764645
0.44188434645615404  0.05716599199829119   0.6743302737413068   0.09776615242629119   0.7488569979696291   -0.015089748518871291   -0.42755199496244506
0.4489861150148643  0.0637079066610323   0.744387244294815   0.09655659693468552   0.7005697055350809   -0.012095554916056678   -0.4828729243454829
0.45558612435565493  0.07062995448868387   0.8092094531803801   0.09564249548543746   0.6482220888556511   -0.009141014492480557   -0.5234761667942969
0.461721567639281  0.07787933262343476   0.8684305533284251   0.09497217888792311   0.5922110014804516   -0.006703165975143574   -0.560110873751996
0.4674393146557895  0.08541532053521028   0.9217341771797752   0.09459584808606458   0.5330362385135005   -0.003763308018585275   -0.5917476296695113
0.47280758066836526  0.0932298508964035   0.9688760847252597   0.09480778699441698   0.4714190754548452   0.002119389083523972   -0.6161716305865524
0.4777742174335302  0.10113123825072352   1.0096283398069592   0.09332706085594697   0.4075225508169941   -0.014807261384700033   -0.6389652463785109
0.48233002039991113  0.10896131571716254   1.0438415039052704   0.09058998498670866   0.3421316409831134   -0.027370758692383146   -0.6539090983388068
0.4865354227098779  0.11667021132992118   1.071394604492482   0.08781371200278659   0.27553100587211626   -0.027762729839220696   -0.6660063511099709
0.4904823669478471  0.12427750268906101   1.0921929290997812   0.0857025382590748   0.2079832460729905   -0.021111737437118038   -0.6754775979912575
0.4943196143457388  0.1319340394545689   1.1062109776340978   0.08564287643125988   0.14018048534316757   -0.0005966182781489719   -0.6780276072982299
0.4982085364687677  0.13983575749520896   1.1134390848212403   0.08806864554014707   0.07228107187142503   0.024257691088871793   -0.6789941347174251
0.5022765794506396  0.14811148235957666   1.1139207935146982   0.09221528926000916   0.004817086934577481   0.04146643719862089   -0.6746398493684754
0.5066443398327873  0.15686029919463804   1.1077568051258513   0.09778503299038728   -0.06163988388846684   0.055697437303781086   -0.6645697082304433
0.511377986302275  0.16604871954936445   1.0950823754596686   0.10336076504808038   -0.12674429666182682   0.055757320576931176   -0.6510441277335999
0.5165069090793543  0.1755567862064808   1.0761055911668718   0.10803202321969638   -0.18976784292797041   0.04671258171615996   -0.630235462661436
0.5220418861242413  0.1852304897910938   1.0510934877507991   0.111452461583574   -0.2501210341607254   0.03420438363877613   -0.6035319123275491
0.527916427719425  0.1948030775820923   1.0203759541304425   0.11231414691387591   -0.30717533620356674   0.008616853303019095   -0.570543020428414
0.533998900591184  0.2039579612495398   0.9843670087030143   0.1099128614858979   -0.3600894542742827   -0.024012854279779988   -0.5291411807071595
0.5401120189923949  0.2123909379873638   0.9435495207976359   0.10415628317480531   -0.4081748790537832   -0.057565783110925854   -0.4808542477950049
0.5460596353946421  0.219862876274297   0.8985029798818491   0.0955007867150933   -0.45046540915786787   -0.08655496459712018   -0.42290530104084684
0.5516646111620442  0.2262423720700903   0.8499353789240093   0.0849197974336433   -0.4856760095783978   -0.10580989281450005   -0.3521060042053
0.5567752400215192  0.23149101537232125   0.7987201686274055   0.07325761656875919   -0.5121521029660389   -0.11662180864884107   -0.2647609338764092
0.5613276943951107  0.2356974059285667   0.7459084917000298   0.061982709149651004   -0.5281167692737561   -0.11274907419108185   -0.1596466630771741
0.5653994432250499  0.23907728844187456   0.6928159642306356   0.05291761931330152   -0.5309252746939421   -0.09065089836349483   -0.028085054201859926
0.5692453276701961  0.24194393515490284   0.6405379741064535   0.04796716641905573   -0.5227799012418216   -0.049504528942457895   0.08145373452120545
0.5732880903418174  0.2446544652783803   0.5906274828710688   0.04867330230150052   -0.499104912353847   0.007061358824447916   0.2367498888797464
0.5780374532372937  0.24752862567791997   0.5442105226216153   0.055513283018760934   -0.4641696024945347   0.06839980717260415   0.3493530985931232
0.5839125147644175  0.25075682250496645   0.5024397099086789   0.06703551499141613   -0.4177081271293633   0.11522231972655193   0.4646147536517139
0.591181016183712  0.25441266322160483   0.46602106605652893   0.08136109895258059   -0.3641864385214999   0.14325583961164456   0.5352168860786338
0.5997869962294423  0.25841698270563146   0.43550019917408334   0.09491968556504186   -0.3052086688244561   0.1355858661246127   0.5897776969704385
0.6095315481824337  0.26266812398923634   0.4113677195215256   0.10631486019259803   -0.24132479652557734   0.11395174627556164   0.6388387229887873
0.6201222637453832  0.2670715704316353   0.3940384965925404   0.11469681630558841   -0.17329222928985186   0.08381956112990376   0.680325672357255
0.6312284093146585  0.2715569706531522   0.38383512267375636   0.11977699468308514   -0.10203373918784062   0.05080178377496746   0.7125849010201124
0.6425217668085694  0.27608051832686803   0.3809799161105415   0.12165623988996804   -0.028552065632148904   0.018792452068829096   0.7348167355569171
0.6536956949096775  0.2806161848854484   0.3855952096251122   0.12059392204392232   0.046152935145706855   -0.010623178460457306   0.7470500077785577
0.6644689864290328  0.2851420857482669   0.3977162359354752   0.11685357879888526   0.12121026310363024   -0.037403432450370554   0.7505732795792339
0.6745881414418903  0.2896282952066056   0.4173003022948253   0.1106902766634567   0.19584066359350052   -0.06163302135428574   0.7463040048987029
0.6838387856184684  0.2940311046410014   0.4442201108205546   0.10244957227693248   0.269198085257294   -0.08240704386524213   0.7335742166379351
0.6920662987946056  0.29829616647068335   0.4782512616503223   0.0926729331976272   0.34031150829767626   -0.09776639079305278   0.7111342304038225
0.6991963883521173  0.302369877604062   0.5190799520956086   0.08211778095902925   0.4082869044528624   -0.10555152238597958   0.6797539615518615
0.705257536128492  0.30622346038564335   0.5663167799198674   0.07182451713833636   0.47236827824258953   -0.10293263820692881   0.6408137378972708
0.7103014386777085  0.3098204941015134   0.6194937185186217   0.061951274788415896   0.5317693859875423   -0.09873242349920466   0.5940110774495284
0.7144441505636128  0.313157444209351   0.6780849828448647   0.05319520447541348   0.5859126432624302   -0.08756070313002419   0.5414325727488782
0.7178898547142121  0.31631315322991616   0.7414971385650286   0.046724058595047024   0.6341215572016393   -0.06471145880366455   0.4820891393920925
0.7208945319414475  0.31946285936739965   0.8089589435728023   0.043530143570137445   0.6746180500777358   -0.03193915024909581   0.404964928760964
0.7237449940743502  0.32290724085342254   0.8794698188786904   0.04470894562877734   0.7051087530588808   0.011788020586398995   0.30490702981144985
0.7267103475862046  0.32706890596950977   0.9517036378687442   0.051100663389748655   0.7223381899005397   0.0639171776097131   0.17229436841658802
0.7298448832771307  0.33222148241365607   1.0242645744998191   0.06031115818027422   0.725609366310748   0.09210494790525568   0.032711764102084935
0.7331167176646782  0.3385823579482905   1.0957200558212576   0.07153015995134442   0.7145548132143859   0.11219001771070199   -0.11054553096362207
0.7364215643781091  0.34626755056889463   1.1646747806591864   0.08365655826954779   0.6895472483792864   0.1212639831820337   -0.2500756483509956
0.7396192230972334  0.3552809340804365   1.2298803072397102   0.09563791278051043   0.6520552658052386   0.11981354510962636   -0.3749198257404773
0.7425700025124646  0.36552846494659497   1.2904306480284422   0.10663910540239083   0.6055034078873197   0.11001192621880401   -0.46551857917918776
0.7451607015490781  0.3768431618292871   1.3457086857142588   0.11607501326534951   0.5527803768581679   0.09435907862958672   -0.527230310291519
0.74731856701133  0.38900538096816784   1.3951999887628181   0.12352164091175828   0.49491303048559054   0.0744662764640878   -0.5786734637257742
0.7490160157100785  0.40175656336763665   1.4384535367536007   0.12863669175993506   0.43253547990782504   0.05115050848176781   -0.6237755057776547
0.7502713326100596  0.41483407245890275   1.475099011994804   0.13137620201220734   0.36645475241203534   0.027395102522722693   -0.6608072749578969
0.7511437626382753  0.42804623711131057   1.5048597184974297   0.13240937616213755   0.2976070650262575   0.010331741499302086   -0.688476873857779
0.7517190385699104  0.44134169235374054   1.52755468380307   0.13307895119100366   0.22694965305640102   0.006695750288661108   -0.7065741196985648
0.7520911422475317  0.4547708570735555   1.5430947906621864   0.13434318971158224   0.15540106859116473   0.01264238520578606   -0.7154858446523622
0.7523550466844794  0.4684299078432704   1.5514778828805547   0.13661599960527546   0.08383092218368395   0.022728098936931795   -0.7157014640748081
0.752601369897874  0.4821055762643554   1.5527864882087492   0.13677886601698286   0.013086053281945842   0.0016286641170743116   -0.7074486890173812
0.7529212239668766  0.49565140133410707   1.5471879721083726   0.13549600859278746   -0.05598516100376762   -0.012828574241954094   -0.6907121428571347
0.7533999934832005  0.5089951230831733   1.5349319529148253   0.1335230805390071   -0.12256019193547181   -0.019729280537803366   -0.6657503093170419
0.754112850243801  0.5220739670247438   1.5163456342565969   0.1309825651027991   -0.18586318658228682   -0.02540515436208016   -0.63302994646815
0.7551169676917198  0.5347633720560248   1.491830489973169   0.1272907113253407   -0.2451514428342803   -0.03691853777458444   -0.5928825625199352
0.7564415857311519  0.546875938080068   1.4618701862683985   0.12184780204714192   -0.2996030370477041   -0.05442909278198749   -0.5445159421342378
0.7580834323742485  0.5582202157130656   1.4270652756574218   0.11462473354995345   -0.34804910610976547   -0.07223068497188465   -0.48446069062061375
0.7600112402052482  0.5686586572343904   1.3881706118829544   0.10614966058701283   -0.38894663774467414   -0.08475072962940605   -0.4089753163490865
0.762177527574451  0.5781357043791701   1.3460746125932639   0.09721482579851017   -0.42095999289690533   -0.08934834788502675   -0.3201335515223116
0.7645345306746137  0.5866865767508594   1.3018307933119493   0.08869773499424771   -0.44243819281314406   -0.08517090804262448   -0.2147819991623878
0.7670594611114617  0.5944478148349643   1.2562698452782786   0.08161623019294832   -0.45560948033670673   -0.07081504801299401   -0.13171287523562675
0.7697734467522591  0.6016540014058686   1.2106071537888632   0.07700314471054598   -0.45662691489415586   -0.046130854824023265   -0.010174345574491544
0.7727726114148673  0.6086463601534867   1.1656098353915956   0.07608420961594396   -0.4499731839726765   -0.00918935094602022   0.06653730921479417
0.7761093141584642  0.615582462724785   1.1224127126759427   0.07696954207912357   -0.43197122715652836   0.008853324631796023   0.1800195681614809
0.7798392438942192  0.6225901298040976   1.0816718043288622   0.07938499463258177   -0.40740908347080484   0.024154525534581955   0.24562143685723548
0.7840255991912286  0.6297925843528136   1.0442851028378286   0.08330721589341511   -0.37386701491033464   0.039222212608333425   0.3354206856047019
0.7886933996720473  0.6372367239140446   1.0107287662844908   0.08786556500462231   -0.33556336553337796   0.04558349111207195   0.38303649376956705
0.7938342292670687  0.6449268150644685   0.981525237190521   0.09250169232337214   -0.29203529093970004   0.04636127318749854   0.4352807459367788
0.7993753229103424  0.65279034141558   0.9569512882903987   0.0961970713889744   -0.24573948900122242   0.03695379065602235   0.4629580193847766
0.8052068562068012  0.6607275608031032   0.9371545794792805   0.0984917418839692   -0.1979670881111816   0.022946704949947928   0.477724008900408
0.811155274790485  0.668575662329603   0.9222306472295365   0.09847658666757449   -0.14923932249744026   -0.0001515521639469479   0.48727765613741336
0.8170361017262392  0.6761744970300281   0.9121665506856506   0.09608663499814939   -0.10064096543885892   -0.023899516694250923   0.48598357058581343
0.8226899154972992  0.6834008908547825   0.9068896247856437   0.09175313502452033   -0.05276925900006848   -0.043334999736290805   0.4787170643879044
0.8280259280202475  0.6902120632361634   0.9062468693896824   0.08652462011124257   -0.006427553959613926   -0.05228514913277757   0.4634170504045455
0.8330729343265041  0.6967044590693435   0.9100060794675329   0.08223349458103342   0.03759210077850555   -0.04291125530209135   0.44019654738119474
0.8379971940240314  0.7031425951914438   0.9178537374531165   0.08105425978650622   0.07847657985583581   -0.011792347945272015   0.40884479077330266
0.8430863817460538  0.7099558403104341   0.9292468478825796   0.08504124923907719   0.11393110429463191   0.039869894525709666   0.3545452443879608
0.8486826187930615  0.7176774888609752   0.9436543765896951   0.09536337107316088   0.14407528707115436   0.10322121834083701   0.30144182776522455
0.8550549781210393  0.7267821302208901   0.9601359432943282   0.11113120970165796   0.16481566704633036   0.15767838628497066   0.20740379975175988
0.8622704636709324  0.737493082013141   0.9779712818495169   0.12914632012436028   0.17835338555188682   0.18015110422702324   0.13537718505556456
0.8701290442089792  0.7496234071679492   0.9959369538907775   0.14453445140669433   0.1796567204126074   0.15388131282334022   0.013033348607206228
0.8781039786510128  0.762411225289909   1.0131789903606403   0.15070762146456135   0.17242036469862695   0.06173170057867035   -0.07236355713980437
0.8853602929947898  0.7744603831492468   1.0287417785571422   0.14065429356224488   0.15562788196502053   -0.10053327902316452   -0.1679248273360643
0.8912429072168981  0.7845238877462343   1.0418151343614948   0.11656726592819189   0.1307335580435248   -0.24087027634053   -0.24894323921495742
0.8956245411407192  0.7921956562030836   1.051869735201828   0.08834859766735789   0.10054600840333269   -0.28218668260833984   -0.3018754964019211
0.8985402560023601  0.7973823124189382   1.0586674972125356   0.059500248617848014   0.06797762010707467   -0.2884834904950989   -0.3256838829625804
0.9  0.8   1.062101536897296   0.02997188817991082   0.03434039684760196   -0.2952836043793719   -0.3363722325947269
0.9  0.8   1.062101536897296   9.340113117748822e-28   3.3040202069968195e-23   -0.2997188817991082   -0.34340396847601956
