0.1  0.1   1.219795576688384   7.284953941558489e-26   1.5408071381863817e-21   6.530319277857437e-22   0.0
0.1010387451611756  0.10281415577519706   1.217195673508307   0.02999744028569257   -0.0259990318007708   0.29997440285692567   -0.259990318007708
0.10314539471069165  0.10843148479762083   1.2120020638140971   0.059993631054160196   -0.05193609694209807   0.29996190768467623   -0.25937065141327265
0.1063705048822089  0.11683242961507688   1.2042471395437269   0.08998733768944275   -0.07754924270370181   0.29993706635282574   -0.2561314576160374
0.11076246002198643  0.12793185178108674   1.1940090494533417   0.11936768506136333   -0.10238090090385156   0.2938034737192056   -0.24831658200149753
0.11614614537998169  0.14105273918376401   1.1814302107288046   0.14182445285196166   -0.12578838724537197   0.2245676779059834   -0.2340748634152041
0.1222169720546422  0.155250460434993   1.1667326007411447   0.15441186005010363   -0.14697609987659802   0.12587407198141923   -0.2118771263122602
0.12872477507604957  0.1698009182190142   1.15022531058356   0.1593948938611248   -0.1650729015758461   0.04983033811021169   -0.18096801699248113
0.1355267120620644  0.18430571705221618   1.1323008057623085   0.16020472401067318   -0.1792450482125173   0.008098301495484107   -0.14172146636671215
0.14256238965749438  0.1986005794963721   1.1134224524130596   0.15932477884000626   -0.18878353349248467   -0.008799451706669273   -0.09538485279967339
0.14980581418489924  0.21262709092756665   1.094107418740105   0.15786393565778278   -0.1931503367295488   -0.014608431822234542   -0.043668032370641444
0.1572638579687878  0.22641334178183417   1.0749069935715023   0.15674282430121142   -0.1920042516860284   -0.01121111356571365   0.011460850435204324
0.1649641605763225  0.24003824785850825   1.056385690804641   0.15650326700929246   -0.1852130276686121   -0.0023955729191895846   0.06791224017416266
0.17293316290276886  0.253586408094549   1.0390998807261345   0.1571806743401938   -0.17285810078506486   0.0067740733090132016   0.12354926883547238
0.18117715317471128  0.2671169739411612   1.0235765289073455   0.1584422884628464   -0.15523351818788717   0.012616141226526087   0.17624582597177704
0.18967175216959706  0.280650904468191   1.0102922050227772   0.15978907584514349   -0.13284323884568483   0.01346787382297093   0.22390279342202327
0.19836618639384773  0.2941813569658173   0.9996530866054338   0.16083107015450146   -0.1063911841734332   0.0104199430935798   0.2645205467225164
0.2071797481280025  0.30766840506306087   0.9919762315287758   0.16111466004656896   -0.07676855076658051   0.0028358989206747885   0.2962263340685269
0.21605798288227615  0.32112173518217685   0.9874731891157139   0.16118782325163905   -0.04503042413061956   0.0007316320507011024   0.3173812663596094
0.22495702324135486  0.3345703730742097   0.9862361065625344   0.16126338098392146   -0.012370825531794971   0.0007555773228238916   0.32659598598824585
0.23380009380470052  0.3479924076013328   0.988226718428343   0.16073297976324524   0.019906118658087203   -0.0053040122067618874   0.3227694418988218
0.24242145327658154  0.3612226211808001   0.9932678448957823   0.15791339097803953   0.05041126467439318   -0.028195887852057067   0.30505146016305984
0.25062530740799116  0.37402858281766155   1.0010379378307006   0.15208414646317178   0.07770092934918402   -0.05829244514867775   0.27289664674790837
0.2582434042049075  0.3861869859585497   1.0110684565503791   0.14347897607092777   0.1003051871967859   -0.08605170392244017   0.2260425784760188
0.26521526583237387  0.3976082752423403   1.022745280455403   0.13381057635950083   0.11676823905023458   -0.09668399711427002   0.16463051853448693
0.2716042594373134  0.4083767821881628   1.0353152222819642   0.1252118129915103   0.12569941826561146   -0.08598763367990452   0.08931179215376854
0.27754484443687516  0.4186829343898891   1.0479018888247462   0.11895685072418927   0.1258666654278226   -0.06254962267321026   0.001672471622111549
0.2831642786462356  0.4286994441346386   1.059533983291926   0.11485142937725093   0.11632094467179728   -0.04105421346938364   -0.09545720756025307
0.2885382342508062  0.4384988584610589   1.0691857427728992   0.1117622118520913   0.09651759480973153   -0.030892175251596234   -0.1980334986206575
0.2937067745640572  0.44807393735176804   1.0758249809268716   0.1088099006216627   0.06639238153972463   -0.029523112304285875   -0.3012521327000691
0.29872796053492007  0.45743511356567756   1.0784668544991391   0.10622802297972159   0.026418735722674135   -0.02581877641941129   -0.39973645817050507
0.30371729093273425  0.4666870819802415   1.0762266351314362   0.10511533540001614   -0.02240219367702722   -0.01112687579705441   -0.4882092939970135
0.30883643087414275  0.476003667305824   1.0683637605480354   0.10630350693580841   -0.0786287458340106   0.011881715357922856   -0.5622655215698337
0.3142325334160274  0.4855055612636826   1.0543160888140886   0.10927209681746225   -0.14047671733946926   0.029685898816538242   -0.6184797150545871
0.3199595729725583  0.4951235231439777   1.0337272774278239   0.1119393464394006   -0.20588811386264674   0.026672496219383602   -0.6541139652317745
0.32592546344744033  0.5045481721364808   1.006458234822077   0.11154185662347033   -0.27269042605746635   -0.003974898159302834   -0.6680231219481961
0.3318980148033702  0.5133115123193907   0.9725685678785394   0.10605069583013395   -0.3388966694353762   -0.05491160793336384   -0.6620624337790988
0.337576389142996  0.5209624428561203   0.9323182667012762   0.09527889232077526   -0.4025030117726312   -0.10771803509358678   -0.6360634233725502
0.3427033278470692  0.5272426036055666   0.8861527069897941   0.08107152367766637   -0.4616555971148221   -0.14207368643108886   -0.5915258534219091
0.34717512523060756  0.5321782470036592   0.8346645564303212   0.06660146214051342   -0.5148815055947286   -0.14470061537152953   -0.5322590847990636
0.35111188336521815  0.5360614846443565   0.7785542136305668   0.0552970154570238   -0.5611034279975448   -0.1130444668348962   -0.46221922402816357
0.3548643804599334  0.5393433745965645   0.7185967613274933   0.049851816520810464   -0.5995745230307348   -0.054451989362133364   -0.3847109503318988
0.35894761946240233  0.5424838240493128   0.6556181330194883   0.051512390273163726   -0.6297862830800498   0.016605737523532685   -0.3021176004931515
0.3639156570376992  0.5458136484930114   0.5904788909549868   0.059807297360279364   -0.6513924206450145   0.08294907087115638   -0.21606137564964628
0.3702151979719187  0.5494545954660293   0.5240636035790989   0.07276036753771434   -0.6641528737588783   0.1295307017743496   -0.12760453113863798
0.3780714261916658  0.5533203218403283   0.4572745056831245   0.08755807343797532   -0.6678909789597447   0.14797705900261007   -0.03738105200866434
0.3874491640566058  0.5571862862475099   0.39102118193528895   0.10143354881947164   -0.6625332374783556   0.13875475381496305   0.05357741481389262
0.39810060255584057  0.560789576745253   0.32620619591357974   0.11244413924883158   -0.6481498602170922   0.1101059042935995   0.1438337726126337
0.4096729331512919  0.5639140594346087   0.26370808352391   0.11986710453101922   -0.6249811238966981   0.07422965282187632   0.23168736320393868
0.4218152116450069  0.5664306048312108   0.2043614894682119   0.12400319663303047   -0.5934659405569808   0.041360921020112386   0.31515183339717506
0.43422597357322246  0.5682928665070999   0.1489409626990571   0.12549702394413095   -0.5542052676915474   0.01493827311100506   0.3926067286543335
0.44662684351379384  0.5695139222976519   0.09814895065769907   0.12460840763231897   -0.5079201204135807   -0.008886163118119829   0.46285147277966737
0.4587097266518837  0.5701501598223824   0.052607516703831306   0.12099622436945091   -0.4554143395386775   -0.03612183262868069   0.5250578087490314
0.4701532400194661  0.5702972576322892   0.012853544557902797   0.11444458744725913   -0.3975397214592851   -0.06551636922191771   0.5787461807939234
0.48079535153224057  0.5700773252027516   -0.020663298511592865   0.10644383858350145   -0.33516843069495655   -0.08000748863757692   0.6237129076432861
0.49093254584767826  0.5695946493098744   -0.04757841379623262   0.10148678958688334   -0.26915115284639757   -0.04957048996618098   0.6601727784855896
0.5015565733850847  0.5688753036040256   -0.067606133796512   0.1064835289423254   -0.20027720000279378   0.049967393554420696   0.6887395284360376
0.5141982191618907  0.5678550304495219   -0.08053275257543144   0.1268275069754441   -0.12926618778919455   0.20343978033118673   0.7101101221359922
0.5296775489078729  0.5665171872114775   -0.08621348543489317   0.15537035557482323   -0.0568073285946171   0.2854284859937916   0.7245885919457746
0.5457489149688106  0.5651546543236693   -0.08457790135771616   0.16129020520014822   0.016355840771770117   0.05919849625324987   0.7316316936638722
0.5618318312086804  0.5639358548541068   -0.07563766985183697   0.1612903180372948   0.08940231505879197   1.1283714657199191e-06   0.7304647428702188
0.5779323499925596  0.5629772161044039   -0.0594706504896516   0.16129032258064516   0.16167019362185361   8.19540902101554e-08   0.7226787856306164
0.5940508349055553  0.5623939971282909   -0.036167459724324044   0.16129032258064516   0.23303190765327547   2.139647909250011e-08   0.7136171403142185
0.6101795994596171  0.5623009631493197   -0.005768138462569377   0.16129032258064516   0.3039932126175467   3.4007810124417665e-09   0.709613049642712
0.626300509437972  0.5628127852500402   0.03173829726334655   0.16129032258064516   0.3750643572591594   -3.0026206836694227e-09   0.7107114464161267
0.6423825852880041  0.5640426376408338   0.07632492894663555   0.16129032258064516   0.4458663168328899   4.845622903597706e-10   0.7080195957373063
0.6583800641527707  0.5660984516800506   0.12780813744712835   0.16129032258064516   0.5148320850049278   2.6138070204282836e-09   0.6896576817203796
0.6742317508284  0.5690766607515247   0.18571466434859782   0.16129032258064516   0.5790652690146946   -5.135932768411145e-09   0.6423318400976684
0.6898628311343893  0.5730534710725327   0.24913136525636356   0.16129032258064516   0.6341670090776578   -2.4409985965135906e-08   0.5510174006296308
0.7051899163752908  0.578076032474672   0.3166646841120165   0.16129031744656855   0.6753331885565295   -8.320844272172238e-08   0.4116617947887169
0.7201284517250027  0.584157621249424   0.38661841835577526   0.16129028502046   0.699537342437587   -3.2426108554733325e-07   0.24204153881057658
0.7346003710068274  0.5912786345902211   0.4572732729254723   0.16129019768711375   0.7065485456969712   -8.73333462410052e-07   0.07011203259384025
0.7485402676732339  0.5993918578311569   0.5270899507239702   0.16129014552271537   0.6981667779849775   -5.216439836656399e-07   -0.08381767711993832
0.7618993699689514  0.6084295314297277   0.5947918059382491   0.16129016033899177   0.6770185521427892   1.4816276410238423e-07   -0.21148225842188148
0.7746473409624264  0.6183105484134523   0.6593757097906932   0.16129019222605212   0.6458390385244406   3.1887060329476256e-07   -0.3117951361834857
0.7867722196491823  0.6289469317513846   0.720095156128367   0.16129021473109328   0.6071944633767391   2.2505041162794145e-07   -0.38644575147701504
0.7982789294054963  0.6402491885960885   0.7764346956677289   0.16129022884221414   0.5633953953936208   1.411112083937844e-07   -0.43799067983118295
0.8091868359459778  0.6521303915462238   0.828081063230578   0.16129023796814682   0.5164636756284878   9.125932685762942e-08   -0.4693171976513294
0.8195268127069734  0.6645090145965623   0.8748931434115611   0.16129024398279948   0.468120801809831   6.014652667030642e-08   -0.48342873818656906
0.8293382001042426  0.6773106597207337   0.9168714081203237   0.16129024785910864   0.419782647087626   3.876309172144122e-08   -0.4833815472220486
0.8386659447454995  0.6904688749552198   0.9541279223320758   0.16129025024767088   0.37256514211752206   2.388562200789243e-08   -0.47217504970104035
0.8475581130857811  0.7039252784473475   0.9868571153260893   0.16129025163810742   0.3272919299401363   1.3904365458344778e-08   -0.4527321217738577
0.85606388196899  0.7176291957975823   1.0153084309286229   0.16129025235165886   0.28451315602533755   7.135514324786979e-09   -0.42778773914798723
0.8642320470352646  0.7315369826521853   1.0397608880340685   0.16129025257062224   0.2445245710544509   2.1896341962897832e-09   -0.399885849708867
0.8721100401814599  0.7456111674239673   1.0605000611730173   0.1612902517208408   0.2073917313894903   -8.497814405290708e-09   -0.37132839664960604
0.8797434172490819  0.7598195082336607   1.0777976040960024   0.16129023343676296   0.1729754292298498   -1.8284077839299245e-07   -0.34416302159640466
0.8866554946357137  0.7731320081488203   1.091893507473839   0.149999822596517   0.14095903377836758   -0.11290410840245957   -0.3201639545148222
0.8920667344503133  0.7838426682677684   1.10298143510705   0.11999989854774956   0.11087927633211109   -0.29999924048767446   -0.30079757446256516
0.896058999332931  0.7919087522283618   1.1112011922021752   0.08999993852903734   0.08219757095125002   -0.2999996001871222   -0.28681705380861044
0.8986912095984919  0.7973005447940087   1.1166426168793468   0.059999964960891015   0.05441424677171538   -0.2999997356814633   -0.2778332417953464
0.9  0.8   1.1193541425045288   0.029999984540382125   0.027115256251819302   -0.29999980420508887   -0.2729899051989609
0.9  0.8   1.1193541425045288   4.6215172374039133e-26   8.280067261713512e-21   -0.2999998454038212   -0.2711525625181929
