0.1  0.1   -0.4250514501831157   0.0   6.364622157847444e-22   0.00044451060146696246   0.01150268017622941
0.10308613540152527  0.09861244415839335   -0.42252915116677076   0.033837173242055596   0.025222990163449026   0.3383717324205559   0.25222990163449027
0.109191554724083  0.09590278115958477   -0.41769671662778557   0.06679701989714197   0.04832434538985174   0.3295984665508639   0.2310135522640271
0.1180692605579625  0.09204041915818191   -0.4103631936381386   0.0968150303944676   0.07333522989646946   0.3001801049732561   0.25010884506617725
0.12925398027625476  0.08730369139301322   -0.40059936971238597   0.1214637991741307   0.09763823925752663   0.24648768779663122   0.24303009361057176
0.14204346743920324  0.08207502811957959   -0.38809098865725367   0.13817014927916096   0.12508381055132284   0.16706350105030268   0.274455712937962
0.15557786905783105  0.07678548478132133   -0.3725694465671838   0.14531321202895203   0.15521542090069793   0.07143062749791075   0.30131610349375104
0.16945827897353063  0.07165900509686907   -0.3537922369641376   0.1479684335873833   0.18777209603046213   0.026552215584312373   0.32556675129764184
0.18353707835165742  0.06680947570126598   -0.33172748902841004   0.14890618767816405   0.22064747935727608   0.009377540907807656   0.32875383326813945
0.19777680729585825  0.062310774579714005   -0.30600304552418883   0.1493345881520572   0.2572444350422121   0.004284004738931243   0.3659695568493602
0.21215996562130598  0.05822977108411018   -0.27646867385192314   0.14950914117407757   0.2953437167226574   0.0017455302202040001   0.3809928168044537
0.22668575694532797  0.054629433933357494   -0.24296188049050985   0.14965327967946218   0.33506793361413256   0.0014413850538459486   0.3972421689147509
0.24134477466297416  0.051572393996144654   -0.2055966138608259   0.14974387921515994   0.3736526662968397   0.0009059953569778809   0.38584732682707157
0.25610752586320523  0.04912650652233771   -0.16418818488056725   0.14963996409198613   0.4140842898025865   -0.00103915123173844   0.40431623505746805
0.2709271001095943  0.047356947378225114   -0.1188441861005781   0.14924849091659342   0.4534399877998911   -0.0039147317539268995   0.39355697997304606
0.2857740693452797  0.04632067288857736   -0.0696840273662684   0.14883089743172606   0.491601587343097   -0.004175934848673625   0.38161599543205943
0.30057076030344004  0.046070579133731464   -0.016900396462426952   0.14798804350269595   0.5278363090384145   -0.008428539290300897   0.36234721695317446
0.315234646908734  0.04664618316285667   0.03923302772341364   0.14675179398266353   0.5613342418584059   -0.012362495200324583   0.3349793281999134
0.3296742008198873  0.04807092995485195   0.09835137431521708   0.14509673344856353   0.5911834659180345   -0.016550605341000026   0.2984922405962852
0.3438145691880894  0.05035269235024638   0.15998603404141537   0.1432328374422264   0.616346597261983   -0.01863896006337118   0.25163131343948625
0.35756969757556417  0.05347995939960167   0.22355274634732947   0.14106146041847067   0.6356671230591411   -0.021713770237556898   0.1932052579715803
0.3708161375596901  0.057410146976898564   0.2884243661238909   0.13817183021361706   0.648716197765614   -0.02889630204853636   0.13049074706472819
0.38338276752907696  0.062048445514730155   0.35358493857870554   0.13395297761287495   0.6516057245481475   -0.042188526007421324   0.028895267825335386
0.3950859558318469  0.06725109213835156   0.4183120611823218   0.12807503595173356   0.6472712260361624   -0.05877941661141377   -0.04334498511985003
0.40580814272996457  0.07285278146129992   0.48143729555042075   0.12097281312303475   0.6312523436809897   -0.07102222828698808   -0.16018882355172775
0.4155556683736607  0.07872224922942507   0.5419985219544071   0.11378264720754946   0.6056122640398631   -0.07190165915485286   -0.25640079641126523
0.4244513523994701  0.08479867355417368   0.5992767407305115   0.10772934923289962   0.5727821877610435   -0.06053297974649841   -0.3283007627881954
0.43273845172816516  0.09112877278280629   0.652306221075045   0.10428143244508795   0.5302948034453349   -0.03447916787811687   -0.42487384315708604
0.44072369475314477  0.09786196426330919   0.7005355726255353   0.10445093282546743   0.48229351550490346   0.0016950038037948005   -0.4800128794043148
0.4486260762000349  0.10512536361932776   0.7432899202462363   0.10733340707215336   0.42754347620700994   0.02882474246685945   -0.5475003929789347
0.4565776412329986  0.11299436011109858   0.780179145640764   0.11186978692254312   0.3688922539452761   0.04536379850389749   -0.5865122226173388
0.4646392727705939  0.12147648807337932   0.8108099150578804   0.11701982644682755   0.3063076941711639   0.051500395242844346   -0.6258455977411223
0.47281009286674863  0.13049855693412302   0.8348694420495018   0.12172100376341258   0.24059526991621552   0.0470117731658503   -0.6571242425494838
0.4810613994452561  0.13993359457231863   0.8522275924319282   0.1253411327085758   0.17358150382426424   0.03620128945163206   -0.6701376609195127
0.48932350027371063  0.14958473608682762   0.8627859763955499   0.12704599270839953   0.10558383963621525   0.017048599998237383   -0.6799766418804899
0.49757153120647885  0.15929445779296844   0.8666152018953465   0.12740043558740324   0.038292254997967505   0.0035444287900369344   -0.6729158463824774
0.5058137244244523  0.1689434202074601   0.8638660267266945   0.12690004914052644   -0.027491751686519912   -0.005003864468767827   -0.6578400668448742
0.5140534911028543  0.17841506550867434   0.8548391502063413   0.12554115644939573   -0.09026876520353291   -0.013588926911307229   -0.62777013517013
0.5222776529611257  0.18758891186122828   0.839929862385568   0.12320563914501277   -0.14909287820773176   -0.023355173043829506   -0.5882411300419884
0.5304345212730933  0.19632458619038787   0.8196487601672173   0.11951841140339754   -0.20281102218350716   -0.036872277416152316   -0.5371814397577541
0.538453083262575  0.20449251853280934   0.7946259869221324   0.11446067234187306   -0.25022773245085045   -0.05057739061524461   -0.47416710267343276
0.5462816350005043  0.2120176372891519   0.7656378404973044   0.10858804474273025   -0.28988146424827843   -0.05872627599142821   -0.3965373179742793
0.55393548755799  0.21891751588526223   0.7336382050119987   0.10304842726252196   -0.319996354853058   -0.05539617480208272   -0.30114890604779593
0.5615330181755785  0.2253186651602756   0.7001414654869853   0.09934645616538153   -0.3349673952501345   -0.037019710971404475   -0.14971040397076518
0.5692922054842958  0.23142456480983645   0.6667174713010585   0.09873550436508141   -0.3342399418592671   -0.0061095180030012065   0.0072745339086744566
0.5774630559356941  0.23744576105188583   0.6350719142687485   0.10149758681091336   -0.3164555703231002   0.02762082445831958   0.1778437153616687
0.5862284320222461  0.24352889818389006   0.6066851496411675   0.10669413072210986   -0.2838676462758095   0.05196543911196497   0.3258792404729068
0.5956601448069505  0.2497437726822093   0.5826299682043572   0.11295214521336915   -0.24055181436810338   0.06258014491259277   0.4331583190770615
0.6057046491878563  0.25609349514798324   0.5637307062910953   0.1188322530504216   -0.18899261913261908   0.058801078370524625   0.5155919523548429
0.6161953818525157  0.26253527690444173   0.5506827364971923   0.1231064677582761   -0.1304796979390301   0.0427421470785451   0.5851292119358896
0.6268885310555795  0.2690043012709875   0.5440652086398712   0.1249766842790889   -0.06617527857321157   0.0187021652081278   0.6430441936581857
0.6375112792059893  0.2754348295427409   0.5443473252308674   0.12417506678913089   0.002821165909962043   -0.008016174899580118   0.689964444831736
0.6478141104764886  0.2817776496411422   0.5518391455746898   0.12098747827319087   0.07491820343822483   -0.0318758851594002   0.720970375282628
0.6576189111521314  0.28801705397398797   0.5667281809653502   0.11621715997124307   0.14889035390660338   -0.04770318301947787   0.7397215046837854
0.6668284073453541  0.29417067738623826   0.5890512341663665   0.11076186222376938   0.2232305320101632   -0.05455297747473699   0.7434017810355981
0.6755213669107596  0.30036001142198276   0.6187302764065622   0.10671241812075721   0.29679042240195747   -0.04049444103012171   0.7355989039179428
0.6837718854658528  0.3067046366254739   0.6555488338210135   0.10407945301581001   0.36818557414451264   -0.02632965104947198   0.7139515174255519
0.6916737155727579  0.3133487239621083   0.6991456300042362   0.10323895368280807   0.43596796183222736   -0.008404993330019343   0.6778238768771473
0.6993051489339184  0.32044486861946747   0.7490681450774878   0.10420846613590885   0.4992251507325154   0.00969512453100783   0.6325718890028802
0.706738420188909  0.3281708965195707   0.804707780241808   0.10721241936614832   0.5563963516432024   0.0300395323023947   0.5717120091068707
0.714017541668234  0.33671818012104976   0.8653568365737944   0.11226827979214107   0.6064905633198634   0.05055860425992756   0.5009421167666104
0.7211248286845277  0.34625003661242093   0.930094595126694   0.11889903990531157   0.6473775855289959   0.06630760113170485   0.40887022209132556
0.7279591140095467  0.3568423251339721   0.997793467923507   0.1260571426090287   0.6769887279681295   0.0715810270371713   0.29611142439133425
0.7343617325314945  0.3684570086324317   1.0669923287048697   0.1326251849035267   0.6919886078136301   0.0656804229449802   0.1499987984550067
0.740154453642557  0.3809317122221021   1.1360671276219834   0.1375404840476615   0.6907479891711334   0.0491529914413478   -0.01240618642496668
0.7452065316578328  0.39405991044210414   1.2034386331505784   0.1406673667827967   0.6737150552859511   0.03126882735135206   -0.17032933885182425
0.7494947747259719  0.4077738106681449   1.2677354751826853   0.14368719080739262   0.6429684203210698   0.030198240245959115   -0.30746634964881175
0.7529964428534895  0.4219040629295933   1.3278765451215522   0.14557668379496533   0.60141069938867   0.018894929875727093   -0.41557720932399905
0.755751938009846  0.4364078454027331   1.383049254088619   0.14763213050850602   0.5517270896706654   0.020554467135407005   -0.4968360971800452
0.7578170705210523  0.4512611635563719   1.4326468661418785   0.149961939325282   0.4959761205325973   0.023298088167759905   -0.5575096913806815
0.7592539887464982  0.46641029406217144   1.4762277236770356   0.15217124862085354   0.43580857535156997   0.022093092955715335   -0.6016754518102733
0.7601323511063645  0.48172288588517437   1.51349702196702   0.15337763486670733   0.37269298289984154   0.012063862458537872   -0.6311559245172845
0.7605390415483224  0.4970649775774929   1.5442943848034503   0.15347481051006615   0.307973628364303   0.0009717564335881642   -0.6471935453553854
0.7605730694590508  0.5124118851423007   1.5685790817385565   0.15346945288928862   0.242846969351063   -5.357620777530075e-05   -0.6512665901323996
0.7603331368567458  0.527773564835349   1.5864139610290302   0.1536355332094   0.1783487929047386   0.001660803201113821   -0.6449817644632445
0.7599177460945834  0.5430679477524507   1.5979493457896294   0.15300022820248493   0.11535384760599104   -0.006353050069150612   -0.6299494529874755
0.7594252452807954  0.5581664147986458   1.6034040244831818   0.1510649741655954   0.05454678693552334   -0.01935254036889549   -0.608070606704677
0.758946104380183  0.5730197165925752   1.603043352692707   0.1486102789796458   -0.0036067179047463926   -0.024546951859496   -0.5815350484026973
0.758560514452635  0.5876747818421271   1.597101292378581   0.14660137006888785   -0.05942060314126211   -0.020089089107579273   -0.558138852365157
0.7583390528757196  0.6021946608476615   1.586047446050237   0.14521567806724947   -0.11053846328344066   -0.013856920016383865   -0.5111786014217855
0.7583500778718014  0.6166085742918744   1.5700314412604102   0.14413917660639616   -0.1601600478982681   -0.01076501460853284   -0.49621584614827413
0.7586553611067863  0.6309297002908466   1.5494825693485184   0.14324379488546854   -0.20548871911891498   -0.008953817209276673   -0.4532867122064689
0.7593138399151942  0.6452100197858797   1.5247180360908312   0.14295492968808088   -0.24764533257687296   -0.002888651973876586   -0.42156613457958014
0.7603811274940812  0.659463356011509   1.4960559650484586   0.1429323953261765   -0.28662071042372783   -0.00022534361904375696   -0.3897537784685488
0.761909381910575  0.6736953511971357   1.4638246266726358   0.14313813207008758   -0.32231338375822605   0.002057367439110832   -0.3569267333449817
0.7639476442840051  0.6879097021487327   1.4283725208414857   0.14359745348647715   -0.35452105831150044   0.004593214163895783   -0.32207674553274473
0.7665402247936935  0.7020992326515225   1.3900789058203369   0.14424432383588645   -0.3829361502114894   0.006468703494093116   -0.28415091899988887
0.769725882954882  0.7162499256000112   1.3493640265856837   0.14504845012693304   -0.40714879234653145   0.00804126291046561   -0.24212642135042065
0.7735360910950955  0.7303401434937402   1.3066976070474408   0.14596298378849812   -0.4266641953824295   0.0091453366156508   -0.19515403035898063
0.7779937163587369  0.7443357932588769   1.262453940287308   0.14688384367905177   -0.4424366676013273   0.009208598905536691   -0.1577247221889786
0.7830994275811021  0.7581776961647461   1.2174203382147353   0.14753527142402012   -0.4503360207257264   0.006514277449683616   -0.07899353124399111
0.7888493316692823  0.7718219637029333   1.17196580463193   0.14806330864761605   -0.4545453358280567   0.005280372235958917   -0.04209315102330142
0.7952507055867942  0.7852839436700222   1.1269278493631607   0.1490645808587665   -0.45037955268769014   0.01001272211150471   0.041657831403664726
0.8023096258115311  0.7985802936395627   1.0827419477339266   0.1505394557089903   -0.4418590162923407   0.014748748502237926   0.0852053639534941
0.8100159635185193  0.8117137925080428   1.040161875698791   0.15227489398531888   -0.4258007203513574   0.017354382763285867   0.16058295940983316
0.8183479420546482  0.8246790034134152   0.999611667724625   0.154116371663487   -0.4055020797416586   0.018414776781681113   0.20298640609698823
0.8272534556565486  0.83744468282258   0.961673662280264   0.155650487725254   -0.3793800544436106   0.015341160617670158   0.2612202529804799
0.83668158892618  0.849999555200146   0.9266848541022324   0.15700780788444374   -0.349888081780314   0.01357320159189744   0.2949197266329664
0.8463748261541865  0.8620912180792862   0.8950523278034569   0.15497327483830012   -0.31632526298775604   -0.02034533046143633   0.335628187925579
0.8563932457117435  0.8738938288513628   0.866981434466565   0.15481290368320905   -0.28070893336892005   -0.0016037115509106852   0.35616329618836023
0.8665713890413534  0.8853117581712822   0.8427431594772574   0.15295872371089175   -0.24238274989307518   -0.018541799723173057   0.38326183475844855
0.8765734969006029  0.8960831103655681   0.8224114013402163   0.14699122073148096   -0.20331758137041042   -0.05967502979410776   0.3906516852266478
0.8855312315931049  0.9054208433233735   0.806165254101344   0.12939639392674732   -0.16246147238872283   -0.1759482680473364   0.4085610898168758
0.8926827767431668  0.9126960907789204   0.7939724374845637   0.10201657883538794   -0.12192816616780401   -0.2737981509135939   0.4053330622091881
0.8975406169650861  0.9175582862812758   0.785846235838699   0.06873103863961445   -0.0812620164586468   -0.33285540195773466   0.40666149709157223
0.9  0.92   0.7817930030567576   0.03465621271377319   -0.04053232781941391   -0.34074825925841273   0.4072968863923289
0.9  0.92   0.7817930030567576   0.0   -1.8738239304205203e-22   -0.34656212713773193   0.4053232781941391
