0.1  0.1   -0.2828781706280986   5.000007076373453e-19   6.100072320433473e-27   0.0   0.0
0.10264783032037315  0.09923011333042724   -0.28295954940800466   0.027574863353174398   -0.0008137877990607327   0.275748633531744   -0.008137877990607327
0.10770677019968396  0.09775806949258553   -0.2831599780406919   0.05268755618072473   -0.0020042863268722433   0.25112692827550326   -0.011904985278115105
0.11484617518302899  0.09567822247643992   -0.2834740177255287   0.07436186329477357   -0.003140396848368107   0.21674307114048838   -0.011361105214958636
0.12365794623088701  0.09310705781736676   -0.2839054671001336   0.09179226367391943   -0.004314493746048604   0.17430400379145866   -0.01174096897680498
0.1338181668464009  0.09013889969183456   -0.28422585911424053   0.10584897052590239   -0.0032039201410696038   0.14056706851982959   0.011105736049790007
0.14448911787043997  0.087020542666584   -0.2843119041194229   0.11117254440473087   -0.0008604500518236608   0.05323573878828485   0.023434700892459432
0.15505032859580367  0.0839400882584783   -0.28380294714455584   0.11001289531042117   0.005089569748670284   -0.011596490943097159   0.05950019800493945
0.16525788633160096  0.08097783887036863   -0.28244335468502146   0.10628694951256758   0.013595924595343986   -0.03725945797853591   0.08506354846673701
0.17503986140644567  0.07816685113410035   -0.27982422470698814   0.10177852839289454   0.026191299780332924   -0.04508421119673017   0.1259537518498894
0.18446339892194136  0.07550126192046189   -0.27566346264944247   0.09793284697267657   0.041607620575457166   -0.038456814202179834   0.1541632079512424
0.19366066102246707  0.07295989585066308   -0.2695908286716714   0.09541916560441172   0.0607263397777109   -0.02513681368264863   0.19118719202253734
0.2028512278845808  0.07050156569410483   -0.2613653647797551   0.09513669450089543   0.08225463891916313   -0.0028247110351627336   0.21528299141452226
0.21223074193946873  0.06809930298024555   -0.25072847368108503   0.0968225955302724   0.1063689109867004   0.016859010293769752   0.24114272067537276
0.22200639408946213  0.06573327801441589   -0.23746584203364482   0.10057904806497013   0.1326263164744023   0.03756452534697722   0.2625740548770189
0.23224540973785762  0.06342857173746261   -0.2214006844721681   0.1049519473240388   0.1606515756147672   0.04372899259068661   0.2802525914036491
0.24293448271018758  0.061235196458476304   -0.20238850385768223   0.10911790692743083   0.19012180614485855   0.0416595960339204   0.29470230530091335
0.25401690763342644  0.05921493297961   -0.18031439464826304   0.11265061327096576   0.22074109209419193   0.035327063435349276   0.306192859493334
0.2654183926001282  0.05743232999820953   -0.15509271399233257   0.11539997089913463   0.2522168065593045   0.027493576281688734   0.314757144651126
0.2770630494364858  0.0559493746709147   -0.12666886717227516   0.11738704755605574   0.28423846820057436   0.019870766569211017   0.320216616412698
0.2888772125470203  0.05482336889879546   -0.09502278696385248   0.11867701504552544   0.31646080208422667   0.01289967489469699   0.32222333883652365
0.30078382624216066  0.05410604055361512   -0.06017347800343978   0.1192820228031465   0.348493089604127   0.006050077576210513   0.32032287519900293
0.3127006440125251  0.05384163659795515   -0.02218382342710293   0.11919750635975593   0.37989654576336845   -0.00084516443390566   0.31403456159241466
0.32454737915743065  0.054064797342317804   0.01883509266135178   0.11848836833687815   0.41018916088454715   -0.0070913802287777255   0.3029261512117866
0.3362439976879543  0.054799378627529316   0.06272050196485604   0.11719662738882757   0.43885409303504264   -0.012917409480505737   0.2866493215049553
0.3476983041183662  0.05605582597076065   0.10925533361116724   0.1152301157371896   0.4653483164631119   -0.019665116516379755   0.2649422342806924
0.35880256908994274  0.057826945787640936   0.15816678730517278   0.11244623869418174   0.4891145369400552   -0.02783877043007856   0.23766220476943306
0.36944902744243424  0.06008644261764446   0.20912695196906433   0.10883584031746175   0.5096016466389157   -0.03610398376719997   0.20487109698860592
0.3795533360523957  0.0627936003920578   0.26177320443589647   0.10460676636855022   0.5264625246683214   -0.04229073948911533   0.168608780294057
0.3890714971515222  0.06590162233267323   0.31562050105514683   0.1001275142466836   0.5384729661925035   -0.04479252121866611   0.12010441524181945
0.39800780422926696  0.06937051192571557   0.3702747852362108   0.09585967827840089   0.5465428418106402   -0.04267835968282719   0.08069875618136696
0.40642098508824165  0.07318081263648735   0.42526009907114976   0.09235800110019379   0.5498531383493895   -0.03501677178207091   0.03310296538749459
0.41442429189852587  0.07734765145603775   0.4800226593543357   0.09023051903184015   0.5476256028318591   -0.021274820683536453   -0.02227535517530536
0.42208099515801284  0.08187584788021866   0.534074112549948   0.08895485802343271   0.540514531956122   -0.012756610084074216   -0.07111070875737001
0.4294388468185142  0.08677033673001947   0.5869908584706732   0.08837081088155943   0.5291674592072529   -0.005840471418732995   -0.1134707274886905
0.43654249095399733  0.09204004205265508   0.6382525876639592   0.08844860326249435   0.5126172919328603   0.0007779238093492411   -0.1655016727439271
0.4433984001263402  0.09766932298107817   0.6874657894222346   0.08870867733788812   0.4921320175827526   0.002600740753937656   -0.20485274350107682
0.4499867436901352  0.1036148719420593   0.7341585384511442   0.08874447777854436   0.46692749028909725   0.000358004406562412   -0.2520452729365538
0.456280095088523  0.10981550343857681   0.777977135166571   0.08834823302083107   0.438185967154267   -0.003962447577132832   -0.2874152313483023
0.4622672334815192  0.1162126971511415   0.8184968854871681   0.08761844185603737   0.40519750320597137   -0.007297911647937012   -0.32988463948295654
0.4679472665221697  0.12274935423774543   0.8554027427051824   0.08659714845799607   0.3690585721801431   -0.010212933980412972   -0.36138931025828297
0.4733561738211213  0.1294048337108477   0.888359391742182   0.08576227911230536   0.32956649036999647   -0.008348693456907277   -0.3949208181014659
0.4785433531932871  0.1361749044695637   0.9170121263224577   0.08528815153166187   0.28652734580275674   -0.004741275806434688   -0.43039144567239773
0.4835962750463288  0.1431097322704691   0.9411130463710774   0.08580434480898318   0.24100920048619673   0.005161932773213032   -0.45518145316559966
0.4886116972035114  0.15027930907198486   0.9603776179656093   0.08749702333646525   0.1926457159453192   0.016926785274820784   -0.4836348454087751
0.49365799817089306  0.15771591246716785   0.9745940202108502   0.08987114303850227   0.14216402245240917   0.023741197020370076   -0.5048169349291006
0.4988018021531273  0.16544558123568703   0.9836279050921911   0.09284745482698409   0.09033884881340941   0.02976311788481819   -0.5182517363899974
0.5040744756625416  0.1734331763047423   0.9873482590321797   0.0957093312712459   0.037203539399886   0.028618764442618058   -0.5313530941352341
0.5094898114577909  0.18160789032619157   0.9857189362935785   0.09805702988955341   -0.016293227386012656   0.023476986183075137   -0.5349676678589866
0.51506424830881  0.1898968551820127   0.9787571565208514   0.09989058243241011   -0.06961779772727072   0.01833552542856702   -0.5332457034125807
0.520779565911631  0.1981748209141181   0.9665252302643677   0.10059302757291974   -0.12231926256483745   0.007024451405096398   -0.5270146483756671
0.5265952241994293  0.2062930724390927   0.9491691693676676   0.09986385188998202   -0.17356060896700037   -0.007291756829377348   -0.5124134640216295
0.5324574073379018  0.2141021243625585   0.9268532769191035   0.09764552375416392   -0.2231589244856418   -0.022183281358180856   -0.4959831551864141
0.5383031576393597  0.221466643881975   0.8998644233616826   0.0940260306185248   -0.26988853557420844   -0.03619493135639132   -0.4672961108856662
0.5440757145269355  0.22828993246301213   0.8686243806877473   0.08937543291102379   -0.31240042673935337   -0.04650597707501006   -0.4251189116514495
0.5497209086829992  0.23450878803476946   0.8337134503858823   0.08398951225121527   -0.34910930301864906   -0.05385920659808507   -0.36708876279295677
0.5552132398308174  0.24011739277333902   0.7958719955240348   0.07849977614665753   -0.37841454861847507   -0.054897361045577624   -0.29305245599826013
0.5605790229944206  0.24517622904242722   0.7559622460831318   0.0737451377083375   -0.3990974944090311   -0.04754638438320023   -0.20682945790556065
0.5659173129148846  0.2498117815143738   0.7150563635741676   0.07070055586420282   -0.40905882508964175   -0.030445818441346834   -0.09961330680610628
0.5714035261824096  0.2541958641399958   0.6741974386772144   0.07022728564100178   -0.4085892489695314   -0.004732702232010261   0.004695761201103373
0.5772413063323263  0.2584927442313617   0.6345111673846829   0.07248645087071337   -0.3968627129253141   0.022591652297115912   0.11726536044217295
0.5835750559541198  0.2627990119899474   0.5971030256825971   0.07659002956011426   -0.37408141702085923   0.041035786894008865   0.22781295904454876
0.5904804367719664  0.26715721301786566   0.5629960975984926   0.08165672075170691   -0.3410692808410452   0.050666911915926455   0.3301213617981404
0.5979678647444642  0.27157522713204874   0.5330768690436055   0.08693700383407288   -0.2991922855488704   0.052802830823659726   0.4187699529217481
0.6059905551843496  0.27604243111571175   0.5080651153396845   0.0918256354869819   -0.2501175370392106   0.04888631652909018   0.4907474850965982
0.6144567955398409  0.28054113049350304   0.48842691096041313   0.09587258307184968   -0.1963820437927136   0.04046947584867778   0.5373549324649699
0.6232456462715462  0.28505451040147983   0.47441665571313163   0.09880004826816915   -0.14010255247281506   0.029274651963194762   0.5627949131989853
0.6322218261866752  0.2895715388924445   0.4662234218343718   0.10048649275248436   -0.08193233878759786   0.016864444843151992   0.5817021368521719
0.6412457408390689  0.29408720555406076   0.4639763998312349   0.10090702703603895   -0.022470220031369025   0.0042053428355458035   0.5946211875622883
0.650178122438665  0.2985993952035493   0.46775885603633066   0.1000736211365167   0.03782456205095753   -0.008334058995222274   0.6029478208232655
0.6588845751741224  0.3031057737755048   0.4776208971799036   0.09803558898100524   0.09862041143572929   -0.020380321555114742   0.6079584938477176
0.6672455747091589  0.30760374989040157   0.49356108860079806   0.09494108823636686   0.15940191420894437   -0.030945007446383684   0.6078150277321509
0.6751705956196926  0.31209472642271174   0.5155615529072033   0.0910905190709468   0.2200046430640524   -0.038505691654200695   0.6060272885510803
0.6826162707035448  0.31659398499499536   0.5435592434404443   0.0869950602934158   0.27997690533240904   -0.04095458777530995   0.5997226226835668
0.6895974363004161  0.3211423122090119   0.5774388169496247   0.08332103788161   0.3387957350918049   -0.0367402241180581   0.588188297593958
0.6960973947215933  0.3257538794312724   0.6170577029821577   0.07969693326749663   0.3961888603253299   -0.036241046141133625   0.57393125233525
0.7021107541223829  0.3304421177445771   0.662200649836077   0.0762496359108558   0.45142946853919264   -0.03447297356640828   0.5524060821386273
0.7076693194868101  0.335244123890983   0.7125046210111625   0.0734553687219004   0.5030397117508559   -0.02794267188955403   0.5161024321166326
0.7128091666134767  0.3402027984104353   0.7674595799309576   0.07141882208167578   0.5495495891979507   -0.02036546640224606   0.46509877447094805
0.7175979837953559  0.34540072755964996   0.826340761778211   0.0706761893721524   0.5888118184725343   -0.007426327095233898   0.392622292745836
0.722126312823466  0.350972464108352   0.8883399944120693   0.0717983369967059   0.6199923263385835   0.01122147624553501   0.3118050786604923
0.7264841118390167  0.3570992529075376   0.9525468049617547   0.07518507381768753   0.6420681054968526   0.03386736820981637   0.22075779158269068
0.7307203912599586  0.3639654982916804   1.0179909772598768   0.08067923463165279   0.6544417229812216   0.054941608139652494   0.12373617484369084
0.734835314831478  0.37173407521473045   1.0836811968056552   0.0879109682626134   0.6569021954577847   0.07231733630960607   0.024604724765630952
0.7387887235218202  0.38053583706151284   1.1486402819631008   0.09648857542747216   0.649590851574455   0.08577607164858758   -0.07311343883329789
0.7424435158311701  0.39027944035679984   1.211940983059961   0.1040650335128252   0.6330070109686016   0.07576458085353047   -0.16583840605853367
0.7456885337345541  0.4008424510937507   1.2727419098457884   0.1105021886760749   0.6080092678582766   0.06437155163249712   -0.24997743110324977
0.7484497187713771  0.41210208825567496   1.3303134118701052   0.11593255445539226   0.575715020243166   0.05430365779317358   -0.322942476151106
0.7506868496037307  0.4239422647124012   1.3840537405981554   0.12049669409871995   0.5374032872805025   0.04564139643327678   -0.38311732962663575
0.7523803423149765  0.43619863222271865   1.4334932211225102   0.1237281140689903   0.4943948052435476   0.03231419970270348   -0.4300848203695485
0.7535377214059982  0.448673818003585   1.4782866365333407   0.12528758383300165   0.4479341541083054   0.015594697640113566   -0.4646065113524222
0.754198675690303  0.4612280758271456   1.5181970707413586   0.1257164468420883   0.3991043420801785   0.004288630090866414   -0.4882981202812693
0.7544208358188604  0.47376401600552454   1.553076325558785   0.12537908568745298   0.3487925481742647   -0.0033736115463530777   -0.5031179390591375
0.7542711648046834  0.4861846106568715   1.5828459729266742   0.1242149640361983   0.2976964736788921   -0.011641216512546864   -0.5109607449537261
0.7538227200351791  0.49840380578948784   1.6074798883236139   0.12227421330756205   0.24633915396939715   -0.01940750728636241   -0.5135731970949493
0.7531489909913373  0.5103811116806234   1.6269875780253673   0.11996239712256833   0.19507689701753303   -0.02311816184993738   -0.5126225695186414
0.7523187337413064  0.5221212014228891   1.641398620832325   0.11769410956257093   0.14411042806957777   -0.022682875599973926   -0.5096646894795526
0.7513959452236771  0.5336382155337823   1.6507494605311763   0.11553923691905381   0.09350839698851152   -0.021548726435171202   -0.5060203108106625
0.7504420126492871  0.5449304202186033   1.655073317872574   0.11332425777386514   0.043238573413977556   -0.022149791451886763   -0.5026982357453397
0.7495154923408932  0.5559877680662979   1.654393315801511   0.11096097571055938   -0.00680002071063033   -0.023632820633057647   -0.5003859412460788
0.7486701968761856  0.5668137150519605   1.6487187406263395   0.10858897391478478   -0.05674575175171301   -0.023720017957745813   -0.49945731041082675
0.7479549302157704  0.5774339371455239   1.6380442727728248   0.1064428126797472   -0.10674467853514892   -0.021461612350375785   -0.4999892678343592
0.7474156745614008  0.5878851921477061   1.6223478264604685   0.10465157800103242   -0.15696446312356133   -0.01791234678714793   -0.5021978458841239
0.7470976376801883  0.5982026246349147   1.6016117653086814   0.10322333097977024   -0.207360611517872   -0.014282470212621804   -0.5039614839431067
0.7470464576192579  0.6084325447643313   1.5757992626164097   0.1023004815494846   -0.25812502692271827   -0.009228494302856462   -0.5076441540484623
0.7473121782588952  0.6186877134268707   1.5448912240759958   0.10258610615241706   -0.3090803854041363   0.0028562460293247776   -0.5095535848141807
0.7479638061052855  0.6291993534691838   1.5088844794404859   0.10531818229965671   -0.3600674463551013   0.027320761472396548   -0.5098706095096505
0.7490817024691434  0.6400152313335824   1.4678050582142037   0.10873495585946047   -0.4107942122628213   0.03416773559803742   -0.5072676590771998
0.7507439059213217  0.6510828393246125   1.421724152026528   0.11191732080389383   -0.46080906187675613   0.0318236494443336   -0.5001484961393479
0.753016274985018  0.6622914578027344   1.3707732221370903   0.11436642398423015   -0.5095092988943776   0.02449103180336328   -0.4870023701762138
0.7559469877753051  0.6735050904611732   1.3151616704724363   0.11590281914484905   -0.5561155166465405   0.015363951606189117   -0.4660621775216294
0.7595529064217195  0.6845489829316179   1.2552011472553437   0.1161766801828109   -0.5996052321709244   0.002738610379618221   -0.4348971552438401
0.7637971331868063  0.695191812434679   1.1913356942041915   0.11457891632600536   -0.6386545305115227   -0.015977638568055185   -0.3904929834059818
0.7685963203564224  0.7052130395759906   1.1241690089023286   0.11111129146333906   -0.671666853018629   -0.03467624862666299   -0.33012322507106456
0.7738556203980246  0.7144775331800648   1.0544779838819736   0.10653219169213626   -0.6969102502035498   -0.04579099771202806   -0.25243397184920796
0.7794942828123315  0.7229430995662431   0.9832067002513755   0.10171545018388975   -0.7127128363059826   -0.04816741508246513   -0.15802586102432697
0.7854698510380723  0.7306527839093032   0.911440648602051   0.09754314342378728   -0.7176605164932437   -0.04172306760102466   -0.049476801872610804
0.7918410501297282  0.7377659106316564   0.8403642256974976   0.09549280058392574   -0.7107642290455347   -0.020503428398615384   0.06896287447708983
0.7988547462218762  0.7445828379309363   0.7711720860190941   0.0978071728844677   -0.6919213967840333   0.023143723005419583   0.188428322615013
0.806884933590706  0.7514169144998037   0.7051022882203557   0.10544596328332294   -0.6606979779873843   0.07638790398855233   0.31223418796649005
0.8161492662873648  0.7583612681371831   0.6432319183550635   0.11578078759239804   -0.6187036986529222   0.10334824309075115   0.4199427933446227
0.8266551100703774  0.7653412987713261   0.5864282984850011   0.12613230404872675   -0.5680361987006252   0.10351516456328691   0.5066749995229689
0.8383206393435715  0.7722586930008594   0.5352397595806901   0.13562260731539783   -0.5118853890431093   0.09490303266671066   0.5615080965751591
0.8509250591054465  0.7789811830617873   0.48996553235215934   0.14285071583738687   -0.4527422722853081   0.07228108521989056   0.5914311675780118
0.8634125254253636  0.7850259747237689   0.450821538292851   0.1387358357914684   -0.39143994059308296   -0.04114880045918471   0.613023316922252
0.8749263860805334  0.7901398454667958   0.4179776671387752   0.1259843883831825   -0.32843871154075877   -0.12751447408285901   0.6300122905232418
0.8846679589560014  0.7941619565801775   0.39156119985741605   0.10539241903301139   -0.26416467281359135   -0.20591969350171108   0.6427403872716737
0.8922592316621878  0.7971208417184786   0.37166039969892967   0.08147540890432345   -0.19900800158486331   -0.23917010128687932   0.6515667122872806
0.8974206794318763  0.7990537926908181   0.3583303360871343   0.055115190774098294   -0.1333006361179533   -0.2636021813022516   0.6570736546691004
0.9  0.8   0.3516007725287312   0.027473992911636082   -0.06729563558403207   -0.276411978624622   0.6600500053392121
0.9  0.8   0.3516007725287312   5.000014740525538e-19   -1.7820472683264081e-25   -0.27473992911636086   0.6729563558403207
