0.1  0.1   -0.3504430452117897   8.274560465292911e-16   1.875113312562811e-21   0.0   0.0
0.10269555784564244  0.09901608637156588   -0.3499863179629179   0.02869515312268445   0.004567272488718122   0.2869515312268362   0.04567272488718122
0.10810275617939344  0.09704771712570563   -0.3491164742305873   0.05754326312242056   0.008698437323305941   0.2884810999973611   0.0413116483458782
0.11618122205315713  0.09411845230278014   -0.3478568034391811   0.08593148624095776   0.012596707914062226   0.283882231185372   0.03898270590756284
0.12669299932338368  0.09032640786848974   -0.34621270551010225   0.11174840597095041   0.01644097929078789   0.2581691972999264   0.038442713767256664
0.13916816704758464  0.08585747472404359   -0.34398448970911727   0.1325145928555458   0.02228215800985045   0.20766186884595386   0.05841178719062559
0.15219034527715664  0.0812380821047097   -0.34088480772719254   0.13817232501984567   0.030996819819246815   0.05657732164299881   0.08714661809396362
0.16402392163890633  0.07709720396448433   -0.33660905154927384   0.12537160814212292   0.04275756177918718   -0.12800716877722765   0.11760741959940363
0.1743404512839267  0.07355442155917354   -0.33079049757262136   0.1090789123015561   0.05818553976652545   -0.16292695840566793   0.15427977987338268
0.18329078617158612  0.07055717466556549   -0.3231377635099075   0.09438854991103834   0.07652734062713745   -0.14690362390517764   0.1834180086061202
0.19140243739257046  0.06792842232012511   -0.31339157974007703   0.08526970413035408   0.09746183769830476   -0.0911884578068427   0.20934497071167288
0.19951174077732553  0.06540760944388875   -0.30138499927249934   0.0849207271185202   0.12006580467577752   -0.0034897701183387846   0.22603966977472773
0.20801904569853547  0.0628969232181669   -0.2869748632241857   0.08870049737572702   0.14410136048313638   0.03779770257206823   0.24035555807358863
0.21755204027984612  0.060257491750006595   -0.27010694799809293   0.09891642136826986   0.16867915226092797   0.10215923992542857   0.24577791777791608
0.22809463157633925  0.05755676101094143   -0.2507803653880062   0.10883022455666887   0.1932658261008673   0.09913803188399   0.24586673839939296
0.23938875045240424  0.05492386532650363   -0.22903050338970657   0.11596950498842744   0.2174986199829958   0.07139280431758561   0.24232793882128495
0.25116982951582456  0.05247542591392458   -0.20491113437422762   0.12032816771497289   0.2411936901547895   0.043586627265454564   0.2369507017179372
0.2632625741722284  0.050293922424786155   -0.17847814373602497   0.12287938427533103   0.26432990638202647   0.025512165603581403   0.23136216227236944
0.2755837836517523  0.04843455914406578   -0.14977738845625532   0.12460715663581867   0.2870075527976964   0.017277723604876543   0.2267764641566995
0.288104691691922  0.046939557929627236   -0.1188377789820636   0.12609844042733612   0.3093960947419175   0.014912837915174398   0.2238854194422107
0.3008092225358781  0.04584849635466961   -0.08566952090173195   0.12751294809773742   0.33168258080331625   0.014145076704013018   0.22286486061398803
0.3136669268412162  0.04520163497375651   -0.050266863595040165   0.12873965575916782   0.3540265730669179   0.01226707661430397   0.22343992263601664
0.3266239419770724  0.04503817926626325   -0.012614559417572635   0.12958046110401045   0.3765230417746753   0.008408053448426218   0.22496468707757336
0.3396050414639343  0.04539268739533114   0.027302774830746338   0.12985939315331022   0.39917334248318975   0.0027893204929979056   0.22650300708514456
0.3525161147702184  0.046291315409087215   0.06948927538051433   0.12942308380940676   0.42186500549767997   -0.004363093439034768   0.22691663014490196
0.3652380694637978  0.047746973101329804   0.11392546236250865   0.12804962731005928   0.44436186981994336   -0.013734564993475022   0.2249686432226336
0.37761138567307506  0.04975083296898394   0.16055611069534462   0.1253452864626011   0.4663064833283597   -0.027043408474581813   0.2194461350841642
0.3894220552033173  0.052259296347503495   0.20927976054599   0.12074117080512234   0.4872364985064541   -0.046041156574787294   0.20930015178094372
0.40040891733256223  0.05518243595337751   0.2600337969472428   0.11369075802474952   0.5075403640125276   -0.07050412780372818   0.20303865506073543
0.41031700399996246  0.05838424794110824   0.3125589878738198   0.10412578038769141   0.52525190926577   -0.09564977637058114   0.17711545253242447
0.4190064965703707  0.06172169147142983   0.36670567598762943   0.0930837313654994   0.541466881138096   -0.11042049022192012   0.16214971872326014
0.4266132247317389  0.06513859634655715   0.4221843535129792   0.08338917930199763   0.5547867752534983   -0.09694552063501777   0.13319894115402123
0.433710587613054  0.06882268453280453   0.47879362390134383   0.07996565864989146   0.5660927038836455   -0.034235206521061774   0.11305928630147327
0.4405324490886639  0.07287727419618498   0.5362564963753516   0.07935835893640743   0.5746287247400783   -0.006072997134840068   0.08536020856432798
0.44736171248682793  0.07749280430823777   0.5943306083958746   0.08242691112541237   0.5807411202052291   0.030685521890049222   0.061123954651506746
0.4541876263869528  0.08271262255340614   0.6528467913314492   0.08592997328319633   0.585161829355748   0.03503062157783973   0.04420709150518968
0.4610100941735243  0.08859570331108622   0.7115972624738696   0.09008701676722689   0.5875047114242022   0.041570434840305405   0.023428820684542072
0.46767269708895665  0.09506210884002882   0.7704554672683986   0.0928464743937326   0.5885820479452908   0.02759457626505723   0.010773365210887472
0.47392264503813486  0.101886636569246   0.8293165831423949   0.0925397363808016   0.5886111587399618   -0.003067380129309984   0.00029110794670951057
0.4795428007013009  0.10879691287566215   0.8879956443767302   0.08907191942988078   0.5867906123433537   -0.03467816950920805   -0.018205463966081227
0.4844850658159764  0.11565523711605348   0.9463631978160079   0.08453555219556698   0.5836755343927762   -0.04536367234313824   -0.031150779505774825
0.48882778680275324  0.1224817641856471   1.0042164931655229   0.08090778541088205   0.5785329534951477   -0.036277667846849215   -0.0514258089762858
0.4926134031231636  0.12925803303340735   1.0613302634750832   0.07762004278700137   0.5711377030956043   -0.03287742623880681   -0.07395250399543349
0.49603772472996416  0.13628622224690537   1.1174194555965893   0.07818019064163675   0.5608919212150597   0.005601478546353748   -0.10245781880544651
0.4992054732313817  0.14380805067384678   1.1721990305684646   0.08161650167256071   0.5477957497187571   0.034363110309239706   -0.13096171496302608
0.5023091257440278  0.15243097163954866   1.2253022472965185   0.09164465336290656   0.5310321672805388   0.10028151690345835   -0.16763582438218316
0.5052980516906151  0.16228677578761255   1.27634630654797   0.10299055962523448   0.5104405925145157   0.1134590626232794   -0.2059157476602314
0.5080414293874086  0.17322015935899251   1.324954284326991   0.1127231109870968   0.48607977779021155   0.09732551361862293   -0.24360814724304036
0.5104204479562692  0.18495502705359057   1.3707764267048959   0.11973589652251614   0.45822142377904473   0.07012785535419365   -0.27858354011166864
0.5123640376665766  0.19720993978844886   1.4135095566568885   0.12408079105999328   0.42733129951992654   0.04344894537477127   -0.3089012425911817
0.5138500269156979  0.20975703586509784   1.452912518540508   0.12634784683755756   0.39402961883619425   0.022670557775643   -0.3330168068373231
0.5148920926639718  0.2224397440812943   1.4888161851454038   0.1272544650378133   0.35903666604895984   0.009066182002557332   -0.3499295278723443
0.5155248105448784  0.2351680133209329   1.5211275555586798   0.12743985630612492   0.3231137041327596   0.0018539126831164136   -0.3592296191620023
0.515791903233545  0.24790432565980247   1.5498284408173426   0.1273911262597635   0.2870088525866273   -0.0004873004636146743   -0.36104851546132305
0.5157387300208147  0.2606447311530692   1.5749698912878087   0.12740516454334946   0.25141450470466226   0.0001403828358599199   -0.3559434788196503
0.5154088926709365  0.27339292912628405   1.5966638085871312   0.1275246424192108   0.2169391729932238   0.0011947787586133714   -0.3447533171143848
0.5148447603799108  0.28612561960178606   1.6150731899338162   0.12745181520347373   0.18409381346685116   -0.0007282721573709164   -0.3284535952637259
0.5140911275510516  0.2987542312580229   1.6304022533188627   0.1265107880003687   0.15329063385046457   -0.009410272031050534   -0.308031796163866
0.5131997225511367  0.31109779694118017   1.6428873451230774   0.12375710753259542   0.12485091804214744   -0.02753680467773259   -0.2843971580831713
0.5122300363236463  0.32288967643166305   1.6528451023686979   0.11831682606375041   0.09957757245620458   -0.05440281468845007   -0.25273345585942864
0.5112442509171685  0.33384991609850073   1.6604969242069623   0.11004482106048918   0.07651821838264368   -0.0827200500326123   -0.23059354073560895
0.5102854163246976  0.34386710294030115   1.666224542561075   0.10062971529299916   0.05727618354112844   -0.09415105767489994   -0.19242034841515238
0.5093423080865166  0.35330949059656125   1.670346434331847   0.09489369726190935   0.04121891770772043   -0.057360180310898276   -0.16057265833408016
0.5083066278430011  0.36338731585040335   1.6732050412326944   0.10130902991061398   0.02858606900847292   0.06415332648704647   -0.12632848699247504
0.5071471024783079  0.37445723576951767   1.67516134845743   0.11130481844363535   0.019563072247353694   0.09995788533021355   -0.09022996761119229
0.5058772700598425  0.38641678071631136   1.6765773221038416   0.1202676971203524   0.014159736464118451   0.08962878676717047   -0.054033357832352406
0.5045309784887966  0.3989509419930793   1.6777958906405182   0.12606256379569789   0.01218568536676536   0.0579486667534544   -0.01974051097353095
0.5031433450119748  0.4117111676221928   1.6791174503372048   0.1283545420984887   0.013215596966868262   0.022919783027908803   0.010299116001029052
0.5017365138090819  0.4244513989928094   1.6807750671474702   0.12817670202167014   0.01657616810265106   -0.0017784007681859325   0.03360571135782798
0.5003126653635016  0.43709789907281643   1.6829125238811002   0.12726402031633016   0.021374567336299635   -0.009126817053399622   0.0479839923364857
0.49885851786023716  0.4497120397890814   1.6855688577908252   0.12697680535120015   0.026563339097249863   -0.0028721496513000647   0.051887717609502323
0.4973600116470407  0.4623658693455239   1.6886704872530947   0.12742249539042014   0.031016294622693983   0.004456900392200078   0.044529555254441196
0.4958188886302401  0.47501549621970857   1.6920303605650462   0.12743159741973276   0.03359873311951792   9.102029312585702e-05   0.025824384968239338
0.49426144799153615  0.48745454228019713   1.695353944149288   0.1253616720685523   0.03323583584241583   -0.020699253511804145   -0.0036289727710208442
0.49273396816902565  0.4993682381537898   1.6983127321482805   0.1201121742275359   0.02958787998992682   -0.05249497841016449   -0.0364795585248901
0.49128907159930557  0.5104588537625212   1.7003476578100274   0.11184340869169311   0.02034925661746921   -0.0826876553584278   -0.0923862337245761
0.48995793760685047  0.5206198310152047   1.7010590337548506   0.10247798614109446   0.007113759448229808   -0.09365422550598644   -0.13235497169239405
0.4887155820201474  0.5301896221198168   1.6998948634245623   0.09650095812460098   -0.011641703302883718   -0.05977028016493492   -0.18755462751113522
0.48743857733869084  0.5403091595513966   1.696324811528335   0.1019979307562697   -0.03570051896226951   0.054969726316687235   -0.24058815659385788
0.4861218212615477  0.5513186037574225   1.6898332899714827   0.11087908201843548   -0.06491521556852248   0.08881151262165785   -0.2921469660625296
0.48482903494769686  0.5631185899914901   1.6799194034438032   0.11870592722271771   -0.09913886527679601   0.07826845204282218   -0.34223649708273535
0.4836494684054643  0.5754579643929777   1.6661004366497436   0.12395625754619155   -0.13818966794059434   0.05250330323473868   -0.39050802663798345
0.48267249192386513  0.5881006959519633   1.6479188007195296   0.12680423664816562   -0.18181635930214363   0.028479791019740498   -0.4362669136154931
0.481979084505405  0.6008918692520276   1.6249531548897298   0.12809954263820514   -0.22965645829799577   0.012953059900395159   -0.4784009899585214
0.48164396573192064  0.6137593039229281   1.5968343867628392   0.1287179783879571   -0.28118768126890825   0.006184357497519613   -0.5153122297091246
0.4817412489231798  0.6266788148462281   1.563266525315846   0.12919877186595588   -0.3356786144699318   0.004807934779988033   -0.5449093320102347
0.48234682240349763  0.6396243681745846   1.5240519093914107   0.12959709495856991   -0.39214615924435203   0.003983230926139949   -0.5646754477442023
0.4835323162545847  0.6525199114015455   1.47912348755381   0.12949920107421584   -0.44928421837600757   -0.0009789388435405507   -0.5713805913165555
0.4853489364805537  0.6652054208560386   1.428559018787482   0.12814923299212932   -0.5056446876632797   -0.013499680820865266   -0.5636046928727216
0.48780402462662525  0.6774267645121151   1.3725496731138451   0.12465500333509043   -0.560093456736367   -0.03494229657038865   -0.5444876907308726
0.49083745942574986  0.6888586674064296   1.3114252768318886   0.11827515819722866   -0.6112439628195664   -0.06379845137861792   -0.5115050608319945
0.4943126634955043  0.6991684669030936   1.2456795868762407   0.10879752248468251   -0.6574568995564792   -0.0947763571254615   -0.46212936736912713
0.49804181675913667  0.7081190007380804   1.1760276582112676   0.09696320951544157   -0.6965192866497315   -0.11834312969240926   -0.3906238709325228
0.5018628267118695  0.7156858629749266   1.1031836253277374   0.0847688157112531   -0.7284403288353002   -0.1219439380418848   -0.31921042185568804
0.5057613684261525  0.7221484344319865   1.0279910591665065   0.0754741395022747   -0.7519256616123091   -0.09294676208978389   -0.23485332777008866
0.5099969862985203  0.7280876347942418   0.9512906630112444   0.0729483102641881   -0.7670039615526208   -0.025258292380866087   -0.15078299940311787
0.5147667606553609  0.7337858695601588   0.8738617052694749   0.07431058259948262   -0.7742895774176959   0.013622723352945225   -0.0728561586507501
0.5202532046073866  0.7393959826705361   0.7965425244720697   0.07846938023837338   -0.7731918079740511   0.04158797638890756   0.010977694436448235
0.5264510035225447  0.7448329741134845   0.7201003942579502   0.08244609593148182   -0.764421302141197   0.03976715693108442   0.08770505832854203
0.5332632264742112  0.7499614838418728   0.645315839040184   0.08526898238952872   -0.7478455521776626   0.02822886458046912   0.16575749963534384
0.5405347172711832  0.7546524859087987   0.5729387278734464   0.08653327614428362   -0.723771111667376   0.012642937547548878   0.2407444051028654
0.548316513027095  0.7589403934886246   0.5036242562161091   0.088849590094919   -0.6931447165733717   0.02316313950635389   0.30626395094004233
0.556525331940053  0.7627856841395757   0.4380775310845019   0.09064820358762778   -0.6554672513160713   0.017986134927087782   0.3767746525730038
0.5651922025577365  0.7662163201817151   0.3769092459788719   0.09321153896265721   -0.6116828510563009   0.025633353750294283   0.4378440025977039
0.5748692954747046  0.7694302550936564   0.32065618524272177   0.10196837987448777   -0.5625306073615007   0.08756840911830541   0.49152243694800224
0.5856635259596122  0.7724149317920072   0.2697664072994222   0.11199272599382096   -0.5088977794329961   0.10024346119333209   0.5363282792850462
0.597390307620134  0.7750931987089407   0.22453770806559137   0.1202873733157542   -0.45228699233830855   0.08294647321933231   0.5661078709468758
0.6097431760998675  0.7774032738910445   0.18487183128710702   0.12567012653158244   -0.3966587677848434   0.053827532158282426   0.5562822455346509
0.6224280197253479  0.779334666800741   0.15109937402941034   0.1283103800846   -0.3377245725769668   0.026402535530175585   0.589341952078766
0.6352392704413132  0.780920276555743   0.12314075609854402   0.12909000859960554   -0.27958617930866286   0.00779628515005552   0.5813839326830391
0.6480711342243407  0.7822171858945609   0.10072739549650749   0.1289723621475674   -0.2241336060203654   -0.0011764645203812222   0.554525732882975
0.6608770252408634  0.7832883430023967   0.08345138894241472   0.12850611747175902   -0.17276006554092763   -0.004662446758084217   0.5137354047943778
0.673599951544445  0.7841906735213985   0.07080306658516543   0.12754883538936385   -0.12648322357249295   -0.009572820823951628   0.46276841968434684
0.6861053699076333  0.7849695877015058   0.06220577461920786   0.12529652658327048   -0.08597291965957571   -0.02252308806093353   0.4051030391291724
0.6981556311316279  0.7856583134659618   0.0570923136921578   0.12069927039763007   -0.051134609270500564   -0.045972561856404116   0.3483831038907515
0.7094702714062896  0.786278730374005   0.05477825331398951   0.1133163720231738   -0.023140603781682957   -0.07382898374456283   0.2799400548881761
0.7199175412044367  0.7868509666495128   0.05471908419818938   0.1046292982823376   -0.0005916911580011752   -0.08687073740836192   0.22548912623681786
0.7298553032555516  0.7874111495580105   0.056309530390350145   0.09953538038101377   0.015904461921607604   -0.05093917901323833   0.16496153079608775
0.7405624284082056  0.7880436914232664   0.05900813933382104   0.1072579312902013   0.026986089434709   0.07722550909187534   0.11081627513101397
0.752493898054828  0.7887888391200357   0.062371293364613195   0.11954715095692962   0.03363154030792146   0.12289219666728317   0.0664545087321246
0.765694068044666  0.7896602665437737   0.06592072554423908   0.13228902959678818   0.03549432179625893   0.1274187863985854   0.018627814883374744
0.7800348659134275  0.7906566853032791   0.06936991501816672   0.14375372477196555   0.03449189473927624   0.11464695175177389   -0.010024270569826984
0.7952468915167937  0.7917605441755831   0.0724379174506253   0.15252023713856366   0.03068002432458583   0.08766512366598127   -0.03811870414690408
0.8108091839455659  0.7929293707744067   0.07496557752235979   0.1560612383828994   0.02527660071734504   0.035410012443357335   -0.054034236072407836
0.8264764031503409  0.7941366509675162   0.07690574110287947   0.15713665488139872   0.01940163580519675   0.010754164984992978   -0.05874964912148298
0.8420774749047318  0.7953606447414974   0.0782953681644707   0.15649012768914378   0.013896270615912308   -0.006465271922549252   -0.055053651892844384
0.8573178194093528  0.7965705874662582   0.07922460332161535   0.1528829820528299   0.009292351571446467   -0.03607145636313848   -0.04603919044465842
0.8712144781301804  0.7976820082119233   0.07980768044262476   0.13941032231311612   0.005830771210094016   -0.13472659739713816   -0.034615803613524496
0.882627143863973  0.7985987622047394   0.08015566323279624   0.11449426930342184   0.003479827901714923   -0.24916053009694283   -0.023509433083790925
0.8912930455779273  0.7992965874561255   0.0803520283577381   0.08693952645206776   0.0019636512494185412   -0.2755474285135408   -0.015161766522963816
0.8970863494366089  0.7997643443565485   0.08056618773139601   0.058121567526514095   0.0021415937365792054   -0.2881795892555366   0.0017794248716066423
0.8999999999999999  0.8   0.08070418697799604   0.029231649266074987   0.0013799924660002833   -0.2888991826043912   -0.0076160127057892215
0.9  0.8   0.08070418697799604   8.274576005934051e-16   1.7699725105440098e-21   -0.29231649266074156   -0.013799924660002834
