graph_load_time: 0.091831
n_generated: 26476
n_expanded: 13049
n_domCheck: 86968
rt_initHeu: 0.0820187
rt_search: 0.628852
N: 30
Label: 51218
[173,75983,]
680 762 844 926 1008 1090 1089 1088 1087 1086 1085 1084 1083 1082 1081 1080 1079 1078 1077 1076 1075 1157 1156 1155 1237 1236 1318 1317 1399 1398 1480 1479 1561 1643 1725 1807 1889 1971 2053 2135 2217 2299 2381 2463 2545 2627 2709 2710 2792 2793 2875 2957 2958 2959 3041 3042 3124 3125 3207 3208 3290 3372 3373 3455 3456 3457 3539 3540 3541 3542 3543 3625 3626 3627 3628 3629 3630 3631 3632 3633 3551 3552 3470 3471 3472 3473 3391 3392 3393 3394 3395 3396 3397 3398 3399 3400 3401 3402 3403 3404 3405 3323 3324 3325 3326 3244 3245 3246 3247 3248 3249 3250 3251 3252 3253 3254 3255 3256 3257 3339 3421 3422 3504 3505 3587 3669 3670 3752 3753 3835 3917 3918 4000 4082 4164 4246 4328 4327 4409 4491 4490 4572 4654 4653 4735 4734 4733 4815 4814 4896 4895 4977 5059 5141 5223 5305 5387 5469 5551 5633 5715 5797 5879 5961 5960 6042 6041 6123 6122 6121 6120 6119 6118 6117 
Label: 8343
[95,271067,]
680 681 682 683 684 766 848 930 1012 1094 1176 1258 1340 1422 1504 1505 1587 1588 1670 1671 1753 1754 1836 1837 1919 1920 2002 2003 2085 2086 2087 2169 2170 2171 2172 2173 2174 2175 2176 2258 2259 2260 2342 2424 2425 2507 2508 2590 2672 2673 2755 2837 2919 3001 3083 3165 3166 3167 3249 3331 3413 3495 3577 3659 3741 3823 3905 3987 4069 4151 4233 4315 4397 4479 4561 4643 4725 4807 4889 4971 5053 5135 5217 5299 5381 5463 5545 5544 5626 5625 5707 5789 5871 5953 6035 6117 
Label: 10199
[97,241325,]
680 681 682 683 684 766 848 930 1012 1094 1176 1258 1340 1422 1504 1505 1587 1588 1670 1671 1753 1754 1836 1837 1919 1920 2002 2003 2085 2086 2087 2169 2170 2171 2172 2173 2174 2175 2176 2258 2259 2260 2342 2424 2425 2507 2508 2590 2672 2673 2755 2837 2919 3001 3083 3165 3166 3167 3168 3250 3332 3414 3496 3578 3660 3742 3824 3906 3988 4070 4152 4234 4316 4398 4480 4562 4644 4726 4808 4890 4972 5054 5136 5218 5300 5382 5464 5463 5545 5544 5626 5625 5707 5789 5871 5953 6035 6117 
Label: 51930
[175,75977,]
680 762 844 926 1008 1090 1089 1088 1087 1086 1085 1084 1083 1082 1081 1080 1079 1078 1077 1076 1075 1157 1156 1155 1237 1236 1318 1317 1399 1398 1480 1479 1561 1643 1725 1807 1889 1971 2053 2135 2217 2299 2381 2463 2545 2627 2709 2710 2792 2793 2875 2957 2958 2959 3041 3042 3124 3125 3207 3208 3290 3372 3373 3455 3456 3457 3539 3540 3541 3542 3543 3625 3626 3627 3628 3629 3630 3631 3632 3633 3551 3552 3470 3471 3472 3473 3391 3392 3393 3394 3395 3396 3397 3398 3399 3400 3401 3402 3403 3404 3405 3323 3324 3325 3326 3244 3245 3246 3164 3165 3166 3167 3168 3169 3170 3171 3253 3254 3255 3256 3257 3339 3421 3422 3504 3505 3587 3669 3670 3752 3753 3835 3917 3918 4000 4082 4164 4246 4328 4327 4409 4491 4490 4572 4654 4653 4735 4734 4733 4815 4814 4896 4895 4977 5059 5141 5223 5305 5387 5469 5551 5633 5715 5797 5879 5961 5960 6042 6041 6123 6122 6121 6120 6119 6118 6117 
Label: 49730
[169,75996,]
680 762 844 926 1008 1090 1089 1088 1087 1086 1085 1084 1083 1082 1081 1080 1079 1078 1077 1076 1075 1157 1156 1155 1237 1236 1318 1317 1399 1398 1480 1479 1561 1643 1725 1807 1889 1971 2053 2135 2217 2299 2381 2463 2545 2627 2709 2710 2792 2793 2875 2957 2958 2959 3041 3042 3124 3125 3207 3208 3290 3372 3373 3455 3456 3457 3539 3540 3541 3542 3543 3544 3545 3546 3547 3548 3549 3550 3551 3552 3470 3471 3472 3473 3391 3392 3393 3394 3395 3396 3397 3398 3399 3400 3401 3402 3403 3404 3405 3323 3324 3325 3326 3244 3245 3246 3247 3248 3249 3250 3251 3252 3253 3254 3255 3256 3257 3339 3421 3422 3504 3505 3587 3669 3670 3752 3753 3835 3917 3999 4081 4163 4245 4327 4409 4491 4490 4572 4654 4653 4735 4734 4733 4815 4814 4896 4895 4977 5059 5141 5223 5305 5387 5469 5551 5633 5715 5797 5879 5961 5960 6042 6041 6123 6122 6121 6120 6119 6118 6117 
Label: 17192
[107,119067,]
680 681 682 683 684 766 848 930 1012 1094 1176 1258 1340 1422 1504 1505 1587 1588 1670 1671 1753 1754 1836 1837 1919 1920 2002 2003 2085 2086 2087 2169 2170 2171 2172 2173 2174 2175 2176 2258 2259 2260 2342 2424 2425 2507 2508 2590 2672 2673 2755 2837 2919 3001 3083 3165 3166 3167 3168 3169 3170 3171 3253 3254 3255 3337 3419 3501 3583 3665 3747 3829 3911 3993 4075 4157 4239 4321 4403 4485 4567 4649 4731 4813 4895 4977 5059 5141 5223 5305 5387 5469 5551 5633 5715 5797 5879 5961 5960 6042 6041 6123 6122 6121 6120 6119 6118 6117 
Label: 13631
[101,212409,]
680 681 682 683 684 766 848 930 1012 1094 1176 1258 1340 1422 1504 1505 1587 1588 1670 1671 1753 1754 1836 1837 1919 1920 2002 2003 2085 2086 2087 2169 2170 2171 2172 2173 2174 2175 2176 2258 2259 2260 2342 2424 2425 2507 2508 2590 2672 2673 2755 2837 2919 3001 3083 3165 3166 3167 3168 3169 3170 3252 3334 3416 3498 3580 3662 3744 3826 3908 3990 4072 4154 4236 4318 4400 4482 4564 4646 4728 4810 4892 4974 5056 5138 5220 5219 5301 5300 5382 5464 5463 5545 5544 5626 5625 5707 5789 5871 5953 6035 6117 
Label: 11979
[99,226472,]
680 681 682 683 684 766 848 930 1012 1094 1176 1258 1340 1422 1504 1505 1587 1588 1670 1671 1753 1754 1836 1837 1919 1920 2002 2003 2085 2086 2087 2169 2170 2171 2172 2173 2174 2175 2176 2258 2259 2260 2342 2424 2425 2507 2508 2590 2672 2673 2755 2837 2919 3001 3083 3165 3166 3167 3168 3169 3251 3333 3415 3497 3579 3661 3743 3825 3907 3989 4071 4153 4235 4317 4399 4481 4563 4645 4727 4809 4891 4973 5055 5137 5219 5301 5300 5382 5464 5463 5545 5544 5626 5625 5707 5789 5871 5953 6035 6117 
Label: 18006
[109,96110,]
680 681 682 683 684 766 848 930 1012 1094 1176 1258 1340 1422 1504 1505 1587 1588 1670 1671 1753 1754 1836 1837 1919 1920 2002 2003 2085 2086 2087 2169 2170 2171 2172 2173 2174 2175 2176 2258 2259 2260 2342 2424 2425 2507 2508 2590 2672 2673 2755 2837 2919 3001 3083 3165 3166 3167 3168 3169 3170 3171 3253 3254 3255 3256 3338 3420 3502 3584 3666 3748 3830 3912 3994 4076 4158 4240 4322 4404 4486 4568 4650 4732 4814 4896 4895 4977 5059 5141 5223 5305 5387 5469 5551 5633 5715 5797 5879 5961 5960 6042 6041 6123 6122 6121 6120 6119 6118 6117 
Label: 18760
[111,83985,]
680 681 682 683 684 766 848 930 1012 1094 1176 1258 1340 1422 1504 1505 1587 1588 1670 1671 1753 1754 1836 1837 1919 1920 2002 2003 2085 2086 2087 2169 2170 2171 2172 2173 2174 2175 2176 2258 2259 2260 2342 2424 2425 2507 2508 2590 2672 2673 2755 2837 2919 3001 3083 3165 3166 3167 3168 3169 3170 3171 3253 3254 3255 3256 3257 3339 3421 3503 3585 3667 3749 3831 3913 3995 4077 4159 4241 4323 4405 4487 4569 4651 4733 4815 4814 4896 4895 4977 5059 5141 5223 5305 5387 5469 5551 5633 5715 5797 5879 5961 5960 6042 6041 6123 6122 6121 6120 6119 6118 6117 
Label: 21436
[119,76951,]
680 681 682 683 684 766 848 930 1012 1094 1176 1258 1340 1422 1504 1505 1587 1588 1670 1671 1753 1754 1836 1837 1919 1920 2002 2003 2085 2086 2087 2169 2170 2171 2172 2173 2174 2175 2176 2258 2259 2260 2342 2424 2425 2507 2508 2590 2672 2673 2755 2837 2919 3001 3083 3165 3166 3167 3168 3169 3170 3171 3253 3254 3255 3256 3257 3339 3421 3422 3504 3505 3587 3669 3670 3752 3753 3835 3917 3999 4081 4163 4245 4327 4409 4491 4490 4572 4654 4653 4735 4734 4733 4815 4814 4896 4895 4977 5059 5141 5223 5305 5387 5469 5551 5633 5715 5797 5879 5961 5960 6042 6041 6123 6122 6121 6120 6119 6118 6117 
Label: 20044
[115,77420,]
680 681 682 683 684 766 848 930 1012 1094 1176 1258 1340 1422 1504 1505 1587 1588 1670 1671 1753 1754 1836 1837 1919 1920 2002 2003 2085 2086 2087 2169 2170 2171 2172 2173 2174 2175 2176 2258 2259 2260 2342 2424 2425 2507 2508 2590 2672 2673 2755 2837 2919 3001 3083 3165 3166 3167 3168 3169 3170 3171 3253 3254 3255 3256 3257 3339 3421 3422 3504 3505 3587 3669 3751 3833 3915 3997 4079 4161 4243 4325 4407 4489 4571 4653 4735 4734 4733 4815 4814 4896 4895 4977 5059 5141 5223 5305 5387 5469 5551 5633 5715 5797 5879 5961 5960 6042 6041 6123 6122 6121 6120 6119 6118 6117 
Label: 35723
[133,76677,]
680 762 844 926 1008 1090 1089 1088 1087 1086 1085 1084 1083 1082 1081 1080 1079 1078 1077 1076 1075 1157 1156 1155 1237 1236 1318 1317 1399 1398 1480 1562 1644 1726 1808 1890 1972 2054 2136 2218 2300 2382 2464 2546 2628 2710 2792 2793 2875 2957 2958 2959 3041 3042 3124 3125 3207 3208 3290 3372 3373 3455 3456 3457 3539 3540 3541 3542 3543 3625 3626 3627 3628 3629 3630 3631 3713 3795 3877 3959 4041 4123 4205 4287 4369 4451 4533 4615 4697 4698 4780 4862 4863 4945 5027 5028 5110 5111 5112 5113 5114 5115 5116 5117 5118 5119 5120 5121 5122 5123 5124 5125 5126 5127 5128 5129 5130 5131 5132 5133 5134 5216 5298 5380 5462 5544 5626 5625 5707 5789 5871 5953 6035 6117 
Label: 48290
[165,76116,]
680 762 844 926 1008 1090 1089 1088 1087 1086 1085 1084 1083 1082 1081 1080 1079 1078 1077 1076 1075 1157 1156 1155 1237 1236 1318 1317 1399 1398 1480 1562 1644 1726 1808 1890 1972 2054 2136 2218 2300 2382 2464 2546 2628 2710 2792 2793 2875 2957 2958 2959 3041 3042 3124 3125 3207 3208 3290 3372 3373 3455 3456 3457 3539 3540 3541 3542 3543 3544 3545 3546 3547 3548 3549 3550 3551 3552 3470 3471 3472 3473 3391 3392 3393 3394 3395 3396 3397 3398 3399 3400 3401 3402 3403 3404 3405 3323 3324 3325 3326 3327 3328 3329 3330 3331 3332 3333 3334 3335 3336 3337 3338 3339 3421 3422 3504 3505 3587 3669 3670 3752 3753 3835 3917 3999 4081 4163 4245 4327 4409 4491 4490 4572 4654 4653 4735 4734 4733 4815 4814 4896 4895 4977 5059 5141 5223 5305 5387 5469 5551 5633 5715 5797 5879 5961 5960 6042 6041 6123 6122 6121 6120 6119 6118 6117 
Label: 14999
[103,186921,]
680 681 682 683 684 766 848 930 1012 1094 1176 1258 1340 1422 1504 1505 1587 1588 1670 1671 1753 1754 1836 1837 1919 1920 2002 2003 2085 2086 2087 2169 2170 2171 2172 2173 2174 2175 2176 2258 2259 2260 2342 2424 2425 2507 2508 2590 2672 2673 2755 2837 2919 3001 3083 3165 3166 3167 3168 3169 3170 3171 3253 3335 3417 3499 3581 3663 3745 3827 3909 3991 4073 4155 4237 4319 4401 4483 4565 4647 4729 4811 4893 4975 5057 5139 5138 5220 5219 5301 5300 5382 5464 5463 5545 5544 5626 5625 5707 5789 5871 5953 6035 6117 
Label: 6339
[93,312304,]
680 681 682 683 684 766 848 930 1012 1094 1176 1258 1340 1422 1504 1505 1587 1588 1670 1671 1753 1754 1836 1837 1919 1920 2002 2003 2085 2086 2087 2169 2170 2171 2172 2173 2174 2175 2176 2258 2259 2260 2342 2424 2425 2507 2508 2590 2672 2673 2755 2837 2919 3001 3083 3165 3166 3248 3330 3412 3494 3576 3658 3740 3822 3904 3986 4068 4150 4232 4314 4396 4478 4560 4642 4724 4806 4888 4970 5052 5134 5216 5298 5380 5462 5544 5626 5625 5707 5789 5871 5953 6035 6117 
Label: 4215
[91,324799,]
680 681 682 683 684 766 848 930 1012 1094 1176 1258 1340 1422 1504 1505 1587 1588 1670 1671 1753 1754 1836 1837 1919 1920 2002 2003 2085 2086 2087 2169 2170 2171 2172 2173 2174 2175 2176 2258 2259 2260 2342 2424 2506 2588 2670 2752 2834 2916 2998 3080 3162 3244 3326 3408 3490 3572 3654 3736 3818 3900 3982 4064 4146 4228 4310 4392 4474 4556 4638 4720 4802 4884 4966 5048 5130 5131 5132 5133 5215 5297 5379 5461 5543 5625 5707 5789 5871 5953 6035 6117 
Label: 16171
[105,152106,]
680 681 682 683 684 766 848 930 1012 1094 1176 1258 1340 1422 1504 1505 1587 1588 1670 1671 1753 1754 1836 1837 1919 1920 2002 2003 2085 2086 2087 2169 2170 2171 2172 2173 2174 2175 2176 2258 2259 2260 2342 2424 2425 2507 2508 2590 2672 2673 2755 2837 2919 3001 3083 3165 3166 3167 3168 3169 3170 3171 3253 3254 3336 3418 3500 3582 3664 3746 3828 3910 3992 4074 4156 4238 4320 4402 4484 4566 4648 4730 4812 4894 4976 5058 5140 5139 5138 5220 5219 5301 5300 5382 5464 5463 5545 5544 5626 5625 5707 5789 5871 5953 6035 6117 
Label: 20714
[117,77024,]
680 681 682 683 684 766 848 930 1012 1094 1176 1258 1340 1422 1504 1505 1587 1588 1670 1671 1753 1754 1836 1837 1919 1920 2002 2003 2085 2086 2087 2169 2170 2171 2172 2173 2174 2175 2176 2258 2259 2260 2342 2424 2425 2507 2508 2590 2672 2673 2755 2837 2919 3001 3083 3165 3166 3167 3168 3169 3170 3171 3253 3254 3255 3256 3257 3339 3421 3422 3504 3505 3587 3669 3670 3752 3834 3916 3998 4080 4162 4244 4326 4408 4490 4572 4654 4653 4735 4734 4733 4815 4814 4896 4895 4977 5059 5141 5223 5305 5387 5469 5551 5633 5715 5797 5879 5961 5960 6042 6041 6123 6122 6121 6120 6119 6118 6117 
Label: 45654
[159,76563,]
680 762 844 926 1008 1090 1089 1088 1087 1086 1085 1084 1083 1082 1081 1080 1079 1078 1077 1076 1075 1157 1156 1155 1237 1236 1318 1317 1399 1481 1563 1645 1727 1809 1891 1973 2055 2137 2219 2301 2383 2465 2547 2629 2711 2793 2875 2957 2958 2959 3041 3042 3124 3125 3207 3208 3290 3372 3373 3455 3456 3457 3458 3459 3460 3461 3462 3463 3464 3465 3466 3467 3468 3469 3470 3471 3472 3473 3391 3392 3393 3394 3395 3396 3397 3398 3399 3400 3401 3402 3403 3404 3405 3323 3324 3325 3326 3327 3328 3329 3330 3331 3332 3333 3334 3335 3336 3337 3338 3339 3421 3422 3504 3505 3587 3669 3670 3752 3834 3916 3998 4080 4162 4244 4326 4408 4490 4572 4654 4653 4735 4734 4733 4815 4814 4896 4895 4977 5059 5141 5223 5305 5387 5469 5551 5633 5715 5797 5879 5961 5960 6042 6041 6123 6122 6121 6120 6119 6118 6117 
Label: 22242
[121,76944,]
680 681 682 683 684 766 848 930 1012 1094 1176 1258 1340 1422 1504 1505 1587 1588 1670 1671 1753 1754 1836 1837 1919 1920 2002 2003 2085 2086 2087 2169 2170 2171 2172 2173 2174 2175 2176 2258 2259 2260 2342 2424 2425 2507 2508 2590 2672 2673 2755 2837 2919 3001 3083 3165 3166 3167 3168 3169 3170 3171 3253 3254 3255 3256 3257 3339 3421 3422 3504 3505 3587 3669 3670 3752 3753 3835 3917 3918 4000 4082 4164 4246 4328 4327 4409 4491 4490 4572 4654 4653 4735 4734 4733 4815 4814 4896 4895 4977 5059 5141 5223 5305 5387 5469 5551 5633 5715 5797 5879 5961 5960 6042 6041 6123 6122 6121 6120 6119 6118 6117 
Label: 37025
[135,76619,]
680 762 844 926 1008 1090 1089 1088 1087 1086 1085 1084 1083 1082 1081 1080 1079 1078 1077 1076 1075 1157 1156 1155 1237 1236 1318 1317 1399 1398 1480 1479 1561 1643 1725 1807 1889 1971 2053 2135 2217 2299 2381 2463 2545 2627 2709 2710 2792 2793 2875 2957 2958 2959 3041 3042 3124 3125 3207 3208 3290 3372 3373 3455 3456 3457 3539 3540 3541 3542 3543 3625 3626 3627 3628 3629 3630 3631 3713 3795 3877 3959 4041 4123 4205 4287 4369 4451 4533 4615 4697 4698 4780 4862 4863 4945 5027 5028 5110 5111 5112 5113 5114 5115 5116 5117 5118 5119 5120 5121 5122 5123 5124 5125 5126 5127 5128 5129 5130 5131 5132 5133 5134 5216 5298 5380 5462 5544 5626 5625 5707 5789 5871 5953 6035 6117 
Label: 38295
[137,76580,]
680 762 844 926 1008 1090 1089 1088 1087 1086 1085 1084 1083 1082 1081 1080 1079 1078 1077 1076 1075 1157 1156 1155 1237 1236 1318 1317 1399 1398 1480 1479 1561 1643 1725 1807 1889 1971 2053 2135 2217 2299 2381 2463 2545 2627 2709 2710 2792 2793 2875 2957 2958 2959 3041 3042 3124 3125 3207 3208 3290 3372 3373 3455 3456 3457 3539 3540 3541 3542 3543 3625 3626 3627 3628 3629 3630 3631 3713 3795 3877 3959 4041 4123 4205 4287 4369 4451 4533 4615 4697 4698 4780 4862 4863 4945 5027 5028 5110 5111 5112 5113 5114 5115 5116 5117 5118 5119 5120 5121 5122 5123 5124 5125 5126 5127 5128 5129 5130 5131 5132 5133 5134 5216 5217 5299 5381 5463 5545 5544 5626 5625 5707 5789 5871 5953 6035 6117 
Label: 19418
[113,79013,]
680 681 682 683 684 766 848 930 1012 1094 1176 1258 1340 1422 1504 1505 1587 1588 1670 1671 1753 1754 1836 1837 1919 1920 2002 2003 2085 2086 2087 2169 2170 2171 2172 2173 2174 2175 2176 2258 2259 2260 2342 2424 2425 2507 2508 2590 2672 2673 2755 2837 2919 3001 3083 3165 3166 3167 3168 3169 3170 3171 3253 3254 3255 3256 3257 3339 3421 3422 3504 3586 3668 3750 3832 3914 3996 4078 4160 4242 4324 4406 4488 4570 4652 4734 4733 4815 4814 4896 4895 4977 5059 5141 5223 5305 5387 5469 5551 5633 5715 5797 5879 5961 5960 6042 6041 6123 6122 6121 6120 6119 6118 6117 
Label: 39478
[139,76576,]
680 762 844 926 1008 1090 1089 1088 1087 1086 1085 1084 1083 1082 1081 1080 1079 1078 1077 1076 1075 1157 1156 1155 1237 1236 1318 1317 1399 1398 1480 1479 1561 1643 1725 1807 1889 1971 2053 2135 2217 2299 2381 2463 2545 2627 2709 2710 2792 2793 2875 2957 2958 2959 3041 3042 3124 3125 3207 3208 3290 3372 3373 3455 3456 3457 3539 3540 3541 3542 3543 3625 3626 3627 3628 3629 3630 3631 3713 3795 3877 3959 4041 4123 4205 4287 4369 4451 4533 4615 4697 4698 4780 4862 4863 4945 5027 5028 5110 5111 5112 5113 5114 5115 5116 5117 5118 5119 5120 5121 5122 5123 5124 5125 5126 5127 5128 5129 5130 5131 5132 5133 5134 5216 5217 5218 5300 5382 5464 5463 5545 5544 5626 5625 5707 5789 5871 5953 6035 6117 
Label: 42697
[149,76575,]
680 762 844 926 1008 1090 1089 1088 1087 1086 1085 1084 1083 1082 1081 1080 1079 1078 1077 1076 1075 1157 1156 1155 1237 1236 1318 1317 1399 1398 1480 1479 1561 1643 1725 1807 1889 1971 2053 2135 2217 2299 2381 2463 2545 2627 2709 2710 2792 2793 2875 2957 2958 2959 3041 3042 3124 3125 3207 3208 3290 3372 3373 3455 3456 3457 3539 3540 3541 3542 3543 3625 3626 3627 3628 3629 3630 3631 3713 3795 3877 3959 4041 4123 4205 4287 4369 4451 4533 4615 4697 4698 4780 4862 4863 4945 5027 5028 5110 5111 5112 5113 5114 5115 5116 5117 5118 5119 5120 5121 5122 5123 5124 5125 5126 5127 5128 5129 5130 5131 5132 5133 5134 5216 5217 5218 5300 5301 5383 5384 5466 5467 5468 5550 5551 5633 5715 5797 5879 5961 5960 6042 6041 6123 6122 6121 6120 6119 6118 6117 
Label: 46538
[161,76252,]
680 762 844 926 1008 1090 1089 1088 1087 1086 1085 1084 1083 1082 1081 1080 1079 1078 1077 1076 1075 1157 1156 1155 1237 1236 1318 1317 1399 1398 1480 1562 1644 1726 1808 1890 1972 2054 2136 2218 2300 2382 2464 2546 2628 2710 2792 2793 2875 2957 2958 2959 3041 3042 3124 3125 3207 3208 3290 3372 3373 3455 3456 3457 3458 3459 3460 3461 3462 3463 3464 3465 3466 3467 3468 3469 3470 3471 3472 3473 3391 3392 3393 3394 3395 3396 3397 3398 3399 3400 3401 3402 3403 3404 3405 3323 3324 3325 3326 3327 3328 3329 3330 3331 3332 3333 3334 3335 3336 3337 3338 3339 3421 3422 3504 3505 3587 3669 3670 3752 3834 3916 3998 4080 4162 4244 4326 4408 4490 4572 4654 4653 4735 4734 4733 4815 4814 4896 4895 4977 5059 5141 5223 5305 5387 5469 5551 5633 5715 5797 5879 5961 5960 6042 6041 6123 6122 6121 6120 6119 6118 6117 
Label: 50482
[171,75989,]
680 762 844 926 1008 1090 1089 1088 1087 1086 1085 1084 1083 1082 1081 1080 1079 1078 1077 1076 1075 1157 1156 1155 1237 1236 1318 1317 1399 1398 1480 1479 1561 1643 1725 1807 1889 1971 2053 2135 2217 2299 2381 2463 2545 2627 2709 2710 2792 2793 2875 2957 2958 2959 3041 3042 3124 3125 3207 3208 3290 3372 3373 3455 3456 3457 3539 3540 3541 3542 3543 3544 3545 3546 3547 3548 3549 3550 3551 3552 3470 3471 3472 3473 3391 3392 3393 3394 3395 3396 3397 3398 3399 3400 3401 3402 3403 3404 3405 3323 3324 3325 3326 3244 3245 3246 3247 3248 3249 3250 3251 3252 3253 3254 3255 3256 3257 3339 3421 3422 3504 3505 3587 3669 3670 3752 3753 3835 3917 3918 4000 4082 4164 4246 4328 4327 4409 4491 4490 4572 4654 4653 4735 4734 4733 4815 4814 4896 4895 4977 5059 5141 5223 5305 5387 5469 5551 5633 5715 5797 5879 5961 5960 6042 6041 6123 6122 6121 6120 6119 6118 6117 
Label: 47458
[163,76179,]
680 762 844 926 1008 1090 1089 1088 1087 1086 1085 1084 1083 1082 1081 1080 1079 1078 1077 1076 1075 1157 1156 1155 1237 1236 1318 1317 1399 1398 1480 1562 1644 1726 1808 1890 1972 2054 2136 2218 2300 2382 2464 2546 2628 2710 2792 2793 2875 2957 2958 2959 3041 3042 3124 3125 3207 3208 3290 3372 3373 3455 3456 3457 3458 3459 3460 3461 3462 3463 3464 3465 3466 3467 3468 3469 3470 3471 3472 3473 3391 3392 3393 3394 3395 3396 3397 3398 3399 3400 3401 3402 3403 3404 3405 3323 3324 3325 3326 3327 3328 3329 3330 3331 3332 3333 3334 3335 3336 3337 3338 3339 3421 3422 3504 3505 3587 3669 3670 3752 3753 3835 3917 3999 4081 4163 4245 4327 4409 4491 4490 4572 4654 4653 4735 4734 4733 4815 4814 4896 4895 4977 5059 5141 5223 5305 5387 5469 5551 5633 5715 5797 5879 5961 5960 6042 6041 6123 6122 6121 6120 6119 6118 6117 
Label: 49058
[167,76054,]
680 762 844 926 1008 1090 1089 1088 1087 1086 1085 1084 1083 1082 1081 1080 1079 1078 1077 1076 1075 1157 1156 1155 1237 1236 1318 1317 1399 1398 1480 1562 1644 1726 1808 1890 1972 2054 2136 2218 2300 2382 2464 2546 2628 2710 2792 2793 2875 2957 2958 2959 3041 3042 3124 3125 3207 3208 3290 3372 3373 3455 3456 3457 3539 3540 3541 3542 3543 3544 3545 3546 3547 3548 3549 3550 3551 3552 3470 3471 3472 3473 3391 3392 3393 3394 3395 3396 3397 3398 3399 3400 3401 3402 3403 3404 3405 3323 3324 3325 3326 3244 3245 3246 3247 3248 3249 3250 3251 3252 3253 3254 3255 3256 3257 3339 3421 3422 3504 3505 3587 3669 3670 3752 3753 3835 3917 3999 4081 4163 4245 4327 4409 4491 4490 4572 4654 4653 4735 4734 4733 4815 4814 4896 4895 4977 5059 5141 5223 5305 5387 5469 5551 5633 5715 5797 5879 5961 5960 6042 6041 6123 6122 6121 6120 6119 6118 6117 
