graph_load_time: 0.325684
n_generated: 59262
n_expanded: 33187
n_domCheck: 218427
rt_initHeu: 0.350684
rt_search: 1.04485
N: 10
Label: 30006
[293,621287,]
3768 3968 4168 4368 4568 4768 4968 5168 5368 5568 5768 5968 6168 6368 6568 6768 6968 7168 7368 7367 7366 7566 7565 7564 7563 7763 7762 7761 7760 7960 7959 7958 7957 8157 8156 8155 8355 8354 8554 8754 8954 9154 9354 9554 9754 9954 10154 10354 10554 10754 10954 11154 11354 11554 11754 11954 12154 12354 12554 12754 12954 13154 13354 13554 13754 13954 14154 14354 14554 14553 14753 14953 15153 15152 15352 15552 15551 15751 15951 16151 16150 16350 16550 16750 16950 17150 17350 17550 17750 17950 18150 18350 18550 18750 18950 19150 19350 19550 19750 19950 19949 20149 20349 20348 20548 20748 20747 20947 20946 21146 21346 21345 21545 21544 21744 21944 21943 22143 22142 22342 22542 22541 22741 22941 23141 23140 23139 23138 23137 23136 23135 23134 23133 23132 23131 23130 23129 23128 23127 23126 23125 23124 23123 23122 23121 23120 23119 23118 23117 23116 23316 23315 23515 23514 23714 23713 23712 23912 23911 24111 24110 24310 24309 24509 24508 24507 24707 24706 24906 24905 25105 25104 25304 25303 25503 25502 25702 25902 25901 26101 26100 26300 26299 26499 26699 26698 26898 27098 27097 27297 27296 27496 27495 27494 27694 27693 27692 27892 27891 28091 28090 28290 28289 28489 28488 28688 28888 28887 29087 29287 29286 29486 29686 29685 29885 30085 30084 30284 30484 30684 30884 30883 31083 31082 31081 31080 31079 31078 31077 31076 31075 31074 31073 31072 31071 31070 31069 31068 31067 31066 31065 31064 31063 31062 31061 31060 31059 31058 31057 31056 31055 31054 31053 31052 31252 31251 31451 31450 31650 31850 31849 32049 32249 32248 32448 32648 32848 32847 33047 33247 33447 33647 33646 33645 33644 33643 33642 33641 33640 33639 33638 33637 33636 33635 33634 33633 33632 33631 33630 33629 33628 33627 33626 33625 
Label: 60296
[295,609122,]
3768 3968 4168 4368 4568 4768 4968 5168 5368 5568 5768 5968 6168 6368 6568 6768 6968 7168 7368 7367 7366 7566 7565 7564 7563 7763 7762 7761 7760 7960 7959 7958 7957 8157 8156 8155 8355 8354 8554 8754 8954 9154 9354 9554 9754 9954 10154 10354 10554 10754 10954 11154 11354 11554 11754 11954 12154 12354 12554 12754 12954 13154 13354 13554 13754 13954 14154 14354 14554 14553 14753 14953 15153 15152 15352 15552 15551 15751 15951 16151 16150 16350 16550 16750 16950 17150 17350 17550 17750 17950 18150 18350 18550 18750 18950 19150 19350 19550 19750 19950 19949 20149 20349 20348 20548 20748 20747 20947 20946 21146 21346 21345 21545 21544 21744 21944 21943 22143 22142 22342 22542 22541 22741 22941 23141 23140 23139 23138 23137 23136 23135 23134 23133 23132 23131 23130 23129 23128 23127 23126 23125 23124 23123 23122 23121 23120 23119 23118 23117 23116 23316 23315 23515 23514 23714 23713 23712 23912 23911 24111 24110 24310 24309 24509 24508 24507 24707 24706 24906 24905 25105 25104 25304 25303 25503 25502 25702 25902 25901 26101 26100 26300 26299 26499 26699 26698 26898 27098 27097 27297 27296 27496 27495 27494 27694 27693 27692 27892 27891 28091 28090 28290 28289 28489 28488 28688 28888 28887 29087 29287 29286 29486 29686 29685 29885 30085 30084 30284 30484 30684 30884 30883 31083 31082 31081 31080 31079 31078 31077 31076 31075 31074 31073 31072 31071 31070 31069 31068 31067 31066 31065 31064 31063 31062 31061 31060 31059 31058 31057 31056 31055 31054 31053 31052 31252 31251 31451 31450 31650 31850 31849 32049 32249 32248 32448 32648 32848 33048 33248 33448 33648 33848 33847 33846 33845 33844 33843 33842 33841 33840 33839 33838 33837 33836 33835 33834 33833 33832 33831 33830 33829 33828 33827 33826 33825 33625 
Label: 88368
[297,598911,]
3768 3968 4168 4368 4568 4768 4968 5168 5368 5568 5768 5968 6168 6368 6568 6768 6968 7168 7368 7367 7366 7566 7565 7564 7563 7763 7762 7761 7760 7960 7959 7958 7957 8157 8156 8155 8355 8354 8554 8754 8954 9154 9354 9554 9754 9954 10154 10354 10554 10754 10954 11154 11354 11554 11754 11954 12154 12354 12554 12754 12954 13154 13354 13554 13754 13954 14154 14354 14554 14553 14753 14953 15153 15152 15352 15552 15551 15751 15951 16151 16150 16350 16550 16750 16950 17150 17350 17550 17750 17950 18150 18350 18550 18750 18950 19150 19350 19550 19750 19950 19949 20149 20349 20348 20548 20748 20747 20947 20946 21146 21346 21345 21545 21544 21744 21944 21943 22143 22142 22342 22542 22541 22741 22941 23141 23140 23139 23138 23137 23136 23135 23134 23133 23132 23131 23130 23129 23128 23127 23126 23125 23124 23123 23122 23121 23120 23119 23118 23117 23116 23316 23315 23515 23514 23714 23713 23712 23912 23911 24111 24110 24310 24309 24509 24508 24507 24707 24706 24906 24905 25105 25104 25304 25303 25503 25502 25702 25902 25901 26101 26100 26300 26299 26499 26699 26698 26898 27098 27097 27297 27296 27496 27495 27494 27694 27693 27692 27892 27891 28091 28090 28290 28289 28489 28488 28688 28888 28887 29087 29287 29286 29486 29686 29685 29885 30085 30084 30284 30484 30684 30884 30883 31083 31082 31081 31080 31079 31078 31077 31076 31075 31074 31073 31072 31071 31070 31069 31068 31067 31066 31065 31064 31063 31062 31061 31060 31059 31058 31057 31056 31055 31054 31053 31052 31252 31251 31451 31450 31650 31850 31849 32049 32249 32248 32448 32648 32848 33048 33248 33448 33648 33848 34048 34047 34046 34045 34044 34043 34042 34041 34040 34039 34038 34037 34036 34035 34034 34033 34032 34031 34030 34029 34028 34027 34026 34025 33825 33625 
Label: 119152
[301,486885,]
3768 3968 4168 4368 4568 4768 4968 5168 5368 5568 5768 5968 6168 6368 6568 6768 6968 7168 7368 7367 7366 7566 7565 7564 7563 7763 7762 7761 7760 7960 7959 7958 7957 8157 8156 8155 8355 8354 8554 8754 8954 9154 9354 9554 9754 9954 10154 10354 10554 10754 10954 11154 11354 11554 11754 11954 12154 12354 12554 12754 12954 13154 13354 13554 13754 13954 14154 14354 14554 14553 14753 14953 15153 15152 15352 15552 15551 15751 15951 16151 16150 16350 16550 16750 16950 17150 17350 17550 17750 17950 18150 18350 18550 18750 18950 19150 19350 19550 19750 19950 19949 20149 20349 20348 20548 20748 20747 20947 20946 21146 21346 21345 21545 21544 21744 21944 21943 22143 22142 22342 22542 22541 22741 22941 23141 23140 23139 23138 23137 23136 23135 23134 23133 23132 23131 23130 23129 23128 23127 23126 23125 23124 23123 23122 23121 23120 23119 23118 23117 23116 23316 23315 23515 23514 23714 23713 23712 23912 23911 24111 24110 24310 24309 24509 24508 24507 24707 24706 24906 24905 25105 25104 25304 25303 25503 25502 25702 25902 25901 26101 26100 26300 26299 26499 26699 26698 26898 27098 27097 27297 27296 27496 27495 27494 27694 27693 27692 27892 27891 28091 28090 28290 28289 28489 28488 28688 28888 28887 29087 29287 29286 29486 29686 29685 29885 30085 30084 30284 30484 30684 30884 30883 31083 31283 31483 31683 31682 31882 31881 32081 32080 32079 32078 32278 32277 32276 32275 32274 32273 32473 32472 32672 32872 32871 33071 33070 33270 33470 33469 33669 33668 33868 34068 34067 34267 34266 34466 34465 34464 34463 34462 34461 34460 34459 34458 34457 34456 34455 34454 34453 34452 34451 34450 34449 34448 34447 34446 34445 34444 34443 34442 34441 34440 34439 34438 34437 34436 34435 34434 34433 34432 34431 34430 34429 34428 34427 34426 34425 34225 34025 33825 33625 
Label: 107120
[299,568190,]
3768 3968 4168 4368 4568 4768 4968 5168 5368 5568 5768 5968 6168 6368 6568 6768 6968 7168 7368 7367 7366 7566 7565 7564 7563 7763 7762 7761 7760 7960 7959 7958 7957 8157 8156 8155 8355 8354 8554 8754 8954 9154 9354 9554 9754 9954 10154 10354 10554 10754 10954 11154 11354 11554 11754 11954 12154 12354 12554 12754 12954 13154 13354 13554 13754 13954 14154 14354 14554 14553 14753 14953 15153 15152 15352 15552 15551 15751 15951 16151 16150 16350 16550 16750 16950 17150 17350 17550 17750 17950 18150 18350 18550 18750 18950 19150 19350 19550 19750 19950 19949 20149 20349 20348 20548 20748 20747 20947 20946 21146 21346 21345 21545 21544 21744 21944 21943 22143 22142 22342 22542 22541 22741 22941 23141 23140 23139 23138 23137 23136 23135 23134 23133 23132 23131 23130 23129 23128 23127 23126 23125 23124 23123 23122 23121 23120 23119 23118 23117 23116 23316 23315 23515 23514 23714 23713 23712 23912 23911 24111 24110 24310 24309 24509 24508 24507 24707 24706 24906 24905 25105 25104 25304 25303 25503 25502 25702 25902 25901 26101 26100 26300 26299 26499 26699 26698 26898 27098 27097 27297 27296 27496 27495 27494 27694 27693 27692 27892 27891 28091 28090 28290 28289 28489 28488 28688 28888 28887 29087 29287 29286 29486 29686 29685 29885 30085 30084 30284 30484 30684 30884 30883 31083 31283 31483 31683 31682 31882 31881 32081 32080 32079 32078 32278 32277 32276 32275 32274 32273 32473 32472 32672 32872 32871 33071 33070 33270 33470 33469 33669 33668 33868 34068 34067 34267 34266 34265 34264 34263 34262 34261 34260 34259 34258 34257 34256 34255 34254 34253 34252 34251 34250 34249 34248 34247 34246 34245 34244 34243 34242 34241 34240 34239 34238 34237 34236 34235 34234 34233 34232 34231 34230 34229 34228 34227 34226 34225 34025 33825 33625 
Label: 131612
[305,391397,]
3768 3968 4168 4368 4568 4768 4968 5168 5368 5568 5768 5968 6168 6368 6568 6768 6968 7168 7368 7367 7366 7566 7565 7564 7563 7763 7762 7761 7760 7960 7959 7958 7957 8157 8156 8155 8355 8354 8554 8754 8954 9154 9354 9554 9754 9954 10154 10354 10554 10754 10954 11154 11354 11554 11754 11954 12154 12354 12554 12754 12954 13154 13354 13554 13754 13954 14154 14354 14554 14553 14753 14953 15153 15152 15352 15552 15551 15751 15951 16151 16150 16350 16550 16750 16950 17150 17350 17550 17750 17950 18150 18350 18550 18750 18950 19150 19350 19550 19750 19950 19949 20149 20349 20348 20548 20748 20747 20947 20946 21146 21346 21345 21545 21544 21744 21944 21943 22143 22142 22342 22542 22541 22741 22941 23141 23140 23139 23138 23137 23136 23135 23134 23133 23132 23131 23130 23129 23128 23127 23126 23125 23124 23123 23122 23121 23120 23119 23118 23117 23116 23316 23315 23515 23514 23714 23713 23712 23912 23911 24111 24110 24310 24309 24509 24508 24507 24707 24706 24906 24905 25105 25104 25304 25303 25503 25502 25702 25902 25901 26101 26100 26300 26299 26499 26699 26698 26898 27098 27097 27297 27296 27496 27495 27494 27694 27693 27692 27892 27891 28091 28090 28290 28289 28489 28488 28688 28888 28887 29087 29287 29286 29486 29686 29685 29885 30085 30084 30284 30484 30684 30884 30883 31083 31283 31483 31683 31682 31882 31881 32081 32080 32079 32078 32278 32277 32276 32275 32274 32273 32473 32472 32672 32872 32871 33071 33070 33270 33470 33469 33669 33668 33868 34068 34067 34267 34266 34466 34465 34665 34664 34864 34863 34862 34861 34860 34859 34858 34857 34856 34855 34854 34853 34852 34851 34850 34849 34848 34847 34846 34845 34844 34843 34842 34841 34840 34839 34838 34837 34836 34835 34834 34833 34832 34831 34830 34829 34828 34827 34826 34825 34625 34425 34225 34025 33825 33625 
Label: 127560
[303,427792,]
3768 3968 4168 4368 4568 4768 4968 5168 5368 5568 5768 5968 6168 6368 6568 6768 6968 7168 7368 7367 7366 7566 7565 7564 7563 7763 7762 7761 7760 7960 7959 7958 7957 8157 8156 8155 8355 8354 8554 8754 8954 9154 9354 9554 9754 9954 10154 10354 10554 10754 10954 11154 11354 11554 11754 11954 12154 12354 12554 12754 12954 13154 13354 13554 13754 13954 14154 14354 14554 14553 14753 14953 15153 15152 15352 15552 15551 15751 15951 16151 16150 16350 16550 16750 16950 17150 17350 17550 17750 17950 18150 18350 18550 18750 18950 19150 19350 19550 19750 19950 19949 20149 20349 20348 20548 20748 20747 20947 20946 21146 21346 21345 21545 21544 21744 21944 21943 22143 22142 22342 22542 22541 22741 22941 23141 23140 23139 23138 23137 23136 23135 23134 23133 23132 23131 23130 23129 23128 23127 23126 23125 23124 23123 23122 23121 23120 23119 23118 23117 23116 23316 23315 23515 23514 23714 23713 23712 23912 23911 24111 24110 24310 24309 24509 24508 24507 24707 24706 24906 24905 25105 25104 25304 25303 25503 25502 25702 25902 25901 26101 26100 26300 26299 26499 26699 26698 26898 27098 27097 27297 27296 27496 27495 27494 27694 27693 27692 27892 27891 28091 28090 28290 28289 28489 28488 28688 28888 28887 29087 29287 29286 29486 29686 29685 29885 30085 30084 30284 30484 30684 30884 30883 31083 31283 31483 31683 31682 31882 31881 32081 32080 32079 32078 32278 32277 32276 32275 32274 32273 32473 32472 32672 32872 32871 33071 33070 33270 33470 33469 33669 33668 33868 34068 34067 34267 34266 34466 34465 34665 34664 34663 34662 34661 34660 34659 34658 34657 34656 34655 34654 34653 34652 34651 34650 34649 34648 34647 34646 34645 34644 34643 34642 34641 34640 34639 34638 34637 34636 34635 34634 34633 34632 34631 34630 34629 34628 34627 34626 34625 34425 34225 34025 33825 33625 
Label: 132328
[307,377282,]
3768 3968 4168 4368 4568 4768 4968 5168 5368 5568 5768 5968 6168 6368 6568 6768 6968 7168 7368 7367 7366 7566 7565 7564 7563 7763 7762 7761 7760 7960 7959 7958 7957 8157 8156 8155 8355 8354 8554 8754 8954 9154 9354 9554 9754 9954 10154 10354 10554 10754 10954 11154 11354 11554 11754 11954 12154 12354 12554 12754 12954 13154 13354 13554 13754 13954 14154 14354 14554 14553 14753 14953 15153 15152 15352 15552 15551 15751 15951 16151 16150 16350 16550 16750 16950 17150 17350 17550 17750 17950 18150 18350 18550 18750 18950 19150 19350 19550 19750 19950 19949 20149 20349 20348 20548 20748 20747 20947 20946 21146 21346 21345 21545 21544 21744 21944 21943 22143 22142 22342 22542 22541 22741 22941 23141 23140 23139 23138 23137 23136 23135 23134 23133 23132 23131 23130 23129 23128 23127 23126 23125 23124 23123 23122 23121 23120 23119 23118 23117 23116 23316 23315 23515 23514 23714 23713 23712 23912 23911 24111 24110 24310 24309 24509 24508 24507 24707 24706 24906 24905 25105 25104 25304 25303 25503 25502 25702 25902 25901 26101 26100 26300 26299 26499 26699 26698 26898 27098 27097 27297 27296 27496 27495 27494 27694 27693 27692 27892 27891 28091 28090 28290 28289 28489 28488 28688 28888 28887 29087 29287 29286 29486 29686 29685 29885 30085 30084 30284 30484 30684 30884 30883 31083 31283 31483 31683 31682 31882 31881 32081 32080 32079 32078 32278 32277 32276 32275 32274 32273 32473 32472 32672 32872 32871 33071 33070 33270 33470 33469 33669 33668 33868 34068 34067 34267 34266 34466 34465 34665 34664 34864 34863 35063 35062 35061 35060 35059 35058 35057 35056 35055 35054 35053 35052 35051 35050 35049 35048 35047 35046 35045 35044 34844 34843 34842 34841 34840 34839 34838 34837 34836 34835 34834 34833 34832 34831 34830 34829 34828 34827 34826 34825 34625 34425 34225 34025 33825 33625 
Label: 132744
[311,374842,]
3768 3769 3969 4169 4369 4569 4769 4969 5169 5369 5569 5769 5969 6169 6369 6569 6769 6969 7169 7168 7368 7367 7366 7566 7565 7564 7563 7763 7762 7761 7760 7960 7959 7958 7957 8157 8156 8155 8355 8354 8353 8553 8753 8953 9153 9353 9553 9753 9953 10153 10353 10553 10753 10953 11153 11353 11553 11554 11754 11954 12154 12354 12554 12754 12954 13154 13354 13554 13754 13954 14154 14354 14554 14553 14753 14953 15153 15152 15352 15552 15551 15751 15951 16151 16150 16350 16550 16750 16950 17150 17350 17550 17750 17950 18150 18350 18550 18750 18950 19150 19350 19550 19750 19950 19949 20149 20349 20348 20548 20748 20747 20947 20946 21146 21346 21345 21545 21544 21744 21944 21943 22143 22142 22342 22542 22541 22741 22941 23141 23140 23139 23138 23137 23136 23135 23134 23133 23132 23131 23130 23129 23128 23127 23126 23125 23124 23123 23122 23121 23120 23119 23118 23117 23116 23316 23315 23515 23514 23714 23713 23712 23912 23911 24111 24110 24310 24309 24509 24508 24507 24707 24706 24906 24905 25105 25104 25304 25303 25503 25502 25702 25902 25901 26101 26100 26300 26299 26499 26699 26698 26898 27098 27097 27297 27296 27496 27495 27494 27694 27693 27692 27892 27891 28091 28090 28290 28289 28489 28488 28688 28888 28887 29087 29287 29286 29486 29686 29685 29885 30085 30084 30284 30484 30684 30884 30883 31083 31283 31483 31683 31682 31882 31881 32081 32080 32079 32078 32278 32277 32276 32275 32274 32273 32473 32472 32672 32872 32871 33071 33070 33270 33470 33469 33669 33668 33868 34068 34067 34267 34266 34466 34465 34665 34664 34864 34863 35063 35062 35061 35060 35059 35058 35057 35056 35055 35054 35053 35052 35051 35050 35049 35048 35047 35046 35045 35044 34844 34843 34842 34841 34840 34839 34838 34837 34836 34835 34834 34833 34832 34831 34830 34829 34828 34827 34826 34825 34625 34425 34225 34025 33825 33625 
Label: 132560
[309,375618,]
3768 3968 4168 4368 4568 4768 4968 5168 5368 5568 5768 5968 6168 6368 6568 6768 6968 7168 7368 7367 7366 7566 7565 7564 7563 7763 7762 7761 7760 7960 7959 7958 7957 8157 8156 8155 8355 8354 8353 8553 8753 8953 9153 9353 9553 9753 9953 10153 10353 10553 10753 10953 11153 11353 11553 11554 11754 11954 12154 12354 12554 12754 12954 13154 13354 13554 13754 13954 14154 14354 14554 14553 14753 14953 15153 15152 15352 15552 15551 15751 15951 16151 16150 16350 16550 16750 16950 17150 17350 17550 17750 17950 18150 18350 18550 18750 18950 19150 19350 19550 19750 19950 19949 20149 20349 20348 20548 20748 20747 20947 20946 21146 21346 21345 21545 21544 21744 21944 21943 22143 22142 22342 22542 22541 22741 22941 23141 23140 23139 23138 23137 23136 23135 23134 23133 23132 23131 23130 23129 23128 23127 23126 23125 23124 23123 23122 23121 23120 23119 23118 23117 23116 23316 23315 23515 23514 23714 23713 23712 23912 23911 24111 24110 24310 24309 24509 24508 24507 24707 24706 24906 24905 25105 25104 25304 25303 25503 25502 25702 25902 25901 26101 26100 26300 26299 26499 26699 26698 26898 27098 27097 27297 27296 27496 27495 27494 27694 27693 27692 27892 27891 28091 28090 28290 28289 28489 28488 28688 28888 28887 29087 29287 29286 29486 29686 29685 29885 30085 30084 30284 30484 30684 30884 30883 31083 31283 31483 31683 31682 31882 31881 32081 32080 32079 32078 32278 32277 32276 32275 32274 32273 32473 32472 32672 32872 32871 33071 33070 33270 33470 33469 33669 33668 33868 34068 34067 34267 34266 34466 34465 34665 34664 34864 34863 35063 35062 35061 35060 35059 35058 35057 35056 35055 35054 35053 35052 35051 35050 35049 35048 35047 35046 35045 35044 34844 34843 34842 34841 34840 34839 34838 34837 34836 34835 34834 34833 34832 34831 34830 34829 34828 34827 34826 34825 34625 34425 34225 34025 33825 33625 
