0.1  0.1   1.209981989224349   5.000065915592921e-19   -5.0029678263687374e-26   0.0   0.0017588514745680518
0.10129143975711602  0.10339984477949928   1.2077781555825549   0.03636861445103701   -0.022038336417943016   0.36368614451037   -0.22038336417943016
0.10390301437056843  0.11018436853519128   1.2033474375563538   0.07269806362820663   -0.04430718026201074   0.3632944917716963   -0.22268843844067726
0.10787907130092883  0.12032774301808673   1.1972179338773046   0.10894818704921028   -0.06129503679049089   0.36250123421003644   -0.16987856528480147
0.11325536005200905  0.1337859593799668   1.1907382752287723   0.14492345164845513   -0.06479658648532333   0.35975264599244855   -0.035015496948324384
0.1194674071170798  0.14912829467812713   1.1860765737978662   0.16552243991020013   -0.046617014309060324   0.2059898826174501   0.1817957217626301
0.12567811239752524  0.1644613885233088   1.185942101024507   0.1654317463318408   -0.0013447277335910416   -0.0009069357835934479   0.4527228657546928
0.13176404860370824  0.17979582645058242   1.1929822426941747   0.16497987939422024   0.07040141669667718   -0.00451866937620565   0.7174614443026822
0.13758177539493824  0.19517091263012193   1.209059881604717   0.16438954347633275   0.1607763891054197   -0.00590335917887496   0.903749724087425
0.14296608777925332  0.2105783229459063   1.2346004147118297   0.16321124731103745   0.2554053310711289   -0.011782961652952824   0.9462894196570919
0.14771536540130822  0.2258677035862338   1.2696197334026602   0.16010021808007371   0.35019318690830625   -0.031110292309637362   0.9478785583717739
0.1515555376439822  0.24049326212944547   1.3140263903759728   0.15121305682720962   0.44406656973312575   -0.0888716125286409   0.938733828248195
0.1546544381627184  0.2554328364856508   1.366267838408759   0.15257590450792194   0.522414480327861   0.013628476807123126   0.7834791059473519
0.15703937649455624  0.27141698347739135   1.422682526758814   0.1616109172958652   0.5641468835005495   0.09035012787943233   0.41732403172688587
0.15853186904159774  0.2875324566472604   1.4784473593679177   0.16184437261802104   0.5576483260910365   0.0023345532215584886   -0.0649855740951295
0.1591780731145117  0.3027071434382311   1.5282376967333755   0.15188439646524385   0.49790337365457893   -0.09959976152777163   -0.5974495243645764
0.15920606831237372  0.31485980780105355   1.5684927045125878   0.12152696607639787   0.40255007779212365   -0.3035743038884599   -0.953532958624553
0.1589519276535903  0.3238366768501189   1.5990993788907968   0.08980465767023367   0.30606674378208965   -0.317223084061642   -0.9648333401003404
0.15865528097434872  0.3298591161124517   1.62001344618582   0.06029740783636106   0.20914067295023056   -0.29507249833872606   -0.9692607083185906
0.15841214771201217  0.33387845813650546   1.6312135177636495   0.04026688973356901   0.11200071577829648   -0.20030518102792047   -0.9713995717193408
0.15821109799085764  0.33712286725661833   1.6326852421738052   0.0325063248123678   0.014717244101555688   -0.07760564921201216   -0.972834716767408
0.1579834980953048  0.34136330582101165   1.6244185414196828   0.042465422321163064   -0.08266700754122301   0.09959097508795263   -0.9738425164277871
0.15772362812577845  0.3486578824311912   1.606406359609497   0.0729920408797047   -0.18012181810185748   0.3052661855854164   -0.9745481056063448
0.1576408311995824  0.3592069603262063   1.5786449014290986   0.1054940281513694   -0.2776145818039849   0.32501987271664706   -0.974927637021274
0.15805106271967842  0.3730335929814271   1.5411353660605445   0.13832717031238537   -0.3750953536855404   0.3283314216101597   -0.9748077188155555
0.1593028660103002  0.38927758578129545   1.4938857977765847   0.16292154969195907   -0.4724956828395987   0.24594379379573705   -0.9740032915405827
0.16149679647520565  0.4055664362038914   1.4369129551975306   0.16435935597238546   -0.5697284257905411   0.014378062804263776   -0.972327429509424
0.16478753125343876  0.42175431754356274   1.3702452260241724   0.16518972051336545   -0.6666772917335806   0.00830364540979995   -0.9694886594303943
0.16930850147037005  0.43766461773465254   1.293940093772291   0.16540157915236905   -0.7630513225188165   0.0021185863900358764   -0.9637403078523589
0.1751507189838173  0.4531069517419718   1.20911397776639   0.16510517407361475   -0.8482611600590089   -0.002964050787542952   -0.8520983754019242
0.18229817616889282  0.4678897605362499   1.1204373271571983   0.16420035933386584   -0.8867665060919168   -0.009048147397489112   -0.3850534603290786
0.1904218854617865  0.4814844782611916   1.032170178081862   0.1583701369234284   -0.8826714907533626   -0.058302224104374314   0.04095015338554158
0.1977236004792362  0.4916454801465564   0.9476946720837223   0.12512433876278334   -0.8447550599813974   -0.33245798160645074   0.37916430771965143
0.20364882227377953  0.49866163621685844   0.8694974860832015   0.09183392582075915   -0.7819718600052074   -0.3329041294202418   0.627831999761901
0.20777224045209688  0.502899967573087   0.7991400176759154   0.05913208110512271   -0.7035746840728616   -0.3270184471563644   0.7839717593234565
0.21055162341602632  0.5054248128220284   0.7374472475898521   0.03754971796327862   -0.6169277008606324   -0.21582363141844096   0.8664698321222927
0.21560905885168952  0.5095553152230677   0.6848524962869681   0.06529831794982024   -0.5259475130288404   0.27748599986541633   0.90980187831792
0.22348074324314168  0.5154353855554057   0.6415719898589746   0.09825407995175213   -0.4328050642799357   0.3295576200193187   0.931424487489047
0.23426100564725466  0.5229324345914513   0.6076604609410321   0.1313087208642655   -0.33911528917942474   0.3305464091251338   0.9368977510051092
0.2478815604681902  0.5319143873749517   0.5829835478999923   0.1631548311986881   -0.24676913041039805   0.3184611033442259   0.9234615876902672
0.2617444553286338  0.5407389478048272   0.5668687684897248   0.16433280886416426   -0.16114779410267463   0.011779776654761884   0.8562133630772341
0.2756813878830071  0.5494326817499873   0.5577294936048761   0.16426171158673472   -0.09139274884848708   -0.0007109727742955161   0.6975504525418756
0.2895848944671624  0.5580264364228691   0.5536219807736185   0.1634503333471762   -0.041075128312576405   -0.008113782395585202   0.5031762053591068
0.30340854650029925  0.5665519730761897   0.5526342025153586   0.16241247820291133   -0.009877782582598988   -0.010378551442648877   0.31197345729977416
0.3159778495009561  0.5743151477250834   0.5532817488499747   0.1477343083211835   0.0064754633461618985   -0.14678169881727815   0.16353245928760887
0.32664259447622856  0.580920047578892   0.5545050676805895   0.12544380712747608   0.012233188306147561   -0.22290501193707415   0.05757724959985663
0.33568077617279524  0.5865306637501786   0.5555504648852183   0.10638032816343944   0.010453972046287795   -0.19063478964036645   -0.017792162598597665
0.3437634289145537  0.5915530108505437   0.5559873219404812   0.09515946917694558   0.004368570552628622   -0.11220858986493859   -0.06085401493659173
0.35133363146321644  0.5962530736303899   0.5556192534947788   0.08910586779907756   -0.003680684457023019   -0.060536013778680245   -0.08049255009651642
0.3587763285173459  0.6008610531115017   0.5543653471598419   0.08753697181071123   -0.012539063349369868   -0.01568895988366334   -0.08858378892346848
0.3664111144846627  0.6055647869866801   0.5521682171893408   0.08967444961372066   -0.021971299705010366   0.02137477803009438   -0.09432236355640498
0.37446842900688276  0.6104949480300297   0.54911367569698   0.0944599413631726   -0.030545414923608488   0.04785491749451931   -0.08574115218598123
0.3828594226354773  0.6155849619327886   0.5452615520852273   0.09814123272375884   -0.038521236117526364   0.03681291360586244   -0.07975821193917872
0.39144924817428045  0.6207417239421398   0.5406648541628872   0.10018847099749474   -0.0459669792234014   0.02047238273735907   -0.0744574310587504
0.4000707804950445  0.625854764047321   0.5352969972487802   0.10023671915778379   -0.0536785691410692   0.000482481602890407   -0.07711589917667801
0.4085480654409045  0.6308121659132703   0.5291579971041553   0.0982039680022207   -0.061390001446249474   -0.020327511555630846   -0.07711432305180274
0.4167432787910767  0.6355273955164693   0.5221076887948373   0.09454888262994737   -0.07050308309318058   -0.03655085372273325   -0.09113081646931102
0.4246305163343176  0.6399809374609965   0.5140224695487854   0.09057734369872075   -0.08085219246051846   -0.03971538931226621   -0.10349109367337885
0.43236684959231275  0.64425406501279   0.5046420652774382   0.08838012862213568   -0.09380404271347238   -0.021972150765850795   -0.12951850252953914
0.44008690288793156  0.6484090345011095   0.49374229113506685   0.08767154289508944   -0.1089977414237131   -0.00708585727046239   -0.15193698710240724
0.4479956452085792  0.652536237849641   0.48097702393467356   0.08920875101386005   -0.12765267200393313   0.015372081187706256   -0.18654930580220028
0.456395292755203  0.6567613843014518   0.46605648435833374   0.09402443376418247   -0.14920539576339814   0.04815682750322412   -0.21552723759465012
0.4656721622709405  0.6612266645457466   0.448604270312749   0.10295583308978046   -0.17452214045584744   0.08931399325597983   -0.2531674469244929
0.47573979359551977  0.6658232194074417   0.4283021520751365   0.11067317519806842   -0.20302118237612507   0.07717342108287964   -0.2849904192027763
0.48624711825813305  0.6703267127971035   0.4049202688236624   0.1143176820427563   -0.2338188325147411   0.03644506844687877   -0.3079765013861602
0.4968851447716402  0.674554321181641   0.3782675890246442   0.11447282679967756   -0.26652679799018203   0.0015514475692126864   -0.3270796547544093
0.5075243983639183  0.6784170178693586   0.3482626288216308   0.11318751817320678   -0.30004960203013425   -0.012853086264707846   -0.33522804039952225
0.5184097661226433  0.6819642632377654   0.3150211223187087   0.11448763293315299   -0.3324150650292207   0.013001147599462172   -0.32365462999086464
0.5299512707811829  0.6852682426554948   0.2788127868980185   0.12005107653655307   -0.36208335420690174   0.055634436034000694   -0.29668289177681056
0.5428834229517906  0.6884342783231963   0.2400964496984024   0.1331406555537769   -0.3871633719961612   0.1308957901722384   -0.2508001778925943
0.5577365033828244  0.6914375766757535   0.19951040179736954   0.15153672798539897   -0.4058604790103287   0.1839607243162207   -0.18697107014167483
0.5737731334351772  0.6939901408337166   0.1578467115801949   0.16238506311127204   -0.4166369021717463   0.10848335125873078   -0.10776423161417673
0.5899592638242823  0.6958761991283835   0.1159999982238707   0.16295644597989462   -0.41846713356324194   0.0057138286862256984   -0.018302313914956184
0.6062919446481355  0.697101716910298   0.0748943520763038   0.16378594467403032   -0.4110564614756691   0.008294986941357062   0.07410672087572853
0.622642519111911  0.6976812395309502   0.03542873250871462   0.16360841413671673   -0.3946561956758918   -0.0017753053731359573   0.1640026579977732
0.6389200857703112  0.697656418923896   -0.0015248340524557835   0.1627758558205695   -0.36953566561170403   -0.008325583161472283   0.2512053006418777
0.6538048877323573  0.6971338631395007   -0.03509225484050825   0.1489397173346013   -0.33567420788052466   -0.13836138485968222   0.3386145773117934
0.6663116017128301  0.6963275296207665   -0.06438294536086928   0.12532680013976832   -0.2929069052036102   -0.23612917194832958   0.42767302676914476
0.676972983520847  0.6953813540564576   -0.08851602608794173   0.10703285021652567   -0.2413308072707247   -0.18293949923242658   0.515760979328855
0.686831306161513  0.6943259203850025   -0.10665392061014844   0.09914659122843993   -0.18137894522206705   -0.07886258988085744   0.5995186204865764
0.6967108117129881  0.6931543571992151   -0.11803398178312614   0.09948728071454073   -0.11380061172977704   0.0034068948610080385   0.6757833349229002
0.7070362344649066  0.6918884306172502   -0.12199406262965508   0.10402736424445304   -0.03960080846528926   0.04540083529912305   0.7419980326448777
0.7179297860786743  0.6905970610843182   -0.11799374233493391   0.10969826891614627   0.04000320294721161   0.05670904671693239   0.7960401141250086
0.7293557815347128  0.6893856768277186   -0.1056254464480086   0.11490031504655782   0.12368295886925317   0.052020461304115445   0.8367975592204154
0.7412155809205814  0.6883797810033576   -0.0846130796223826   0.11902380765283674   0.21012366825625994   0.04123492606278922   0.8644070938700679
0.75337964648329  0.6877124988817146   -0.054801906430123816   0.12182354306245631   0.29811173192258783   0.027997354096195765   0.879880636663279
0.7656827028653655  0.6875138868421515   -0.016141906734681598   0.12304659405359195   0.38659999695442215   0.012230509911356331   0.884882650318343
0.7779170040013521  0.6878971757085552   0.03131879262966174   0.12240303698856356   0.4746069936434334   -0.006435570650283935   0.8800699668901124
0.7898488959472524  0.6889430213000065   0.08742784071608799   0.11977639099965091   0.5610904808642626   -0.026266459889126383   0.8648348722082917
0.8012706852245517  0.6906916000355446   0.15191202969329776   0.11554860357822076   0.6448418897720977   -0.042277874214301576   0.8375140890783511
0.8120757238533407  0.6931574792574975   0.22437305559108933   0.11082843502748091   0.7246102589779159   -0.0472016855073985   0.7976836920581817
0.8223218241920146  0.6963748060125943   0.3042553851622014   0.10739355827930633   0.7988232957111208   -0.03434876748174587   0.742130367332049
0.832240093345701  0.7004616479175274   0.3908526003871188   0.10727270844006893   0.8659721522491736   -0.0012084983923738805   0.6714885653805284
0.8421340451529656  0.705654651588176   0.4833423265525387   0.11173968385839414   0.9248972616541995   0.04466975418325209   0.5892510940502594
0.8519832129630622  0.7121191536311614   0.5808263012624241   0.11781166886823141   0.9748397470988541   0.06071985009837268   0.49942485444654605
0.8617375068867849  0.7200429952792721   0.6822225500628667   0.1256716023669248   1.013962488004426   0.07859933498693387   0.39122740905571934
0.8712347323642725  0.729559262232803   0.7863996348259005   0.13444576174093528   1.041770847630337   0.08774159374010485   0.2780835962591094
0.8800798140132624  0.740524660890602   0.8920223233547159   0.14088131071981744   1.056226885288155   0.06435548978882141   0.14456037657817894
0.8877132454443708  0.7523525453732895   0.9976786727926812   0.14077220135674942   1.0565634943796522   -0.0010910936306800063   0.0033660909149730773
0.8938241886067466  0.7644100487344571   1.1017102999715263   0.13517655626499264   1.0403162717884502   -0.05595645091756782   -0.1624722259120197
0.898389896840927  0.7762348720460396   1.202319243200329   0.12675651384731415   1.0060894322880278   -0.08420042417678496   -0.34226839500422324
0.9016808244777688  0.7879723963835432   1.2974383995253183   0.12190146934336808   0.9511915632498941   -0.048550445039460634   -0.5489786903813378
0.9040173879363994  0.8003968824569357   1.3849063149377296   0.126422855124494   0.874679154124112   0.04521385781125915   -0.7651240912578213
0.9055605102728316  0.8146477920849726   1.4629342056850987   0.1433421263137116   0.7802789074736922   0.16919271189217594   -0.9440024665041973
0.9062078393752407  0.8310268649489784   1.5312951664913264   0.16391859651483506   0.6836096080622749   0.20576470201123473   -0.9666929941141738
0.9058918639864796  0.8475264815367326   1.5899444547811838   0.16502641848135916   0.5864928828985763   0.011078219665241   -0.971167251636986
0.9047679319354324  0.8640153190052641   1.6388542605553422   0.16527098483825356   0.48909805774158427   0.00244566356894399   -0.9739482515699198
0.9032175334468452  0.8784214349383338   1.6780045467030842   0.14489303355541377   0.3915028614774178   -0.2037795128283979   -0.9759519626416645
0.9017328783384743  0.8892236912118261   1.7073799666210379   0.10903803986487288   0.29375419917953666   -0.35854993690540893   -0.9774866229788116
0.9006012960464159  0.8964103874044699   1.7269692756918609   0.07275237497347987   0.195893090708231   -0.3628566489139301   -0.9786110847130568
0.9  0.9   1.736765443188801   0.03639625738976256   0.09796167496940314   -0.3635611758371732   -0.9793141573882785
0.9  0.9   1.736765443188801   5.000095397911356e-19   1.149959078218099e-24   -0.36396257389762554   -0.9796167496940313
