0.1  0.1   1.4471311490918082   5.161813933920458e-25   -3.0973088959614254e-32   0.0   5.989714456920033e-07
0.10048864755727106  0.10363396045820959   1.4371311507802096   0.03666666748841186   -0.09999998311598798   0.3666666666666667   -0.9999998311598799
0.10161109592196353  0.11088088323804485   1.4171311541566458   0.0733333349223222   -0.19999996623563718   0.3666666666666667   -0.9999998311964917
0.1036200734243422  0.12169587349788076   1.3871311594048306   0.110000002238821   -0.29999994751815345   0.3666666666666667   -0.9999998128251628
0.10687321302917535  0.13599720914133492   1.3471311671301887   0.14666666917717255   -0.3999999227464176   0.3666666666666667   -0.9999997522826414
0.11137757993614361  0.1520436569394244   1.2971311793963882   0.16666666666666666   -0.4999998773380051   0.20000006606979118   -0.9999995459158751
0.11683512268282298  0.16779145152548752   1.2371901102632512   0.16666666666666666   -0.5994106913313697   -3.0381838189337233e-09   -0.9941081399336457
0.12335816204683372  0.18312858823956216   1.168663039347085   0.16666666666666666   -0.6852707091616639   -6.078057076445434e-09   -0.8586001783029428
0.13101935767376752  0.1979300707333431   1.0931708144764014   0.16666666666666666   -0.7549222487068358   -8.04838834343969e-09   -0.6965153954517187
0.13985018881830044  0.21206492915587044   1.0123728202957016   0.16666666666666666   -0.8079799418069958   -3.359117855148992e-09   -0.5305769310015997
0.14984244794070695  0.22540406554331224   0.9278756900813683   0.16666666666666666   -0.8449713021433356   1.8118391863526678e-09   -0.36991360336339757
0.16095267817333966  0.23782745420558488   0.8411396161390411   0.16666666666666666   -0.867360739423272   -7.68300698180836e-10   -0.22389437279936397
0.1731079675731037  0.2492303809433406   0.7534726971950535   0.16666666666666666   -0.876669189439875   -9.292043981568617e-09   -0.09308450016603033
0.18621169862642103  0.2595294109868682   0.6661221617680749   0.16666666666666666   -0.8735053542697854   -3.3670440163148536e-08   0.031638351700896024
0.20002869505354906  0.26858919816754845   0.5803709402205359   0.16522382819269435   -0.8575122154753908   -0.014428413471880468   0.15993138794394637
0.2114042721528613  0.27476763849231317   0.49755501300610816   0.12945148867011125   -0.828159272144277   -0.35772339522583113   0.2935294333111381
0.21992345599730811  0.2785619239100589   0.41900640390252764   0.09325936693265892   -0.7854860910358055   -0.3619212173745232   0.42673181108471475
0.2266774239147315  0.28099669414676903   0.3459935325775572   0.07179428162127884   -0.7301287132497047   -0.21465085311380094   0.5535737778610071
0.23307287788289086  0.2828336572287256   0.2796999613769462   0.06654041239977204   -0.6629357120061101   -0.052538692215067885   0.6719300124359461
0.24001913188429966  0.2843958519941739   0.22121682526342631   0.07119754008200235   -0.5848313611351984   0.04657127682230308   0.781043508709117
0.24769617418621886  0.2857257182930236   0.17152423935383604   0.07791374902947108   -0.49692585909590276   0.06716208947468734   0.879055020392957
0.25571151511186774  0.28678537138385335   0.13144089823822996   0.08085082239983041   -0.4008334111560607   0.02937073370359313   0.9609244793984208
0.26346472454913944  0.2875737436613386   0.10133505237828186   0.07793188527560967   -0.3010584585994812   -0.029189371242207163   0.9977495255657943
0.27052605206011443  0.2881485944498488   0.0812291892567058   0.07084687688692015   -0.20105863121576062   -0.07085008388689532   0.9999982738372059
0.27691167644887116  0.2886035286042694   0.07112331843203733   0.06401809425400316   -0.10105870824668473   -0.06828782632916969   0.999999229690759
0.2832184251789327  0.2890521722589867   0.07101744160816206   0.0632268619125227   -0.0010587682387526779   -0.007912323414804844   0.9999994000793205
0.29059074550514374  0.2896499833218301   0.08091155937244975   0.07396518441748354   0.09894117764287698   0.10738322504960861   0.9999994588162965
0.30044383497936994  0.2906466087447799   0.10080567174269243   0.09903364802973753   0.19894112370242667   0.2506846361225397   0.9999994605954969
0.31375485540933273  0.2923963306949699   0.13069977810979536   0.1342552761681517   0.29894106367102946   0.352216281384142   0.9999993996860284
0.3301640499436649  0.29522311408792923   0.17059387638044815   0.1665089696131324   0.39894098270652767   0.32253693444980686   0.9999991903549819
0.3464272307439887  0.29886821055673995   0.22048795183870018   0.16666666666666666   0.4989407545825207   0.0015769712348964033   0.9999977187599297
0.36244397949502904  0.30347706614348996   0.28018280422004443   0.16666666666666666   0.5969485238134425   3.708753757707065e-08   0.9800776923092189
0.3781069367251328  0.30917351799137965   0.34881786376587026   0.16666666666666666   0.6863505954582586   7.421743716351148e-09   0.8940207164481611
0.39328880212018935  0.3160501992130248   0.4253074603477752   0.16666666666666666   0.7648959658190488   -3.4048936833222666e-08   0.7854537036079016
0.40591382557401273  0.32308438687127466   0.5083254955764384   0.14452370505251602   0.8301803522866312   -0.22142962730140467   0.6528438646758237
0.41483822505537604  0.3291413300502606   0.5962835846185953   0.10785706596066029   0.8795808904215708   -0.3666663909185574   0.49400538134939626
0.42034048649857314  0.33365864823898195   0.6874111246946314   0.07119062059530434   0.911275400760359   -0.3666644536535594   0.316945103387882
0.4266925431522784  0.3399409162787829   0.7798744883438483   0.08933952958001615   0.9246336364921695   0.18148908984711798   0.13358235731810494
0.4347997974815911  0.3495870553893072   0.8718632028057096   0.1260061794118622   0.919887144618613   0.3666664983184605   -0.047464918735566186
0.4441069097268177  0.3629288008027629   0.9616874225123763   0.16267283394061627   0.8982421970666669   0.3666665452875405   -0.2164494755194609
0.45242929093651063  0.37736887604456865   1.0479561956361387   0.16666666666666666   0.8626877312376232   0.03993839989254406   -0.35554465829043563
0.4595435291937932  0.3924408838874032   1.129784970408269   0.16666666666666666   0.8182877477213047   1.322217536347328e-08   -0.4439998351631844
0.46547681115800243  0.40801567034294484   1.2068156892645616   0.16666666666666666   0.7703071885629265   4.820041786264981e-09   -0.47980559158378483
0.4702709094074917  0.42397795184063597   1.2790284035222623   0.16666666666666666   0.7221271425770053   1.904270885073432e-09   -0.48180045985921094
0.47397999614360425  0.4402266589997375   1.3463719698330519   0.16666666666666666   0.6734356631078976   3.628550195058642e-10   -0.48691479469107646
0.4766763417949097  0.45667377207802   1.4083014383785772   0.16666666666666666   0.6192946854552532   -8.313455408499049e-10   -0.5414097765264433
0.47846287084052896  0.47324441243180354   1.4633982477554173   0.16666666666666666   0.5509680937684001   -2.1475385131613416e-09   -0.6832659168685318
0.4794877078360247  0.48987954139271384   1.509267294590852   0.16666666666666666   0.45869046835434696   -4.055480616590612e-09   -0.9227762541405313
0.47991532729756126  0.5065407221860303   1.5451363444948847   0.16666666666666666   0.3586904990403262   -7.745966210330092e-09   -0.9999996931402073
0.4799118428177908  0.5232073890986354   1.5710053955749925   0.16666666666666666   0.25869051080107847   -1.7142418580490664e-08   -0.9999998823924775
0.47964388568592825  0.5398719016297489   1.5868744473795269   0.16666666666666666   0.15869051804534387   -5.757951268889237e-08   -0.9999999275573459
0.4792909094953864  0.555952310535358   1.5927434997259544   0.16084282475842263   0.05869052346427493   -0.05823842252156134   -0.9999999458106894
0.4790558350769464  0.5691453149966875   1.5886125525323818   0.13195098586174506   -0.041309471935725796   -0.2889183889667755   -0.9999999540000073
0.4790158850038781  0.5799857133753906   1.5744816057686104   0.10840471992368501   -0.14130946763771282   -0.2354626593806005   -0.9999999570198703
0.47921769313246565  0.5898547973210332   1.550350659434905   0.09871147068446799   -0.24130946333705394   -0.09693249239217012   -0.9999999569934109
0.47976805437728526  0.5999289786795027   1.5162197135546416   0.10089203513812885   -0.3413094588026367   0.02180564453660853   -0.9999999546558275
0.48083234155584315  0.6106761639157877   1.4720887681757093   0.10799754520426086   -0.4413094537893216   0.07105510066132009   -0.9999999498668498
0.4825376497774917  0.6217467319676234   1.417957823380634   0.11201140706247172   -0.5413094479507512   0.040138618582108564   -0.9999999416142958
0.48484530855738495  0.6322151784058024   1.3538268793114874   0.10719778909727604   -0.6413094406914656   -0.04813617965195687   -0.9999999274071445
0.48749686636286294  0.6410651633477727   1.2796959362333709   0.0923866831685675   -0.7413094307811664   -0.1481110592870852   -0.9999999008970079
0.4901138017304771  0.6477089224816555   1.1955649947505207   0.07140580238840451   -0.8413094148285007   -0.20980880780162997   -0.9999998404733436
0.49245610243870064  0.6523273522104333   1.1014340574570962   0.05178442407462218   -0.9413093729342467   -0.19621378313782328   -0.9999995810574582
0.49476709978523586  0.655910567470039   0.9979788648081958   0.04263817577285007   -1.034551926489004   -0.09146248301772109   -0.9324255355475733
0.4980502348853934  0.6599469836595457   0.88795069000117   0.05203040624557747   -1.1002817480702567   0.09392230472727398   -0.6572982158125242
0.5040063216185136  0.6657703395619695   0.774130634218943   0.08329852528031036   -1.1382005578222707   0.31268119034732894   -0.3791880975201424
0.5134888257342947  0.6731187029308254   0.6592720303545108   0.11996513181193409   -1.1485860386443223   0.3666660653162373   -0.10385480822051762
0.5268743376272945  0.681252765107887   0.5460449378663066   0.15663170053917747   -1.1322709248820424   0.3666656872724338   0.1631511376228013
0.5419751748835684  0.6883056005415551   0.43694131796966806   0.16666666538179592   -1.0910361989663855   0.10034964842618442   0.412347259156567
0.5577200104910968  0.6937716725080131   0.334147891066962   0.16666666666666666   -1.0279342690270599   5.2667137922988647e-08   0.6310192993932586
0.5739112505273267  0.6977240824645967   0.23942553606703634   0.16666666666666666   -0.9472235499992571   2.1975389235023024e-08   0.8071071902780267
0.590380629967776  0.7002809052375794   0.15401755679890516   0.16666666666666666   -0.8540797926813118   1.0410658193951602e-08   0.9314375731794521
0.6069959557866239  0.7015880971452608   0.07851214627976129   0.16666666666666666   -0.7550541051914386   2.712128515037974e-09   0.9902568748987316
0.6236612153123452  0.7018047221400835   0.012997865118790806   0.16666666666666666   -0.6551428116097049   -3.9058700518757796e-09   0.9991129358173376
0.6403128193187063  0.7010962866328425   -0.04251893919994004   0.16666666666666666   -0.5551680431873086   -1.3786320833825902e-08   0.9997476842239634
0.6569149139302932  0.6996305993504296   -0.08805498343722919   0.16666666666666666   -0.45536044237289147   -3.645202693804008e-08   0.9980760081441711
0.6734543991891371  0.6975755767037695   -0.12361596500987646   0.1666666405450692   -0.35560981572647254   -2.8198836308365953e-07   0.997506266464189
0.6881016195632547  0.6953740100753842   -0.14918930234128158   0.1481175075091349   -0.25573337331405127   -0.18549133035934307   0.9987644241242124
0.7003619130461569  0.6933354905541774   -0.16476274823490816   0.12428610466389009   -0.15573445893626595   -0.23831402845244812   0.9999891437778541
0.7109857232258977  0.6915081492204374   -0.1703375399867435   0.1077981999317054   -0.05574791751835341   -0.16487904732184683   0.999865414179125
0.7210183198457494  0.6898281733808048   -0.16591244281969372   0.10172281639750674   0.04425097167049792   -0.06075383534198666   0.9999888918885131
0.7313053817032165  0.6882577813566457   -0.1514874644208916   0.1040623720510413   0.14424978398802116   0.02339555653534549   0.9999881231752322
0.7423111699474092  0.6868516464247302   -0.12707477065168465   0.11095250800354417   0.2441269376920694   0.06890135952502872   0.9987715370404827
0.7541203768517005  0.6857534493279008   -0.09272829837922336   0.1186016039401842   0.3434647227246131   0.07649095936640031   0.9933778503254362
0.7665296384204604  0.6851499138411884   -0.048597596238121474   0.12423929642654338   0.441307021411019   0.056376924863591915   0.9784229868640594
0.7791738028264643  0.6852132224226877   0.0050068988694491265   0.12644322896167506   0.5360449510757059   0.02203932535131683   0.9473792966468697
0.7916565946061921  0.686059043532298   0.06765555431861771   0.12511414946579832   0.626486554491686   -0.013290794958767466   0.9044160341598
0.8036676637397495  0.687737169944732   0.13881640005913173   0.1212773226894479   0.7116084574051401   -0.038368267763504355   0.851219029134541
0.8150692446618278  0.6902612135626096   0.21786300682236304   0.11677621491881354   0.7904660676323133   -0.045011077706343584   0.788576102271733
0.8259363603791725  0.6936714685036541   0.3040816745023837   0.11389646297277226   0.8621866768002064   -0.02879751946041279   0.7172060916789303
0.8365295139042148  0.6981087450046677   0.3966768670962709   0.11484960790162146   0.925951925938872   0.009531449288492068   0.6376524913866558
0.8471815120210853  0.7038559028408036   0.4947755040356821   0.1210350722209333   0.9809863693941122   0.06185464319311843   0.550344434552401
0.8580996687143079  0.711284246124542   0.5974269320368243   0.1320554540785153   1.0265142800114226   0.11020381857581978   0.45527910617310746
0.8691452794317257  0.7206559703872399   0.7035975135178045   0.1448567332838808   1.061705814809801   0.12801279205365518   0.35191534798378266
0.8797280544506868  0.7318208148838227   0.8121565195533685   0.15383396235383756   1.0855900603556408   0.08977229069956762   0.23884245545839555
0.8890006552881405  0.7440450502599759   0.9218504615978504   0.1534317622991891   1.0969394204448197   -0.004022000546484817   0.11349360089179238
0.8963205537732756  0.7562694834134537   1.0312651914966242   0.1424842727308972   1.0941472989877363   -0.10947489568291889   -0.027921214570836326
0.9015835897430025  0.7676846809756286   1.1387870368492856   0.1257005501189728   1.0752184535266145   -0.16783722611924393   -0.1892884546112161
0.9051593632937819  0.7781852923989316   1.2425827868485568   0.11092745230539454   1.0379574999927113   -0.14773097813578254   -0.3726095353390354
0.9075783787096438  0.7885076862734202   1.340603889757045   0.10602049371808042   0.9802110290848822   -0.04906958587314115   -0.5774647090782888
0.9092043493201667  0.8000297325651903   1.4306038344175267   0.11636207766105618   0.8999994466048199   0.10341583942975746   -0.8021158248006229
0.9100540355985671  0.8141288291407929   1.510603827982969   0.14124676669569058   0.7999999356544225   0.24884689034634422   -0.9999951095039741
0.9098905913018123  0.8307935348344394   1.580603824108075   0.16665507189821696   0.6999999612510612   0.2540830520252639   -0.9999997440336131
0.9087280777316353  0.8474196094274375   1.6406038214588403   0.16666666666666666   0.5999999735076492   0.0001159968695173756   -0.9999998774341203
0.9067360596045224  0.8639668045551082   1.6906038195744648   0.16666666666666666   0.499999981156245   2.5917504193624146e-08   -0.999999923514042
0.9044021799864929  0.878446587770414   1.73060381822823   0.1466666683448228   0.3999999865376527   -0.20000005832096324   -0.9999999461859231
0.9023268116390043  0.8892490342818947   1.7606038172936802   0.11000000200507228   0.2999999906545023   -0.3666666633975053   -0.9999999588315038
0.9007994864294134  0.8964215552974023   1.7806038166996307   0.07333333485785941   0.19999999405950727   -0.3666666666666667   -0.9999999659499497
0.9  0.9   1.7906038164094091   0.036666667479287415   0.09999999709778211   -0.3666666666666667   -0.999999969617252
0.9  0.9   1.7906038164094091   6.952394116523187e-26   -1.8434221463072952e-21   -0.3666666666666667   -0.9999999709778211
