0.1  0.1   1.4467620981756117   0.0   -2.001335446298811e-20   0.0   0.0003981943168512663
0.10048981258980177  0.1036334399996955   1.4367972995790876   0.036663063980736585   -0.09964798596524072   0.3666306398073658   -0.9964798596524073
0.10161404287590846  0.11087924637644102   1.4168676967229175   0.07332503241434428   -0.19929602856170311   0.3666196843360769   -0.9964804259646239
0.10362440860501086  0.12169241523531142   1.3869768170824488   0.10998463126071435   -0.2989087964046858   0.36659598846370073   -0.9961276784298269
0.10687682247445206  0.1359908294538072   1.347135236477298   0.14663657290814025   -0.39841580605151006   0.366519416474259   -0.9950700964682425
0.11137692604267592  0.1520365981873109   1.2973664745346454   0.16664862026869645   -0.4976876194265247   0.20012047360556218   -0.9927181337501456
0.11681609641614085  0.16778812763071085   1.2383052231000942   0.16664190774190818   -0.5906125143455142   -6.712526788292528e-05   -0.9292489491898956
0.12329676829323387  0.1831389725856129   1.1713248415913522   0.1666275933957904   -0.6698038150874186   -0.00014314346117778808   -0.7919130074190451
0.13088493718510208  0.19797133055078212   1.0979153377539643   0.1666070676589607   -0.7340950383738799   -0.00020525736829684046   -0.6429122328646132
0.1396099763710741  0.2121637981708238   1.0195905399415672   0.16659905340169998   -0.783247978123968   -8.014257260745615e-05   -0.49152939750087965
0.1494655436177764  0.2255967016529067   0.9378165486182868   0.16660585275253073   -0.8177399132328063   6.799350830763087e-05   -0.34491935108838223
0.1604123515766306  0.23815589841288384   0.8538856432161349   0.16660312954582135   -0.8393090540215182   -2.7232067093897816e-05   -0.21569140788712043
0.17238315082943972  0.24973930669894182   0.7689528619591174   0.16657592331226734   -0.8493278125701745   -0.0002720623355399337   -0.10018758548656204
0.18527876935108  0.2602550395331851   0.6840909655054735   0.16639639842786003   -0.8486189645364388   -0.0017952488440730965   0.007088480337356758
0.1969236177935345  0.2682292959572263   0.6004436742549352   0.1411351340966018   -0.8364729125053831   -0.25261264331258226   0.12146052031055621
0.20607726714691676  0.2734607813759278   0.5192143544420756   0.10543136922713088   -0.8122931981285967   -0.3570376486947093   0.24179714376786463
0.21333211791665635  0.27689077144209   0.44164015787862676   0.08024817228158149   -0.7757419656344883   -0.25183196945549396   0.3655123249410838
0.2201832912193598  0.27953967005482855   0.36893139138752923   0.07345423029642006   -0.7270876649109758   -0.06793941985161421   0.48654300723512633
0.22765099680415835  0.2818680452654813   0.30224025877736954   0.07822273187698196   -0.6669113261015968   0.04768501580561897   0.6017633880937893
0.23600927840637964  0.28393678230258135   0.24263136942594307   0.08610490361814506   -0.5960888935142645   0.07882171741163105   0.7082243258733217
0.2449804346950369  0.2856718862457172   0.19105027144092873   0.09137408322342769   -0.5158109798501433   0.052691796052826236   0.802779136641212
0.2541221553997006  0.28703738237923226   0.14827346618662968   0.09243140003967082   -0.4277680525429904   0.010573168162431446   0.8804292730715303
0.26309485890411854  0.28807268376917555   0.11487544475933534   0.09032234338545933   -0.33398021427294344   -0.02109056654211508   0.9378783827004693
0.27172364392122933  0.28886178989428773   0.0911967656901176   0.0866479193912772   -0.2367867906921773   -0.03674423994182119   0.9719342358076616
0.27990591496977  0.28949587699950174   0.07734066938538688   0.08206803638988981   -0.13856096304730733   -0.045798830013873984   0.9822582764486997
0.2875937574276775  0.29006117109210183   0.07339882134372144   0.07708597736868304   -0.03941848041665434   -0.049820590212067715   0.9914248263065296
0.2949833372170225  0.2906489430116648   0.07937353213310461   0.07412918810605834   0.059747107893831516   -0.029567892626246976   0.9916558831048587
0.30276916570339263  0.2913917953123011   0.09512287831884263   0.07821186275741733   0.15749346185738028   0.040826746513589925   0.9774635396354876
0.31220207149537493  0.2925362518632503   0.12073587840475222   0.09502078324113836   0.25613000085909604   0.1680892048372103   0.9863653900171576
0.32462115440986394  0.29449013068443974   0.15604961165359152   0.125718440526889   0.3531373324883929   0.30697657285750624   0.9700733162929689
0.34015647214574496  0.2976514274661529   0.20074999142553335   0.15853702863913507   0.4470037977194182   0.32818588112246067   0.9386646523102532
0.35626884231003614  0.30184007712019517   0.2543351200686707   0.16647920537888278   0.5358512864313733   0.07942176739747728   0.8884748871195499
0.37209743224823905  0.30701755946587767   0.3161272826162396   0.16653845888320934   0.6179216254756901   0.0005925350432656193   0.8207033904431682
0.3875285193428708  0.3132756857536433   0.3852844068148067   0.16651804513503915   0.6915712419856702   -0.0002041374817020984   0.7364961650998012
0.4011401755874339  0.32003248225804526   0.46076171585506326   0.1519642999925108   0.7547730904025658   -0.14553745142528335   0.6320184841689555
0.4110572256861297  0.32599452136434875   0.5412946154776785   0.115712485482389   0.8053289962261532   -0.3625181451012181   0.5055590582358732
0.41749811264851494  0.33064556774090237   0.6254130687797655   0.07944637012415315   0.8411845330208705   -0.36266115358235845   0.3585553679471744
0.421377293394216  0.3339903395343132   0.7115553106915393   0.05122064194031953   0.8614224191177364   -0.28225728183833626   0.20237886096865965
0.4269849009281722  0.33974273807431155   0.7981431536031885   0.08033389771307484   0.8658784291164924   0.291132557727553   0.04456009998755922
0.43438716400678357  0.3487637732364582   0.8836464073518799   0.1166930049665986   0.8550325374869139   0.36359107253523776   -0.10845891629578523
0.4430848512102399  0.36136547579460626   0.9666782937673482   0.1531184737556259   0.8303188641546825   0.3642546878902732   -0.24713673332231392
0.45142992718424146  0.37578533395416924   1.0461700488596632   0.16660510266879922   0.7949175509231502   0.13486628913173282   -0.35401313231532233
0.4586664012828323  0.390795686295441   1.1215718946450666   0.16663650103971495   0.7540184578540339   0.00031398370915733127   -0.4089909306911632
0.4648152073987094  0.40628460589451276   1.1928952798739143   0.16664766634907166   0.713233852288477   0.0001116530935672658   -0.40784605565556814
0.46990312140738577  0.4221541288956026   1.2605409283906606   0.1666519214532059   0.6764564851674636   4.255104134223983e-05   -0.36777367121013504
0.47395902791323685  0.4383183342260688   1.3249528940685003   0.16665290622976037   0.6441196567783962   9.847765544749198e-06   -0.3233682838906737
0.4770184814130503  0.45470023245141894   1.386165098958031   0.16665138618739012   0.6121220488953075   -1.5200423702587547e-05   -0.3199760788308868
0.4791355453221527  0.4712299011597094   1.4434132119937675   0.16664690432156523   0.5724811303573648   -4.48186582487316e-05   -0.3964091853794272
0.4803977820584  0.48784575294723054   1.4949761350799182   0.16663726240004376   0.5156292308615071   -9.641921521441579e-05   -0.5685189949585757
0.4809380397014956  0.5044988327417406   1.5383657954415846   0.16661840983575996   0.4338966036166623   -0.00018852564283813801   -0.8173262724484492
0.4809210524636257  0.5211543473257069   1.5718162431652687   0.16655523246712847   0.3345044772368437   -0.0006317736863147513   -0.9939212637981861
0.48054093472083814  0.5366669835620755   1.595295173142023   0.1551729269232677   0.2347892997675423   -0.11382305543860786   -0.9971517746930144
0.48008843680081636  0.5485699581319826   1.6087935623356355   0.1191157243939564   0.13498389193612614   -0.36057202529311316   -0.9980540783141612
0.47974296330966065  0.5568875214808429   1.612307886469064   0.08324734950445546   0.03514324133428486   -0.35868374889500915   -0.998406506018413
0.4795186647113291  0.563286074808995   1.605836558549965   0.06402483467709724   -0.06471327919099114   -0.1922251482735824   -0.99856520525276
0.4794023752316132  0.5695433539392839   1.5893788594906189   0.06258359637903152   -0.16457699059346304   -0.014412382980657244   -0.9986371140247191
0.47946007918092026  0.5768830369669244   1.5629345757729642   0.07339909855840718   -0.2644428371765451   0.10815502179375672   -0.9986584658308203
0.47985690403196335  0.5858363860325043   1.5265039268129996   0.08962138665092474   -0.3643064895996457   0.1622228809251755   -0.9986365242310058
0.4808045683023149  0.5962550561075425   1.4800876576650337   0.10461680252310178   -0.46416269147965905   0.14995415872177045   -0.998562018800134
0.48248805530190214  0.6076161893790344   1.4236872971496917   0.11485185139567532   -0.564003605153421   0.10235048872573543   -0.9984091367376178
0.48500846840606354  0.6192420138200255   1.3573057255694239   0.11895893247173588   -0.6638157158026781   0.04107081076060551   -0.9981211064925715
0.488359987114265  0.6304794107432679   1.2809486631679958   0.11726541146549847   -0.7635706240142803   -0.016935210062373997   -0.9975490821160239
0.4924623122405118  0.6408657211859233   1.1946299911979723   0.1116711762508549   -0.8631867197002341   -0.05594235214643586   -0.9961609568595383
0.4971857294983663  0.6501092430401546   1.0983894147373592   0.10380431920750016   -0.9624057646061319   -0.07866857043354732   -0.9921904490589767
0.5023167156212925  0.6579875508672289   0.9935216476384174   0.09401848372086528   -1.0486776709894177   -0.09785835486634871   -0.8627190638328565
0.5077580963205611  0.664604065570362   0.8825489972235018   0.08566614893356247   -1.1097265041491569   -0.08352334787302816   -0.6104883315973927
0.5138069669229479  0.6704478884476196   0.768158384121178   0.08410654040270042   -1.1439061310232388   -0.01559608530862043   -0.3417962687408224
0.5212888674871048  0.676171260825805   0.6530084551016977   0.09419969608826809   -1.1514992901948027   0.1009315568556766   -0.07593159171563657
0.5314220150380082  0.6822409963282663   0.5396824378804063   0.11811958701167617   -1.1332601722129132   0.23919890923408077   0.1823911798188953
0.5449576875136108  0.688458976098571   0.43062461550945746   0.14895559801179137   -1.0905782237094885   0.308360110001152   0.42681948503424744
0.5607109334069544  0.6938204028863804   0.3280413711540107   0.16640602554503467   -1.0258324435544668   0.17450427533243296   0.6474578015502156
0.5769153252452803  0.6976783350743919   0.23372821002770452   0.16657309375078094   -0.9431316112630624   0.0016706820574627899   0.8270083229140436
0.5933909852979635  0.7001475808410966   0.1487650968834957   0.16659668328863508   -0.8496311314420882   0.00023589537854167608   0.9350047982097432
0.6100066153368138  0.7013715035874138   0.07352813474792047   0.16660646700433365   -0.7523696213557524   9.783715698535837e-05   0.9726151008633588
0.6266635950562257  0.7015072834793958   0.008151350783140684   0.16657533117233325   -0.653767839647798   -0.00031135832000388913   0.9860178170795424
0.6433008432462723  0.700719276202755   -0.04732866879550867   0.1665589933942337   -0.5548001957864935   -0.00016337778099540719   0.9896764386130444
0.6598175095956099  0.6991801024430644   -0.09292076833781285   0.16588228451453482   -0.4559209954230417   -0.006767088796988924   0.988792003634519
0.6736562177587437  0.6973902158601949   -0.1286250700482603   0.13953979274878867   -0.35704301710447445   -0.2634249176574617   0.988779783185673
0.6850119002459875  0.6956225039077766   -0.1544281811040971   0.11492446662816841   -0.2580311105583681   -0.24615326120620248   0.9901190654610627
0.6951064062464428  0.6938864138654082   -0.17031746117181065   0.10242707651219296   -0.1588928006771357   -0.12497390115975451   0.9913830988123243
0.7050524197652498  0.6921146497381816   -0.17628890409194534   0.10102590412301914   -0.05971442920134681   -0.014011723891738213   0.991783714757889
0.7154870774638855  0.6902971076272029   -0.17245303179723445   0.10591767586799823   0.03835872294710894   0.04891771744979109   0.9807315214845577
0.7266232080262464  0.6885147523220165   -0.15870555548208878   0.11277863021679584   0.13747476315145676   0.06860954348797597   0.9911604020434783
0.7384183601662853  0.6869117224503906   -0.13507823179975792   0.11903584282722189   0.23627323682330864   0.06257212610426056   0.9879847367185188
0.7507098982079357  0.6856577798317001   -0.10166502171883278   0.1235533405133908   0.3341321008092514   0.045174976861689004   0.9785886398594273
0.7632799336387764  0.684920454111722   -0.058590274355475314   0.1259164167016322   0.43074747363357463   0.023630761882414145   0.9661537282432322
0.7758772517880347  0.6848435671011994   -0.0061033669883377726   0.12597552784801594   0.5248690736713755   0.0005911114638373078   0.9412160003780089
0.7882372389906045  0.6855289971998023   0.05539882381740015   0.12378978070405888   0.6150219080573792   -0.02185747143957067   0.9015283438600381
0.8001245955710261  0.6870273597084688   0.1253854947994072   0.11981416305148886   0.6998667098200704   -0.03975617652570025   0.8484480176269109
0.8113977774536552  0.6893503574809826   0.203219541457841   0.11510036855273022   0.7783404665843376   -0.04713794498758628   0.7847375676426734
0.8220668036897673  0.6925129167210576   0.2881731682161854   0.11127888468780606   0.8495362675834445   -0.038214838649241654   0.7119580099910668
0.8323164273540011  0.696600034154711   0.3794350608192172   0.1103446030282635   0.9126189260303174   -0.009342816595425575   0.630826584468729
0.8424204427435938  0.7018105319786301   0.4761174035185619   0.1136839542617569   0.966823426993448   0.03339351233493392   0.5420450096313071
0.8525668992071621  0.7084186027875822   0.5772666739589759   0.12108558071992492   1.0114927044041395   0.0740162645816804   0.4466927741069159
0.8627938243218547  0.7167199290992552   0.681842217104828   0.13172016392104446   1.045755431458521   0.10634583201119532   0.3426272705438116
0.8728540922586457  0.7268475860797128   0.7887362376998479   0.14275098138826398   1.0689402059501991   0.11030817467219528   0.23184774491678242
0.882174229796848  0.7385137008197498   0.8967223703466427   0.1493195221187909   1.0798613264679484   0.06568540730526906   0.10921120517749534
0.8901051953445277  0.7509875849294421   1.004464390150927   0.14781677824238068   1.077420198042842   -0.01502743876410242   -0.02441128425106567
0.8962881479381268  0.7634559072370048   1.1104397870792664   0.13917182327577918   1.0597539692833946   -0.08644954966601454   -0.1766622875944738
0.900772394945351  0.775447335829182   1.2129426968128556   0.1280245409686213   1.0250290973358913   -0.11147282307157888   -0.3472487194750339
0.9039009251934691  0.787171925878394   1.3100368426950242   0.1213481410383772   0.9709414588216869   -0.06676399930244124   -0.5408763851420436
0.9060450935209884  0.7995736846649341   1.3995964807832062   0.12585749036724747   0.8955963808818198   0.04509349328870282   -0.7534507793986702
0.9073602425690918  0.8139344690205575   1.4794718699869034   0.1442087876401239   0.7987538920369739   0.1835129727287644   -0.9684248884484589
0.907715742735414  0.8305384887080656   1.5493891093627352   0.16607824967464987   0.6991723937583172   0.2186946203452596   -0.9958149827865672
0.9070740317920477  0.8471836814288779   1.6093295727725583   0.16657557853609783   0.5994046340982301   0.004973288614479651   -0.9976775966008719
0.9056015249823149  0.8637807052763975   1.6592857683630633   0.16662217046311414   0.4995619559050497   0.0004659192701631534   -0.9984267819318031
0.9037232218025585  0.8783221887574253   1.6992536691549227   0.1466229056672113   0.39967900791859406   -0.19999264795902846   -0.9988294798645565
0.9019880209971721  0.8891825517925888   1.729230967571121   0.10998109250681393   0.2997729841619846   -0.36641813160397374   -0.9990602375660949
0.9006866995808909  0.896398576563137   1.7492163618840453   0.07332424627458412   0.19985394312924162   -0.3665684623222982   -0.9991904103274297
0.9  0.9   1.7592091830099978   0.03666307009227578   0.09992821125952583   -0.3666117618230833   -0.9992573186971577
0.9  0.9   1.7592091830099978   0.0   7.706696476099534e-21   -0.3666307009227578   -0.9992821125952581
