0.10000000000000002  0.1   -1.3875557024830423   0.0   -5.150788129408752e-19   -7.801226867421122e-08   -1.5640471654228463e-06
0.10070414743619059  0.09640158068521382   -1.3775557023838767   0.03666666766548634   0.10000000099165465   0.3666666666666667   1.0
0.10225608783739587  0.08923434539550124   -1.3575557021855458   0.07333333533050505   0.20000000198330922   0.3666666666666667   1.0
0.10490542817251998  0.07855815682575744   -1.327555701888064   0.11000000299453297   0.30000000297481527   0.3666666666666667   1.0
0.10900430126864914  0.06447588562565419   -1.2875557014914742   0.1466666706553684   0.4000000039658982   0.3666666666666667   1.0
0.11445608644151721  0.04872609675364821   -1.23755570099586   0.16666666666666666   0.5000000049561426   0.20000006003076154   1.0
0.12065070663443121  0.03379383783923064   -1.1775557004013673   0.16166189273341672   0.6000000059449279   -0.05004783925027808   1.0
0.1262361125522175  0.02261165094812628   -1.1075556997082354   0.12499522508237561   0.7000000069313183   -0.3666666666666667   1.0
0.13080192876216448  0.015050390278846144   -1.0275556989168602   0.08832855742723943   0.800000007913752   -0.3666666666666667   1.0
0.1338590736660553  0.010885852659052859   -0.9375556980279562   0.05166188977383932   0.9000000088890391   -0.3666666666666667   1.0
0.13486267533759608  0.00977169353556213   -0.8375556970431434   0.01499522213098483   1.000000009848128   -0.3666666666666667   1.0
0.13486267459236928  0.009771694199205384   -0.727555695969623   0.0   1.100000010735205   -0.14995232109889156   1.0
0.1348626737750441  0.009771694771550267   -0.6109043321361453   0.0   1.166513638334778   9.328543175112865e-12   0.665136275995732
0.13550101556238098  0.009426838869233156   -0.49531679949134744   0.007255383041736607   1.1558753264479793   0.07255393019708077   -0.10638311886798743
0.1395658997010239  0.007763053338178845   -0.3885038154377839   0.04392205067381177   1.068129840535635   0.3666666666666667   -0.8774548591234426
0.14728435680007038  0.0054455470892705825   -0.29169083147629743   0.08058871831933083   0.9681298396148642   0.3666666666666667   -1.0
0.15876466564648006  0.0030600148282152   -0.2048778476110625   0.11725538596475504   0.8681298386523493   0.3666666666666667   -1.0
0.17403082264643963  0.0010941978766205458   -0.12806486384321789   0.15392205359678005   0.7681298376784467   0.3666666666666667   -1.0
0.19066623514242056  7.397137171821892e-05   -0.06125188017320407   0.16666666666666666   0.6681298367001379   0.12744623046345174   -1.0
0.20733273860915663  0.0   -0.004438896601125755   0.16666666666666666   0.5681298357207832   5.1930747912591754e-11   -1.0
0.22398444548441793  0.0007060134944769048   0.04237408687319553   0.16666666666666666   0.46812983474321285   -4.796444232853033e-11   -1.0
0.24059888551079933  0.0020244192048508173   0.07918707025042909   0.16666666666666666   0.3681298337723357   -8.007391631448299e-11   -1.0
0.2571720073789887  0.003787780344417952   0.10600005353164675   0.16666666666666666   0.26812983281217634   -1.2293890525156837e-10   -1.0
0.27371314092051513  0.005829522751149099   0.12281303671881438   0.16666666666666666   0.16812983187167635   -2.1700522808921672e-10   -1.0
0.2902399803160579  0.00798391136321115   0.1296260198165976   0.16666666666666666   0.06812983097783237   -5.88624453260014e-10   -1.0
0.30633162677756276  0.010029435206055048   0.12643900284869491   0.16221136015508145   -0.03187016967902683   -0.04455316387576169   -1.0
0.3206074105221271  0.011673480158164289   0.1146580945743377   0.14370138667600055   -0.11780908274357228   -0.1850997347908093   -0.8593891306454546
0.33340062177954377  0.012914618051428043   0.09671269054498349   0.1285327497359864   -0.17945404029354214   -0.15168636940014102   -0.6164495754996984
0.34562529572933237  0.013829376843765595   0.07468969346706489   0.12258851366533309   -0.22022997077918596   -0.0594423607065331   -0.40775930485643846
0.35803619424205885  0.014455161256245146   0.05037950225309338   0.12426665201254251   -0.2431019121397151   0.01678138347209414   -0.22871941360529133
0.3709458862505018  0.014781903291191896   0.0253044218726591   0.12913826238192466   -0.25075080380434284   0.0487161036938216   -0.07648891664627709
0.38427682444155037  0.014791701745003206   0.0007350159388778114   0.13330941792058046   -0.24569405933781288   0.041711555386557644   0.05056744466529923
0.39775900837668526  0.014491030872090489   -0.022297651700755407   0.13485536201227522   -0.2303266763963322   0.015459440916947466   0.15367382941480678
0.4111161480133633  0.013916470644733817   -0.0429887134983046   0.1336949134143013   -0.20691061797549185   -0.01160448597973924   0.23416058420840355
0.4241650370659965  0.013122854046033083   -0.060743888197696196   0.13073000145860272   -0.17755174699391602   -0.029649119556985556   0.2935887098157582
0.43683425985991015  0.012168807591768199   -0.07516239949475269   0.12705093893344807   -0.14418511297056494   -0.03679062525154643   0.333666340233511
0.4491452970231789  0.011107197572924254   -0.08601958530845344   0.12356724965275992   -0.10857185813700748   -0.034836892806881466   0.35613254833557445
0.4611929344199825  0.009980487642585861   -0.09325000463006   0.12100208349939773   -0.07230419321606575   -0.025651661533621806   0.3626766492094172
0.47313405556936816  0.008819376946054983   -0.0969315951468357   0.11997439408217586   -0.03681590516775709   -0.01027689417221878   0.35488288048308664
0.4851666571464664  0.0076452467043963334   -0.09727113601251638   0.12089751136292959   -0.003395408656806554   0.00923117280753749   0.3342049651095054
0.4974744197854885  0.006477563027222992   -0.09459063028180054   0.12363029820734316   0.026805057307158448   0.027327868444135418   0.30200465963965
0.5101391283357996  0.005343421187999218   -0.08931311840358971   0.1271538911617344   0.052775118782108214   0.03523592954391228   0.2597006147494977
0.5230737037736832  0.004281119140777035   -0.08194495518936183   0.1297812495693204   0.0736816321422786   0.02627358407586034   0.2090651336017038
0.536052149972537  0.0033313414100161532   -0.07305093674605462   0.13013152710788592   0.08894018443307239   0.003502775385654914   0.15258552290793795
0.5488451222124376  0.002521477198307704   -0.0632210347255535   0.12818580996826337   0.09829902020501119   -0.019457171396225256   0.09358835771938794
0.5613544779578455  0.0018574484113044374   -0.05303279894563999   0.12526967525905128   0.10188235779913507   -0.029161347092120996   0.03583337594123883
0.5736354545424305  0.001328832400023381   -0.04301693005744416   0.12292348057163997   0.10015868888195818   -0.023461946874113154   -0.0172366891717688
0.5858133980059764  0.0009191212012294534   -0.033631024892362804   0.12184833616743161   0.09385905165081357   -0.01075144404208337   -0.06299637231144616
0.5979840022936036  0.0006118531678703883   -0.025241373975811703   0.12174482427204547   0.083896509165511   -0.0010351189538616123   -0.0996254248530257
0.610167179850498  0.0003911901469748549   -0.01811012728219835   0.12185175729204539   0.07131246693613356   0.0010693301999993299   -0.1258404222937745
0.6223248418787236  0.00024060314636397098   -0.012385547490825747   0.12158594591370844   0.057245797913726075   -0.0026581137833694172   -0.14066669022407471
0.634411657559775  0.0001427655133689164   -0.008094397963753022   0.120872116515818   0.042911495270727254   -0.007138293978904419   -0.14334302642998817
0.6464213553031132  8.107933785675023e-05   -0.005136318529228438   0.12009856163609577   0.029580794345245805   -0.007735548797222531   -0.1333070092548145
0.6584066199267607  4.176528709932123e-05   -0.003280187045670254   0.11985329102425415   0.01856131483558185   -0.0024527061184160255   -0.11019479509663954
0.6704694360583323  1.5691187308376518e-05   -0.0021615233872569195   0.12062844311470663   0.011186636584133339   0.007751520904524676   -0.07374678251448512
0.6827294658154981  0.0   -0.0012806800111906898   0.12260039811263232   0.008808433760662294   0.019719549979256904   -0.023782028234710446
0.695280307801911  0.0   1.3295530200162405e-10   0.12550841986413022   0.012806801441459919   0.029080217514978926   0.03998367680797624
0.7081431011790357  3.1639650214319886e-05   0.0024605527017462926   0.1286283231495381   0.024605525687909902   0.031199032854078837   0.11798724246449986
0.7212845444317508  0.00012231779932573756   0.006900057191571426   0.1314175609616369   0.04439504489825133   0.02789237812098788   0.19789519210341422
0.7346453574572475  0.0003092126217073113   0.013987369887475348   0.13362120130312521   0.07087312695903923   0.02203640341488349   0.2647808206078789
0.7481858566173464  0.0006378294192873415   0.024264415869448663   0.1354448620303737   0.10277045981973316   0.01823660727248465   0.31897332860693944
0.7619007304193163  0.0011613438111413362   0.03815276463559962   0.13724861774254565   0.1388834876615095   0.01803755712171956   0.3611302784177635
0.7757792422418758  0.0019388049385465568   0.05596056738249015   0.1390027108417281   0.17807802746890544   0.01754093099182434   0.3919453980739596
0.7897434950142559  0.0030286668451411226   0.07788867026023391   0.1400671819043569   0.21928102877743746   0.010644710626288124   0.4120300130853198
0.8036129444502496  0.004476820283868265   0.1040362098964997   0.13944847652075013   0.261475396362658   -0.006187053836067506   0.4219436758522052
0.8171157970091563  0.006302706504378417   0.13440700195199232   0.13625743565681625   0.3037079205549258   -0.03191040863933859   0.42232524192267845
0.8299369221215598  0.008489258675364625   0.16891778438846877   0.13006239254459576   0.34510782436476495   -0.06195043112220527   0.41399903809839134
0.8417835815355217  0.010982207322430836   0.20740853176782634   0.12106119618904962   0.38490747379357554   -0.09001196355546154   0.3979964942881063
0.8524543025848124  0.013702960817802957   0.24965431018872736   0.110121200181567   0.4224577842090098   -0.10939996007482596   0.3755031041543425
0.8618980377354899  0.0165764906125439   0.2953777967897689   0.09871236349989912   0.4572348660104161   -0.11408836681667893   0.3477708180140626
0.8702480787892465  0.01957030474248037   0.34426146909148936   0.08870519074101654   0.4888367230172038   -0.10007172758882582   0.3160185700678766
0.8778145819421841  0.02273338642914845   0.3959585561078123   0.08201039916981899   0.5169708701632295   -0.06694791571197538   0.2813414714602568
0.8850276803524413  0.026218621369480853   0.4501024220982346   0.08010970681843642   0.5414386599042238   -0.019006923513825703   0.2446778974099443
0.8923404376764461  0.03027375918539391   0.506313908425966   0.08361851612282202   0.5621148632773127   0.03508809304385598   0.20676203373088928
0.900119358479303  0.03519646672474457   0.5642076028877551   0.09205686197948282   0.5789369446178927   0.08438345856660784   0.16822081340579856
0.9085585259924878  0.04126465382023607   0.6233974011264944   0.10394346681801635   0.5918979823873937   0.11886604838533536   0.12961037769501033
0.9176453713946453  0.04866562852669015   0.6835028228126409   0.11719436247886879   0.6010542168614618   0.13250895660852427   0.09156234474068027
0.9271836245392822  0.05744787775871118   0.7441561047690051   0.1296557652495666   0.606532819563645   0.12461402770697844   0.054786027021833474
0.9368579324691233  0.06750930010082916   0.8050105502564313   0.13957953054364905   0.6085444548742613   0.09923765294082423   0.020116353106163096
0.9463126027899392  0.07861997901067297   0.8657490080424742   0.14588967636983746   0.6073845778604297   0.06310145826188437   -0.011598770138317754
0.9552204531424867  0.09046739073331753   0.9260921097604556   0.1482265031730952   0.6034310171798131   0.023368268032576873   -0.03953560680616599
0.9633290750583351  0.10271003755955686   0.9858049021705263   0.14684418636302837   0.5971279241007066   -0.013823168100668122   -0.0630309307910638
0.9704845252810876  0.11503251598523931   1.0447018236452459   0.1424934884272589   0.5889692147471964   -0.043506979357694646   -0.08158709353510153
0.976637521381819  0.12720132033407955   1.1026493997978617   0.13635951022791368   0.5794757615261567   -0.061339781993451935   -0.09493453221039712
0.9818360966817524  0.1391221232802282   1.1595676935030592   0.13005027029190713   0.5691829370519758   -0.06309239936006583   -0.10292824474181062
0.9862040296393563  0.15089170462746643   1.2154311892250318   0.12553958874051505   0.5586349572197253   -0.045106815513920866   -0.10547979832250463
0.9899024108102114  0.16282538223543716   1.2702716103756262   0.12493625756197219   0.5484042115059431   -0.006033311785428549   -0.10230745713782156
0.9930739159680728  0.17542394133698133   1.3241848765621116   0.12991617928550733   0.5391326618648559   0.049799217235351835   -0.09271549641087186
0.9957794209778023  0.18923458363208578   1.3773461521379762   0.140731516712141   0.5316127557586479   0.10815337426633627   -0.07519906106207912
0.9979536303049926  0.2045788348310572   1.4300379958318756   0.15497523384578987   0.5269184369389893   0.14243717133648884   -0.046943188196586765
0.9994200356374201  0.22118086474614043   1.4826980859025574   0.166666655903419   0.5266009007068214   0.11691422057629118   -0.0031753623216792277
1.0  0.23783743822234746   1.5359908401824651   0.16666666666666666   0.5329275427990766   2.0498546687748519e-07   0.06326642092255273
0.9996650301635741  0.2545007391893717   1.5908964691888028   0.16666666666666666   0.5490562900633754   1.137681078302092e-09   0.1612874726429875
0.9984098475167711  0.2705613015650673   1.6487908844900274   0.16109535912013032   0.5789441530122469   -0.05571317395603516   0.2988786294887162
0.9963923214699214  0.2849354933607854   1.7102429075320362   0.1451508873999066   0.6145202304200904   -0.15944471720223705   0.35576077407843265
0.9937694624127708  0.29759219330344455   1.7751348887888236   0.1292561190320151   0.6489198125678742   -0.15894768367891457   0.3439958214778394
0.9906170225498998  0.30889356750946945   1.8428246576930551   0.1173281449753724   0.6768976890423138   -0.11927974056642701   0.27977876474439767
0.9869459841770852  0.31922208134562213   1.9122981739688456   0.10961510881182204   0.6947351627579038   -0.07713036163550367   0.17837473715589705
0.982746382887237  0.3288450087547263   1.9822967144188566   0.10499399169218245   0.6999854045001084   -0.04621117119639597   0.05250241742204674
0.9780091839649402  0.3379304780426155   2.0514200515730874   0.10246306935212773   0.6912333715423102   -0.02530922340054721   -0.08752032957798035
0.9727158239064992  0.3466144650135613   2.118211316226406   0.10170117522420973   0.6679126465331862   -0.007618941279180024   -0.2332072500912415
0.9668273338022616  0.35503185985358593   2.181228313647702   0.10272626324391212   0.6301699742129626   0.010250880197023898   -0.3774267232022354
0.9603148204592222  0.36328072818031526   2.2391043317727446   0.10509836283928749   0.5787601812504196   0.02372099595375363   -0.5140979296254299
0.9532408476055743  0.3713493864227577   2.2906009730974435   0.10730532967540929   0.5149664132469921   0.022069668361217928   -0.6379376800342751
0.945848879608562  0.379066861745518   2.3346545184426173   0.10686468838033757   0.4405354534517356   -0.004406412950717195   -0.7443095979525657
0.9385832695726868  0.3861287413620973   2.370413079406996   0.10132089266901802   0.35758560964379   -0.055437957113195366   -0.8294984380794566
0.9319706736196972  0.3922193921616232   2.3972589320079565   0.08990130833267017   0.2684585260096006   -0.11419584336347863   -0.8912708363418935
0.9263550446180949  0.3972124749013682   2.4148098189105993   0.07514397136801776   0.17550886902643142   -0.14757336964652398   -0.9294965698316914
0.921568626230807  0.401399452074674   2.422897436502083   0.06359290748813864   0.0808761759148362   -0.11551063879879105   -0.9463269311159523
0.9167058484562947  0.4056649616690168   2.421531831995265   0.06468475847038427   -0.013656045068179822   0.010918509822456303   -0.9453222098301601
0.910218339763143  0.41147918423037183   2.4108709459835147   0.08711656159231941   -0.10660886011750442   0.22431803121935123   -0.929528150493246
0.9011644406237544  0.4199201431143228   2.391215617425654   0.12378322847088766   -0.19655328557860796   0.3666666666666667   -0.8994442546110354
0.8897415149788988  0.43118772759796387   2.3630404682475676   0.16044989572569554   -0.2817514917808565   0.3666666666666667   -0.8519820620224862
0.8783050783390197  0.44331149466844666   2.3270293969571227   0.16666666666666666   -0.36011071290445307   0.062167809068183234   -0.7835922112359646
0.8674000522555436  0.4559153915729611   2.2840549557399648   0.16666666666666666   -0.42974441217157583   1.9089465621853274e-10   -0.6963369926712288
0.8571256015609484  0.4690384047181014   2.2350440827349485   0.16666666666666666   -0.4901087300501592   6.67835548161001e-11   -0.6036431787858323
0.8475779202523607  0.48269928290078773   2.1807882551361883   0.16666666666666666   -0.5425582759876112   2.809140558000422e-11   -0.5244954593745219
0.8388526371193721  0.4968995380162937   2.1217698770714652   0.16666666666666666   -0.5901837806472298   1.1150518801478817e-11   -0.47625504659618284
0.8310483814775065  0.5116260924324854   2.058111530009937   0.16666666666666666   -0.6365834706152804   1.1238291552230932e-12   -0.46399689968050783
0.8242687293400648  0.5268515358739442   1.9897218268610117   0.16666666666666666   -0.6838970314892546   -8.590042544139931e-12   -0.4731356087397435
0.8186196670656806  0.5425316476881401   1.916590254164715   0.16666666666666666   -0.7313157269629648   -2.465100020684974e-11   -0.4741869547370996
0.8142018541693702  0.5586021405330408   1.8390715570572433   0.16666666666666666   -0.7751869710747165   -6.223386575936395e-11   -0.43871244111751734
0.8110996852430294  0.5749775598848385   1.7580182885972644   0.16666666666666666   -0.8105326845997894   -2.1006162205378692e-10   -0.3534571352507281
0.8094476918905713  0.5908132726500893   1.6747410892015329   0.15921648181645048   -0.8327719939573166   -0.07450194815314122   -0.22239309357527434
0.8092016686374957  0.6030657843318628   1.5908730427642641   0.12254981434218684   -0.8386804643726862   -0.3666666666666667   -0.05908470415369589
0.8097387942478304  0.611637286260867   1.5082140388271583   0.0858831469149788   -0.8265900393710602   -0.3666666666666667   0.12090425001626044
0.8105447339864789  0.6172669254655098   1.4286023820660199   0.05687035821654641   -0.7961165676113804   -0.290127886984324   0.304734717596799
0.8116903075482071  0.6224643426383054   1.3538529938597483   0.053221691116874546   -0.7474938820627175   -0.03648667099671855   0.4862268554866279
0.8135936824920202  0.6289596278283056   1.285737507380513   0.06768424179686792   -0.6811548647923519   0.14462550679993388   0.6633901727036565
0.8166396872343852  0.6374399840827369   1.2259636831798815   0.09010803909339847   -0.5977382420063188   0.2242379729653054   0.8341662278603323
0.8209461998657231  0.6477789530531564   1.176119858564162   0.11200014750666368   -0.4984382461571958   0.21892108413265204   0.9929999584912287
0.8263748236966136  0.6594759645629584   1.136276034015411   0.12895349353845123   -0.3984382454875094   0.16953346031787547   1.0
0.8326721065238488  0.6720480022212986   1.1064322095484151   0.14061006432287879   -0.29843824466995816   0.11656570784427574   1.0
0.8396006975639612  0.6852209532389292   1.0865883851678169   0.14883951502001064   -0.19843824380598246   0.0822945069713184   1.0
0.846969179901434  0.6989016592623083   1.0767445608755137   0.15538862547034324   -0.09843824292303172   0.06549110450332618   1.0
0.8545717823301386  0.71302232660416   1.0769007366720795   0.16037231988968487   0.0015617579656592713   0.04983694419341576   1.0
0.8621245335604819  0.7273983038218214   1.0870569125570357   0.1623923557652673   0.10156175884956169   0.02020035875582503   1.0
0.8692814242946398  0.7417143890583572   1.107213088528443   0.16005354775204592   0.20156175971407247   -0.023388080132213974   1.0
0.8757418317502594  0.7556745232058989   1.1373692645808113   0.15382529372950418   0.3015617605236838   -0.06228254022541738   1.0
0.8813739061510645  0.7692495933474695   1.1775254406884443   0.14697033421899955   0.40156176107633135   -0.06854959510504625   1.0
0.8862631214037026  0.7828889927559602   1.2266023812390927   0.14489225031402456   0.4907694055064846   -0.020780839049750324   0.8920764443015328
0.8905968063512097  0.7974874652009057   1.28222385688578   0.15228139182108075   0.556214756466868   0.07389141507056236   0.6544535096038339
0.8943833352619369  0.8137183003586342   1.3416033058386025   0.16666666666666666   0.5937944895282264   0.14385284844825777   0.37579733061358545
0.8971907517472866  0.8301468189655087   1.4015444336562555   0.16666666666666666   0.5994112781765313   -5.115840145346602e-10   0.056167886483047415
0.8990591552909891  0.8467084275598689   1.458455974093276   0.16666666666666666   0.5691154043702069   2.887735848557197e-10   -0.30295873806324397
0.9000974883708943  0.8633427197145219   1.5084559744916215   0.16666666666666666   0.5000000039834537   1.0883237048183295e-10   -0.6911540038675316
0.9004251196202311  0.8780057269289452   1.5484559748628977   0.14666667065332448   0.40000000371276134   -0.20000006001184276   -1.0
0.9003408643099646  0.8890054045437524   1.57845597514563   0.11000000299397343   0.30000000282732037   -0.3666666666666667   -1.0
0.9001380527444932  0.8963359330496488   1.5984559753351937   0.0733333353303464   0.2000000018956359   -0.3666666666666667   -1.0
0.9  0.9   1.608455975430187   0.03666666766545602   0.10000000094993604   -0.3666666666666667   -1.0
0.9  0.9   1.608455975430187   3.961921326781507e-23   4.551195413514724e-20   -0.3666666666666667   -1.0
