0.1  0.1   1.43517695436857   6.0146748156147e-26   -2.612366567099951e-21   8.532795552840357e-07   7.810565442768974e-05
0.10053205267841098  0.10362785953934671   1.4251769554835134   0.03666666727401229   -0.09999998885056706   0.3666666666666667   -0.9999998885056708
0.1017410499106138  0.11086084682503573   1.405176957713324   0.07333333442739744   -0.19999997770189265   0.3666666666666667   -0.9999998885132558
0.10387916531160615  0.12165104911401291   1.3751769610997433   0.11000000132045042   -0.29999996613580787   0.3666666666666667   -0.9999998843391519
0.10730302940994704  0.13591247498314932   1.3351769657553223   0.14666666737358855   -0.39999995344420997   0.3666666605313815   -0.9999998730840213
0.11199889244391  0.1519039312924339   1.2851769719006885   0.16666666666666666   -0.49999993854633873   0.20000007317381532   -0.9999998510212874
0.11764521709875288  0.16758502883027301   1.225176979948983   0.16666666666666666   -0.5999999195170559   -7.279159006208304e-09   -0.9999998097071718
0.1243744942908945  0.18283280327517393   1.1551769907756433   0.16666666666666666   -0.6999998917333958   -1.514358186403764e-08   -0.9999997221633989
0.13230077016127229  0.1974940426674269   1.0751770071716933   0.16666666666666666   -0.7999998360394998   -2.208290056164765e-08   -0.9999994430610395
0.14150867690142793  0.21138620733200875   0.9854664235149655   0.16666666666666666   -0.8971058365672779   -1.2261067495311795e-08   -0.9710600052777818
0.15200781713435488  0.22433015729014003   0.8893095515567175   0.16666666666666666   -0.9615687195824792   1.6380337252475995e-09   -0.6446288301520123
0.163737687212137  0.23617025576792933   0.7900747753392675   0.16666666666666666   -0.9923477621745009   -6.431620675791014e-09   -0.307790425920218
0.17658001390179442  0.24679345760008817   0.6911090183601624   0.1666666649245231   -0.989657569791051   -3.61041743264381e-08   0.02690192383450023
0.19037557473478553  0.2561454736005223   0.5957395236746301   0.16666664392406036   -0.9536949468553234   -2.1000462706352173e-07   0.3596262293572747
0.20342890912266856  0.26340005750332807   0.5072583919844752   0.14933804814738622   -0.8848113169015488   -0.17328595776674133   0.6888362995377468
0.21417948520552454  0.26831363981588413   0.4287036433668171   0.11820244382224991   -0.7855474861765803   -0.31135604325136335   0.9926383072496847
0.22321103153190344  0.27171467490769885   0.36014888902643133   0.09650692656036257   -0.6855475434038583   -0.2169551726188733   0.9999994277272202
0.2317654114882534  0.2743758038055259   0.3015941317363406   0.0895874005920715   -0.5855475729009072   -0.06919525968291074   0.9999997050295107
0.24078109533162775  0.2767070972181583   0.2530393724054825   0.09312222298648987   -0.4855475933085807   0.03534822394418367   0.9999997959232654
0.2505592974670887  0.27883713488813044   0.21448461147246461   0.1000751205232461   -0.385547609330179   0.06952897536756249   0.9999998397840167
0.2608517749938244  0.2807731748431456   0.18592984918114097   0.10472981635893622   -0.28554762291323643   0.046546958356901154   0.999999864169426
0.27113564291918285  0.2825106936957737   0.1673750856707306   0.10429617024102227   -0.18554763510410377   -0.00433646117913949   0.9999998780913266
0.2809098478381546  0.2840762211462767   0.15882032101312915   0.09898785682916914   -0.08554764657601442   -0.05308313411853125   0.9999998852808933
0.2899444813818165  0.28553668721823916   0.1602655552297938   0.09151915887703944   0.014452342166646264   -0.07468697952129703   0.999999887426607
0.2984676458371882  0.2870147619521013   0.17171078829807154   0.08650377867595599   0.11445233068277764   -0.05015380201083454   0.9999998851613136
0.30725146129561465  0.28873282871513195   0.1931560201491909   0.08950260745359137   0.21445231851119387   0.02998828777635377   0.9999998782841625
0.3174811778764573  0.291069866504479   0.22460125065464423   0.10493276273557116   0.3144523050545332   0.15430155281979777   0.9999998654333934
0.3302227125595137  0.2945420165730772   0.2660464795870886   0.13206155086866952   0.4144522893244434   0.2712878813309841   0.999999842699102
0.3454629136677079  0.2995500679656695   0.3174917065046969   0.16041954636796507   0.5144522691760829   0.28357995499295524   0.9999997985163946
0.3609472184602497  0.30571561746578774   0.37893693029079384   0.1666666419973495   0.6144522378609698   0.06247095629384414   0.9999996868488691
0.37595189394225287  0.3129707751927223   0.4503821441596906   0.16666661332219895   0.7144521386889667   -2.867515054515078e-07   0.9999990082799687
0.3874278766924301  0.31968097075392826   0.529105768302714   0.1329379195534465   0.7872362414302346   -0.3372869376875247   0.72784102741268
0.39531942237597645  0.32519505824907613   0.6098754721050167   0.09627131150017725   0.8076970380230271   -0.36666608053269245   0.20460796592792388
0.3999282837399362  0.32897469125414963   0.6868652209829276   0.059604721897884176   0.7698974887791084   -0.36666589602293065   -0.3779954924391872
0.4026236921635126  0.331506265349429   0.7540644624257833   0.03697849911742788   0.6719924144285573   -0.226262227804563   -0.9790507435055109
0.406547047453176  0.3356380168271276   0.8112637065615237   0.056977264766215015   0.5719924413574056   0.1999876564878715   -0.9999997307115172
0.412667623939993  0.34272534717352454   0.8584629519757447   0.09364385082317743   0.4719924541422098   0.36666586056962397   -0.999999872151957
0.42081205442918607  0.352897683475701   0.8956621982083875   0.13031046536555557   0.371992462326428   0.3666661454237817   -0.9999999181578177
0.4308710719233618  0.36618654685684643   0.92286144503778   0.16666665020659704   0.27199246829392354   0.36356184841041445   -0.9999999403250448
0.4407000555386215  0.37964644522603275   0.9400606923412376   0.16666666666666666   0.17199247303457627   1.8032097434695131e-07   -0.9999999525934727
0.4504318843537062  0.39317675576896005   0.9472599400507744   0.16666666666666666   0.07199247709536849   3.736889742196885e-08   -0.9999999593920779
0.4602015700966861  0.40667975698503955   0.9444591881328324   0.16666666666666666   -0.028007519179419287   1.7651604977301583e-08   -0.9999999627478778
0.47014329931645954  0.42005659608200935   0.9316584365808718   0.16666666666666666   -0.12800751551960662   8.24245878971983e-09   -0.9999999634018735
0.48038741999656126  0.43320329896392595   0.90885768541549   0.16666666666666666   -0.22800751165381897   3.205108632114565e-09   -0.9999999613421232
0.4910571748025861  0.4460069756794769   0.8760569346923501   0.16666666666666666   -0.3280075072313976   -3.50547648608791e-10   -0.9999999557757867
0.5022649977523268  0.4583423925038469   0.8332561845242549   0.16666666666666666   -0.4280075016809533   -4.660021489909418e-09   -0.9999999444955567
0.5141082176219298  0.4700691116213075   0.7804554351418287   0.16666666666666666   -0.5280074938242617   -1.609232956706853e-08   -0.9999999214330848
0.5249988568142568  0.47957584429066424   0.7176546871145832   0.1445627849981022   -0.6280074802724539   -0.22103887777109374   -0.9999998644819211
0.5336217811765909  0.48606128325581915   0.6448539431835816   0.1078961274232277   -0.7280074393100162   -0.3666665757487451   -0.9999995903756226
0.539637053162662  0.48987610650134905   0.565180328011197   0.07122946964638348   -0.7967361517238464   -0.3666665777684422   -0.687287124138302
0.5426940137967222  0.49148883004706495   0.48545005548201997   0.03456282041891443   -0.7973027252917699   -0.36666649227469034   -0.005665735679235413
0.5426940261397231  0.49148883544081634   0.4119811693320961   1.3470049198120184e-07   -0.7346888614992397   -0.3456268571842246   0.6261386379253009
0.5448463146547728  0.4922708553782654   0.3485122757349851   0.022899565573573616   -0.6346889359711093   0.22899430873081636   0.9999992552813048
0.5505455451024234  0.4940029290557726   0.2950433801688417   0.059566187488995365   -0.5346889556614339   0.36666621915421754   0.9999998030967537
0.559865903261527  0.4963984450507072   0.25157448348339645   0.09623282864800495   -0.43468896685445274   0.3666664115900958   0.9999998880698118
0.5728409992369963  0.499274130052586   0.21810558600207303   0.1328994656884229   -0.3346889748132342   0.36666637040417943   0.9999999204121858
0.5891929649585363  0.5024976314524449   0.19463668787612848   0.16666665660333257   -0.23468898125944543   0.3376719091490969   0.9999999355378874
0.6055868641989821  0.5055006043412548   0.18116778917194196   0.16666666666666666   -0.13468898704186513   1.0273051945243498e-07   0.999999942175803
0.6219910819056549  0.5084466905114188   0.17769888989889066   0.16666666666666666   -0.034688992730513346   1.1439391874822501e-08   0.9999999431135178
0.6383757086170954  0.5114998506592882   0.18422999002209955   0.16666666666666666   0.06531100123208877   -8.784491644715007e-09   0.999999939626021
0.654707626278794  0.5148234370857665   0.20076108945863388   0.16666666170617087   0.1653109943653436   -5.4357037009905974e-08   0.9999999313325484
0.6695675467927503  0.5182603717929953   0.22729218805596815   0.15252205016418863   0.2653109859733425   -0.14144611541982227   0.9999999160799893
0.6807522306255298  0.521281573886231   0.2638232855341378   0.11585543341916198   0.36531097478169644   -0.3666661674502665   0.9999998880835389
0.6882927915001937  0.5236999697038006   0.31035438132001203   0.07918882284448546   0.46531095785874205   -0.36666610574676506   0.9999998307704564
0.69289156768896  0.525467207672946   0.36688547381194536   0.049266492136089975   0.5653109249193341   -0.29922330708395495   0.9999996706059201
0.6980602614078906  0.5278590862493192   0.43341654211361025   0.05695303142434839   0.6653106830166488   0.07686539288258422   0.9999975809731474
0.7062092194506664  0.5323780422653365   0.5063252126456078   0.09318072797398802   0.7290867053199748   0.36227696549639626   0.6377602230332601
0.7170587946561651  0.5395117478192902   0.5816366420651569   0.12984723218855798   0.7531142941954915   0.3666650421456995   0.2402758887551665
0.7298661222539768  0.549365884824588   0.6558107238819069   0.1615956856840132   0.7417408181675004   0.31748453495455226   -0.11373476027991024
0.7422938619112688  0.5603981096951478   0.7259832277883185   0.16618023305557297   0.7017250390641148   0.04584547371559786   -0.40015779103385646
0.7530582833631297  0.5712646078515202   0.7901171466234498   0.1529554024465122   0.6413391883513132   -0.13224830609060767   -0.6038585071280166
0.7621574864017623  0.5815590508549212   0.8469508029212585   0.1373939782845472   0.5683365629780885   -0.15561424161965035   -0.7300262537322458
0.7702529156758535  0.5916742192709019   0.8958568166954254   0.1295579434907342   0.48906013774166773   -0.07836034793812961   -0.792764252364208
0.7779557120199615  0.6021486141581747   0.9367094490116079   0.13001769870803917   0.40852632316182524   0.004597552173049709   -0.805338145798425
0.7855659977852736  0.6132486647540354   0.9697947295478107   0.13458364412527796   0.3308528053620272   0.04565945417238776   -0.7767351779979805
0.7931605013186517  0.6249668534044572   0.995761219725912   0.1396396896177398   0.25966490178101426   0.050560454924618074   -0.7118790358101291
0.8007750474266507  0.6372423635227412   1.0155811526111722   0.14445395844176523   0.1981993288526026   0.048142688240254715   -0.6146557292841166
0.8085186910948291  0.6501520019312231   1.0304986878977709   0.1505399551937901   0.14917535286598543   0.06085996752024839   -0.49023975986617163
0.8165287035234704  0.6638597336926358   1.0419691370578352   0.15876467149521745   0.11470449160064423   0.08224716301427332   -0.34470861265341224
0.824782826770477  0.6783023060774591   1.0515862881423685   0.16634856406583354   0.09617151084533401   0.07583892570616113   -0.18532980755310208
0.8329160489025538  0.6928497546241723   1.061006833006754   0.1666666017740151   0.09420544864385072   0.0031803770818156648   -0.01966062201483294
0.8408909636240428  0.7074845894191252   1.0718563749377783   0.1666666296205066   0.10849541931024588   2.784649150403401e-07   0.14289970666395155
0.8486634313684175  0.7222279418443157   1.0856383252140152   0.16666664200454803   0.13781950276236823   1.238404142004709e-07   0.29324083452122357
0.856169371358427  0.7371087543658497   1.103631801194094   0.16666664826373373   0.1799347598007881   6.259185725267561e-08   0.4211525703841986
0.8633284964487458  0.7521594903509845   1.1268046419223536   0.16666665105925405   0.23172840728259586   2.795520289205367e-08   0.5179364748180777
0.870049424366661  0.7674109445855335   1.1557244434617502   0.16666665183723944   0.28919801539396633   7.77985388732425e-09   0.5746960811137044
0.8762361126116607  0.7828868167477107   1.1904938777147287   0.16666665251959564   0.34769434252978476   6.823562122773377e-09   0.5849632713581839
0.8817960920258591  0.798598734854943   1.230677847700432   0.1666666558417405   0.40183969985703316   3.322144859174064e-08   0.5414535732724844
0.8866505429297992  0.8145427641291374   1.2752452661642812   0.16666666225587587   0.445674184638495   6.414135367325531e-08   0.4383448478146186
0.8907462443891994  0.8306983517874131   1.3225111474856934   0.16666666666666666   0.4726588132141197   5.986089830716458e-08   0.2698462857562466
0.8940682475499278  0.8470305926049859   1.370132191824698   0.16666666666666666   0.4762104433900469   3.628294864251068e-08   0.03551630175927228
0.8966515051434566  0.8634958463583253   1.4151734799762854   0.16666666666666666   0.4504128815158722   1.7499921505558218e-08   -0.257975618741747
0.8983559152784922  0.8780631418330156   1.454323379178751   0.14666666674993212   0.39149899202465904   -0.20000006870320594   -0.5891388949121318
0.8993059328968651  0.8890220409144394   1.4843233619629363   0.11000000116002474   0.2999998278418499   -0.36666665589907366   -0.9149916418280912
0.8997930424602772  0.8963391785797117   1.5043233536638516   0.0733333343980186   0.19999991700915493   -0.3666666666666667   -0.9999991083269499
0.9  0.9   1.5143233499043172   0.03666666728036675   0.09999996240465413   -0.3666666666666667   -0.9999995460450081
0.9  0.9   1.5143233499043172   1.7646650674120188e-26   1.6206824860227753e-21   -0.3666666666666667   -0.9999996240465412
