0.1  0.1   1.4467833550121247   5.000282159522275e-19   -1.0132010334939313e-23   2.0794000243812177e-09   3.836511280494648e-08
0.10048806531110524  0.10362065416242938   1.4368037177601694   0.036534017451860544   -0.09979637251955413   0.36534017451860545   -0.9979637251955414
0.10160818503266901  0.11083886395088592   1.4168445350006018   0.07304602709280662   -0.1995918275956748   0.3651200964094608   -0.9979545507612066
0.10361100195158764  0.12160718580403486   1.3869059894721691   0.1095299188089046   -0.2993854552843265   0.3648389171609798   -0.9979362768865166
0.10685089423961183  0.13584088516101192   1.346988356041306   0.14597777208234347   -0.3991763343086302   0.36447853273438857   -0.997908790243037
0.11133728412648694  0.15182088541227612   1.297092005062294   0.1659783426370373   -0.4989635097901202   0.20000570554693842   -0.9978717548149003
0.11677187999820629  0.1675041066902221   1.237222467192298   0.16598140315702667   -0.5986953786999613   3.060519989371754e-05   -0.9973186890984101
0.12326705660346492  0.18277898817712562   1.168739823418495   0.16598473531325272   -0.6848264377380322   3.3321562260629916e-05   -0.8613105903807103
0.1308961856166132  0.19752083290409336   1.093234927473728   0.1659896368604644   -0.7550489594476683   4.9015472116521385e-05   -0.7022252170963602
0.13969207608311043  0.2115987099342185   1.012339163858686   0.1659982863679605   -0.8089576361504196   8.649507496096222e-05   -0.5390867670275133
0.14964847161231976  0.22488318894064344   0.9276307905064214   0.1660142145729757   -0.8470837335226467   0.00015928205015201295   -0.38126097372226997
0.1607245161493133  0.23725347886874376   0.8405425287724633   0.16604301716327274   -0.8708826173395804   0.00028802590297065264   -0.23798883816933822
0.1728506827457198  0.24860367346254159   0.7523568588950903   0.16609359820186198   -0.8818566987737305   0.0005058103858922684   -0.10974081434150088
0.18593492188285218  0.2588488344231169   0.6642983468738825   0.1661808162516655   -0.8805851202120785   0.0008721804980352118   0.01271578561652079
0.19986958193262738  0.2679312729768625   0.577630851213369   0.16633263082742047   -0.8666749566051346   0.001518145757549663   0.13910163606943837
0.21194124066523162  0.2744272517760485   0.49367513454854534   0.13708489526995346   -0.839557166648236   -0.29247735557467003   0.27117789956898625
0.22120964715536048  0.27849699782906806   0.4137515866667425   0.10122558559963755   -0.7992354788180286   -0.3585930967031591   0.4032168783020737
0.2282284906716748  0.28097283953384095   0.3391155915582973   0.07442711633016141   -0.7463599510844523   -0.2679846926947613   0.5287552773357632
0.23413860089286867  0.28261444966997223   0.27093316102494175   0.061338639261702445   -0.681824305333555   -0.13088477068458979   0.6453564575089735
0.2398942524163053  0.2838429096744257   0.21028024473259924   0.058852900048284314   -0.6065291629234253   -0.024857392134181314   0.7529514241012963
0.2459400390403142  0.28480703665339324   0.15813931758683905   0.0612217908376931   -0.521409271457602   0.023688907894087913   0.8511989146582339
0.2522240473608788  0.2855352799456195   0.11537368311316985   0.0632606503797743   -0.427656344736692   0.020388595420812   0.9375292672090988
0.2584216243943668  0.2860482703169978   0.08258446919718206   0.062187715994683715   -0.32789213915987797   -0.010729343850905886   0.9976420557681404
0.26422354579332674  0.2863954858130426   0.059773625584027774   0.058123016542301294   -0.22810843613154283   -0.040646994523824205   0.9978370302833516
0.2695712377321963  0.28664669899053336   0.04694149125401087   0.0535358918232458   -0.12832134330016903   -0.045871247190554944   0.9978709283137379
0.27478944626077584  0.28687691003063487   0.044088284356101015   0.05223284155615222   -0.028532068979098577   -0.01303050267093585   0.9978927432107046
0.2806079911620434  0.28717516240195584   0.05121410428170169   0.0582618393501232   0.07125819925600684   0.06028997793970983   0.9979026823510541
0.28806586052490485  0.2876854702741637   0.06831893268544735   0.07475307990796455   0.17104828403745653   0.16491240557841347   0.997900847814497
0.29825550752397473  0.28866054952129755   0.09540263461980412   0.10236194874207107   0.2708370193435678   0.27608868834106515   0.9978873530611128
0.3118179009854823  0.29046767367332954   0.13246496077258285   0.13682259100891755   0.3706232615277872   0.3446064226684649   0.9978624218421936
0.32815012386772996  0.2934312984804845   0.1795055512309625   0.1659893298591741   0.4704059045837968   0.2916673885025656   0.9978264305600958
0.3443004192184571  0.29732409446202157   0.23652393984437411   0.16612823374368765   0.5701838861341159   0.0013890388451352307   0.9977798155031913
0.36014528882965124  0.30228665703024965   0.30351955579903644   0.16603822458641673   0.6699561595466236   -0.0009000915727091261   0.9977227341250772
0.37556009721820993  0.30844791602972893   0.3802454970582413   0.16600524995123633   0.7672594125920482   -0.0003297463518040235   0.973032530454246
0.39039573709496156  0.31589943894768335   0.46546336320728676   0.16601849425556026   0.8521786614904547   0.00013244304323920501   0.8491924889840655
0.404487961854613  0.324686895695951   0.5575687126872853   0.16607534277515043   0.9210534947999852   0.0005684851959018498   0.6887483330953044
0.4160094024632332  0.333529945420673   0.6546261480640564   0.1452388109741113   0.9705743537677112   -0.20836531801039157   0.49520858967726034
0.4260054507992151  0.34292559404216383   0.7544463610306891   0.13718571184849263   0.9982021296663269   -0.08053099125618637   0.27627775898615664
0.43642930083810144  0.3549060571043337   0.8547649650395447   0.1588043276542577   1.0031860400885562   0.21618615805765057   0.04983910422229272
0.446043401474723  0.36844790227805563   0.9534203565374963   0.16607603733233584   0.986553914979516   0.07271709678078148   -0.16632125109040208
0.45432397943848724  0.38283589015932745   1.0485711750546403   0.16600667657823007   0.9515081851714388   -0.0006936075410577311   -0.35045729808077175
0.4612716463888696  0.39790766352512286   1.138855558517237   0.16596036528132457   0.902843834625968   -0.0004631129690549905   -0.4866435054547078
0.46692123211904124  0.4135091915480949   1.2233674888568686   0.1659293511027492   0.8451193033963155   -0.000310141785753756   -0.5772453122965249
0.47133646735502693  0.4295018619889143   1.3014275588378386   0.16590955669198557   0.7806006998096995   -0.00019794410763618122   -0.6451860358661605
0.4746099010460159  0.44576563809597075   1.3721785247443108   0.16589930120084442   0.7075096590647231   -0.00010255491141155961   -0.730910407449764
0.4768699090391789  0.46220084913829523   1.4341432231126048   0.1658987034712607   0.61964698368294   -5.977295837192194e-06   -0.8786267538178302
0.47827293794373826  0.4787323634688297   1.4861292642195265   0.16590945005251273   0.5198604110692182   0.00010746581252025133   -0.9978657261372181
0.4789806047366155  0.4953107528456501   1.5281361242834266   0.16593486270787816   0.4200686006390003   0.0002541265536543784   -0.9979181043021793
0.4791570874432607  0.5119078510347264   1.5601633803981592   0.16598036463486399   0.3202725611473246   0.00045501926985818395   -0.9979603949167569
0.4789675504545408  0.5285122418363508   1.5822107026360805   0.16605472536571997   0.22047322237921455   0.0007436073085599449   -0.9979933876811006
0.4785773869940072  0.5451249537188563   1.5942778481061972   0.16617292908798265   0.12067145470116689   0.0011820372226265463   -0.9980176767804766
0.4781520648140087  0.5617560552421664   1.5963646568140961   0.1663653920847745   0.020868087078989874   0.0019246299679186746   -0.9980336762217701
0.47788687728923107  0.5767582659213749   1.5884710492142344   0.15004554298162162   -0.0789360759986189   -0.1631984910315287   -0.9980416307760879
0.47788944158968705  0.5896247110532195   1.570597025386691   0.12866445387375183   -0.1787402382754328   -0.2138108910786979   -0.9980416227681392
0.4781974728585174  0.6006019048157616   1.542742667206473   0.10981514748108337   -0.27854358180218053   -0.1884930639266847   -0.9980334352674772
0.4788253803927263  0.6101180061084256   1.5049081424665085   0.095367946231284   -0.3783452473996439   -0.14447201249799368   -0.9980166559746337
0.47978238233044196  0.6184984135038679   1.4570937103744925   0.08434872899004608   -0.47814432092015996   -0.11019217241237919   -0.9979907352051605
0.4810528205716815  0.6258335955146168   1.3992997284203859   0.07444387715293493   -0.5779398195410687   -0.09904851837111149   -0.9979549862090864
0.4825630134649963  0.6320243626942361   1.3315266608707579   0.06372305771639314   -0.6777306754962796   -0.10720819436541792   -0.99790855955211
0.4841964561078695  0.637003053695836   1.2537750892061938   0.05239799514959379   -0.7775157166456389   -0.11325062566799353   -0.9978504114935934
0.4859214067348847  0.6410295084621107   1.1660457246937395   0.04380387271748539   -0.8772936451245447   -0.08594122432108402   -0.9977792847890576
0.4880355328452079  0.6448768931333149   1.0683394230636145   0.04389976995220544   -0.9770630163012496   0.00095897234720051   -0.9976937117670489
0.4914108430752549  0.6497106356367268   0.9612250299303579   0.05895573401998083   -1.071143931332566   0.15055964067775393   -0.9408091503131636
0.4974477217218751  0.6565529489223374   0.8478544954423022   0.09124755059312172   -1.1337053448805565   0.3229181657314088   -0.6256141354799062
0.5069371602501355  0.6650700310388347   0.7314503217602818   0.1275108353673208   -1.164041736820204   0.3626328477419908   -0.3033639193964758
0.5203090374948357  0.6745201778994567   0.61522049955245   0.16374137434823796   -1.1622982220783185   0.3623053898091718   0.017435147418856083
0.534874907905115  0.6825207101723033   0.502279235413131   0.1661845653054795   -1.1294126413931895   0.024431909572415283   0.32885580685128996
0.5501917299478671  0.688915972694457   0.3955281730261826   0.1659832582570935   -1.067510623869484   -0.0020130704838598034   0.6190201752370554
0.566046946857745  0.6937778356505729   0.29753845951325975   0.16583896244947663   -0.9798971351292283   -0.0014429580761688892   0.8761348874025577
0.5822580851029062  0.6972250976547306   0.20952675107694108   0.16573612114712327   -0.8801170843631869   -0.001028413023533501   0.9978005076604132
0.5986818734295267  0.6993972600258939   0.1314939344841068   0.16566807548959878   -0.7803281659283428   -0.000680456575244883   0.9978891843484418
0.6152118136713152  0.7004473411783709   0.06344076230699244   0.1656326039232197   -0.6805317217711434   -0.0003547156637906906   0.997964441571993
0.6317746046084838  0.7005362488612366   0.005367865190322953   0.16563029559969603   -0.5807289711666949   -2.30832352370881e-05   0.9980275060444858
0.6483258903067138  0.6998286772176245   -0.042724237841979026   0.16566403227474452   -0.4809210303230198   0.0003373667504850808   0.9980794084367507
0.6648456865756404  0.6984903811020715   -0.08083513090751875   0.16573916412837375   -0.3811089306553972   0.0007513185362922744   0.9981209966762262
0.6813337642072117  0.6966866215645238   -0.1089644945000176   0.1658644785522035   -0.2812936359249887   0.0012531442382974405   0.9981529473040849
0.696500549613286  0.6947482888257128   -0.1271121003297395   0.1529014432110191   -0.1814760582972188   -0.12963035341184403   0.9981757762776987
0.7096497841245721  0.6929585584596016   -0.1352778076752496   0.13270474860230153   -0.08165707345510123   -0.20196694608717558   0.9981898484211758
0.7212851911766297  0.6913963927211106   -0.13346156312794707   0.11739806602383379   0.018162445473025302   -0.15306682578467737   0.9981951892812654
0.7322984184235286  0.6900498355469672   -0.12166340280639504   0.1109524180064499   0.1179816032155204   -0.06445648017383904   0.998191577424951
0.7434624511549349  0.6889310101745642   -0.09988345537049736   0.11219955304786952   0.21779947435897684   0.01247135041419629   0.9981787114345644
0.7551883730599078  0.6881309796391509   -0.06812194541184599   0.11753182266027985   0.3176150995865137   0.05332269612410333   0.9981562522753687
0.7674903375805997  0.6878063883939745   -0.02637919748290239   0.12306245997211304   0.417427479289436   0.05530637311833193   0.9981237970292233
0.7800929096685729  0.6881258609072528   0.025344358672683205   0.12606620717624625   0.5172355615558559   0.03003747204133219   0.9980808226641994
0.7926121660996942  0.689218400334336   0.08704818108380218   0.12566838265304256   0.6170382241111897   -0.003978245232037179   0.9980266255533373
0.8047412614202943  0.6911600052869467   0.15873160622510063   0.12283516723085332   0.7168342514129847   -0.028332154221892263   0.9979602730179502
0.8163772136751607  0.6940123747333387   0.24039383710166062   0.11980458936702607   0.8166223087655998   -0.030305778638272503   0.9978805735261512
0.8276480086575927  0.6978895483363544   0.33132123720859685   0.11919030777761566   0.9092740010693623   -0.0061428158941041104   0.9265169230376246
0.8388231324831001  0.7030173106014167   0.43019335931391517   0.12295419405570274   0.988721221053183   0.037638862780870724   0.794472199838208
0.8501246018686104  0.7097237253270513   0.5355604610884981   0.13141507095416477   1.053671017745829   0.08460876898462048   0.6494979669264592
0.8615034464190487  0.7182999947636542   0.6458668283847487   0.14248877174894678   1.1030636729625067   0.11073700794781996   0.4939265521667781
0.8724995799475946  0.7287397192752453   0.7594470627360742   0.15162545975070466   1.1358023435132543   0.09136688001757888   0.32738670550747534
0.8823459924063143  0.7405183254287857   0.8745114438727872   0.15352113900577188   1.1506438113671311   0.018956792550672213   0.14841467853876772
0.8903624120085841  0.7527093731525772   0.9891206117422916   0.14590566398602262   1.1460916786950437   -0.07615475019749254   -0.04552132672087486
0.8963435213284618  0.7644945073518584   1.1011563633440675   0.13216015162713507   1.1203575160177592   -0.13745512358887557   -0.25734162677284356
0.9005865071522594  0.7756823062702478   1.2083038225415261   0.11965357216989154   1.0714745919745865   -0.12506579457243525   -0.4888292404317286
0.9036038346112876  0.7869008615683143   1.3080553423286254   0.11617239257317544   0.9975151978709915   -0.03481179596716104   -0.7395939410359488
0.9057822124937549  0.7993735542864175   1.3978885607500797   0.12661492559252965   0.8983321842145436   0.10442533019354204   -0.9918301365644796
0.9071653293590255  0.8141942161689664   1.477742291160135   0.14885060661085622   0.7985373041005538   0.22235681018326584   -0.997948801139898
0.9075506495395226  0.8308138183307551   1.5476157982333234   0.16624068323899774   0.6987350707318819   0.1739007662814151   -0.9980223336867184
0.9069411185177608  0.847409341391441   1.6075084663684909   0.16606712910867194   0.5989266813516766   -0.0017355413032578983   -0.9980838938020536
0.9055053139579543  0.8639431017636614   1.6574197859551612   0.16595986465389126   0.49911319586670194   -0.0010726445478069944   -0.9981348548497461
0.9036637905659937  0.8784167340031239   1.6973493423035444   0.14590313176564418   0.39929556348383133   -0.20056732888247059   -0.9981763238287066
0.9019578303415271  0.8892282646998823   1.7272968067671066   0.10945295623474639   0.2994746446356232   -0.36450175530897794   -0.9982091884820814
0.9006765848900415  0.8964133384938592   1.7472619306092845   0.07298415946474099   0.19965123842177912   -0.364687967700054   -0.9982340621384406
0.9  0.9   1.7572445414494644   0.03649918885679059   0.09982610840179783   -0.36484970607950407   -0.9982513001998129
0.9  0.9   1.7572445414494644   5.00021042891485e-19   1.648899098947574e-23   -0.36499188856790593   -0.9982610840179783
