0.1  0.1   -1.680544757888834   0.0   2.246499630854269e-19   -2.452521416664711e-09   -1.031829284761641e-07
0.09963488131610256  0.09635184822906419   -1.6705473495735241   0.036663773669805874   0.0999740831530977   0.3666377366980587   0.999740831530977
0.0990506796910546  0.08904254385033916   -1.6505525329720143   0.07332613588587257   0.19994816601509946   0.36662362216066685   0.9997408286200177
0.09850357422570942  0.07805762480615155   -1.6205603496947032   0.1099853493868682   0.2999218327731096   0.36659213500995647   0.9997366675801017
0.09836024790468602  0.06339493450924918   -1.5805709147800422   0.1466339078034415   0.3998943491466101   0.36648558416573257   0.9997251637350042
0.09903013061030577  0.04674508831007453   -1.5305844477798092   0.166633166355123   0.49986467000233115   0.19999258551681545   0.9997032085572106
0.10038484780969265  0.03326955932574862   -1.470601313278717   0.13543453772861788   0.5998313450109221   -0.31198628626505104   0.999666750085909
0.10205862139785146  0.02352904192036896   -1.400622079358437   0.09883278674047426   0.6997923392028023   -0.36601750988143666   0.9996099419188021
0.10359889053606619  0.01750059910432932   -1.3206476182111093   0.06222101879942188   0.7997446114732758   -0.3661176794105237   0.999522722704735
0.10445415611472338  0.01508369683401017   -1.2306793487145673   0.025637659398445218   0.8996826949654203   -0.3658335940097665   0.9993808349214462
0.10445690072007327  0.015077868085722177   -1.1307199095063944   6.44260546141519e-05   0.9995943920817278   -0.25573233343831064   0.9991169711630751
0.10445942837647654  0.015073745563214256   -1.0207758125860271   4.835725252867316e-05   1.099440969203673   -0.00016068802085478738   0.9984657712194512
0.10446230218288742  0.015070117521069565   -0.9008852581824269   4.628331566654803e-05   1.1989055440360015   -2.0739368621251263e-05   0.9946457483232855
0.10446584427237218  0.015066650388070396   -0.7747045909484115   4.956552143579056e-05   1.2618066723401544   3.28220576924253e-05   0.6290112830415293
0.10447186794991503  0.015062084706631425   -0.6485734185741562   7.55844813056316e-05   1.2613117237425528   0.00026018959869841026   -0.004949485976015688
0.10722347204752858  0.013454125470112781   -0.5288487494072456   0.03186982588014009   1.1972466916691065   0.3179424139883446   -0.640650320734464
0.11347529956146904  0.010669110536311897   -0.4190821745621125   0.06844096393647206   1.0976657484513306   0.3657113805633197   -0.9958094321777595
0.12344792010698027  0.007372023952128594   -0.31930103589280223   0.10503520385485118   0.9978113866931027   0.3659423991837912   -0.9985436175822788
0.13723664552721634  0.004150600236764169   -0.22951077382115848   0.14160032467070055   0.8979026207164373   0.3656512081584937   -0.9990876597666524
0.15371047508948113  0.0016656522189091663   -0.14971347304675212   0.16660192888975014   0.7979730077440638   0.25001604219049567   -0.9992961297237355
0.17031937429265342  0.00033560297818857826   -0.07990999051097772   0.16662069611057811   0.698034825357744   0.00018767220828017832   -0.9993818238631996
0.186978698179833  6.980783440309372e-07   -0.020100443287198382   0.16662689868978214   0.5980954722377932   6.202579204011987e-05   -0.9993935311995054
0.20363368296068604  0.0004957595014642312   0.029715769994469517   0.16662340887851362   0.4981621328166789   -3.489811268534817e-05   -0.9993333942111441
0.22025478249974115  0.0016534675802471175   0.06954060343832019   0.16661369628056058   0.39824833443850677   -9.712597953052791e-05   -0.999137983781722
0.23683277224075922  0.003306385505300356   0.09937712965554862   0.16660188519945146   0.2983652621722844   -0.00011811081109100586   -0.9988307226622238
0.2533733113003123  0.005287926839805186   0.11923085184871593   0.16658809634568694   0.19853722193167306   -0.00013788853764504512   -0.9982804024061128
0.269891851879225  0.0074326360434196275   0.12911420063722784   0.16657189451558058   0.0988334878851188   -0.00016201830106375145   -0.9970373404655427
0.28640836631087113  0.009576644031839257   0.1290881124941391   0.16655089889431487   -0.00026088143088753276   -0.00020995621265689586   -0.9909436931600635
0.3029403356661896  0.011573890028937687   0.12022847051756373   0.16652177105051624   -0.08859641976575336   -0.0002912784379866867   -0.8833553833486585
0.3194983065524757  0.013316445496298741   0.1048537126853351   0.16649411383825294   -0.1537475783222864   -0.00027657212263280104   -0.6515115855653301
0.33608456116917695  0.01472952663550529   0.08499068101500895   0.16646340153798853   -0.19863031670326148   -0.00030712300264444176   -0.44882738380975107
0.35268697365997087  0.015766499222531878   0.06237811973608674   0.16634765182012382   -0.22612561278922202   -0.0011574971786469325   -0.2749529608596055
0.3691461795417621  0.016400153123174506   0.03847944613075086   0.164713987118576   -0.2389867360533589   -0.01633664701547831   -0.1286112326413689
0.3844909437757395  0.016622629310078813   0.014497492224307637   0.1534637693561902   -0.23981953906443215   -0.11250217762385793   -0.00832803011073238
0.3986551456804891  0.01650090507699197   -0.008593582430725676   0.14164724931584266   -0.2309107465503331   -0.11816520040347546   0.08908792514099047
0.4119190176858592  0.016102674513980075   -0.030014687223122394   0.1326984883697536   -0.21421104792396714   -0.08948760946089072   0.16699698626365952
0.4245521397089697  0.015481175911123732   -0.049156331744967   0.12648400395471684   -0.19141644521844603   -0.06214484415036694   0.22794602705521116
0.4367035999274151  0.014683368842038648   -0.06556114781433821   0.12177622163622832   -0.16404816069371206   -0.04707782318488544   0.27368284524733943
0.44845159184119987  0.013754374821820056   -0.07891262450831724   0.1178466562512353   -0.1335147669397902   -0.03929565384993004   0.305333937539219
0.4599092888073221  0.01273162017025149   -0.08902758888657554   0.11503253750344028   -0.1011496437825831   -0.02814118747795045   0.32365123157207104
0.471303036964069  0.011636179368257789   -0.09584941542918309   0.11446287066558121   -0.0682182654260755   -0.005696668378590562   0.3293137835650762
0.48296847732145703  0.010472310607315316   -0.09944158459412282   0.11723356568171286   -0.03592169164939737   0.027706950161316603   0.3229657377667812
0.4952458439376165  0.009240656136609474   -0.09998459127100826   0.1233899119712815   -0.005430066768854363   0.06156346289568627   0.30491624880543
0.5083030334407466  0.00795998254905358   -0.09776915725229132   0.13119844608779468   0.022154340187169365   0.07808534116513201   0.27584406956023727
0.521987747857689  0.006681040292071745   -0.09318704331203483   0.13744348000904494   0.045821139402565006   0.06245033921250217   0.23666799215395642
0.5358551596528369  0.005475550157077468   -0.0867117316095708   0.13919709636403438   0.06475311702464025   0.017536163549894308   0.18931977622075238
0.5494113247799127  0.004404240862433622   -0.07886355577670472   0.1359843066523991   0.07848175832866094   -0.0321278971163524   0.13728641304020686
0.5623797955946994  0.003492782282423061   -0.07016727435668513   0.1300046122324286   0.08696281420019579   -0.0597969441997053   0.0848105587153486
0.5747752962474704  0.00273432640922996   -0.06111180737357184   0.12418683172720979   0.09055466983113283   -0.05817780505218791   0.03591855630937035
0.5867971365913397  0.0021071416879913847   -0.052123187162291716   0.12038189478822628   0.08988620211280128   -0.038049369389835296   -0.006684677183315473
0.5986822079948552  0.0015892359367661144   -0.04354860755399595   0.1189635022323235   0.08574579608295764   -0.014183925559027692   -0.04140406029843641
0.6106133028852592  0.0011637532046729095   -0.03564656082558023   0.11938679191565803   0.07902046728415715   0.00423289683334512   -0.06725328798800492
0.6226954673075203  0.0008183564841098738   -0.028579537944934175   0.12087100397576998   0.07067022880646065   0.014842120601119453   -0.08350238477696499
0.6349731756523587  0.0005432035253628415   -0.022407024205664833   0.1228079115332524   0.06172513739269336   0.019369075574824413   -0.08945091413767295
0.6474610599455085  0.000329902876645358   -0.017078946604924664   0.12489705812620265   0.053280776007401685   0.020891465929502518   -0.08444361385291672
0.6601681133051233  0.00017194671718139145   -0.012429948940473683   0.1270803506575102   0.04648997664450983   0.021832925313075496   -0.06790799362891857
0.6731072848519102  6.617143271658643e-05   -0.008174629105830295   0.12939603886051007   0.04255319834643389   0.02315688202999878   -0.039367782980759325
0.6862849821992545  1.4735215322887416e-05   -0.003903258272989013   0.13177797731888782   0.042713708328412814   0.023819384583777543   0.0016050998197891327
0.6996654467201503  2.706468977725568e-05   0.0009214531324943144   0.13380470201408345   0.048247114054833284   0.02026724695195639   0.055334057264204664
0.7131392211948389  0.00012092735455126293   0.006966210292778666   0.13474101409536976   0.06044757160284351   0.00936312081286306   0.12200457548010234
0.7265777100798764  0.0003198251219108771   0.014799524528644031   0.13439960708090407   0.07833314235865367   -0.0034140701446571226   0.17885570755810162
0.7398625403988974  0.0006504346553486961   0.024881108696858882   0.13288943497083136   0.10081584168214848   -0.015101721100727068   0.22482699323494823
0.7529339151367973  0.0011417596961251298   0.03757017585952542   0.13080605407786217   0.1268906716266654   -0.02083380892969185   0.26074829944516903
0.7658047209443405  0.0018263078143861528   0.05313604658055769   0.12888997178276893   0.15565870721032268   -0.01916082295093237   0.2876803558365729
0.7785238207527234  0.002740698625830897   0.07176768784531973   0.12751925756198793   0.18631641264762044   -0.01370714220781015   0.3065770543729775
0.791119966768412  0.003922919157008581   0.09358159302560934   0.12651503461362018   0.21813905180289617   -0.010042229483677159   0.31822639155275717
0.8035604463223445  0.0054056910998740975   0.1186296494292036   0.12528533200911712   0.25048056403594265   -0.012297026045030615   0.32341512233046443
0.8157419613346921  0.007208189069807063   0.14690396395650618   0.12314150678291173   0.28274314527302574   -0.021438252262054154   0.32262581237083127
0.8275097943553026  0.009329453880810907   0.17834437465406244   0.11957493817660383   0.3144041069755624   -0.035665686063078815   0.31660961702536716
0.8386975866128175  0.011747343594713872   0.2128450667606714   0.11446086067556971   0.3450069210660899   -0.05114077501034153   0.3060281409052749
0.8491742982269653  0.014425405471385743   0.25026147540936117   0.1081357950270509   0.3741640864868977   -0.06325065648518796   0.29157165420807823
0.8588860852315378  0.017327933559222946   0.29041659014784094   0.10136245662121775   0.4015511473847975   -0.06773338405833153   0.27387060897899784
0.8678816482333535  0.02044041044523199   0.3331081102051748   0.09518805917004124   0.42691520057333754   -0.06174397451176511   0.25364053188540026
0.8763107621943705  0.02378868742457841   0.3781141223640247   0.0906978064223427   0.4500601215885002   -0.044902527476985594   0.2314492101516259
0.8843950287518481  0.027449424761291714   0.42519859174454655   0.08874478216817598   0.4708446938052187   -0.019530242541666916   0.20784572216718555
0.8923769230668699  0.031545363438990934   0.4741151177495887   0.08971474266120265   0.4891652600504208   0.009699604930266715   0.18320566245202133
0.900461659581827  0.03622401406339221   0.5246117425236478   0.09340917309424114   0.5049662477405917   0.03694430433038493   0.158009876901709
0.9087680833462383  0.04162387884295167   0.5764335578524286   0.09907331396067837   0.5182181532878078   0.05664140866437207   0.13251905547216072
0.9173022247555979  0.04783744599680748   0.629326341024971   0.10556513930764634   0.5289278317254229   0.06491825346967989   0.10709678437615172
0.92596066581662  0.054882838152898274   0.6830402509643979   0.11162712584327512   0.5371390993942698   0.06061986535628769   0.08211267668846868
0.9345605123167812  0.06269331255035178   0.7373330384032468   0.11617266035501451   0.5429278743884884   0.045455345117394   0.05788774994218572
0.9428840636472899  0.07112705571514039   0.7919738219014916   0.118494527519727   0.5464078349824477   0.023218671647124958   0.034799605939592845
0.9507228382398678  0.07999185215541559   0.8467463830441976   0.11833469611266281   0.547725611427061   -0.0015983140706420176   0.013177764446132733
0.9579109996321449  0.0890771362806748   0.9014521315729467   0.1158499252645905   0.5470574852874908   -0.02484770848072304   -0.006681261395700866
0.9643432812988546  0.09818526850139074   0.9559127023321351   0.1115044034959762   0.5446057075918839   -0.043455217686142876   -0.024517776956070682
0.9699801053050436  0.10715969355456734   1.0099718915919644   0.10597834208546203   0.5405918925982925   -0.05526061410514183   -0.04013814993591386
0.9748461950787832  0.11591451376714318   1.0634970259391785   0.10016272092980599   0.5352513434721418   -0.058156211556560304   -0.05340549126150676
0.9790270730216857  0.12447287990419287   1.1163800195395128   0.09524986682890724   0.5288299360033447   -0.04912854100898772   -0.06421407468797118
0.9826615127701578  0.13301529778259533   1.1685378406794191   0.09283429080599596   0.5215782113990614   -0.024155760229112627   -0.07251724604283277
0.9859225840765523  0.14192461985509924   1.219913639915165   0.094873919417821   0.5137579923574601   0.020396286118250423   -0.0782021904160127
0.9889771253448391  0.1517880342916873   1.2704790114292357   0.10325558905335573   0.5056537151407059   0.08381669635534718   -0.08104277216754227
0.9919224471714106  0.16329609504853865   1.3202391152875104   0.11878989142408121   0.4976010385827457   0.1553430237072548   -0.08052676557960212
0.9947168438213323  0.17697214661399382   1.3692429669394195   0.13958618809110895   0.4900385165190931   0.2079629666702774   -0.07562522063652583
0.9971471677062046  0.19271232191125348   1.417603470107016   0.15926694339184624   0.48360503167596175   0.19680755300737313   -0.06433484843131317
0.9988932275334738  0.20923846875691712   1.4655324673977972   0.1661813029449481   0.4792899729078135   0.06914359553101833   -0.043150587681482715
0.9998478773496288  0.22585135821815144   1.5133950484712013   0.1664029604672456   0.47862581073404453   0.00221657522297515   -0.006641621737689582
0.9999980219457556  0.24249537855496445   1.5617756382530763   0.16644697545222914   0.4838058978187494   0.0004401498498355265   0.05180087084704895
0.999320064096594  0.2591228114614844   1.6115472070667143   0.16641248508030448   0.4977156881363769   -0.00034490371924654625   0.13909790317627435
0.9977725453196312  0.2756876530147297   1.6639478449963363   0.16636970579078827   0.524006379296221   -0.00042779289516214225   0.2629069115984396
0.9953083178939518  0.29213151961777084   1.7195463532303594   0.16627482240677582   0.5559850823402326   -0.0009488338401247586   0.31978703044011736
0.9918942449757056  0.3083447637166296   1.7783373424619564   0.16568801347721296   0.587909892315968   -0.005868089295628805   0.31924809975735624
0.9879962500198167  0.32248103698550556   1.839854255993828   0.14663853061472512   0.6151691353187168   -0.19049482862487807   0.27259243002748684
0.984146352011623  0.3336298162181792   1.9032959378556342   0.11794786689566815   0.6344168186180636   -0.28690663719056975   0.19247683299346774
0.980672981204515  0.34191717022528023   1.9676734721196851   0.08985796637064579   0.6437753426405072   -0.2808990052502235   0.09358524022443424
0.9776242823844079  0.34805323350605644   2.031920210245284   0.06851703224849495   0.6424673812559899   -0.21340934122150854   -0.01307961384517161
0.9748239557698425  0.3528972701147232   2.0949555238400293   0.05595222945901967   0.6303531359474525   -0.12564802789475282   -0.1211424530853742
0.9719942749301934  0.35717027508171867   2.155716016953958   0.05125003912412586   0.6076049311392847   -0.04702190334893816   -0.22748204808167893
0.9688799815572965  0.3613324178219418   2.2131718840895127   0.051982935086874155   0.5745586713555473   0.007328959627482942   -0.33046259783737253
0.9653363627527689  0.36557780200864864   2.2663401497521933   0.05529965743523396   0.5316826566268088   0.03316722348359812   -0.4287601472873859
0.9613634181428362  0.3698984157730322   2.3142986358350046   0.05869581942061275   0.4795848608281147   0.03396161985378782   -0.5209779579869411
0.9570815995837753  0.37418015333138266   2.356203948962496   0.06055348601963846   0.41905313127491184   0.0185766659902571   -0.6053172955320284
0.9526556918212068  0.37830567335051224   2.39130725626737   0.06050502041235739   0.3510330730487414   -0.00048465607281070986   -0.6802005822617044
0.9481861522327972  0.38224657721844585   2.418966590917469   0.059588176200190496   0.27659334650098905   -0.009168442121668865   -0.744397265477523
0.9435965554777633  0.38613543285556334   2.438656714924193   0.060156127318961805   0.19690124006724152   0.005679511187713098   -0.796921064337475
0.9385525719041672  0.39031217178177824   2.4499724866698367   0.06548810452933848   0.11315771745643799   0.05331977210376678   -0.8374352261080353
0.9324559847646584  0.39533324237807527   2.4526338840459347   0.07898070946921441   0.026613973760982026   0.13492604939875907   -0.8654374369545598
0.9245684457678685  0.401910914365982   2.4465011088127393   0.10270298934614748   -0.06132775233196087   0.2372227987693308   -0.879417260929429
0.9143515995585846  0.41069241328480055   2.4316024069338145   0.13472144214092957   -0.14898701878925072   0.3201845279478211   -0.8765926645728985
0.9020932766222709  0.421738130646096   2.4081817394763716   0.1650073796036141   -0.23420667457442815   0.30285937462684565   -0.8521965578517742
0.890078658000161  0.43326869568679194   2.3767500912979953   0.1665247701672069   -0.31431648178375626   0.015173905635927442   -0.8010980720932817
0.8785129841578044  0.44526062034808955   2.3381024800523527   0.1666046423452714   -0.3864761124564304   0.0007987217806449463   -0.7215963067267407
0.8674950378221029  0.4577616041260753   2.293220686135874   0.16663425124320122   -0.44881793916478185   0.0002960889792981605   -0.6234182670835153
0.8571162625598956  0.47079978399137884   2.243111513751046   0.16664726524710563   -0.5010917238482852   0.00013014003904413503   -0.5227378468350322
0.847462963698283  0.4843845768624074   2.188598327324474   0.1666531656646043   -0.5451318642657221   5.900417498677532e-05   -0.4404014041743697
0.8386198144836334  0.4985104158976844   2.130133440802705   0.16665551790538224   -0.584648865217685   2.3522407779360523e-05   -0.3951700095196293
0.8306746479307703  0.513160161540036   2.0677407635961056   0.1666555486440041   -0.6239267720659957   3.073862183800953e-07   -0.39277906848310756
0.8237218519457178  0.5283058341965853   2.0011602383580276   0.16665316445513764   -0.6658052523807821   -2.3841888664053746e-05   -0.41878480314786387
0.8178615855588577  0.5439061123494964   1.9301379684131013   0.16664675231554138   -0.7102226994492611   -6.412139596276177e-05   -0.4441744706847897
0.8131941071069605  0.5599022051297355   1.854702859892429   0.16663143140865058   -0.7543510852067239   -0.0001532090689079473   -0.4412838575746275
0.8098109160108977  0.5762144247409167   1.775299200266921   0.16659366453617142   -0.7940365962550793   -0.00037766872479179576   -0.39685511048355343
0.8077863105150126  0.5927317786218071   1.692762374603752   0.16640973728738095   -0.8253682566316918   -0.0018392724879043114   -0.3133166037661254
0.8072356050508126  0.6074443117061936   1.6082099035290396   0.14722836216826118   -0.845524710747121   -0.19181375119119784   -0.20156454115429318
0.8077755278807317  0.6187146979923813   1.5229265963221867   0.11283311734688649   -0.8528330720685281   -0.34395244821374704   -0.07308361321406953
0.808804196343039  0.6264310348789125   1.4382672629586954   0.07784601065680326   -0.8465933336349157   -0.3498710669008324   0.06239738433612398
0.8099446399049567  0.6316485218963105   1.3555999092874174   0.053406724571572035   -0.8266735367127801   -0.2443928608523121   0.19919796922135574
0.8112016516887334  0.6357924655298547   1.2762808049766325   0.04330398072065049   -0.7931910431078479   -0.10102743850921549   0.3348249360493204
0.8128426755653407  0.6400340944796189   1.2016466002648682   0.04548007861808932   -0.7463420471176432   0.021760978974388296   0.46848995990204745
0.8152220079802645  0.6451172658738887   1.1330089618861967   0.05612473088063118   -0.6863763837867143   0.10644652262541854   0.599656633309289
0.8186388918926534  0.651384484881449   1.071646282986711   0.07138146101017477   -0.6136267889948582   0.1525673012954359   0.727495947918562
0.8232757194472609  0.6589133749354802   1.0187883939215259   0.08842191765443053   -0.5285788906518518   0.1704045664425575   0.8504789834300641
0.8292103835237465  0.6676774149828792   0.9755637217836353   0.10584358065237646   -0.4322467213789062   0.17421662997945953   0.9633216927294554
0.8364633999540948  0.6776551594597087   0.9422311480037465   0.12335381314893623   -0.3333257377988864   0.17510232496559758   0.9892098358001978
0.8450025291284969  0.6888421263801568   0.9188307889331595   0.14073555198895474   -0.23400359070587087   0.17381738840018524   0.9932214709301552
0.8546540719745767  0.701139913387263   0.9053805831184893   0.15632909024935254   -0.13450205814670013   0.15593538260397782   0.9950153255917075
0.8649339130601464  0.7141445427519564   0.9018900402279724   0.16576957430652386   -0.034905428905169386   0.09440484057171336   0.9959662924153077
0.8751501881617202  0.727242137363031   0.9083628506369119   0.1661081760622056   0.06472810408939375   0.0033860175568172246   0.9963353299456313
0.8851522819936278  0.7405091489175312   0.9247993779591511   0.16614917291686063   0.1643652732223914   0.0004099685465504581   0.9963716913299763
0.8947741166720433  0.7539982384274219   0.9511965494236615   0.1656910493613447   0.26397171464510527   -0.004581235555159345   0.9960644142271389
0.9030852704093861  0.7665942167571311   0.9875445475570461   0.15090856388167176   0.36347998133384546   -0.1478248547967294   0.9950826668874015
0.9094388916749174  0.7772666452056582   1.0338174187930083   0.124205165824436   0.4627287123596234   -0.2670339805723578   0.9924873102577796
0.9136904342575591  0.7854158764469967   1.0899312545120425   0.09191604003481833   0.5611383571903399   -0.3228912578961767   0.9840964483071648
0.9161050459763613  0.7908778276481331   1.1545493361801182   0.05971872459804416   0.6461808166807576   -0.3219731543677416   0.850424594904176
0.9172224094314563  0.7939873965940825   1.225833420477177   0.033042276132848505   0.71284084297059   -0.26676448465195657   0.6666002628983249
0.91767821857266  0.7956409085425437   1.301815477549282   0.0171518621056395   0.7598205707210517   -0.15890414027209004   0.46979727750461764
0.9179940419040195  0.7972801158895859   1.3804602923147546   0.01669354696650159   0.786448147654724   -0.004583151391379131   0.26627576933672464
0.9183883956609009  0.8008151385924517   1.4596994501653262   0.03556950997039508   0.7923915785057164   0.18875963003893495   0.059434308509921305
0.9186172466318131  0.8076726875912937   1.5374365840242203   0.06861366557647403   0.7773713385889395   0.3304415560607893   -0.1502023991677675
0.9181911328077556  0.8181312350485964   1.611516921805939   0.10467224460557241   0.7408033778171895   0.3605857902909839   -0.3656796077175005
0.9166609758597871  0.8321297551293485   1.6796725493727773   0.1408190131823831   0.6815562756683802   0.36146768576810695   -0.592471021488094
0.9138650313047395  0.8485473214094224   1.7394799974353574   0.1665394213138344   0.5980744806258029   0.25720408131451294   -0.8348179504257719
0.9102517975042078  0.8648127049352101   1.7893893500512843   0.16661877437378256   0.4990935261592683   0.0007935305994814512   -0.9898095446653459
0.9065031561845011  0.8789878662471218   1.8293293895193592   0.146624523856854   0.3994003946807489   -0.19994250516928513   -0.9969313147851939
0.9033740734667539  0.8895315876718346   1.8592891526817525   0.10998237137670296   0.29959763162393266   -0.3664215248015107   -0.998027630568163
0.9011479325093881  0.8965179983315991   1.8792639516956298   0.07332505538281121   0.199747990138773   -0.36657315993891754   -0.9984964148515961
0.9  0.9   1.889251710598026   0.036663448644193276   0.09987758902396321   -0.36661606738617925   -0.9987040111480981
0.9  0.9   1.889251710598026   0.0   -1.359997968513105e-19   -0.3666344864419327   -0.9987758902396321
