0.1  0.1   -1.3659788370679526   4.999908239906032e-19   1.9366000498198738e-23   0.0   0.0
0.10077434644480258  0.09645066790771313   -1.3559952568421523   0.036328185638201074   0.09983580225800473   0.3632818563820107   0.9983580225800474
0.10246501320292001  0.08938203001244303   -1.336028175982599   0.07268011817567978   0.19967080859553393   0.36351932537478704   0.9983500633752921
0.10531824102519811  0.07885663765641887   -1.3060777536762846   0.10905264474161916   0.29950422306314284   0.3637252656593938   0.9983341446760892
0.10968100859866435  0.06498195468749282   -1.266144229671307   0.14544434275123194   0.399335240049776   0.363916980096128   0.9983101698663313
0.11542532105334297  0.049465772633147796   -1.2162279270553713   0.165453628281121   0.49916302615935676   0.2000928552988904   0.9982778610958077
0.12173866990554699  0.0351157029716048   -1.1563292584298113   0.1567746385785709   0.5989866862556005   -0.08678989702550081   0.9982366009624374
0.12734719572036504  0.024456133033529427   -1.0864487406252392   0.12044998674811472   0.6988051780457201   -0.36324651830456195   0.9981849179011953
0.13184640962872496  0.01734644852925228   -1.0065870305039522   0.08413711401126908   0.7986171012128696   -0.36312872736845636   0.9981192316714954
0.1347568982985747  0.013549911957241345   -0.9167450175622481   0.04783788690903428   0.8984201294170417   -0.362992271022348   0.9980302820417214
0.13554783564527156  0.012707463430509899   -0.8169241569224304   0.011555524248367966   0.9982086063981769   -0.3628236266066631   0.9978847698113521
0.1355853313627377  0.012675421425939914   -0.7071302502001267   0.0004932158640060192   1.0979390672230378   -0.11062308384361949   0.9973046082486087
0.13563130328132764  0.01264454542751844   -0.5914290741213378   0.0005537819586479615   1.1570117607878883   0.0006056609464194237   0.5907269356485039
0.13853959845323  0.011142167203153181   -0.4768264732756557   0.0327342651292289   1.146026008456821   0.32180483170580937   -0.10985752331067197
0.14497888562647349  0.008642537626674046   -0.3702790323429631   0.06907428415628897   1.065474409326926   0.3634001902706008   -0.8055159912989499
0.15512719723913365  0.005793477654698578   -0.27369687105829876   0.10540653267542276   0.9658216128466434   0.363322485191338   -0.9965279648028259
0.16905147553282615  0.0031576412619959324   -0.1870842049732777   0.141715616457668   0.8661266608502106   0.36309083782245233   -0.9969495199643271
0.18554791743867213  0.0013282870265268986   -0.11044262127460017   0.16597564051931213   0.7664158369867755   0.2426002406164414   -0.9971082386343514
0.20211888155498176  0.0006024629575557443   -0.04377297702672321   0.16586852393037915   0.6666964424787695   -0.0010711658893298275   -0.9971939450800604
0.21869707027678476  0.0008167394475155732   0.012924485438739317   0.16579573447292573   0.5669746246546253   -0.0007278945745343121   -0.9972181782414417
0.23524226637636242  0.0018048532195308264   0.05965124228518885   0.16574675948057288   0.4672675684644953   -0.0004897499235283232   -0.9970705619013001
0.2517371281780076  0.0034005009664780407   0.09643598361453659   0.16571860413652814   0.36784741329347737   -0.0002815534404474356   -0.9942015517101795
0.26817439763717066  0.005500217527223741   0.12705310747968296   0.1657083693991469   0.30617123865146373   -0.00010234737381245755   -0.6167617464201363
0.2845462753449507  0.0080646018426011   0.15537106891180597   0.16571495001203723   0.28317961432123   6.580612890326373e-05   -0.22991624330233706
0.3008386457739606  0.011106314740529808   0.18457069834792914   0.16573875573560645   0.2919962943612317   0.00023805723569221923   0.08816680040001668
0.31702752896799963  0.01467783019281494   0.21713713112167465   0.16578168224310408   0.32566432773745524   0.0004292650749763633   0.3366803337622358
0.33307654674546683  0.018858939810321138   0.2548562088420378   0.16584711309866265   0.3771907772036317   0.0006543085555855414   0.5152644946617645
0.34893521960856305  0.023744026519573913   0.29881543488886836   0.1659402233069226   0.4395922604683053   0.0009311020825996652   0.6240148326467356
0.3645366040940315  0.02942858408123276   0.3494120790670748   0.1660474006152189   0.5059664417820643   0.001071773082962652   0.6637418131375897
0.3778369410444046  0.035152030040353006   0.40637094423340786   0.1447953026246857   0.569588651663331   -0.21252097990533173   0.6362220988126663
0.3875325296601197  0.040062135754107005   0.4687758039712973   0.10868007025901626   0.6240485973788946   -0.3611523236566944   0.544599457155637
0.3937675692679151  0.04375914529016793   0.5352127624486909   0.07248696325274515   0.6643695847739357   -0.3619310700627112   0.4032098739504117
0.3967842360927477  0.045840425705027076   0.6039336388500678   0.036649702449340196   0.6872087640137686   -0.3583726080340494   0.22839179239832907
0.398288407217608  0.047039472596958676   0.6729994502085865   0.019236018875136183   0.6906581135851872   -0.17413683574204017   0.0344934957141855
0.399853693186042  0.048469817765641535   0.7403827268313565   0.02120379085037706   0.6738327662276998   0.019677719752408767   -0.16825347357487325
0.4026126409687469  0.05133341710165977   0.8040088509097375   0.03976429808772408   0.6362612407838097   0.1856050723734702   -0.3757152544389016
0.4072324635413684  0.05671873381756021   0.8617594874437016   0.07095378547401532   0.5775063653396406   0.31189487386291237   -0.5875487544416909
0.4137865861692538  0.06517529946411806   0.9114652586282431   0.10699066592571879   0.49705771184541636   0.36036880451703474   -0.8044865349422426
0.4220741248189651  0.07679544802144267   0.9512633509967917   0.14272741480189943   0.3979809236854854   0.35736748876180646   -0.9907678815993101
0.4312928502512963  0.09057267825060683   0.9810919129300752   0.16577001278292156   0.2982856193328358   0.23042597981022114   -0.9969530435264953
0.4402477398810546  0.10454818896158333   1.000947134952694   0.16598341721750073   0.19855222022618654   0.0021340443457917484   -0.9973339910664928
0.4490589570578791  0.1186032790910837   1.010827739848543   0.1658864390735347   0.0988060489584904   -0.0009697814396602365   -0.9974617126769615
0.4578681428982133  0.13265217816609892   1.0107332208783857   0.16582319511741359   -0.0009451897015735046   -0.0006324395612113128   -0.997512386600639
0.46681646956146733  0.14660872926379528   1.0006634657493378   0.1657883797540538   -0.10069755129047837   -0.00034815363359771913   -0.9975236158890487
0.4760422459505285  0.16038238870472665   0.9806186425226935   0.1657795658019218   -0.2004482322664434   -8.813952131999731e-05   -0.9975068097596502
0.4856782897771676  0.17387434300120133   0.9505991791389763   0.1657969153406153   -0.30019463383717127   0.00017349538693489885   -0.9974640157072789
0.49584881107975765  0.1869737601921158   0.9106058203685162   0.1658415612274437   -0.3999335877046007   0.00044645886828406504   -0.9973895386742939
0.5066655106950889  0.199554232495984   0.8606398641936795   0.1659124088034331   -0.49965956174836695   0.0007084757598940641   -0.9972597404376629
0.518194132852303  0.21144128969566678   0.800704447986097   0.16559325399971597   -0.5993541620758259   -0.0031915480371712724   -0.9969460032745893
0.5286428578872019  0.22081174570884146   0.7310464204256033   0.14035002698254037   -0.6965802756049371   -0.25243227017175607   -0.9722611352911115
0.5377688821773737  0.22785083848413526   0.6570073971843846   0.11525326304956138   -0.740390232412187   -0.25096763932979   -0.43809956807249983
0.5472000406312042  0.23409361807070472   0.5847171491418717   0.11310130270610053   -0.7229024804251291   -0.021519603434608462   0.17487751987057995
0.5588335272846162  0.240763292988981   0.5205684924210324   0.13409794003453643   -0.6414865672083921   0.20996637328435896   0.8141591321673691
0.5730409646511015  0.24791582166149773   0.4663922494724957   0.15906286270204592   -0.5417624294853678   0.24964922667509504   0.9972413772302435
0.5882060146696545  0.2547280215656912   0.42219170752221163   0.16624825098987536   -0.44200541950284045   0.07185388287829432   0.9975700998252731
0.6033584562078343  0.2609205460717006   0.3879680641075536   0.16368990326148472   -0.34223643414658045   -0.025583477283906416   0.9976898535625999
0.6174073510365039  0.2662683732765259   0.36372204425461246   0.15032321899699144   -0.2424601985294111   -0.13366684264493267   0.9977623561716935
0.6300074860677674  0.2708599889267866   0.34945414927649315   0.13410679962913935   -0.14267894978119355   -0.16216419367852086   0.9978124874821754
0.6416506199335718  0.27504637726707426   0.34516472406701143   0.12372890266154862   -0.042894252094816746   -0.10377896967590737   0.997846976863768
0.6530757703368432  0.27922794306820664   0.35085397870171203   0.12166328709759223   0.05689254634700556   -0.020656155639563883   0.9978679844182231
0.6648062114858841  0.2837308759417494   0.3665219959213416   0.12565017071333562   0.15668017219629599   0.03986883615743371   0.9978762584929044
0.6768425351007932  0.2887090073908833   0.3921687328483005   0.13025163295595613   0.2564673692695889   0.046014622426205146   0.9978719707329293
0.6885292534951758  0.2940376103987924   0.42779401769997405   0.1284419701020948   0.3562528485167353   -0.018096628538613203   0.9978547924714637
0.698680604350423  0.2992376145626722   0.47339753881174457   0.11405698903865022   0.4560352111177053   -0.14384981063444582   0.9978236260096998
0.7060335215454474  0.3035357334857858   0.5289788181353813   0.08516995805570741   0.555812793236367   -0.2888703098294281   0.9977758211866172
0.710111860102076  0.3062932894202842   0.5945371504401257   0.049231047230325134   0.6555833230474442   -0.3593891082538228   0.9977052981107711
0.7112707880857331  0.30721158971188806   0.6700714351846646   0.01478644479529203   0.7553428474453896   -0.34444602435033106   0.9975952439794544
0.7113811650343014  0.30731557282455857   0.7555794569612574   0.001516428649684052   0.8550802177659278   -0.13270016145607977   0.9973737032053825
0.7114781827514406  0.3074262438653925   0.8510430570666194   0.0014717512261981053   0.9546360010536201   -0.00044677423485946574   0.9955578328769228
0.7115601888681473  0.307541566985272   0.9526603661383403   0.0014150768585505168   1.0161730907172084   -0.0005667436764758843   0.6153708966358834
0.7116283103898475  0.30766175176420685   1.0551414302043   0.0013814819146973911   1.0248106406595987   -0.0003359494385312575   0.08637549942390246
0.7131043184360037  0.310988314292125   1.1531907409804827   0.03639315595609967   0.9804931077618257   0.35011674041402274   -0.443175328977729
0.715452111255141  0.3178601984335644   1.241577767201221   0.07261881490004847   0.883870262207382   0.36225658943948796   -0.9662284555444377
0.7181534549598396  0.32840417107527253   1.319992901385432   0.10884512707502156   0.7841513418421102   0.3622631217497309   -0.9971892036527176
0.7207838316954585  0.34266774326083843   1.3884329679222707   0.14504081262308433   0.6844006653683885   0.36195685548062756   -0.9975067647372178
0.722837709699355  0.35915976172218705   1.4468965484171503   0.16619418996571078   0.5846358049487952   0.21153377342626464   -0.9976486041959328
0.7240884941361109  0.3757139687108114   1.495382724712706   0.16601392433424136   0.4848617629555569   -0.001802656314694154   -0.9977404199323833
0.7247005722476795  0.3922914574584809   1.5338908455663858   0.16588784548384589   0.38508120853679734   -0.0012607885039547188   -0.9978055441875956
0.7248394440404355  0.4088710328190462   1.562420446101723   0.1658015695071327   0.2852960053533723   -0.0008627597671318528   -0.99785203183425
0.7246708032856344  0.4254446785535744   1.5809712115358108   0.1657450369201031   0.18550765434087874   -0.0005653258702962029   -0.9978835101249357
0.724360166847873  0.442012990133006   1.589542959232665   0.1657122335822169   0.0857174769685432   -0.0003280333788619207   -0.9979017737233554
0.7240728696752301  0.45858045879723563   1.5881356310531356   0.1656995949312964   -0.014073281795295565   -0.0001263865092047753   -0.9979075876383877
0.7239742263952229  0.47515070213289606   1.5767492939741279   0.16570536946576436   -0.11386337079007745   5.774534467940971e-05   -0.9979008899478189
0.724229641242092  0.49172166674739615   1.5553841507875408   0.1657293290268912   -0.21365143186587085   0.0002395956112684797   -0.9978806107579341
0.7250044408617624  0.5082808025618459   1.524040569175055   0.16577252286489536   -0.3134358161248578   0.0004319383800414319   -0.9978438425898694
0.7264631958923486  0.5248001906745652   1.4827191578294545   0.1658367118148696   -0.41321411345600495   0.0006418894997423483   -0.9977829733114716
0.7287682295178194  0.5412312853089931   1.4314210232188658   0.16591987551157014   -0.512981346105886   0.0008316369670054789   -0.9976723264988098
0.7320767427230384  0.5574986454221286   1.370149494892025   0.16600399533661286   -0.6127152832684092   0.0008411982504272405   -0.997339371625232
0.7365043297510399  0.5734569596762186   1.3001565500469385   0.16561138871480155   -0.699929448450865   -0.003926066218112936   -0.8721416518245585
0.7415693320233756  0.5875619723526369   1.2260444852693058   0.14986848588636612   -0.7411206477763268   -0.15742902828435443   -0.411911993254618
0.7467033811169839  0.5990838171494651   1.1516136140749305   0.12613935453154868   -0.7443087119437529   -0.2372913135481745   -0.03188064167426186
0.7516895465135027  0.6084151591335746   1.0800509127325675   0.10579971105103646   -0.7156270134236302   -0.20339643480512207   0.28681698520122745
0.7567909126463527  0.6166122029563627   1.0141105353623983   0.09654815578417211   -0.6594037737016913   -0.0925155526686435   0.5622323972193882
0.7625229973018739  0.6247341126688368   0.9562178650804954   0.09940936166918571   -0.5789267028190285   0.02861205885013605   0.8047707088266294
0.7693257835181441  0.6334532010151754   0.9082347553389433   0.11058951211325013   -0.4798310974155217   0.11180150444064411   0.9909560540350676
0.7773701827257464  0.6429925801920789   0.8702145972055739   0.12478465999102208   -0.3802015813336935   0.1419514787777195   0.9962951608182824
0.7865419927746253  0.6532695896290734   0.8421631539359777   0.13774578851616176   -0.2805144326959618   0.12961128525139676   0.9968714863773165
0.7965645027589404  0.6640991503528528   0.8240824809102202   0.14755679986171374   -0.18080673025757601   0.09811011345552   0.997077024383858
0.8071424902400945  0.6753446064780089   0.8159735688792237   0.15438720886553917   -0.0810891203099651   0.0683040900382541   0.9971760994761093
0.8180393743008294  0.6869724189434312   0.8178368694720881   0.15935749275227196   0.01863300592864437   0.04970283886732791   0.9972212623860945
0.8290629030103646  0.6990179831118511   0.8296724474175595   0.16328312875015238   0.11835577945471366   0.03925635997880444   0.9972277352606929
0.8399870215922771  0.7114904449598901   0.8514799928272068   0.16580068496286077   0.21807545409647308   0.025175562127083804   0.9971967464175941
0.850520139651677  0.7243168655418595   0.8832587048075579   0.1659709736664912   0.3177871198035109   0.001702887036304147   0.9971166570703782
0.8603029382649682  0.737298600652789   0.9250068387085584   0.16255109818081842   0.41748133901000517   -0.034198754856727846   0.9969421920649425
0.8688715501255453  0.7499838862728225   0.976719407127508   0.1530808872715817   0.5171256841894968   -0.09470210909236715   0.9964434517949161
0.8759804002517578  0.7620483018855989   1.0383253071094698   0.14003066599654654   0.6160589998196172   -0.13050221275035154   0.989333156301204
0.8817496665482599  0.7736015845919832   1.1076595294483378   0.12913666206514243   0.693342223388681   -0.108940039314041   0.7728322356906383
0.8865727323131847  0.7853728980068192   1.1819298607211384   0.127210763256402   0.7427033127280059   -0.01925898808740454   0.49361089339324893
0.8908408582889554  0.798570923858725   1.258020181428352   0.13871005217078697   0.7609032070721354   0.11499288914384982   0.18199894344129494
0.8946086671740887  0.8140827012885835   1.3325112115512894   0.1596282001489106   0.7449103012293736   0.20918147978123638   -0.15992905842761734
0.8974046214456252  0.830457402979125   1.4016788716083197   0.16611689129709664   0.6916766005703023   0.06488691148186045   -0.5323370065907136
0.8992149763416868  0.846960177187462   1.4615331892202095   0.16601775249063047   0.5985431761188992   -0.0009913880646617624   -0.9313342445140315
0.9001997625420072  0.863525149442237   1.5114163009757982   0.16594219163948645   0.49883111755588655   -0.0007556085114401777   -0.9971205856301257
0.9004838403608525  0.8781123511835918   1.5513243321304917   0.1458996760961589   0.3990803115469349   -0.20042515543327571   -0.9975080600895168
0.9003693551562092  0.8890573008849973   1.5812560395019584   0.1094554844802667   0.2993170737146661   -0.36444191615892196   -0.9976323783226884
0.9001473994013409  0.8963527545277972   1.6012107906797854   0.07298829235653768   0.19954751177827065   -0.36467192123729003   -0.9976956193639542
0.9  0.9   1.6111882424738768   0.03650222749091982   0.09977451794091478   -0.3648606486561787   -0.9977299383735586
0.9  0.9   1.6111882424738768   5.000223736701389e-19   7.931221008422347e-24   -0.3650222749091982   -0.9977451794091479
