0.09999999999999998  0.09999999999999999   -1.6745994177107901   2.6298413584096803e-22   6.653844072704953e-19   1.6671824911190438e-08   -1.226261077107913e-07
0.09965655949844372  0.09634945294526676   -1.6645994176117247   0.0366666676655125   0.10000000099065463   0.3666666666666667   1.0
0.09911582801599776  0.08903608230165942   -1.6445994174135936   0.07333333533045451   0.20000000198130935   0.3666666666666667   1.0
0.09863414807791035  0.07804663322428111   -1.6145994171164118   0.11000000299411418   0.30000000297181895   0.3666666666666667   1.0
0.09857836955861503  0.06338007222443295   -1.574599416720219   0.14666667065338668   0.4000000039619265   0.3666666666666667   1.0
0.09934804427848916  0.04673118602109339   -1.5245994162250924   0.16666666666666666   0.5000000049512661   0.20000005975800822   1.0
0.10072601073913369  0.033804421855268225   -1.4645994156311595   0.13000000898674208   0.600000005939331   -0.3666666666666667   1.0
0.10236201955174383  0.024615591613580377   -1.394599414938618   0.09333334133389815   0.7000000069254138   -0.3666666666666667   1.0
0.10379797253413842  0.019133880375849135   -1.31459941414777   0.056666673681732664   0.8000000079084816   -0.3666666666666667   1.0
0.10447661838041404  0.017252539834900216   -1.2245994132590976   0.02000000603921168   0.9000000088867218   -0.3666666666666667   1.0
0.10447661794969366  0.01725254073528597   -1.124599412273473   0.0   1.0000000098562456   -0.20000016020264982   1.0
0.10447661742256625  0.017252541583215358   -1.0145994111929242   0.0   1.1000000108054913   -3.1745004454391434e-11   1.0
0.10447661679772215  0.017252542361943575   -0.8945994100275269   0.0   1.2000000116539715   2.2447823872033592e-14   1.0
0.10447661607966727  0.01725254305526125   -0.7678729075006667   0.0   1.2672650252686022   2.781637566262976e-11   0.6726501361463069
0.10538197404021779  0.016576934863217443   -0.6410860118217854   0.011296545781295363   1.2678689567888133   0.11296555762739285   0.006039315202109535
0.10954219235507733  0.01419003687863148   -0.5208894320178146   0.04796321342040548   1.2019657980397094   0.3666666666666667   -0.6590315874910394
0.1173014358225363  0.010811234056347362   -0.41069285229618113   0.08462988106997306   1.1019657972163337   0.3666666666666667   -1.0
0.1288510755899172  0.007105245853887537   -0.31049627266888397   0.12129654871966893   1.0019657962729709   0.3666666666666667   -1.0
0.14426563178119609  0.0036534007455461164   -0.2202996931379915   0.15796321635939753   0.9019657953089248   0.3666666666666667   -1.0
0.16076899280536827  0.0013259802937827087   -0.14010311370424397   0.16666666666666666   0.8019657943374752   0.08703460289965849   -1.0
0.17739495268736943  0.0001618200524063253   -0.0699065343678657   0.16666666666666666   0.7019657933637826   3.620713405906679e-11   -1.0
0.19406083466538743  0.0   -0.009709955128720789   0.16666666666666666   0.6019657923914492   1.6524280166978892e-11   -1.0
0.21071384447295022  0.0006745827773077451   0.040486624013862604   0.16666666666666666   0.501965791425834   -1.5999420976030256e-11   -1.0
0.2273262933965259  0.0020178444118377553   0.08068320306248133   0.16666666666666666   0.4019657904861873   -2.5292263110657923e-11   -1.0
0.24389061326056707  0.0038620565714804034   0.11087978202909475   0.16666666666666666   0.30196578966613413   -2.7424167810385843e-11   -1.0
0.26040991314651274  0.006073513628839252   0.13307988090101813   0.16666666666666666   0.22200098871923385   -2.899457708530523e-11   -0.7996480094690033
0.2768857990100576  0.008588070456384432   0.1514517274594545   0.16666666666666666   0.18371846558436367   -3.2375759212716135e-11   -0.38282523134870183
0.2933136206843376  0.011399562240538282   0.16949996083977883   0.16666666666666666   0.1804823338032432   -3.9482015815568854e-11   -0.032361317811204805
0.309680161746948  0.014548235714025186   0.19006262957390063   0.16666666666666666   0.20562668734121808   -5.250992169603504e-11   0.2514435353797489
0.32596198103451235  0.018109158580141824   0.2153151985100351   0.16666666666666666   0.2525256893613448   -7.613601049932338e-11   0.46899002020126673
0.3421237275851551  0.02218049243563015   0.2467771462381359   0.16666666666666666   0.314619477281008   -1.2372874516427343e-10   0.620937879196633
0.35811656853535245  0.026871638263786527   0.28532438145300126   0.16666666666666666   0.38547235214865405   -2.7210478524849e-10   0.7085287486764602
0.37383327322440885  0.032276271530029134   0.3312107897216207   0.16620014050112034   0.4588640826861944   -0.004665360841114409   0.7339173053754032
0.38623921230507896  0.03729043779395337   0.3841000369899922   0.13380926268229754   0.5288924726837144   -0.32390877818822805   0.7002838999751999
0.3950203942763163  0.041458056401672536   0.44312839475879584   0.09719989797912304   0.5902835776880371   -0.36609364703174474   0.6139110500432272
0.4005464705871453  0.04452775840287933   0.5070514332116112   0.06321438900232959   0.6392303845281528   -0.33985508976793455   0.4894680684011584
0.40413901857880274  0.046852744256884446   0.5743825191849519   0.04279247631735834   0.673310859733406   -0.2042191268497125   0.3408047520525299
0.4070554473577144  0.049040036974416126   0.6434947740630121   0.03645518653724823   0.691122548780604   -0.0633728978011009   0.1781168904719805
0.41021270345199845  0.05176851954409574   0.7126770579537727   0.04172874689943983   0.6918228389076053   0.052735603621915914   0.007002901270012557
0.4141834639921177  0.05569787950332462   0.7801577114250178   0.05586305483611528   0.6748065347124509   0.14134307936675453   -0.17016304195154322
0.41928786069534135  0.061439853387971005   0.8441131350396041   0.07682781384107004   0.6395542361458634   0.20964759004954767   -0.3525229856658755
0.42565904693934653  0.06951281699495893   0.9026752742084838   0.102841993152512   0.5856213916887966   0.26014179311441954   -0.5393284445706686
0.43323951589998244  0.08020221950010897   0.9539508554884332   0.131044586145596   0.5127558127994931   0.28202592993083997   -0.7286557888930324
0.44171359929500903  0.09328681602194862   0.9960832763778817   0.1558899469259648   0.421324208894486   0.24845360780368825   -0.9143160390500722
0.4503193948926296  0.10755980072925975   1.0282156972150094   0.16666666666666666   0.32132420837127645   0.10776729504516186   -1.0
0.45860721292162493  0.12201974136435156   1.0503481179707541   0.16666666666666666   0.2213242075574487   1.5868033895507195e-09   -1.0
0.46671899121532595  0.1365791666228101   1.062480538638833   0.16666666666666666   0.12132420668078807   2.719728991694546e-10   -1.0
0.47479970427211704  0.1511558564897506   1.0646129592167106   0.16666666666666666   0.021324205778777704   1.210027091974816e-10   -1.0
0.48299484932070713  0.1656685202230818   1.0567453797031914   0.16666666666666666   -0.07867579513519327   6.296576834556806e-11   -1.0
0.4914479786300521  0.18003244781591518   1.0388778000978045   0.16666666666666666   -0.1786757960538701   2.5385259058168264e-11   -1.0
0.5002980618813888  0.19415526047665185   1.0110102204007134   0.16666666666666666   -0.27867579697091055   -2.0533300736859732e-11   -1.0
0.5096764695181277  0.20793289747183538   0.9731426406129942   0.16666666666666666   -0.3786757978771918   -1.0198872405064915e-10   -1.0
0.5197033851168794  0.22124600282547477   0.9252750607377785   0.16666666666666666   -0.4786757987521556   -1.1710138290472854e-09   -1.0
0.528315143733441  0.23140020450212428   0.8674074807870458   0.13314285491916067   -0.5786757995073288   -0.3352382158877976   -1.0
0.5350362435421868  0.23832143023580707   0.8000665988295601   0.09647618788893543   -0.6734088195748564   -0.3666666666666667   -0.9473302006752764
0.5406699303198577  0.24332127102046908   0.7258603599219031   0.07532385716418107   -0.7420623890765706   -0.2115233072475436   -0.6865356950171416
0.5478096893834904  0.24872077121628106   0.6474942383294766   0.08951578735133305   -0.7836612159242647   0.14191930187151966   -0.41598826847694187
0.5583908627685258  0.2554676351724897   0.5676294065086617   0.12549159471759128   -0.7986483182081494   0.35975807366258217   -0.14987102283884593
0.5724862588801906  0.26296400952029964   0.4887872773678029   0.1596483071964314   -0.7884212914085869   0.34156712478840123   0.10227026799562494
0.5877502005471783  0.269656534746761   0.41321028806156324   0.16666666666666666   -0.7557698930623971   0.07018368872734962   0.3265139834618988
0.6022868307722578  0.2748435975919883   0.3427438279276184   0.15434352570171955   -0.7046646013394484   -0.12323150367446772   0.5110529172294863
0.6146181404171795  0.2783739515018262   0.2788335864065782   0.1282671416564281   -0.639102415210402   -0.26076384045291456   0.6556218612904637
0.6250035719944564  0.280724452141255   0.22257687185749198   0.10648100408139073   -0.5625671454908621   -0.2178613757503738   0.7653526971953993
0.634583056637925  0.2824160948535312   0.17478815577449405   0.09727701737822668   -0.4778871608299796   -0.09203986703164052   0.8467998466088251
0.644509738162972  0.283774995994459   0.13604816075281476   0.10019262368560325   -0.3873999502167929   0.029156063073765722   0.9048721061318663
0.6554232896381332  0.2849442306561684   0.10672893054278058   0.10976006354523855   -0.2931923021003417   0.09567439859635307   0.9420764811645126
0.6672836777683865  0.28597879935193954   0.08700867363099558   0.11905424771331254   -0.19720256911784992   0.09294184168073992   0.9598973298249178
0.6795138737534213  0.2869211326114796   0.07689779495646001   0.12266445524425879   -0.10110878674535578   0.036102075309462266   0.9609378237249412
0.6913414837174793  0.2878248890063392   0.07626254526361244   0.11862088057443233   -0.006352496928475781   -0.04043574669826451   0.9475628981688001
0.7021603945101411  0.2887450431209181   0.08484634348503725   0.10857970083478202   0.0858379822142481   -0.10041179739650294   0.9219047914272387
0.7117638102186727  0.28973099645277695   0.10230848680497957   0.09653895443973222   0.17462143319942328   -0.12040746395049806   0.8878345098517516
0.7204153590151148  0.2908468218989927   0.12826599056079432   0.08723208297606001   0.25957503755814765   -0.09306871463672209   0.8495360435872434
0.7287951009973488  0.2922191311491462   0.1623242061066996   0.08491366696044446   0.34058215545905274   -0.023184160156155757   0.8100711790090511
0.7378445624736032  0.2940921659694835   0.20409559399378388   0.09241266820529609   0.41771387887084266   0.07499001244851637   0.7713172341178993
0.7485028948786059  0.29685017694278765   0.2532115780414987   0.11009390273042674   0.4911598404771476   0.1768123452513068   0.7344596160630494
0.7613247176688204  0.30094792109113105   0.3093322442795801   0.13460707513672235   0.5612066623808146   0.24513172406295605   0.7004682190366706
0.7760247642142285  0.3066860020495387   0.3721549778532771   0.15780270641595678   0.62822733573697   0.2319563127923442   0.6702067335615525
0.7910938824907253  0.3138063591107231   0.4414173633587216   0.16666666666666666   0.6926238550544451   0.08863970010188822   0.6439651931747513
0.8055832807089026  0.3220425687953995   0.5168827880336618   0.16666666666666666   0.7546542467494021   1.1551988050614463e-09   0.6203039169495705
0.8193548606604916  0.3314298685348335   0.598299229462905   0.16666666666666666   0.8141644142924321   1.9825631214912437e-10   0.5951016754303002
0.8322582499779735  0.3419788189530414   0.6853409171320797   0.16666666666666666   0.8704168766917466   1.298680049794916e-10   0.5625246239931451
0.8441355735191156  0.3536709956640005   0.7775429683325712   0.16666666666666666   0.9220205120049151   -1.8932030176895791e-10   0.5160363531316843
0.853915583422867  0.36536341975981035   0.8742274727712921   0.15243404309839198   0.9668450443872091   -0.1423263345715391   0.44824532382293925
0.8604176437178985  0.37494173196889186   0.9744191139890062   0.11576737573881324   1.0019164121771407   -0.3666666666666667   0.3507136778993163
0.8641681934053884  0.3819061125908975   1.0767994604922904   0.07910070821826605   1.0238034650328434   -0.3666666666666667   0.2188705285570282
0.8657855448089203  0.3858292048094547   1.1797620736655692   0.04243404071939126   1.029626131732787   -0.3666666666666667   0.058226666999435336
0.8659500742697221  0.38638197602311364   1.281501691885882   0.005767373389338117   1.0173961822031263   -0.3666666666666667   -0.12229949529660583
0.8659500740843628  0.3863819750628565   1.3801105659354047   0.0   0.9860887404952304   -0.05767383169173705   -0.31307441707895994
0.8661010687067837  0.38793162624500144   1.4736651311261741   0.015569900970503923   0.9355456519076916   0.1556991075033951   -0.5054308858753882
0.8661561842065789  0.3931549923180518   1.5602449976833679   0.052236568466253755   0.865798665571937   0.3666666666666667   -0.6974698633575466
0.8655598061490128  0.4020252903426132   1.6379284438173125   0.08890323606695846   0.7768344613394488   0.3666666666666667   -0.8896420423248812
0.8638720518385654  0.4144683403104981   1.705611889911362   0.1255699036852133   0.6768344609404912   0.3666666666666667   -1.0
0.8607682660256426  0.4303923336625004   1.7632953359224337   0.16223657129211594   0.5768344601107198   0.3666666666666667   -1.0
0.8568036016550501  0.44658057777616655   1.8109787818432161   0.16666666666666666   0.476834459207823   0.044301053574826624   -1.0
0.8522318674936854  0.4626079623987486   1.8486622276707478   0.16666666666666666   0.3768344582753196   8.201555490714243e-11   -1.0
0.8472182484853701  0.4785026607454303   1.8763456734035082   0.16666666666666666   0.2768344573276005   3.073652682952102e-11   -1.0
0.8419243549610026  0.49430622054849804   1.8940291190406517   0.16666666666666666   0.17683445637143885   1.1966261940588679e-11   -1.0
0.83650919310288  0.5100686389272694   1.901712564581736   0.16666666666666666   0.0768344554108392   2.041700122721234e-12   -1.0
0.8311305602442383  0.5258435595187294   1.8993960100266067   0.16666666666666666   -0.02316554555128972   -6.3379861352812434e-12   -1.0
0.8259466231024597  0.5416835281676542   1.887079455375377   0.16666666666666666   -0.12316554651229836   -1.814160050875522e-11   -1.0
0.8211174409683726  0.5576352306156938   1.8647629006284683   0.16666666666666666   -0.22316554746908762   -4.1404106052698597e-11   -1.0
0.8168061946597769  0.5737346394964289   1.8324463457867701   0.16666666666666666   -0.32316554841698025   -9.736185514474051e-11   -1.0
0.8131798760446126  0.590002018640936   1.790129790852093   0.16666666666666666   -0.42316554934677225   -3.377872583038891e-10   -1.0
0.8106803234450939  0.6048284688378277   1.737813235828829   0.15035670541695279   -0.5231655502326406   -0.16309971195218523   -1.0
0.8094921583117225  0.616135215111325   1.67549668073761   0.11369003811999963   -0.6231655509121906   -0.3666666666666667   -1.0
0.8092336526448626  0.6238332129920717   1.6043646086148022   0.07702337083751208   -0.7113207212280782   -0.3666666666666667   -0.8815517031588757
0.8094197616154841  0.6280908874800197   1.5271127209312254   0.042617400899466786   -0.7725188768357664   -0.3440596993804529   -0.6119815560768816
0.8097471370851536  0.6307086418527971   1.4463825913554484   0.02638145684819848   -0.8073012957577698   -0.162359440512683   -0.3478241892200339
0.810309878519589  0.6334012328243162   1.3647656740769774   0.027507679040469846   -0.8161691727847109   0.011262221922713637   -0.08867877026941201
0.8114805571241942  0.6373825733341284   1.2848151399061318   0.04149886823800216   -0.799505341708454   0.13991189197532314   0.16663831076256871
0.8137169148080995  0.6432924081165473   1.2090368926085258   0.06318816570042943   -0.7577824729760638   0.21689297462427262   0.41722868732390256
0.8173969021414161  0.6512965879904836   1.1398571750119904   0.08809608517278408   -0.6917971759653502   0.2490791947235465   0.6598529701071363
0.8227302458459503  0.6612658555770093   1.0795590454753254   0.11306230639892964   -0.6029812953666506   0.24966221226145568   0.8881588059869965
0.8297425281896711  0.672923486269575   1.0292609159868242   0.13604133821464576   -0.5029812948850116   0.2297903181571611   1.0
0.8382629570991116  0.6858765573605361   0.9889627865807067   0.1550418522491062   -0.4029812940611763   0.1900051403446044   1.0
0.8478398186896693  0.6995169340085531   0.9586646572632529   0.16666617923996593   -0.30298129317453804   0.11624326990859732   1.0
0.8576915919429559  0.7129601618045854   0.9383665280369162   0.16666666666666666   -0.2029812922633663   4.970364289732416e-06   1.0
0.8676812804630476  0.7263012237444191   0.9280683989028348   0.16666666666666666   -0.10298129134081431   1.8022572337856787e-09   1.0
0.8776749458975845  0.7396393068757441   0.9277702698614864   0.16666666666666666   -0.0029812904134840445   7.396495592777056e-11   1.0
0.8875387386609673  0.7530737180000041   0.9374721409128782   0.16666666666666666   0.09701871051391844   -1.5029612885057174e-09   1.0
0.8967803377997298  0.7661949443931908   0.9571740120565284   0.16049103922115057   0.19701871143650088   -0.061756370925704185   1.0
0.9044196123038669  0.7777558315443884   0.9868758832912123   0.13856862078851054   0.29701871234683963   -0.21922418432640023   1.0
0.9099795945101667  0.7869431731156984   1.0265777546141222   0.10738745144675865   0.39701871322910054   -0.31181169341751896   1.0
0.9134417814861409  0.7933640964346929   1.0762796260172514   0.07294860857138763   0.4970187140312884   -0.3443884287537102   1.0
0.915124179701908  0.7969863518137774   1.135981497422728   0.03993895064685966   0.5970187140547677   -0.33009657924527974   1.0
0.9156185138504678  0.7982732225726096   1.2040396517858893   0.013785509059769338   0.6805815436316139   -0.2615344158709032   0.8356282957684625
0.9156267998724799  0.798300722992956   1.2781424529041023   0.0002872161694648591   0.7410280111821288   -0.13498292890304478   0.6044646755051484
0.9156993838768994  0.7986333224422772   1.355932562134458   0.0034042742455092996   0.7779010923035589   0.031170580760444405   0.3687308112143011
0.9160781658648434  0.801406497082532   1.4350484896708635   0.02798923610915905   0.7911592753640545   0.2458496186364975   0.1325818306049564
0.9164508627878304  0.8078613367728124   1.5131212177944902   0.06465590338370016   0.7807272812362656   0.3666666666666667   -0.10431994127788861
0.9162792742846251  0.8179921408415828   1.5877320109576223   0.10132257087847862   0.7461079316313222   0.3666666666666667   -0.3461934960494345
0.9151000278951386  0.8317405835548027   1.6563599938006635   0.13798923837959326   0.6862798284304098   0.3666666666666667   -0.5982810320091237
0.9126825250993874  0.8482309895892509   1.7163599943327852   0.16666666666666666   0.6000000053212167   0.2867743823826533   -0.8627982310919323
0.9094438667498561  0.8645799621302569   1.7663599947994877   0.16666666666666666   0.5000000046670274   3.093950813112198e-10   -1.0
0.9060207968370321  0.8788415789800335   1.8063599951778129   0.146666670650799   0.40000000378324874   -0.20000005997999099   -1.0
0.9031338113503695  0.8894559711616481   1.8363599954632766   0.11000000299332685   0.3000000028546369   -0.3666666666666667   -1.0
0.9010680234821871  0.8964923268370079   1.8563599956541634   0.07333333533018663   0.20000000190887077   -0.3666666666666667   -1.0
0.9  0.9   1.8663599957497343   0.036666667665439356   0.10000000095570799   -0.3666666666666667   -1.0
0.9  0.9   1.8663599957497343   1.568504484336727e-22   2.255607069557815e-19   -0.3666666666666667   -1.0
