0.1  0.1   -1.4936118246887513   4.999887052136424e-19   1.929335529397675e-23   2.699964652477139e-14   1.4426705212735416e-13
0.10031609487009731  0.09638291441959601   -1.483628393351371   0.036308709785375315   0.09983431337380362   0.3630870978537531   0.9983431337380362
0.10109294733811479  0.0891595044529726   -1.4636616083384246   0.07265063750763234   0.19966785012946345   0.36341927722257034   0.9983353675565982
0.10258278030243034  0.07835969351503785   -1.4337116278352116   0.1090208780720365   0.2994998050321302   0.36370240564404166   0.9983195490266676
0.1051434338274211  0.06404557570744931   -1.3937786938860424   0.1454135190012701   0.3993293394916909   0.3639264092923357   0.9982953445956071
0.10886591827839603  0.04792469453732446   -1.3438631374436198   0.1654508084560123   0.4991555644242267   0.2003728945474222   0.9982622493253579
0.11282955229879496  0.034487042249462106   -1.2839653868721512   0.14010028324599721   0.5989775057146857   -0.25350525210015074   0.9982194129045897
0.11645485684631225  0.024758644206962506   -1.2140859846675969   0.10381934383100337   0.6987940220455432   -0.3628093941499385   0.9981651633085756
0.11931158436495155  0.018636183227791814   -1.1342256263294268   0.06756139471399021   0.7986035833817009   -0.36257949117013155   0.9980956133615768
0.12088610796840529  0.015926654691880354   -1.0443852473151356   0.03133794738764283   0.8984037901429113   -0.36223447326347386   0.9980020676121033
0.1209104312566877  0.01589302910080168   -0.9445662720032537   0.0004150063527528331   0.9981897531188192   -0.3092294103489   0.9978596297590795
0.12094761768053243  0.015851976584688166   -0.8347719184665904   0.0005539078621574623   1.0979435353666342   0.001389015094046291   0.9975378224781516
0.12099289659001003  0.01581262525839715   -0.7154713993763241   0.0005998922006769637   1.1930051909026624   0.0004598433851950158   0.9506165553602808
0.12223353262655286  0.014974979084613827   -0.5938697350113582   0.014969398410144575   1.2160166436496587   0.14369506209467608   0.23011452746996255
0.12679213851537272  0.01261751231130392   -0.47727047314308574   0.05132108459180123   1.165992618682725   0.3635168618165666   -0.5002402496693383
0.13496456535177456  0.009441936853858782   -0.3706159160254922   0.08767715773344308   1.0665455711759353   0.3635607314164185   -0.9944704750678959
0.14690452611092814  0.0060869044224593615   -0.27392826791038594   0.12402374996173349   0.9668764811510626   0.3634659222829041   -0.9966909002487271
0.16265899979292067  0.0031025532598976005   -0.1872105979297791   0.16034643521385472   0.8671766998060687   0.3632268525212124   -0.9969978134499388
0.17914339268503746  0.001274172644670499   -0.11046434710319868   0.1658548114151991   0.767462508265804   0.05508376201344369   -0.9971419154026472
0.19570492819217677  0.0005501347341377974   -0.04369022194924057   0.16577354712079   0.667741251539581   -0.0008126429440910295   -0.9972125672622303
0.21227547672370073  0.0007674164123696005   0.013111770325431735   0.16571973025662348   0.5680199227467231   -0.0005381686416651093   -0.9972132879285783
0.22881412874841986  0.0017599921266298571   0.05994361418750513   0.1656841022377475   0.46831843862073397   -0.0003562801887600764   -0.9970148412598916
0.245303128047619  0.0033614990770325674   0.09682208966182806   0.16566590548485038   0.3687847547432293   -0.00018196752897102183   -0.9953368387750464
0.26173721157655216  0.005450455262108305   0.1264331779563756   0.16566316409481258   0.29611088294547533   -2.741390037800971e-05   -0.7267387179775402
0.27811145557850503  0.007973789493566235   0.1529010678307562   0.1656753096508343   0.26467889874380596   0.00012145556021719472   -0.31431984201669316
0.29441504713480293  0.010934814819156542   0.17965969525310063   0.1657029778287503   0.2675862742234444   0.0002766817791599816   0.02907375479638395
0.3106276465997422  0.014380921108415953   0.209440211990386   0.16574801053620422   0.2978051673728538   0.0004503270745392625   0.3021889314940939
0.32671678070443244  0.01839101535322475   0.24426549185022198   0.16581347716350453   0.3482527985983597   0.0006546662730030322   0.5044763122550594
0.3426358011643273  0.023062645331240146   0.2854480273755503   0.1659033872630358   0.41182535525328334   0.0008991009953127976   0.6357255665492365
0.35832288974266563  0.028498948683847367   0.3335947676145043   0.1660235351405114   0.48146740238953956   0.001201478774756192   0.6964204713625617
0.37356798771415495  0.03474097613348047   0.38862191305992555   0.16473491398046025   0.5502714544542128   -0.012886211600511593   0.6880405206467324
0.3851879083442768  0.04035087398753189   0.44977922468065223   0.12903236391800038   0.6115731162072671   -0.3570255006245989   0.6130166175305425
0.3932695162779048  0.044932174716469465   0.5157103627367323   0.09289817175893478   0.6593113805608011   -0.36134192159065587   0.4773826435353411
0.3980047937307933  0.04806600323779278   0.5846290174009414   0.05678356607044305   0.6891865466420903   -0.3611460568849173   0.29875166081289223
0.3998903931859676  0.04951281859459239   0.654479778598017   0.02376712010741012   0.6985076119707555   -0.3301644596303293   0.09321065328665108
0.4009873868209619  0.05048093482557791   0.7230719473261756   0.014630940065170527   0.6859216872815871   -0.09136180042239594   -0.12585924689168337
0.4029324973824916  0.05243683397736771   0.7881637454903018   0.027584409706410393   0.6509179816412612   0.12953469641239865   -0.3500370564032593
0.4067638136036951  0.05677609515914907   0.8474858322241671   0.05788624326246714   0.5932208673386525   0.30301833556056745   -0.5769711430260869
0.41259173093375784  0.06410127261684162   0.8987435620866494   0.093607075155848   0.5125772986248242   0.3572083189338085   -0.8064356871382833
0.42021914388409526  0.0745473474463391   0.9401075220443262   0.12934369240812446   0.41363959957676844   0.35736617252276454   -0.9893769904805574
0.4292801799235274  0.08781205568140617   0.9715073486570897   0.16064085989193588   0.313998266127634   0.3129716748381144   -0.9964133344913442
0.4383505612446822  0.10172125731775478   0.9929366168862664   0.1660535177196137   0.21429268229176707   0.05412657827677818   -0.9970558383586694
0.44725649798182804  0.11572638281677468   1.0043932416851162   0.1659696506618634   0.11456624798849922   -0.0008386705775031306   -0.9972643430326784
0.45613785793894124  0.12973871214749763   1.0058763374538062   0.16589874259902265   0.014830957686900167   -0.0007090806284073094   -0.9973529030159906
0.4651356730683889  0.14367172378570572   0.9973855928404249   0.1658582196977664   -0.08490744613381372   -0.00040522901256248367   -0.9973840382071388
0.47438838468854694  0.157435007723024   0.9789210789942492   0.16584349763076864   -0.18464513846175779   -0.00014722066997783015   -0.9973769232794406
0.48402938921195676  0.1709305983102993   0.9504832082112084   0.1658553386294316   -0.28437870783040775   0.00011840998662987944   -0.9973356936864997
0.4941839137147908  0.18404909536305805   0.9120728109163251   0.16589434372546463   -0.38410397294883275   0.0003900509603302497   -0.99725265118425
0.5049652082633334  0.19666607029004227   0.8636914763250214   0.16595914209520587   -0.48381334591303665   0.0006479836974122051   -0.997093729642039
0.5164446860238654  0.20861285014663172   0.8053433094138334   0.16568160990152625   -0.583481669111881   -0.002775321936796122   -0.9966832319884437
0.5272108161020608  0.21838668426915994   0.7371251941475742   0.14540886847603574   -0.6821811526625925   -0.20272741425490517   -0.9869948355071153
0.537020665844559  0.22606286667480383   0.6639771683631693   0.12456200395577197   -0.7314802578440472   -0.20846864520263766   -0.4929910518145469
0.5473384640150174  0.23300325029924981   0.5921412662453538   0.12434865658321148   -0.7183590211781563   -0.0021334737256048842   0.1312123666589093
0.5597527611117955  0.2402466669642809   0.5281792199392882   0.1437295576386268   -0.6396204630606557   0.19380901055415325   0.7873855811750059
0.5743364840308507  0.2477316616788728   0.4741858488900814   0.1639237993876442   -0.5399337104920675   0.20194241749017391   0.9968675256858822
0.5894454186343098  0.25466398485526287   0.43016667126468805   0.16623387424743072   -0.4401917762539339   0.023100748597865196   0.997419342381336
0.6044760451917472  0.2609502600743278   0.396123372516854   0.16292237134249454   -0.340432987478341   -0.03311502904936161   0.9975878877559287
0.618299713103525  0.26634468891792407   0.37205688118798896   0.14838923717152558   -0.2406649132886498   -0.14533134170968964   0.997680741896912
0.6307262396306254  0.27099325974932315   0.357967789386877   0.13267545828188163   -0.1408909180111196   -0.15713778889643967   0.9977399527753019
0.642310060387276  0.27527238120244907   0.3538564759600787   0.1234891832237428   -0.04111313426798327   -0.09186275058138813   0.9977778374313635
0.6537893756189106  0.2795896003031001   0.3597231535166878   0.1226430018183437   0.05866677556609161   -0.008461814053991157   0.9977990983407488
0.6656433142685281  0.28426340204769635   0.37556788729285506   0.12742067503218407   0.158447337761672   0.04777673213840388   0.9978056219558038
0.6777906718031366  0.28941914581364736   0.40139059985038655   0.13196211155238943   0.2582271255753149   0.04541436520205364   0.9977978781364292
0.6894668384751215  0.29487604385734834   0.43719106482747455   0.1288839029558156   0.35800464977088015   -0.03078208596573856   0.9977752419556523
0.6993847809094244  0.3000769162476931   0.4829688867879091   0.11198868503145847   0.4577782196043455   -0.16895217924357128   0.9977356983346539
0.7062756033013368  0.304195531309151   0.5387234553033579   0.08027852967097251   0.5575456851544879   -0.3171015536048595   0.9976746555014235
0.7099595614981211  0.3067400237796292   0.6044538377305017   0.04477274832749429   0.6573038242714383   -0.3550578134347822   0.9975813911695041
0.7108153664909842  0.30743230456072773   0.6801584731922279   0.011007519546598975   0.7570463546172618   -0.3376522878089532   0.9974253034582348
0.7109441275307743  0.30755612339304184   0.7658337506041193   0.0017863512701438117   0.856752774118914   -0.09221168276455163   0.9970641950165233
0.7110557591909555  0.30768616394966464   0.8614243418750633   0.0017138312029368811   0.9559059127094405   -0.000725200672069306   0.9915313859052642
0.7111495395147177  0.3078208836579076   0.9626829363298818   0.0016414672983035782   1.0125859445481844   -0.0007236390463330274   0.5668003183874393
0.7113258012249286  0.3081385810577124   1.0642676816104937   0.0036331780623750504   1.0158474528061183   0.01991710764071472   0.03261508257933839
0.7129091142961903  0.3117818254609156   1.160832027097384   0.03972418666643553   0.9656434548689047   0.36091008604060487   -0.5020399793721361
0.7153216028434397  0.3189827918461935   1.2475259456587642   0.07594341174354946   0.8669391856138019   0.36219225077113926   -0.9870426925510273
0.7180587681722945  0.3298589654021476   1.3242500861347126   0.1121531208913435   0.7672414047594841   0.3620970914779403   -0.9969778085431786
0.7207111241683456  0.3444516871570343   1.3910002825917036   0.14831807730186908   0.667501964569909   0.36164956410525595   -0.9973944018957515
0.7227515269675341  0.3609536681444398   1.447774791054235   0.16627646258308712   0.5677450846253135   0.17958385281218028   -0.9975687994459548
0.724016384664268  0.3775155243359861   1.4945725570416328   0.16610085656076626   0.4679776598739791   -0.0017560602232087248   -0.9976742475133435
0.724670241932805  0.3941008410583973   1.5313928686387852   0.16598200508187275   0.36820311597152444   -0.0011885147889351398   -0.9977454390245464
0.7248786298573371  0.4106899251088835   1.5582352375930184   0.1659039285733699   0.26842368954233164   -0.0007807650850282176   -0.9977942642919282
0.7248072621090562  0.42727532126852735   1.5750993477842332   0.16585549708324968   0.16864110191214773   -0.00048431490120233244   -0.9978258763018389
0.7246217234674021  0.4438573035127997   1.5819850312874726   0.16583020223599326   0.06885683503239336   -0.00025294847256429175   -0.9978426687975437
0.7244874745735482  0.4604392047399286   1.578892259758867   0.16582444665098273   -0.030927715286055896   -5.755585010515552e-05   -0.9978455031844926
0.724569980806283  0.4770226408512751   1.5658211484625815   0.16583641353355402   -0.1307111129628554   0.00011966882571290667   -0.9978339767679949
0.7250347476944741  0.4936026941716895   1.5427719771481632   0.16586566141525205   -0.23049171314418215   0.00029247881698015257   -0.9978060018132675
0.7260470375608248  0.5101631192701092   1.5097452446465824   0.16591335395705872   -0.33026732501580724   0.00047692541806679446   -0.9977561187162511
0.7277710278998598  0.5266714262223477   1.4667418182877423   0.16598082453018614   -0.4300342635884026   0.0006747057312741313   -0.9976693857259534
0.7303680202350963  0.5430731580240844   1.4137634896881945   0.1660605839096185   -0.5297832859954769   0.0007975937943236507   -0.9974902240707431
0.7339924604501924  0.5592828821432659   1.3508180019205491   0.16609988648139312   -0.6294548776764535   0.0003930257177462598   -0.9967159168097657
0.7386675944019269  0.5749161810921516   1.280211560339754   0.16317380717822774   -0.7060644158079529   -0.029260793031653923   -0.7660953813149934
0.7438240047473441  0.5884543562635346   1.2068812127881805   0.14486916670572708   -0.733303475515733   -0.18304640472500652   -0.2723905970778027
0.74901032974498  0.5995909955118003   1.1349638395551358   0.12285060061968246   -0.7191737323304482   -0.2201856608604461   0.14129743185284824
0.7542678709133306  0.6091508330901038   1.0679827910138744   0.10910189441969728   -0.6698104854126137   -0.13748706199985192   0.49363246917834613
0.7601393008079415  0.6184786630345348   1.0090013105647762   0.11021891873844976   -0.5898148044909824   0.011170243187524867   0.7999568092163117
0.7673168892879488  0.6287292083017552   0.9599258901564867   0.12513650732803094   -0.4907542040828945   0.14917588589581193   0.9906060040808797
0.7761830844660379  0.6403924657714931   0.9208106969071541   0.14650631103807643   -0.39115193249332564   0.21369803710045465   0.9960227158956887
0.7864541180527296  0.6531162550393129   0.8916619331134286   0.16352031808583362   -0.2914876379372551   0.17014007047757185   0.9966429455607057
0.79713184558242  0.6658367543373122   0.8724819125255878   0.16607979033786946   -0.19180020587840824   0.02559472252035861   0.9968743205884685
0.807926174271363  0.6784582520818888   0.8632717362280968   0.16607821565734   -0.0921017629749097   -1.574680529465614e-05   0.9969844290349855
0.8187049253332364  0.6910809480426188   0.8640318819971925   0.16598612224183248   0.00760145769095725   -0.0009209341550752402   0.9970322066586694
0.8293468751067171  0.7038176958662743   0.874762369636715   0.16597464869750111   0.10730487639522528   -0.00011473544331352808   0.9970341870426804
0.839723096171038  0.7167722263299661   0.8954627526617455   0.16597765605895645   0.20700383025030406   3.0073614553189443e-05   0.9969895385507878
0.8496979490976924  0.7300398477271158   0.9261319259954953   0.16599020104943973   0.3066917333374983   0.00012544990483293294   0.9968790308719424
0.8591257561902765  0.7437019938214194   0.966767418445785   0.16599330783946947   0.40635492450289623   3.1067900297266167e-05   0.9966319116539792
0.8677340224894682  0.7576348078296629   1.017361494966628   0.16377593072974622   0.5059407652084313   -0.022173771097232387   0.9958584070553517
0.8749761378349933  0.7711152127313835   1.0778080192476749   0.15302599484738   0.6044652428104688   -0.10749935882366234   0.9852447760203734
0.8809848036887832  0.7843830288259512   1.1455538946679236   0.1456499259388725   0.6774587542024861   -0.07376068908507485   0.7299351139201744
0.8861991848974835  0.7985118651672828   1.217243914475289   0.1506033823484137   0.7169001980736537   0.04953456409541181   0.39441443871167486
0.8907912352967735  0.8143829549158463   1.2891530859942022   0.16522058487796523   0.7190917151891333   0.14617202529551532   0.02191517115479636
0.8943121281815875  0.8306162765662664   1.3572115658752038   0.16610762129109   0.6805847988100158   0.008870364131247751   -0.3850691637911751
0.8968550758796722  0.8470254931501421   1.41704864428657   0.16605088734758724   0.5983707841136623   -0.0005673394350276126   -0.8221401469635354
0.8985762479380406  0.863535731834743   1.466922766021693   0.16599711282863894   0.4987412173512286   -0.0005377451894829664   -0.9962956676243363
0.8995093210106194  0.8781015356516171   1.5068245813462409   0.1459565915566779   0.39901815324547973   -0.20040521271961037   -0.9972306410574889
0.8998820574740063  0.8890458491876071   1.5367519394511289   0.10950658941089016   0.2992735810488807   -0.3645000214578774   -0.99744572196599
0.8999849659850384  0.8963477601312156   1.556703892729836   0.0730263607127751   0.19951953278707144   -0.3648022869811506   -0.9975404826180927
0.9  0.9   1.566679967905102   0.03652270811511088   0.09976075175265987   -0.36503652597664227   -0.9975878103441156
0.9  0.9   1.566679967905102   5.00029728342978e-19   6.854758830554261e-24   -0.3652270811511088   -0.9976075175265987
