0.1  0.09999999999999999   1.4364130608816266   0.0   -2.9195111056143994e-20   2.4888691536227977e-06   -0.0004759852643775371
0.10052753706035873  0.1036284004899292   1.426416901012662   0.0366654953128556   -0.09996159868964663   0.366654953128556   -0.9996159868964662
0.10172746507534369  0.11086262384278918   1.4064245812860379   0.07333063122611877   -0.1999231972662407   0.3666513591326318   -0.9996159857659407
0.10385189410583909  0.121655018422321   1.3764362425380767   0.10999499055226097   -0.29988338747961035   0.36664359326142193   -0.9996019021336962
0.10725733968226885  0.13591984343233135   1.3364522649711394   0.14665684168842644   -0.39983977566937456   0.36661851136165485   -0.9995638818976424
0.11193230104635894  0.15191680624848952   1.2864733995546334   0.16666075815778672   -0.49978865416505824   0.2000391646936026   -0.9994887849568368
0.11755758232032175  0.16760459893435992   1.2265010756206987   0.16665852176412835   -0.5997232393393482   -2.2363936583718044e-05   -0.9993458517429002
0.12426557385865114  0.18286033739581836   1.1565384400275378   0.166653744777224   -0.6996263559316088   -4.776986904347491e-05   -0.9990311659226052
0.1321700677668774  0.19753103691273052   1.0765967825253049   0.1666464665874174   -0.7994165750223273   -7.278189806583103e-05   -0.9979021909071848
0.14134887796114234  0.2114395162565163   0.9874626943968224   0.16664223781468462   -0.891340881284826   -4.228772732785898e-05   -0.9192430626249886
0.15181008095040302  0.22441107424138826   0.892121264562   0.16664275697953734   -0.9534142983482257   5.19164852698407e-06   -0.6207341706339956
0.1634945714918508  0.2362922612283893   0.7937447037289384   0.16664030827901932   -0.9837656083306155   -2.4487005179989167e-05   -0.30351309982389835
0.1762868358103643  0.2469691913284438   0.6955086799664854   0.16662498694858566   -0.9823602376245304   -0.00015321330433684305   0.014053707060851357
0.18999243472646474  0.25635747909642037   0.6005853930528354   0.166127477818497   -0.949232869136499   -0.00497509130088665   0.33127368488031417
0.20152689721576175  0.26284179522442014   0.5121379091487306   0.13232164621286935   -0.8844748390410491   -0.3380583160562763   0.6475803009544993
0.2108118717987745  0.2671337142971833   0.43298883972183333   0.10228945318767785   -0.7914906942689722   -0.300321930251915   0.9298414477207687
0.21922932884138882  0.2703388177483369   0.3638184689863717   0.09007012334667586   -0.6917037073546163   -0.12219329841001983   0.9978698691435589
0.22812888882338378  0.27313706614599254   0.3046380772580868   0.09329113675377132   -0.591803917282849   0.032210134070954514   0.9989979007176732
0.23807166685308767  0.2757336862214947   0.25545092654955626   0.10276247893295636   -0.49187150708530525   0.09471342179185041   0.9993241019754374
0.24883699021395417  0.2780987642532774   0.21625850873232288   0.1102205884399275   -0.3919241781723339   0.07458109506971142   0.9994732891297136
0.259785757582828  0.28017108664214496   0.1870616243728702   0.11143160547219937   -0.291968843594527   0.012110170322718617   0.9995533457780684
0.2702841208487802  0.28195009004242577   0.16786071880444256   0.10648027252130103   -0.19200905568427634   -0.0495133295089832   0.9995978791025066
0.28000327425422356  0.2835051621334366   0.1586560192255627   0.09842773599284947   -0.09204699578879878   -0.08052536528451577   0.9996205989547758
0.2890322945419948  0.28495714346186635   0.15944759709579764   0.09145023626819902   0.007915778702349848   -0.06977499724650449   0.9996277449114862
0.2978493323431338  0.28647278485888455   0.17023539254407816   0.08946358165816366   0.10787795448280514   -0.0198665461003536   0.9996217578045529
0.3070272597313785  0.28824758448362553   0.19101920952687385   0.09347955116060071   0.20783816982795686   0.04015969502437051   0.9996021534515174
0.31729355361908607  0.2905627240981174   0.22179867265811287   0.10524099088443192   0.3077946313123902   0.11761439723831212   0.9995646148443336
0.32942205405690467  0.2938226059186226   0.262573109828775   0.1255895506616   0.40774437170662114   0.20348559777168065   0.9994974039423091
0.3437308334510591  0.29845887264945903   0.3133412216045644   0.15041148126058676   0.507681117757894   0.2482193059898677   0.9993674605127284
0.35919247058099735  0.30452891484611994   0.37409982016037713   0.16610467633607723   0.6075859855581275   0.15693195075490482   0.9990486780023354
0.37408390299754357  0.3116276155655182   0.4448320011626697   0.1649685761956349   0.7073218100229258   -0.011361001404423234   0.9973582446479836
0.38585276625842124  0.3184153106950726   0.5231486635171231   0.1358598349862871   0.7831666235445333   -0.29108741209347816   0.7584481352160746
0.39405691470667387  0.32407763640977016   0.6041037995631512   0.09968449441126276   0.8095513604602811   -0.36175340575024345   0.2638473691574777
0.3990146262641017  0.3281040839087753   0.6821108068858389   0.06386797581644378   0.7800700732268774   -0.3581651859481899   -0.29481287233403686
0.40232118352168444  0.3311931399907319   0.7514033965201359   0.045249959530530064   0.6929258963429693   -0.18618016285913708   -0.8714417688390805
0.40619812439338354  0.3352714545483682   0.8107060486491857   0.05627016985373249   0.5930265212904995   0.11020210323202431   -0.9989937505246992
0.41221211241203976  0.34225722394301966   0.8600131921818297   0.09217864499101229   0.49307143532644027   0.359084751372798   -0.999550859640592
0.4202172336131117  0.35233093439300706   0.899323232404534   0.12867074557724337   0.39310040222704157   0.36492100586231085   -0.9997103309939869
0.4301071137095868  0.36555432531505827   0.9286354314220399   0.1651265562530881   0.2931219901750589   0.36455810675844763   -0.9997841205198262
0.4398278827020403  0.37908893473642674   0.9479493862972015   0.16663703129666085   0.1931395487516156   0.015104750435726984   -0.9998244142344334
0.44942299456783763  0.39271470821308974   0.957264871525719   0.16665169502723332   0.0931548522851753   0.0001466373057246562   -0.999846964664403
0.4590277572268685  0.40633441364007183   0.9565817700063994   0.16665768558757849   -0.006831015193195088   5.9905603451732645e-05   -0.9998586747837038
0.46877760620140885  0.41985096360641694   0.9459000458808067   0.16666033661883983   -0.10681724125592763   2.65103126136937e-05   -0.9998622606273255
0.47880493803982577  0.43316308911007734   0.9252197402416282   0.16666135401554236   -0.20680305639178423   1.0173967025004117e-05   -0.9998581513585659
0.4892358817300655  0.4461613664062093   0.8945409873549979   0.16666127292688399   -0.30678752886630395   -8.108865836467602e-07   -0.9998447247451971
0.5001866904086295  0.4587246057979098   0.8538640632264222   0.16665989161393682   -0.4067692412857564   -1.3813129471599347e-05   -0.999817124194525
0.5117594539359587  0.47071666352828584   0.8031895125234569   0.1666548241930483   -0.5067455070296535   -5.0674208885157655e-05   -0.9997626574389702
0.5219328037397308  0.4800529352480326   0.7425185521335559   0.13808077920364392   -0.6067096038990106   -0.2857404498940438   -0.9996409686935724
0.5298724327758422  0.4863671506784127   0.6718552759568707   0.10144310017557297   -0.7066327617668515   -0.3663767902807096   -0.9992315786784081
0.53524993264037  0.48998378674638654   0.5920644404094423   0.06480552541347617   -0.7979083554742834   -0.366375747620968   -0.9127559370743197
0.5377109093546312  0.491359880876654   0.5098530835957221   0.028195817852107848   -0.8221135681372019   -0.3660970756136832   -0.24205212662918493
0.5377432736553023  0.491374793591673   0.43177958845753983   0.00035634772725093587   -0.7807349513818227   -0.2783947012485691   0.41378616755379255
0.5400960128656511  0.49227000274948274   0.36358083582022827   0.025172964124511414   -0.6819875263731162   0.24816616397260477   0.9874742500870647
0.5459804407445772  0.49412497903875385   0.30537439112704157   0.0616988075217346   -0.5820644469318664   0.3652584339722318   0.9992307944124975
0.5554852677648142  0.49662462563154036   0.25716394571043005   0.09828019626224743   -0.48210445416611525   0.3658138874051285   0.9995999276575122
0.5686480295433827  0.49955357574209   0.2189506918547103   0.13484696748144992   -0.3821325385571975   0.36566771219202476   0.9997191560891778
0.5850064094962406  0.5027120892710732   0.190735157394821   0.16660516270357298   -0.28215534459889324   0.3175819522212305   0.9997719395830426
0.6014228558582742  0.5055726502059427   0.17251757377096333   0.1666380868888091   -0.18217583623857672   0.00032924185236123696   0.9997950836031652
0.6178626779669643  0.5082982489287028   0.16429798782766247   0.16664232336441093   -0.08219585943300828   4.236475601828563e-05   0.9997997680556845
0.634297471977284  0.5110530526280296   0.16607631010107565   0.16664075059344555   0.017783222734131698   -1.5727709653618083e-05   0.9997908216713998
0.6506977164003137  0.5140010225804328   0.17785231022481612   0.16663089268661616   0.11776000123740475   -9.857906829412396e-05   0.9997677850327306
0.6663799799379053  0.5171738619328483   0.19962556294731496   0.1600000935058194   0.21773252722498818   -0.06630799180796734   0.9997252598758342
0.6783970851012461  0.520005279870983   0.23139530206942108   0.12346163130591832   0.3176973912210614   -0.36538462199901084   0.9996486399607325
0.6867650292390426  0.5223496697570125   0.273160018572953   0.08690146893522523   0.41764716503531907   -0.36560162370693094   0.9994977381425764
0.6915571654545788  0.5239639205954546   0.3249159104461524   0.05056715858901262   0.5175589187319941   -0.3633431034621261   0.9991175369667502
0.6957280020628529  0.5256619993730538   0.38663902528755467   0.04503259880114786   0.6172311484140224   -0.05534559787864754   0.9967222968202827
0.7025246795573475  0.5289930250634788   0.4556932101481014   0.0756905259028104   0.6905418486054679   0.3065792710166254   0.7331070019144549
0.7121992681611174  0.5346399653644631   0.5283389544039649   0.11202035503205483   0.726457442558635   0.36329829129244423   0.35915593953167185
0.7244227951296727  0.5430222147951856   0.601096143826077   0.14821495102378854   0.7275718942211213   0.3619459599173372   0.011144516624862887
0.7373906163098755  0.5533178847067254   0.6710347853991245   0.16557934807490077   0.699386415730475   0.1736439705111224   -0.28185478490646354
0.749010659201733  0.5638437867648597   0.7360323814528582   0.1567864824996232   0.6499759605373362   -0.08792865575277586   -0.4941045519313871
0.7583269187487407  0.5733363034195028   0.7947688926058295   0.13300397151434248   0.5873651115297124   -0.2378251098528069   -0.6261084900762387
0.7657718388252945  0.5817523140652571   0.8465471537929404   0.11236372641369609   0.51778261187111   -0.20640245100646418   -0.6958249965860247
0.7723388670802245  0.5898786957559667   0.8911284527489095   0.10448154836340595   0.44581298955968995   -0.07882178050290149   -0.7196962231141997
0.7788741206007632  0.598615819837242   0.9285849087915106   0.10910860451371938   0.3745645604260113   0.046270561503134404   -0.7124842913367866
0.785762736123995  0.6084396731481789   0.9592566045742673   0.11998379794860363   0.30671695782756725   0.10875193434884241   -0.6784760259844402
0.7930381731619535  0.619374782408894   0.983720896315352   0.13134252877003344   0.24464291741084726   0.11358730821429829   -0.6207404041672
0.8005121397564384  0.6310867913835481   1.0027998182688074   0.13893571566658158   0.190789219534555   0.07593186896548113   -0.5385369787629225
0.8079708526424485  0.6431634978491243   1.017527735953917   0.14194338201255527   0.1472791768510954   0.030076663459736922   -0.43510042683459615
0.8152947603266019  0.655335582222437   1.0291299042405813   0.14205606701476797   0.1160216828666408   0.0011268500221269897   -0.3125749398445458
0.8225103858960766  0.6675987627745914   1.0389517124805439   0.14228522397409823   0.09821808239962784   0.0022915695933025003   -0.17803600467012967
0.8297264435555599  0.6801326135209483   1.0484169751291579   0.14462672736287024   0.09465262648613917   0.023415033887720264   -0.035654559134886764
0.8370846374042383  0.6932302769384417   1.0589430393564896   0.15023042425310315   0.10526064227331597   0.056036968902329315   0.10608015787176811
0.844625273739041  0.7070695445508427   1.0718982980827414   0.1576028313138425   0.12955258726251942   0.07372407060739339   0.24291944989203432
0.8522285220031588  0.7215926317980068   1.0885036741653014   0.16392969448960468   0.1660537608256024   0.06326863175762187   0.36501173563083
0.8596199158799545  0.736473232869893   1.1097814568966633   0.16615203631088704   0.21277782731361747   0.022223418212823667   0.46724066488015065
0.8666177809788664  0.751557970598768   1.1364404572243971   0.16628873331994262   0.266590003277339   0.0013669700905554621   0.5381217596372156
0.8731249264484362  0.7668650185611381   1.1688343761137987   0.16632758625208002   0.32393918889401413   0.0003885293213742104   0.5734918561667507
0.8790467464186407  0.7824118142783398   1.206860558861802   0.1663643017092034   0.3802618274800338   0.00036715457123378804   0.5632263858601966
0.8842970762983554  0.7982098160806044   1.2499387868198049   0.16647607179116475   0.4307822795800305   0.0011177008196133612   0.5052045209999674
0.8888027497472856  0.8142471878306078   1.296908417401413   0.16658282800942806   0.46969630581607885   0.0010675621826332989   0.38914026236048355
0.8925165879048934  0.8304911175673358   1.34603016846154   0.1666306835947844   0.4912175106012714   0.0004785558535630516   0.2152120478519255
0.8954323272932861  0.8468989858178311   1.3949284815219325   0.16664923543377563   0.48898313060392373   0.00018551838991264654   -0.02234379997347676
0.8975940655986294  0.8634238308891444   1.4407175296483588   0.16665641815774312   0.45789048126426374   7.182723967500093e-05   -0.3109264933966
0.8989216605054092  0.878029044324092   1.4801467458630073   0.146654276349811   0.3942921621464864   -0.2000214180793211   -0.6359831911777737
0.8995888541685115  0.8890082166739303   1.510101934794621   0.10999426024640242   0.29955188931613613   -0.36660016103408605   -0.9474027283035021
0.8998873530539496  0.8963351828851693   1.5300790778369195   0.07333044077683215   0.1997714304229856   -0.3666381946957028   -0.9978045889315057
0.9  0.9   1.5400686023812824   0.03666547943176141   0.09989524544362793   -0.3666496134507074   -0.9987618497935764
0.9  0.9   1.5400686023812824   2.3783164136116136e-29   -9.872049043632036e-20   -0.36665479431761416   -0.9989524544362793
