0.1  0.1   1.2148943528974232   0.0   1.8990787573766376e-21   0.0   -4.05044420223509e-09
0.101285013346486  0.103434120830176   1.2127360660669007   0.03666666766546406   -0.021582868305226443   0.3666666666666667   -0.2158286830522644
0.1038846634399108  0.11029120476570473   1.208419468364503   0.0733333353306186   -0.04316597702397525   0.3666666666666667   -0.21583108718748809
0.10784495556725865  0.12055356769318046   1.202499978125872   0.11000000299507345   -0.059194902386308035   0.3666666666666667   -0.16028925362332783
0.11320931958899515  0.13420401535833162   1.1963555800270362   0.14666667065721928   -0.06144398098836071   0.3666666666666667   -0.022490786020526767
0.11937023595475424  0.1496901679026869   1.1921586763063168   0.16666666666666666   -0.04196903720719397   0.20000006003989745   0.19474943781166743
0.12552471347117966  0.16517888048916313   1.1925744230186417   0.16666666666666666   0.004157467123248672   -1.880218202160504e-11   0.4612650433044264
0.13155985626693406  0.18071448033306453   1.2002673659180227   0.16666666666666666   0.07692942899380982   -3.5029201726207126e-11   0.7277196187056115
0.13732723434184363  0.19635146089832553   1.2174464464987758   0.16666666666666666   0.17179080580753114   -5.303590892346252e-11   0.9486137681372132
0.14266753592677198  0.21213939901625126   1.2446255271208253   0.16666666666666666   0.271790806220497   -7.157163735945732e-11   1.0
0.14741730122458974  0.22811492844802678   1.2818046077946685   0.16666666666666666   0.3717908067384311   -7.067818533679548e-11   1.0
0.15141237611121028  0.24429569442669688   1.3287348827169898   0.16666666666666666   0.46930274922321336   -1.1060874414103099e-11   0.9751194248478228
0.15453102896728374  0.2606679824581135   1.382567642414712   0.16666666666666666   0.5383275969772213   4.250710881039419e-11   0.6902484775400791
0.15672082602961837  0.2771901675392047   1.439027524491123   0.16666666666666666   0.5645988207641095   2.3044066587500254e-11   0.2627122378688824
0.15801860229168996  0.2938062316876085   1.4928508534549754   0.16666666666666666   0.5382332896385258   -5.334010837581262e-11   -0.2636553112558374
0.1585392384384606  0.3098865987441244   1.5384305023475815   0.16088793201157267   0.4557964889260593   -0.057787446248396455   -0.8243680071246653
0.15849931597462627  0.32230866103417033   1.5740101511546105   0.12422126441994609   0.3557964880702898   -0.3666666666666667   -1.0
0.15824725071512205  0.3310604915477943   1.599589799868103   0.0875545968149299   0.2557964871349251   -0.3666666666666667   -1.0
0.15802151918097915  0.336144275445011   1.6151694484861807   0.05088792925547897   0.15579648618077707   -0.3666666666666667   -1.0
0.15793963596901936  0.3377821244195175   1.6207490970080634   0.01639894546515904   0.055796485218827074   -0.3448898379031993   -1.0
0.157818559941591  0.3404394035148659   1.6163287454333288   0.026600360138527457   -0.0442035157473459   0.10201414673368417   -1.0
0.15762175489540592  0.3467630445139124   1.6019083937616767   0.06326702751909923   -0.1442035167165195   0.3666666666666667   -1.0
0.15755488261185824  0.35675619027800615   1.5774880419929118   0.09993369510066873   -0.24420351768765056   0.3666666666666667   -1.0
0.1579336082578366  0.3704109754382343   1.5430676901269875   0.13660036269604356   -0.3442035186592419   0.3666666666666667   -1.0
0.15913504849545523  0.3870342829426255   1.4986473381640713   0.16666666666666666   -0.44420351962916227   0.3006631394632484   -1.0
0.16123890987807415  0.40356763040636484   1.4442269861047032   0.16666666666666666   -0.5442035205936814   1.3168244151775712e-10   -1.0
0.16440275481591882  0.4199312454193775   1.3798066339503046   0.16666666666666666   -0.6442035215439876   3.241767962682998e-11   -1.0
0.1687745047040511  0.4360143301360359   1.3053862817056836   0.16666666666666666   -0.7442035224462076   8.330280904767195e-12   -1.0
0.1744848086236505  0.4516722431588655   1.2210939484246062   0.16666666666666666   -0.8429233328107758   -8.708311843593831e-12   -0.9871981036456826
0.18156776195376723  0.4667589784980905   1.1318596573745086   0.16666666666666666   -0.8923429105009745   -3.678446433322474e-11   -0.49419577690198657
0.18997550194456267  0.4811495211935291   1.042034824205934   0.16666666666666666   -0.8982483316857466   -7.511005544757348e-10   -0.059054211847720334
0.19748248780306554  0.49176296486734167   0.9551817162537223   0.13000000896036643   -0.8685310795221173   -0.3666666666666667   0.2971725216362927
0.20347250916064  0.4989205322037144   0.8739688788462826   0.09333334133036654   -0.8121283740743966   -0.3666666666666667   0.5640270544772072
0.20741928424547051  0.5029867448819108   0.8003025602054211   0.05666667372853598   -0.7366631864086137   -0.3666666666666667   0.7546518766578287
0.2095703273427482  0.5049331556755674   0.7354982899078223   0.029009483594178844   -0.6480427029759894   -0.27657190134357135   0.8862048343262425
0.21467512086243828  0.5090653041608877   0.6804853174033783   0.06567615090990436   -0.5501297250444397   0.3666666666666667   0.979129779315498
0.2229115831091362  0.5151399411588208   0.6354723449143751   0.1023428185062036   -0.4501297248900322   0.3666666666666667   1.0
0.23438092422331736  0.5229942766929767   0.6004593724694914   0.1390094861067224   -0.3501297244488358   0.3666666666666667   1.0
0.24836341590884406  0.5320644331014233   0.575446400029247   0.16666666666666666   -0.25012972440244513   0.27657190529462145   1.0
0.2624861969696013  0.5409145667815857   0.5597896770872582   0.16666666666666666   -0.15656722941988754   1.1197265258013721e-10   0.9356249498255759
0.2766801763417563  0.5496500553556674   0.5516923892692237   0.16666666666666666   -0.08097287818034468   -5.263289800091181e-12   0.7559435123954286
0.2908966378994431  0.558348907682485   0.5491133214728778   0.16666666666666666   -0.025790677963459907   -6.032285774286814e-11   0.5518220021688478
0.3051040587205655  0.5670625179899584   0.5501517426043452   0.16666666666666666   0.010384211314674515   -1.3799933393591876e-10   0.3617488927813442
0.3192842115910884  0.5758204330073651   0.5532731559342096   0.16666666666666666   0.03121413329864417   -2.863498319021793e-10   0.2082992198396965
0.3334284583785  0.5846362195793441   0.5573594905202292   0.16666666666666666   0.04086334586019435   -2.4528932516550726e-09   0.09649212561550177
0.3458241490370052  0.5924362300775435   0.5616509392799214   0.1464559014425086   0.04291448759692277   -0.20210774910590376   0.020511417367284235
0.3555048774061348  0.5985821143340513   0.5656565631395342   0.11466838930204747   0.04005623859612838   -0.3178751214046113   -0.028582490007943853
0.3627613067305265  0.6032235604259758   0.5690522458171794   0.08613871856728211   0.03395682677645157   -0.2852967073476535   -0.06099411819676813
0.36843309808523395  0.6068718652365306   0.5716060579021471   0.06743837569370244   0.02553812084967853   -0.18700342873579673   -0.08418705926773043
0.37343870382124944  0.6101024867257248   0.5731351773552477   0.05957600522934982   0.015291194531004056   -0.07862370464352625   -0.10246926318674474
0.37851327336766527  0.6133801238066239   0.5734837606442569   0.06041039721396947   0.003485832890091716   0.00834391984619661   -0.1180536164091234
0.3841046925955569  0.6169838956372344   0.5725119720769782   0.06652153064169387   -0.009717885672784948   0.06111133427724394   -0.13203718562876665
0.3903734728489203  0.6210027811398581   0.5700898274995696   0.07446411655835193   -0.0242214457740871   0.07942585916658053   -0.14503560101302151
0.39724991464737147  0.6253725525818644   0.566092794771057   0.08147413961672728   -0.039970327285124854   0.07010023058375366   -0.15748881511037752
0.4045145759854079  0.6299311601661661   0.5603982677108192   0.08576491559140925   -0.056945270602379354   0.04290775974681961   -0.169749433172545
0.4118809058918054  0.6344767680755556   0.5528830684047542   0.08655944059187856   -0.07515199306065068   0.007945250004693158   -0.18206722458271327
0.4190690064075338  0.6388190362718603   0.5434222995034111   0.08397861758379584   -0.09460768901342899   -0.02580823008082732   -0.19455695952778312
0.4258668573398954  0.6428192862467752   0.5318895292196074   0.07887507664681834   -0.11532770283803817   -0.05103540936977496   -0.20720013824609174
0.432181415886532  0.6464193338932215   0.5181580840876371   0.07268699518867593   -0.13731445131970343   -0.06188081458142397   -0.2198674848166524
0.4380864511075467  0.6496614128301663   0.5021030572655556   0.06736506275125473   -0.1605502682208137   -0.053219324374212146   -0.232358169011103
0.4438724919272929  0.6527002417588607   0.4836038138575224   0.06535499187180621   -0.18499243408033286   -0.020100708794485143   -0.2444216585951916
0.45008942584104955  0.6558001603791738   0.4625469973576335   0.069469246966253   -0.2105681649988887   0.04114255094446807   -0.2557573091855581
0.45754045890638645  0.6592973223344752   0.4388305140576353   0.08230919479763586   -0.23716483299998206   0.12839947831382845   -0.265966680010934
0.46714675547164686  0.6634996121903486   0.41236982127255606   0.10485235988403481   -0.26460692785079193   0.22543165086398942   -0.2744209485080982
0.47958377646926625  0.6685120145515611   0.3831094739311852   0.1340908903415558   -0.29260347341370874   0.29238530457520967   -0.27996545562916864
0.49464699090152087  0.6740283656254217   0.3510451919732416   0.16041526055901514   -0.32064281957943647   0.2632437021745939   -0.28039346165727713
0.5104870607303539  0.6792119935503276   0.3162636075977483   0.16666666666666666   -0.34781584375493296   0.0625141596816873   -0.27173024175496474
0.5265092471584947  0.6838019121671601   0.27900067147395335   0.16666666666666666   -0.37262936123794954   6.032257717499417e-10   -0.24813517483016578
0.5426994424934972  0.6877586009267896   0.2396898056175324   0.16666666666666666   -0.3931086585642096   2.366123958695265e-10   -0.204792973262601
0.559037291770176  0.6910529129940307   0.19896893417816283   0.16666666666666666   -0.4072087143936956   1.7319368139214024e-10   -0.14100055829486016
0.5754973154250501  0.6936692907002906   0.1576346782787472   0.16666666666666666   -0.4133425589941563   1.1094319898069522e-10   -0.06133844600460655
0.5920509072436986  0.6956074364482837   0.11655244263584091   0.16666666666666666   -0.41082235642906273   5.418082646164592e-11   0.02520202565093582
0.6086687446447984  0.6968823055208351   0.07656693005148096   0.16666666666666666   -0.39985512584359945   7.962519522621132e-12   0.10967230585463279
0.6253230847525466  0.6975232162814043   0.038464127173756885   0.16666666666666666   -0.38102802877724085   -4.193478897897825e-11   0.18827097066358572
0.6419896776082159  0.6975731519125762   0.0029961421738777284   0.16666666666666666   -0.35467984999879154   -1.3096024265729152e-10   0.26348178778449327
0.6586493026730972  0.697088689800066   -0.029071819956112094   0.16666666666666666   -0.3206796212998982   -4.2910397600123924e-10   0.3400022869889336
0.6748459327342158  0.6961654032619993   -0.056943227716843944   0.1622292462437356   -0.27871407760731864   -0.04437430341860238   0.4196554369257957
0.688310238833005  0.6950884488860992   -0.07981595578492742   0.13507308001584237   -0.2287272806808347   -0.2715616622789325   0.49986796926483906
0.699062896051953  0.6940429145414508   -0.09693026011037224   0.10803368888177246   -0.17114304325444818   -0.27039391134069884   0.575842374263865
0.7080675705015249  0.6930702596678078   -0.10759947995184145   0.09057053574203558   -0.10669219841469196   -0.17463153139736876   0.6445084483975623
0.7164785644193641  0.6921309284694119   -0.11121812709718477   0.08463283156447486   -0.03618647145343339   -0.059377041775607396   0.7050572696125856
0.7252498980719473  0.6911864684175625   -0.10726250153989283   0.08822034846591696   0.03955625557291937   0.03587516901442104   0.7574272702635275
0.7349688703833754  0.6902574903511632   -0.09529447198366194   0.09763269075374201   0.11968029556230915   0.09412342287825065   0.8012403998938978
0.7458293941642657  0.6894417354634557   -0.07497114938862218   0.10891117152620367   0.2032332259503975   0.11278480772461638   0.8355293038808834
0.7576878212316961  0.688895171105111   -0.046058201004792895   0.11871016178549325   0.28912948383829284   0.09798990259289579   0.8589625788789537
0.7701659440335096  0.688789820151654   -0.008442652155034515   0.12478567525182008   0.37615548849758373   0.060755134663268436   0.8702600465929088
0.782781770484483  0.6892676677008004   0.037858734989131566   0.12624872883372376   0.46301387144166073   0.014630535819036684   0.8685838294407702
0.7950933889940777  0.6904122090656436   0.09269789949660039   0.12364704819025263   0.5483916450746884   -0.02601680643471116   0.8537777363302752
0.8068323521482784  0.6922560966621962   0.15580114408894616   0.11882894319331588   0.6310324459234573   -0.04818104996936737   0.8264080084876897
0.8179910280588667  0.6948309564092218   0.22678018800033115   0.11451897257415398   0.7097904391138502   -0.043099706191619194   0.7875799319039302
0.8288306031040156  0.6982452364357493   0.3051452046787969   0.1136458073397166   0.7836501667846577   -0.008731652344373701   0.7385972767080741
0.8397906463812168  0.7027544695939333   0.39031634382127817   0.11851402124347565   0.8517113914248122   0.04868213903759058   0.6806122464015464
0.8512979950247963  0.7087691974217687   0.48163111107049783   0.129844531516667   0.9131476724921971   0.11330510273191324   0.6143628106738479
0.863498783901196  0.7167339575363304   0.5783459612540007   0.14570403319366   0.9671485018350291   0.15859501676992996   0.5400082934283205
0.8759963509061767  0.7268326221702066   0.679630512091543   0.16067738124312386   1.0128455083754226   0.14973348049463894   0.4569700654039366
0.8877914390557952  0.7386077528699216   0.7845514404517786   0.16666666666666666   1.0492092836023563   0.05989294326001358   0.3636377522693344
0.8978805824823337  0.7511159408781618   0.8920420428734492   0.16070021229940934   1.0749060242167054   -0.05966463269715908   0.2569674061434938
0.9054415257208328  0.7629137066685351   1.0008596293495078   0.14012677841879642   1.088175864760587   -0.20573433880612926   0.1326984054388127
0.9104328274587853  0.7729565451255109   1.1095507162988885   0.11214798139610027   1.0869108694938039   -0.27978797022696134   -0.012649952667831003
0.9134104742458267  0.7810050584363415   1.2164495366253267   0.08581663411192356   1.0689882032643838   -0.263313472841767   -0.1792266622941996
0.9151337109655903  0.7877232800380582   1.3197076360166855   0.06935708059175606   1.032580993913588   -0.16459553520167505   -0.3640720935079586
0.9161895348215856  0.7945491935411222   1.4173337424117565   0.06907087603773526   0.9762610639507118   -0.0028620455402079874   -0.5631992996287628
0.9167496487370496  0.803348047357776   1.5072245048279773   0.08816663546100513   0.8989076241622072   0.1909575942326986   -0.7735343978850452
0.916545943604459  0.8157466710504965   1.5872245055711733   0.12400296982521493   0.8000000074319606   0.358363343642098   -0.9890761673024652
0.9151590333636754  0.8317536632234535   1.6572245062361832   0.16066963572532836   0.7000000066500988   0.3666666590011345   -1.0
0.9127272753112149  0.8482419731351027   1.7172245068115775   0.16666666666666666   0.6000000057539434   0.05997040898494477   -1.0
0.9094744842826828  0.86458813970634   1.7672245072936241   0.16666666666666666   0.5000000048204652   2.4489992665087727e-10   -1.0
0.906039086304494  0.8788467919402908   1.8072245076805258   0.14666667065059344   0.40000000386901796   -0.200000059977194   -1.0
0.9031429256230106  0.889458684320644   1.8372245079712903   0.11000000299325795   0.3000000029076451   -0.3666666666666667   -1.0
0.9010710555100382  0.8964932514673437   1.8572245081653604   0.07333333533015858   0.20000000194070167   -0.3666666666666667   -1.0
0.9  0.9   1.867224508262449   0.03666666766542951   0.10000000097088581   -0.3666666666666667   -1.0
0.9  0.9   1.867224508262449   0.0   -3.680514697452193e-21   -0.3666666666666667   -1.0
