0.1  0.1   -1.424816904005725   1.7448609814224618e-37   2.7797450835767276e-34   7.782065340420962e-08   -3.097419256350761e-07
0.10056960827157448  0.09637784710512005   -1.4148169039066196   0.03666666766550618   0.10000000099105442   0.3666666666666667   1.0
0.10185347343734626  0.08915777294046238   -1.3948169037084088   0.07333333533053944   0.2000000019821086   0.3666666666666667   1.0
0.10410325924928852  0.07839030014558218   -1.3648169034111088   0.1100000029945655   0.30000000297299945   0.3666666666666667   1.0
0.10767468630975637  0.06416511010948574   -1.3248169030147663   0.14666667065533212   0.4000000039634271   0.3666666666666667   1.0
0.11253596703067789  0.04822316039073214   -1.2748169025194722   0.16666666666666666   0.5000000049529401   0.20000006002822154   1.0
0.11804372467536468  0.03341017503594915   -1.2148169019253854   0.15803794778264535   0.6000000059408674   -0.08628728875508913   1.0
0.12305894227788794  0.0223576880394108   -1.1448169012327654   0.12137128013217846   0.7000000069262016   -0.3666666666666667   1.0
0.12716427310204026  0.014948573883603197   -1.0648169004420385   0.08470461247741427   0.8000000079072673   -0.3666666666666667   1.0
0.12986073708363025  0.010972957777206145   -0.9748168995539747   0.04803794482432067   0.9000000088806394   -0.3666666666666667   1.0
0.13058979217605984  0.010100296262271312   -0.8748168985703159   0.011371277181764887   1.000000009836588   -0.3666666666666667   1.0
0.13058979145599944  0.010100296953285964   -0.7648168974988115   0.0   1.1000000107150427   -0.11371287161686   1.0
0.13058979065996143  0.010100297555304243   -0.6475007226967844   0.0   1.173161748020272   -5.723688092051004e-12   0.7316173730522936
0.13058978979974858  0.01010029805962479   -0.530265792597138   0.0   1.172349300996464   9.00740950436901e-11   -0.008124470238079712
0.13381634208271612  0.008657564075345375   -0.420476464193917   0.03534419469179485   1.0978932840322098   0.35344204663280926   -0.7445601696425439
0.14065031005475212  0.006387646746633102   -0.32068713587982833   0.07201086232089635   0.9978932831408862   0.3666666666666667   -1.0
0.1512296472603983  0.0039005441212650815   -0.23089780766133472   0.10867752995898292   0.8978932821849364   0.3666666666666667   -1.0
0.16559844470980217  0.0017126187171911172   -0.15110847953991252   0.14534419758481595   0.7978932812142219   0.3666666666666667   -1.0
0.18221003602793456  0.0003587926938827576   -0.08131915151611854   0.16666666666666666   0.6978932802379396   0.2132247905510993   -1.0
0.19887284106413125  0.0   -0.021529823590111758   0.16666666666666666   0.5978932792600679   7.571376664722682e-11   -1.0
0.21553285417469878  0.0004709190792616885   0.028259504238269065   0.16666666666666666   0.4978932782838082   -1.6542234809373303e-11   -1.0
0.23216094802881113  0.0016041912439748735   0.06804883196970873   0.16666666666666666   0.3978932773143967   -6.3852868691629e-11   -1.0
0.24874791008578268  0.003232227088580652   0.09783815960528633   0.16666666666666666   0.29789327635577606   -8.924409660417373e-11   -1.0
0.2652994087434613  0.005188167560865835   0.11762748714694168   0.16666666666666666   0.1978932754165534   -1.3342177554831728e-10   -1.0
0.28183096729650725  0.007306039766125554   0.12741681459912302   0.16666666666666666   0.09789327452181319   -2.2699747239156588e-10   -1.0
0.2983629716579725  0.009420429177401535   0.127206141982086   0.16666666666666666   -0.0021067261703700876   -2.4172692268008946e-10   -1.0
0.3147123433249962  0.011360392557854569   0.1181045390235855   0.16464064255945837   -0.09101602958500483   -0.020260340108603433   -0.8890930341463474
0.3297561304120134  0.012907324730715005   0.10246849511543431   0.15123112413352063   -0.15636043908151204   -0.13409518425937744   -0.6534440949650722
0.3436073365978636  0.014050427216388859   0.08234069251416307   0.1389829471898073   -0.2012780260127124   -0.12248176943713325   -0.4491758693120036
0.35683924843404796  0.014838376230466181   0.05947890359925604   0.13255351918727315   -0.22861788914907027   -0.06429428002534161   -0.27339863136357867
0.36997756270791693  0.015303478079366552   0.03538564370947524   0.13146544096787174   -0.24093259889780805   -0.010880782194014196   -0.1231470974873777
0.38328822282552855  0.015454264467964834   0.01132775817604477   0.13311514162616464   -0.24057885533430462   0.016497006582929102   0.003537435635034162
0.3967797573815342  0.015297085429186674   -0.011649670210241707   0.13492450108342502   -0.22977428386286475   0.018093594572603816   0.10804571471439882
0.4103049634783224  0.014854504284427946   -0.032711019321557386   0.13532445382497835   -0.2106134911131569   0.0039995274155333205   0.19160792749707883
0.42367109785701557  0.014169329613065385   -0.05121716054895127   0.13383684565901816   -0.18506141227393888   -0.014876081659601947   0.25552078839218006
0.436721822300532  0.013297395299285362   -0.06671203734543796   0.13079819492185057   -0.1549487679648667   -0.030386507371675895   0.3011264430907217
0.44939026719725017  0.012295662687709251   -0.0789088655860569   0.1270798820924363   -0.1219682824061896   -0.037183128294142664   0.329804855586771
0.4617302032788848  0.011210959704546117   -0.08767647744617425   0.12387518034719397   -0.08767611860117348   -0.032047017452423304   0.34292163805016107
0.47392092546305914  0.010073616638248354   -0.09302651024908755   0.1224366189594253   -0.05350032802913294   -0.014385613877686634   0.3417579057204055
0.48622759397235316  0.008899694260608097   -0.09510137936752076   0.12362531437628012   -0.02074869118433213   0.011886954168548096   0.32751636844800813
0.49890216759533507  0.007702677005692368   -0.09416311241493065   0.1273097273710515   0.00938266952590107   0.0368441299477137   0.30131360710233196
0.5120471678287214  0.006508720828117048   -0.09058112760172622   0.13199112185660392   0.035819848132044425   0.04681394485552418   0.2643717860614335
0.5255250573915392  0.005362838982411845   -0.0848154177865921   0.13526512938365862   0.05765709815134121   0.032740075270547   0.21837250019296783
0.5390133299404104  0.004316875985989638   -0.07739122467346839   0.13528766940947445   0.07424193113123706   0.000225400258158283   0.16584832979895847
0.5521976182705688  0.003407524526602311   -0.06886329802746216   0.1321561117956353   0.08527926646006218   -0.03131557613839111   0.11037335328825115
0.5649444774946821  0.002644661011153657   -0.05977587698473223   0.12769666433487412   0.09087421042729939   -0.044594474607612004   0.05594943967237219
0.5773201160256225  0.0020175789205400018   -0.05062738643115475   0.12391515686018313   0.09148490553577482   -0.037815074746909906   0.00610695108475426
0.5894851983759198  0.001508232300701474   -0.041845116988922876   0.12175740740038765   0.08782269442231869   -0.021577494597954848   -0.03662211113456127
0.6015770558647368  0.0010997507825050046   -0.03376869431240284   0.12098755088047262   0.08076422676520038   -0.007698565199150275   -0.07058467657118302
0.6136516633518875  0.0007780204838009721   -0.026638894244976258   0.12078893010282174   0.07129800067426582   -0.0019862077765087794   -0.09466226090934564
0.6256918661251969  0.0005300882816737184   -0.020589118975210603   0.12042755216280275   0.06049775269765654   -0.0036137794001898475   -0.10800247976609284
0.6376522023635643  0.0003430290723400485   -0.01563868739289595   0.11961798948426808   0.04950431582314654   -0.008095626785346794   -0.10993436874510001
0.6495077159706045  0.00020445342051505656   -0.011688176994800693   0.11856323464631616   0.03950510398095259   -0.010547548379519205   -0.09999211842193949
0.6612860976757176  0.000104136064684914   -0.008516868685886433   0.11778808902567249   0.0317130830891426   -0.00775145620643658   -0.07792020891809989
0.6730744366103313  3.597752250563445e-05   -0.005781797004910501   0.11788535974588828   0.027350716809759312   0.0009727072021577526   -0.043623662793832875
0.6849980267181034  0.0   -0.0030181690742180026   0.11923644416021967   0.027636279306924985   0.01351084414331395   0.0028556249716567123
0.6971736731309502  4.389023148359608e-06   0.0003612966765189061   0.12175647207521291   0.03379465750736908   0.0252002791499324   0.06158378200444104
0.7096587929292286  6.764153880620919e-05   0.005066188834005074   0.12485280023214344   0.04704892157486168   0.030963281569305265   0.13254264067492597
0.7224518936658868  0.0002179003098714802   0.011744757213208184   0.1279398312319301   0.06678568379203108   0.03087030999786651   0.197367622171694
0.735509743000573  0.0004913990159680316   0.020942095059781198   0.13060713257307124   0.09197337846573014   0.02667301341141145   0.2518769467369905
0.7487820177664564  0.0009308453073432245   0.03309800463781679   0.13279547827546892   0.12155909578035598   0.021883457023976847   0.2958571731462583
0.7622283684238468  0.00158420766050949   0.04855212368309011   0.13462214838801054   0.15454119045273312   0.01826670112541622   0.32982094672377155
0.775794296282689  0.002501977965607862   0.06754967105874224   0.13596937192037767   0.18997547375652138   0.01347223532367121   0.3543428330378825
0.7893700757527867  0.00373048981101965   0.09024710621076044   0.13631251944521336   0.226974351520182   0.003431475248357111   0.3699887776366061
0.802769950282964  0.005301629751901086   0.11671743079429907   0.1349166847125609   0.26470324583538635   -0.013958347326524356   0.37728894315204337
0.8157482963574687  0.007222725973999927   0.14695608135192625   0.1311975904977376   0.30238650557627184   -0.037190942148233264   0.37683259740885516
0.8280438420895434  0.009471426019743618   0.18088828076427182   0.1249948385915264   0.3393219941234557   -0.06202751906211213   0.3693548854718392
0.839434833972521  0.011999280006920821   0.21837800480228195   0.11668107895391801   0.374897240380101   -0.08313759637608387   0.3557524625664527
0.8497908130466595  0.014745742760914336   0.2592377495630598   0.10713979664113511   0.4085974476077783   -0.095412823127829   0.3370020722767729
0.8591100703005423  0.01766163009048016   0.30323865827287305   0.09764781343314842   0.4400090870981329   -0.09491983207986682   0.31411639490354637
0.8675337184229099  0.020737647247773078   0.3501199983676293   0.08967704792276408   0.4688134009475627   -0.07970765510384344   0.2880431384942974
0.8753300410665773  0.024030184824924385   0.39959788718401357   0.08463063893242824   0.4947788881638426   -0.050464089903358364   0.259654872162799
0.8828480507513746  0.027674529477418188   0.4513722132438015   0.08354742220252176   0.5177432605978795   -0.010832167299064955   0.2296437243403683
0.8904481670659065  0.031877287580772545   0.5051328528145658   0.08684753518075455   0.537606395707642   0.03300112978232797   0.19863135109762528
0.8984267043421327  0.03688570661767568   0.5605647132954583   0.09420261053566621   0.5543186048089259   0.07355075354911668   0.16712209101284026
0.9069543720094592  0.04293966424185613   0.6173523738337401   0.10458083895233002   0.5678766053828177   0.10378228416663797   0.13558000573891751
0.9160447122209359  0.050218560798945384   0.675185130804202   0.11645454918086341   0.5783275697046194   0.11873710228533395   0.10450964321801672
0.9255572212393768  0.0587961490342763   0.7337627453094374   0.12808702032633107   0.5857761450523542   0.11632471145467652   0.07448575347734837
0.9352303279498677  0.06861355494566845   0.7928015892271346   0.13782251349527305   0.5903884391769718   0.09735493168941997   0.04612294124617607
0.9447332790426741  0.07947570729639748   0.8520410102113577   0.1443233983672368   0.592394209842231   0.0650088487196371   0.020057706652591933
0.9537264672791664  0.09107414039867144   0.9112491545415881   0.146765488138348   0.5920814433023026   0.024420897711112475   -0.0031276653992840854
0.961920764479351  0.10303710734092507   0.9702276442205011   0.1450031326097421   0.5897848967891313   -0.017623555286059276   -0.022965465131714508
0.9691286377116026  0.11500780612220278   1.0288147963022136   0.13973226751337162   0.5858715208171242   -0.05270865096370479   -0.03913375972006924
0.9752976568806069  0.1267451383520413   1.0868872714917202   0.1325977998992243   0.5807247518950646   -0.0713446761414731   -0.051467689220596954
0.9805140782255397  0.13822711756363634   1.1443608570212684   0.12611379712916806   0.5747358552954853   -0.06484002770056234   -0.0598889659957922
0.984965875984538  0.1497183379507159   1.201191496062119   0.12323418733104802   0.5683063904085051   -0.02879609798120049   -0.06429464886980318
0.9888658010879604  0.16175142489646663   1.257378540001367   0.12649292361877568   0.5618704393924817   0.03258736287727661   -0.06435951016023268
0.9923520480308994  0.17497230324995042   1.3129726632823404   0.13672803011257786   0.5559412328097327   0.10235106493802174   -0.05929206582749012
0.9954050979365485  0.18982705497874425   1.368092207711592   0.15165248519238647   0.551195444292515   0.1492445507980862   -0.04745788517217765
0.9978343071476393  0.2061381963674533   1.4229535422105877   0.16491039712320596   0.5486133449899554   0.13257911930819488   -0.025820993025595245
0.9993799859142105  0.22273303554079138   1.4779221476335433   0.16666666666666666   0.5496860542295564   0.017562792214945968   0.010727092396010272
1.0  0.23938816630590806   1.5335862977369736   0.16666666666666666   0.5566415010343059   1.892266754684044e-09   0.06955446804749413
0.9996659937459995  0.2560514866190218   1.590838642592574   0.16666666666666666   0.5725234485560027   1.368169870442329e-10   0.15881947521696865
0.9983314546047573  0.27266463850280015   1.65095448345411   0.16666666666666666   0.6011584086153583   -1.4457405136592634e-09   0.28634960059355563
0.9960246080378868  0.2886129965862477   1.7144448146590594   0.16114331095033904   0.6349033120494949   -0.05523365452695826   0.33744903434136536
0.9930250163481227  0.30266174597212026   1.7811508252394102   0.14365406698453356   0.667060105803509   -0.1748924396580548   0.3215679375401417
0.9896275349282331  0.31449508889318356   1.850386693650635   0.12311412781876623   0.6923586841122472   -0.2053993916576735   0.2529857830873811
0.9860050688962042  0.3244095004463416   1.9211009803709316   0.10555463826781519   0.7071428672029667   -0.17559489550951016   0.14784183090719547
0.9821535759098275  0.33300588197568015   1.9920162338811511   0.09419754435335324   0.7091525351021948   -0.11357093914461958   0.02009667899228104
0.9779265076469625  0.3409129305986121   2.061735365924239   0.08966020523304691   0.6971913204308761   -0.04537339120306332   -0.11961214671318722
0.9731294175490578  0.34859811849719347   2.128819762197466   0.09059480473179317   0.6708439627322736   0.009345994987462464   -0.2634735769860246
0.9676324085909032  0.35628086167140705   2.1918499403557057   0.09446779883481314   0.630301781582396   0.0387299410301999   -0.40542181149877593
0.9614615328949623  0.3639324468698971   2.2494780184847327   0.09829876037085268   0.5762807812902668   0.03830961536039543   -0.5402100029212912
0.9548371156031646  0.37133949156914664   2.300475611647601   0.09937163359453088   0.5099759316286854   0.010728732236782007   -0.6630484966158147
0.9481342841534811  0.37821087251498625   2.3437782387141546   0.09599157543533797   0.4330262706655342   -0.03380058159192921   -0.7694966096315125
0.9417560674099931  0.38431046344674985   2.3785204887725837   0.0882534182689921   0.34742250058429147   -0.07738157166345862   -0.8560377008124268
0.93593612764664  0.3895983093749767   2.404060681966532   0.07863397065491771   0.25540193193948746   -0.09619447614074395   -0.9202056864480402
0.9305285274782039  0.39435647275972213   2.4199924952961624   0.07202934011739193   0.15931813329630368   -0.0660463053752579   -0.9608379864318379
0.9248819024141665  0.399263894733046   2.4261200737838   0.07481120573678023   0.06127578487637439   0.027818656193883018   -0.9804234841992929
0.9179273119118363  0.4053537898905162   2.4223858425913476   0.09244087412165453   -0.03734231192452596   0.17629668384874292   -0.9861809680090035
0.9086315031597787  0.41371893129262566   2.4088421289772084   0.12505504829128564   -0.1354371361413908   0.326141741696311   -0.9809482421686484
0.8970063791764661  0.42467712417885267   2.3857179351280484   0.15975778508653715   -0.23124193849159824   0.3470273679525151   -0.9580480235020744
0.8852530473862802  0.43649393435700395   2.3535013271821783   0.16666666666666666   -0.32216607945869974   0.06908891533144075   -0.9092414096710149
0.8739884803518634  0.44877755518201573   2.3129462212796623   0.16666666666666666   -0.4055510590251617   2.6525737900031023e-10   -0.8338497956646197
0.863325839721987  0.46158715727874   2.264980203016731   0.16666666666666666   -0.4796601826293159   9.695322307864525e-11   -0.7410912360415423
0.8533760595283701  0.4749580093529787   2.2105362015664545   0.16666666666666666   -0.5444400145027631   4.1322356869157536e-11   -0.6477983187344721
0.8442484069787262  0.48890303606617386   2.1503602468760636   0.16666666666666666   -0.6017595469039119   1.7957653164177258e-11   -0.5731953240114868
0.8360527443053591  0.5034154074935202   2.084882941257716   0.16666666666666666   -0.6547730561834741   5.8472853650868635e-12   -0.5301350927956233
0.8289016083740852  0.518469943885994   2.0142571904904165   0.16666666666666666   -0.7062575076729936   -3.147690097070294e-12   -0.5148445148951933
0.8229089960030868  0.5340219986719662   1.938589127678717   0.16666666666666666   -0.7566806281169942   -1.4502686980804757e-11   -0.5042312044400069
0.818183854458884  0.5500048284736536   1.8582470562104423   0.16666666666666666   -0.8034207146827491   -3.656836610917748e-11   -0.46740086565754846
0.8148191489947583  0.5663283258988745   1.7740757560746128   0.16666666666666666   -0.8417130013582947   -9.155894728181047e-11   -0.3829228667554569
0.8128797330849844  0.5828817689507104   1.687425500078761   0.16666666666666666   -0.8665025599585181   -3.285344690543477e-10   -0.24789558600223333
0.8124007845048804  0.5992579722446794   1.6000346113248285   0.16383205610192056   -0.8739088875393244   -0.028346205130632202   -0.07406327580806295
0.813130219031289  0.612055441018167   1.513859588456435   0.12818240196526892   -0.8617502286839354   -0.3564965413665163   0.12158658855389017
0.8144278788408732  0.6212719049629818   1.4309177986816128   0.09307369586902069   -0.8294178977482212   -0.3510870609624823   0.32332330935714104
0.8160094004424179  0.6284244375626227   1.353184164427572   0.0732529406679176   -0.7773363425404102   -0.19820755201103096   0.5208155520781104
0.8180310647455694  0.6352427870514854   1.2825504342822915   0.07111751985753278   -0.7063373014528015   -0.021354208103848187   0.7099904108760864
0.8208484805257648  0.642961066473405   1.220793598898303   0.08216426772831123   -0.6175683538398868   0.11046747870778452   0.887689476129147
0.8247652283365292  0.6521797883027552   1.1690367635203955   0.1001627403678937   -0.5175683537790734   0.17998472639582466   1.0
0.8299124530285727  0.6630141480392625   1.127279928219348   0.11994885282087056   -0.4175683530104773   0.1978611245297687   1.0
0.8362417094191026  0.6753130971264285   1.0955230930038582   0.13831978712596196   -0.3175683521548989   0.1837093430509139   1.0
0.8435578880289017  0.6888003233255675   1.0737662578771892   0.15343785060963183   -0.21756835126668922   0.15118063483669852   1.0
0.8515265315238538  0.7030870083691184   1.0620094228407853   0.16358748383749694   -0.11756835036403958   0.10149633227865099   1.0
0.8596707031966557  0.7176282817565032   1.0602525878951254   0.16666618252122642   -0.017568349456596872   0.030786986837295086   1.0
0.8675979769285557  0.7320600469263254   1.0684957530399113   0.16465646502225909   0.08243165144785632   -0.020097174989673398   1.0
0.8747451567829364  0.7456535552496071   1.08673891827385   0.15357918101248075   0.18243165233938888   -0.11077284009778342   1.0
0.8807214433030102  0.7578439309364517   1.1149820835936197   0.1357649660092845   0.2824316531976975   -0.17814215003196227   1.0
0.8854495571866993  0.7685009396737621   1.153225248988745   0.11658769065510431   0.3824316539512517   -0.19177275354180198   1.0
0.8891696293572796  0.7781045905445463   1.2012335880223033   0.10298982813896526   0.4800833903355835   -0.1359786251613905   0.9765173638433173
0.8923181207606943  0.7878028611984706   1.2568858891907122   0.10196541168094908   0.5565230116840895   -0.010244164580161894   0.7643962134850595
0.8952650749719014  0.7991941958446431   1.3176450264258774   0.11766352202014008   0.6075913723516522   0.1569811033919099   0.5106836066756268
0.8980294513030002  0.8135599592546376   1.3806919431617488   0.1462931764807349   0.6304691673587143   0.28629654460594833   0.22877795007062132
0.9001550608166112  0.830090524730008   1.4429114655148185   0.16666666666666666   0.6221952235306968   0.20373500073081086   -0.08273943828017531
0.901319570056276  0.8467164601701405   1.5008688012407008   0.16666666666666666   0.5795733572588225   8.662680408534808e-10   -0.4262186627187424
0.9016516735136351  0.8633798187261347   1.550868801682901   0.16666666666666666   0.5000000044220027   1.298994611499282e-10   -0.7957335283681984
0.9013572969703132  0.8780435312594046   1.5908688020568116   0.14666667065279268   0.40000000373910355   -0.2000000600064004   -1.0
0.9008067298601198  0.8890297445490579   1.620868802340565   0.11000000299381572   0.3000000028375362   -0.3666666666666667   -1.0
0.9002932854465593  0.8963450815571397   1.6408688025306437   0.07333333533029557   0.2000000019007854   -0.3666666666666667   -1.0
0.9  0.9   1.6508688026258669   0.03666666766544382   0.10000000095223174   -0.3666666666666667   -1.0
0.9  0.9   1.6508688026258669   3.224227135816158e-38   3.6694790827763627e-35   -0.3666666666666667   -1.0
