0.1  0.1   -1.3420179314639304   0.0   3.511736104586326e-20   -0.000172991105497092   -0.0027103412611682526
0.10086722106221707  0.09643737926541697   -1.33201802878234   0.03666652270018569   0.09999902681590328   0.3666652270018569   0.9999902681590327
0.10274380884716784  0.08934825429603177   -1.312018223419974   0.07333299022007796   0.1999980536236623   0.3666646751989226   0.9999902680775901
0.10587637950661977  0.07880379828394467   -1.282018517155048   0.10999934160134095   0.29999706264925796   0.36666351381262996   0.9999900902559569
0.11061199981965167  0.06492283782288413   -1.242018915080053   0.14666532073762378   0.39999602074995183   0.3666597913628285   0.9999895810069388
0.11677503757247612  0.04943763122868477   -1.1920194273755662   0.16666573061302728   0.49999487704486645   0.20000409875403513   0.9999885629491457
0.12360406009809977  0.03488570246887068   -1.1320200719882616   0.16074643986295611   0.5999935538730455   -0.059192907500711885   0.9999867682817913
0.1296481730823869  0.024049144903547745   -1.062020878915404   0.12408153836625666   0.6999919307285778   -0.3666490149669948   0.9999837685553223
0.13450276281954232  0.016779423610971192   -0.9820218990041705   0.0874161822478119   0.7999897991123345   -0.3666535611844473   0.9999786838375654
0.13768910879746  0.01282924881627957   -0.8920232279701195   0.050751040974157696   0.8999867103405108   -0.3666514127365422   0.9999691122817633
0.1386785984232622  0.011826556932632962   -0.7920251020112758   0.014087159873802602   0.999981259588436   -0.36663881100355095   0.9999454924792524
0.13867880447795605  0.011826389611507759   -0.6820290902629345   2.6543341125414834e-06   1.0999601174834137   -0.1408450553969006   0.9997885789497777
0.13867909215283034  0.011826206308233026   -0.5673164849456519   3.4111130708716024e-06   1.1471260531728253   7.567789583301201e-06   0.4716593568941176
0.14153548317120507  0.01042424757521848   -0.45627241394698864   0.03181895337519255   1.110440709986632   0.31815542262121677   -0.3668534318619321
0.14795599161730283  0.00804247218769736   -0.3552272842053132   0.0684804955465507   1.0104512974167543   0.3666154217135815   -0.9998941256987784
0.15810554571996221  0.0052969776454373455   -0.2641814892620843   0.10514332540127577   0.9104579494322899   0.36662829854725065   -0.9999334798446449
0.17204887313747363  0.0027145267597793645   -0.1831353094652636   0.1418045951472512   0.8104617979682065   0.3666126974597541   -0.9999615146408347
0.18861050177685743  0.0008503393828112172   -0.11208883566536035   0.16666215460184777   0.7104647379990324   0.24857559454596606   -0.9999705996917406
0.20525516961027773  2.206787429106911e-08   -0.05104209663353125   0.16666373535384907   0.6104673903182911   1.580752001259463e-05   -0.9999734768074127
0.22192158327996755  1.0407195018981925e-07   4.920319243570881e-06   0.16666413669891583   0.5104701695277482   4.013450667670131e-06   -0.9999722079054291
0.2385738375030421  0.0006841014650089396   0.04105228613632591   0.1666629602352046   0.4104736581708234   -1.1764637111867879e-05   -0.9999651135692478
0.25519656776424504  0.0018846836078901346   0.07210013170946951   0.16666030085731776   0.310478455731436   -2.659377886860546e-05   -0.9999520243938738
0.27178843133804087  0.0034346795744396776   0.0931486945449369   0.16664105867035525   0.21048562835467413   -0.00019242186962516058   -0.999928273767619
0.286346123338053  0.004957083110361182   0.10419850881869298   0.14637079930553076   0.11049814273756059   -0.20270259364824478   -0.9998748561711353
0.29862596272281494  0.006254344272714412   0.10525116093675388   0.12348171599022024   0.010526521180608928   -0.22889083315310513   -0.9997162155695166
0.3095949318762264  0.007323486085643646   0.09716275355062731   0.11020950435631299   -0.08088407386126566   -0.13272211633907255   -0.9141059504187458
0.3203647213916479  0.008214404423138354   0.08253591083338249   0.10806576779469192   -0.1462684271724483   -0.021437365616210763   -0.6538435331118264
0.33174583777759664  0.008940723370023967   0.06373147347897871   0.11404268911381919   -0.1880443735440376   0.059769213191272735   -0.417759463715893
0.3441552932792123  0.009470750116052069   0.04268557903889805   0.12420769468840547   -0.21045894440080662   0.10165005574586276   -0.22414570856769017
0.357641719886243  0.009754434250491214   0.021031687189037803   0.13489409894986495   -0.21653891849860252   0.10686404261459473   -0.06079974097795891
0.3716595349531349  0.009755766477705215   9.50381502016361e-05   0.1401781513019832   -0.2093664903883617   0.05284052352118269   0.07172428110240833
0.3856444124625982  0.00948849108251711   -0.01910941733847112   0.1398743132571417   -0.19204455488672753   -0.0030383804484150627   0.17321935501634148
0.3992417727117124  0.00900077728304788   -0.035852900751597805   0.13606104162999477   -0.1674348341312669   -0.038132716271469386   0.2460972075546063
0.41235234628035783  0.008349213566244884   -0.04965672063066836   0.13126754152338221   -0.1380381987907055   -0.04793500106612543   0.29396635340561406
0.4250547928791229  0.007582905214432072   -0.06025459197243337   0.12725540384775272   -0.10597871341765014   -0.040121376756294846   0.3205948537305537
0.4374941701967553  0.006741235176908184   -0.06755877828117172   0.12467819236037363   -0.07304186308738359   -0.025772114873791083   0.3293685033026653
0.4498005204161225  0.005858208731024008   -0.07163095844502075   0.12337989764376553   -0.04072180163849012   -0.012982947166081086   0.3232006144889347
0.46206201830306864  0.004965737161808008   -0.07265837345309094   0.12293934924728316   -0.01027415008070181   -0.004405483964823688   0.30447651557788313
0.47434183803536945  0.004093240334465105   -0.07093207178542377   0.12310776716825625   0.017263016676671593   0.001684179209730997   0.275371667573734
0.48670573899518405  0.0032657582894164675   -0.06682760203641432   0.12391560574802128   0.041044697490094414   0.00807838579765031   0.23781680813422823
0.4992219037662662  0.0025040008056483594   -0.06078691219025861   0.12539324345472588   0.060406898461557085   0.014776377067045888   0.19362200971462673
0.5119167808376585  0.0018267205434975467   -0.05330014412887234   0.1271293091349376   0.07486768061386277   0.01736065680211729   0.1446078215230568
0.5247167329463185  0.0012517960959408717   -0.044885971529113396   0.12812857296652966   0.08414172599758943   0.009992638315920503   0.09274045383726662
0.5374382974502067  0.0007927531895165709   -0.03606819196632136   0.12729843825299847   0.08817779562792037   -0.008301347135311714   0.04036069630330944
0.5498627820489635  0.00045287526370650194   -0.02734867443832791   0.12429132493830622   0.0871951752799345   -0.0300711331469226   -0.009826203479858768
0.5618547090463376  0.00022285219130908899   -0.019179141759642443   0.11994132887548832   0.08169532678685465   -0.04349996062817895   -0.054998484930798563
0.5734492024130449  8.468312282367499e-05   -0.011916219555943562   0.11595316602926195   0.07262922203698882   -0.039881628462263646   -0.09066104749865818
0.5848680132051035  1.6976742025943723e-05   -0.005929302848879979   0.11419011518464464   0.05986916707063583   -0.017630508446173084   -0.12760054966352993
0.5964762578309533  1.6786195941542034e-06   -0.0013178662301335227   0.11608254706290279   0.04611436618746457   0.018924318782581304   -0.13754800883171264
0.6086412858164679  2.4187644010177483e-05   0.0018503038994021497   0.12165048809787908   0.03168170129535672   0.05567941034976299   -0.14432664892107844
0.621546514749629  7.050890828212186e-05   0.0035893253480716813   0.12905312064294044   0.017390214486695314   0.07402632545061374   -0.14291486808661408
0.6347897894163462  0.00012350321541960515   0.004001580091853158   0.1324338069734068   0.00412254743781477   0.03380686330466344   -0.13267667048880544
0.6478632183894226  0.00016644348108612347   0.003284533179300182   0.1307349949250334   -0.007170469125529762   -0.016988120483733764   -0.11293016563344532
0.660414959574842  0.000187830153166445   0.0017038792504910074   0.12551759405577315   -0.015806539288091746   -0.05217400869260285   -0.08636070162561985
0.6724037812391047  0.0001830592476360003   -0.00039794613914136335   0.11988822613544868   -0.021018253896323707   -0.05629367920324451   -0.05211714608231958
0.6841226824525293  0.00015345225079795914   -0.0025264257556357585   0.11718938613384844   -0.021284796164943956   -0.026988400016002407   -0.0026654226862024752
0.6960550051392015  0.00010403384333873505   -0.004141534402633673   0.1193242502083678   -0.01615108646997914   0.02134864074519366   0.05133709694964813
0.708629326967504  4.544488360755935e-05   -0.00465937937133705   0.12574458322646   -0.005178449687033765   0.0642033301809219   0.10972636782945375
0.7217318044363575  3.058221399132737e-07   -0.0034450647196682524   0.13102555222426043   0.012143146516687969   0.05280968997800465   0.17321596203721734
0.7351102997418222  2.813084997888294e-06   0.00018740992950706367   0.13378495540409271   0.03632474649175316   0.02759403179832249   0.24181599975065188
0.748548080621844  9.653509013495409e-05   0.006974401978324766   0.13438107708817057   0.06786992048817703   0.005961216840778479   0.31545173996423875
0.7619460831726803  0.00033271947096145585   0.01762650209531488   0.13400084156974545   0.10652100116990111   -0.003802355184250785   0.38651080681724087
0.7752814399627288  0.0007701993735610458   0.032794252686486884   0.13342530846248532   0.15167750591172005   -0.0057553310726014065   0.45156504741818926
0.7885590901065118  0.001474198404633247   0.052971755160284975   0.1329630053723463   0.20177502473798095   -0.004623030901390327   0.5009751882626092
0.8017506024726561  0.002511572812400351   0.07847802763946311   0.13232238819188313   0.25506272479178144   -0.006406171804631892   0.5328770005380045
0.8147539126553313  0.003940546391890265   0.10945386658795794   0.13081591692058944   0.30975838948494816   -0.015064712712936945   0.5469566469316681
0.8273795413714151  0.005795423276754792   0.14587013002433533   0.1276115467872707   0.36416263436377405   -0.03204370133318718   0.5440424487882582
0.83936853137159  0.008070549360450197   0.18753797443560166   0.12202953737558656   0.4166784441126632   -0.05582009411684145   0.525158097488892
0.8504462821906862  0.010712601972845934   0.23412696543164396   0.11388459299512319   0.46588990996042307   -0.08144944380463386   0.4921146584775986
0.8604102512913165  0.013633805981055165   0.285185229983622   0.10383357505926978   0.5105826455197799   -0.10051017935853389   0.4469273555935688
0.869230997896782  0.016755742391925576   0.340172597379864   0.09356925650626303   0.5498736739624198   -0.10264318553006747   0.3929102844263983
0.8771265776670466  0.02007937086556001   0.3984335627948952   0.08566602952125564   0.5826096541503129   -0.07903226985007396   0.32735980187893027
0.884557157415785  0.023754761282069825   0.45934268585375365   0.08289873950557748   0.6090912305885837   -0.027672900156781643   0.2648157643827092
0.8920996600172887  0.02809503337574168   0.5221663225385517   0.08702143835906193   0.62823636684798   0.041226988534844425   0.19145136259396242
0.9002400918165819  0.03350155856927911   0.5862631656554154   0.09772264044084503   0.6409684311686386   0.10701202081783105   0.1273206432065851
0.9091008863183014  0.040250282186264676   0.6509083316614668   0.11138175329028119   0.6464516600605134   0.13659112849436153   0.05483228891874759
0.9185702513010592  0.04848091555521983   0.7155272444191578   0.12546401828047976   0.6461891275769112   0.1408226499019856   -0.0026253248360206182
0.9283049239201413  0.05810133090671376   0.7794950158339985   0.13686352418960382   0.6396777141484058   0.11399505909124089   -0.06511413428505365
0.9379571182353919  0.0689215794625965   0.8423913260967788   0.14499745994687077   0.6289631026278031   0.0813393575726696   -0.10714611520602775
0.947187521818485  0.08064409302474713   0.9037805949076401   0.14920377827708958   0.6138926881086127   0.0420631833021879   -0.1507041451919033
0.9557870707742517  0.09301820339580781   0.9634589000422064   0.15068870220352146   0.5967830513456626   0.014849239264318859   -0.17109636762950206
0.9636128081697107  0.10579455697960168   1.0212237446744115   0.14982569094811513   0.5776484463220523   -0.008630112554063494   -0.19134605023610277
0.9706238724702987  0.11882249248596842   1.0770916933221655   0.14794665463775017   0.558679486477538   -0.018790363103649416   -0.1896895984451437
0.9768074347055195  0.13196673117706686   1.1310759463161029   0.14526095576079748   0.5398425299393741   -0.02685698876952696   -0.1883695653816379
0.9821949196232034  0.1451695604048244   1.1833650407810812   0.1425972276573363   0.5228909446497857   -0.026637281034611972   -0.16951585289588422
0.9868099008369308  0.15835556505517184   1.2341296427958406   0.13970281680840463   0.5076460201475933   -0.02894410848931654   -0.15244924502192292
0.9906827546867972  0.1714683794175164   1.2836121414558939   0.13672779433740584   0.4948249866005337   -0.02975022470998777   -0.1282103354705972
0.9938330503118417  0.1844158966802799   1.3321214109614337   0.1332526044003354   0.4850926950553952   -0.03475189937070452   -0.09732291545138425
0.9962986370403095  0.19718252871256436   1.3800176640654918   0.1300253865071514   0.4789625310405829   -0.032272178931839965   -0.06130164014812392
0.9981309916321501  0.20990299177548222   1.4277326329995972   0.1285175878567959   0.47714968934105473   -0.015077986503554974   -0.01812841699528131
0.9993698466891783  0.22290498867434919   1.4758012028590657   0.1306088378366751   0.48068569859468224   0.020912499798791943   0.03536009253627487
0.999999940280762  0.23662454601469401   1.524901905745753   0.13734018769069928   0.49100702886687564   0.06731349854024177   0.10321330272193467
0.9999256499334955  0.25114685151196836   1.5759118850128269   0.1452249551598707   0.5100997926707371   0.07884767469171416   0.19092763803861468
0.999084169815602  0.2653531075985024   1.6299602650305212   0.14231155989061436   0.5404838001769431   -0.02913395269256324   0.30384007506206007
0.9974696448129164  0.2790704026338951   1.6879572446755726   0.13811982988416555   0.5799697964505147   -0.04191730006448844   0.39485996273571544
0.9951051203018847  0.2921126806663184   1.7501451746919587   0.132548856063831   0.6218793001638603   -0.05570973820334517   0.4190950371334556
0.9920679504887769  0.3042414349133906   1.8161614915543884   0.12503242781755672   0.6601631686242968   -0.07516428246274302   0.3828386846043654
0.9884699968250419  0.315307516759172   1.8851489462336204   0.11636298293869872   0.6898745467923197   -0.08669444878857985   0.2971137816802302
0.9843776754531715  0.3254038998693132   1.9558851911894046   0.10894220766874957   0.7073624495578414   -0.07420775269949142   0.17487902765521648
0.9797552786172498  0.33482401292500097   2.026971790786525   0.10493096897040398   0.7108659959712033   -0.04011238698345588   0.03503546413361802
0.9746092143814398  0.343689202170119   2.096739150475766   0.10250539374629937   0.697673596892413   -0.024255752241046112   -0.13192399078790182
0.9688812833450191  0.35219331648714053   2.1635479614426516   0.10253250912513555   0.6680881096688551   0.00027115378836166084   -0.2958548722355788
0.9624361109011812  0.3605837530659143   2.2258169933468026   0.105801547159402   0.6226903190415121   0.032690380342664686   -0.45397790627343154
0.9551671425939865  0.369021128582597   2.281940479613708   0.11136750237861813   0.5612348626690549   0.05565955219216126   -0.6145545637245731
0.9470075410222057  0.377609588221026   2.3305936540371777   0.11846549572391503   0.4865317442346957   0.07097993345296887   -0.7470311843435906
0.9381437430067919  0.38622157331802737   2.3706027425315264   0.1235852752430589   0.40009088494348355   0.0511977951914387   -0.8644085929121214
0.9289966152335908  0.39458045936009184   2.4011910089191058   0.12391163075493855   0.3058826638757915   0.003263555118796537   -0.9420822106769206
0.920291838179599  0.40220841224279574   2.4220296553611265   0.115740575746128   0.20838646442021397   -0.08171055008810546   -0.9749619945557753
0.9128010272854166  0.40862810917161313   2.4330431991316446   0.09865331039061362   0.11013543770517835   -0.1708726535551437   -0.9825102671503562
0.9070918891934233  0.41350857355047993   2.4342888672491685   0.07510871474525126   0.012456681175241182   -0.23544595645362365   -0.9767875652993716
0.9029716985870481  0.41709068511713815   2.4259406834417474   0.05459623971378356   -0.0834818380742111   -0.20512475031467706   -0.9593851924945229
0.8991040555871979  0.42057404343779287   2.408423455110971   0.05205040591999644   -0.175172283307768   -0.025458337937871285   -0.9169044523355687
0.8928731405629989  0.426486366354641   2.3824246472155175   0.08589520610131582   -0.2599880789545307   0.33844800181319384   -0.8481579564676275
0.8842721359303773  0.4352162373878859   2.3487589728979414   0.12255118479535877   -0.3366567431757647   0.3665597869404296   -0.7666866422123394
0.873565837281838  0.44699983193333165   2.308329742470512   0.15920990269552096   -0.40429230427429325   0.3665871790016219   -0.6763556109852854
0.8629401662220493  0.4598398660520269   2.2621071817485534   0.16666474181424384   -0.46222560721958483   0.07454839118722893   -0.5793330294529162
0.852985659637437  0.47320708047111437   2.2108940066631693   0.1666657201313294   -0.5121317508538412   9.783170855476539e-06   -0.4990614363425641
0.8437896040930372  0.48710701669345574   2.155275911998742   0.16666603270038013   -0.5561809466442745   3.1256905074192914e-06   -0.4404919579043329
0.835442022326889  0.501532476170279   2.095384393590339   0.16666613407048178   -0.5989151840840297   1.0137010162015117e-06   -0.42734237439755063
0.8280408214300772  0.5164655982859259   2.030936322502815   0.16666610658312828   -0.6444807108752356   -2.7487353476226335e-07   -0.455655267912061
0.8216924879052215  0.531875788807548   1.9615676471553585   0.16666592646833925   -0.693686753474567   -1.8011478904005565e-06   -0.4920604259933133
0.8165062841202757  0.547714883739424   1.8872250147153162   0.16666542471669513   -0.7434263244004232   -5.017516441078812e-06   -0.4973957092585607
0.8125854940369815  0.563913481882775   1.8082740545630727   0.16666348630909966   -0.7895096015224365   -1.9384075955085415e-05   -0.46083277122013416
0.8103428343855402  0.5782756453366721   1.7256959825299965   0.1453620519216289   -0.8257807203307599   -0.21301434387470702   -0.3627111880832331
0.8095804388641877  0.5891198105315887   1.640985512429369   0.10870932145203561   -0.8471047010062756   -0.36652730469593314   -0.21323980675515672
0.8096875245977628  0.5963259574119294   1.555937088725604   0.07206942501184455   -0.8504842370376497   -0.3663989644019109   -0.03379536031374178
0.8102582050333048  0.6021115741550417   1.4724765805475895   0.05813693942554397   -0.8346050817801457   -0.13932485586300572   0.15879155257504027
0.8114507990219577  0.6087303770480779   1.3925263967972243   0.0672538713819777   -0.7995018375036504   0.0911693195643375   0.3510324427649517
0.8136264442354638  0.6171559989663115   1.3180983814087999   0.0870198464742789   -0.7442801538842454   0.19765975092301197   0.5522168361940497
0.8170120168380555  0.6273804375842247   1.2510341144718045   0.10770387499941492   -0.6706426693699556   0.20684028525136008   0.7363748451428984
0.8215764029468337  0.638885350313683   1.1931089296312096   0.12377262922894543   -0.5792518484059481   0.16068754229530507   0.9139082096400754
0.8270813686215059  0.6510288858536136   1.1451809470026648   0.1333304550689313   -0.4792798262854475   0.09557825839985865   0.9997202212050063
0.8332559787561137  0.6633812624879932   1.1072509337986651   0.13809671206512217   -0.37930013203999935   0.047662569961909027   0.9997969424544815
0.8398880512717285  0.6757710190362386   1.07931940816383   0.14053129657736804   -0.279315256348347   0.02434584512245825   0.999848756916524
0.8468818952713164  0.6882916856524467   1.0613866118088864   0.14341581028770983   -0.1793279635494385   0.028845137103418288   0.9998729279890848
0.8541581746806295  0.7010786231385946   1.0534526509163633   0.1471224022088592   -0.07933960892523106   0.037065919211493464   0.9998835462420745
0.861602692876238  0.7142242885924777   1.055517543197788   0.1510726220697056   0.02064892281424464   0.039502198608464205   0.9998853173947572
0.8689602898064802  0.7275899638193314   1.0675812215588385   0.15256982232985913   0.12063678361050933   0.014972002601535188   0.9998786079626468
0.8759057377112472  0.7408934568386475   1.0896434962606112   0.1500740394314849   0.22062274701772555   -0.024957828983742263   0.9998596340721622
0.8820838653513207  0.7537128465375188   1.121703926195503   0.1423046075812628   0.32060429934891943   -0.07769431850222126   0.9998155233119387
0.8872648105787251  0.7657305529414264   1.1637624320514055   0.13086919448819534   0.4205850585590253   -0.11435413093067445   0.9998075921010591
0.8914124890802481  0.7768949578311598   1.2150896400921152   0.11909961103794527   0.5132720804070966   -0.11769583450250073   0.9268702184807129
0.8947340810123795  0.7877389531728194   1.2735633636235033   0.11341305389307714   0.5847372353138796   -0.05686557144868118   0.7146515490678287
0.8975319421981833  0.799465105804376   1.3365754236469818   0.12055317613136338   0.6301206002347856   0.07140122238286237   0.4538336492090604
0.8999406206732774  0.8135412727328768   1.4013202605261899   0.14280763543851727   0.6474483687920788   0.22254459307153873   0.17327768557293322
0.9017072371725171  0.8301119888181218   1.4645867500946728   0.16664620170684663   0.6326648956848315   0.2383856626832938   -0.14783473107247247
0.9025021951980171  0.8467593424040815   1.5230797578608717   0.16666323520149304   0.5849300776619869   0.00017033494646397765   -0.4773481802284474
0.9024642200519308  0.8634258022595976   1.5730748598905147   0.1666650311934889   0.49995102029642974   1.7959919958930065e-05   -0.8497905736555709
0.9018443666910831  0.8780791972477564   1.6130721298453188   0.14666499339240974   0.3999726995480422   -0.2000003780107917   -0.9997832074838754
0.9010500494210039  0.8890504065706251   1.643070377535689   0.10999926087558551   0.29998247690370355   -0.36665732516824234   -0.9999022264433867
0.9003743441157993  0.8963525070264946   1.6630692967994212   0.07333297261607069   0.19998919263732115   -0.3666628825951481   -0.9999328426638238
0.9  0.9   1.6730687746292614   0.03666652220869208   0.09999477829840253   -0.3666645040737862   -0.9999441433891862
0.9  0.9   1.6730687746292614   6.69505792041189e-24   1.7078067484556677e-20   -0.3666652220869208   -0.9999477829840253
