0.1  0.1   1.4465063193005396   0.0   3.023975558079693e-20   3.87642555076853e-08   -7.505539794313152e-07
0.10049091807570659  0.10363365444004569   1.4365063195038983   0.03666666762431398   -0.09999999796641111   0.3666666666666667   -0.9999999796641112
0.10161789435133674  0.11087987449204686   1.4165063199109251   0.07333333523566009   -0.19999999592973478   0.3666666666666667   -0.9999999796332371
0.1036336290979429  0.12169360741057719   1.386506320542496   0.11000000281908268   -0.29999999368429214   0.3666666666666667   -0.9999999775455737
0.10689570422008299  0.13599290766280606   1.3465063214568493   0.14666667031260988   -0.39999999085646476   0.3666666666666667   -0.9999999717217263
0.11141009699439837  0.15203653780973095   1.2965063227765752   0.16666666666666666   -0.4999999868027415   0.20000006144355212   -0.9999999594627669
0.11687840660812364  0.1677805970112526   1.2365063247330133   0.16666666666666666   -0.5999999804356208   -7.185847448392928e-10   -0.9999999363287924
0.12342766502181297  0.1831065561631543   1.1669529061170365   0.16666666666666666   -0.6955341861597643   -1.4326147696763625e-09   -0.9553420572414338
0.1311419989388991  0.1978804135226764   1.0895774057997893   0.16666666666666666   -0.7737550031724729   -1.893689079065458e-09   -0.7822081701270885
0.14005960393303613  0.21196068802147564   1.0062219751425603   0.16666666666666666   -0.8335543065722896   -8.124510698094259e-10   -0.5979930339981673
0.15017367110862412  0.22520770482099656   0.9187124934658552   0.16666666666666666   -0.8750948167670519   3.783066070083368e-10   -0.4154051019476222
0.1614368186179341  0.23749262716598363   0.828761984978814   0.16666666666666666   -0.8995050848704121   -2.4077268750928414e-10   -0.2441026810336024
0.1737675363167678  0.2487056200365963   0.7379593265860016   0.16666666666666666   -0.9080265839281231   -2.262289253344204e-09   -0.08521499057710934
0.1870572688693032  0.25876349329353865   0.6478486667118903   0.16666666666666666   -0.9011065987411122   -6.942321496941053e-09   0.06919985187010881
0.20117812298097612  0.2676166993766351   0.5600072777469993   0.16666666666666666   -0.8784138896489107   -8.093312158197134e-08   0.2269270909220154
0.21368501842256696  0.27406514927057596   0.47604292359169104   0.1407142280018447   -0.8396435415530833   -0.2595243896936658   0.3877034809582745
0.2237370379353435  0.2782857333923838   0.39752109009447106   0.10902129453207603   -0.7852183349721996   -0.3169293346976867   0.5442520658088364
0.2318963899724833  0.281043166947587   0.3258976427119936   0.08612692115554685   -0.7162344738247743   -0.22894373376529187   0.6898386114742533
0.23908027693246856  0.28297342754401295   0.26249329996838716   0.07438691943074459   -0.6340434274360649   -0.11740001724802264   0.8219104638870934
0.24594812078854117  0.28442630459738527   0.2084741282531403   0.07019838385861177   -0.540191717152468   -0.0418853557213281   0.9385171028359668
0.25273056416382195  0.2855518765497439   0.16445495442589622   0.0687520547757138   -0.4401917382724412   -0.01446329082897952   0.999999788800271
0.25936136015856814  0.2864217081578276   0.13043577975813733   0.06687605143125804   -0.3401917466775889   -0.01876003344455782   0.9999999159485223
0.26574086865852525  0.2871031681311928   0.10641660447774748   0.06415802085189666   -0.24019175280389843   -0.027180305793613715   0.9999999387369045
0.27199236498615004  0.2876824397253421   0.09239742871456096   0.06278276986092111   -0.1401917576318653   -0.013752509909755455   0.9999999517203313
0.2786228708923773  0.28826996270618493   0.08837825253965156   0.06656484945189411   -0.04019176174909391   0.03782079590973   0.9999999588277138
0.28653407282334814  0.28901867983188756   0.09435907599384954   0.07946552291838044   0.059808234541980025   0.1290067346648633   0.9999999629107394
0.2968240035382356  0.29015870004973815   0.11033989909719774   0.10352889462091916   0.1598082310334819   0.2406337170253872   0.9999999649150187
0.3102757633977232  0.29200389782827363   0.1363207218507819   0.13577724336545843   0.25980822753584165   0.3224834874453928   0.9999999650235974
0.32650494447275774  0.2948282155435541   0.17230154423238522   0.1647310198241681   0.359808223816033   0.28953776458709635   0.9999999628019136
0.3427761259653974  0.29843743348876295   0.2182823661835813   0.16666666666666666   0.45980821951196077   0.019356539118951962   0.9999999569592771
0.3588198770281791  0.30295139598942816   0.2742631875745199   0.16666666666666666   0.5598082139093861   1.2838449650320593e-08   0.9999999439742517
0.37453109890496145  0.3085133483143274   0.3402440083544639   0.16666666666666666   0.6598082077994402   2.7120456900890088e-09   0.9999999389005418
0.38977702339272263  0.3152468163580615   0.4158941961226442   0.16666666666666666   0.7565018776818032   -3.430295915248808e-09   0.9669366988236306
0.4039129780701864  0.32296349058704377   0.4996821525285562   0.1610503883259971   0.8378795640591192   -0.05616286622086138   0.8137768637731617
0.41425017393846664  0.3298812577937886   0.5897621323353537   0.12438372946085036   0.900799798067975   -0.3666665886514672   0.629202340088558
0.42105161868232927  0.33542716219288116   0.6840614621062147   0.08775916260293871   0.9429932977086096   -0.36624566857911645   0.42193499640634463
0.4279829779532046  0.34228988751852635   0.7804225973585375   0.09754011494621022   0.9636113525232286   0.097809523432715   0.2061805481461905
0.43656792137397726  0.3526055704729628   0.8767139847240878   0.13420676896278935   0.962913873655504   0.3666665401657915   -0.0069747886772474335
0.44597662296319696  0.36636253743975095   0.9709422073621233   0.16666666666666666   0.9422822263803541   0.32459906086626766   -0.2063164727514981
0.45410348636723136  0.38091354773426594   1.0614441314843308   0.16666666666666666   0.9050192412220743   1.0975894123955608e-08   -0.3726298515827977
0.46095593989800737  0.3961063648113705   1.1470841449845919   0.16666666666666666   0.8564001350026098   2.2526679357030752e-09   -0.4861910621946458
0.4665702648676801  0.4117989479500004   1.2272168909694683   0.16666666666666666   0.801327459848765   8.94292341484674e-10   -0.5507267515384477
0.47100523275423567  0.4278647149838564   1.3014534556275674   0.16666666666666666   0.7423656465809921   3.3903890944894546e-10   -0.5896181326777279
0.47434155262247546  0.4441940376974008   1.3692555274753389   0.16666666666666666   0.6780207184777146   1.6118699555902052e-11   -0.6434492810327753
0.476689098154897  0.46069454800573784   1.4294736543032518   0.16666666666666666   0.6021812682791265   -2.518755363878914e-10   -0.7583945019858821
0.47819946022675686  0.47729263876007966   1.4800501117583376   0.16666666666666666   0.5057645745508577   -5.545494729070823e-10   -0.9641669372826882
0.47903527216623987  0.49393833575187346   1.5206265697267893   0.16666666666666666   0.40576457968451846   -1.0100491351437044e-09   -0.9999999486633917
0.47936180627326924  0.5106018043216337   1.5512030278728337   0.16666666666666666   0.30576458146044544   -1.927052178938505e-09   -0.9999999822407296
0.479345420286684  0.5272684638363804   1.5717794860951275   0.16666666666666666   0.20576458222293895   -4.2521755314644586e-09   -0.9999999923750658
0.4791527642757304  0.5439340177572478   1.582355944350222   0.16666666666666666   0.10576458255094243   -1.2159476126463415e-08   -0.9999999967199652
0.47895080134968393  0.560574735365228   1.5829324026169447   0.1664194314171378   0.005764582667229675   -0.0024724306456172917   -0.9999999988371275
0.4789115555233259  0.5750430254565448   1.5735088608853192   0.14468343319170382   -0.0942354173162578   -0.21735998225433967   -0.9999999998348746
0.47911748696211476  0.5873649795552698   1.5540853191524269   0.12323674799692035   -0.1942354173289233   -0.2144668519478349   -1.0
0.47962490954989956  0.5983559298240576   1.5246617774203186   0.1100265720149266   -0.29423541732108205   -0.13210175981993752   -0.999999999921587
0.48051775936871993  0.6087660515816484   1.485238235695419   0.10448340337433142   -0.394235417248994   -0.055431686405951884   -0.9999999992791198
0.48188944171632203  0.6188662517323174   1.4358146939892003   0.10192916930216421   -0.49423541706219015   -0.025542340721672083   -0.999999998131961
0.4837583218596376  0.6283581639376682   1.3763911523204586   0.09674146489699657   -0.5942354166874148   -0.051877044051676306   -0.9999999962522478
0.4859838960100722  0.6365972043945323   1.3069676107206967   0.08534340510486194   -0.6942354159976197   -0.11398059792134639   -0.9999999931020479
0.4882865182064009  0.6430399020770723   1.2275440692478912   0.0684181426287139   -0.7942354147280568   -0.16925262476148017   -0.9999999873043718
0.4904418458170626  0.6477064909218984   1.1381205280328301   0.051402809802515284   -0.8942354121506056   -0.17015332826198626   -0.9999999742254881
0.49262263375163107  0.651410648908554   1.0386969875605763   0.0429844418431417   -0.9942354047225438   -0.0841836795937358   -0.999999925719382
0.4957267634492413  0.6555761921226788   0.9303794123790975   0.05194937097629444   -1.0831757518147842   0.08964929133152738   -0.8894034709224068
0.5013753707698554  0.6615860165243439   0.8163715885281472   0.08247712046461403   -1.1400782385095032   0.30527749488319583   -0.569024866947187
0.5104888251433931  0.669260478816261   0.6998912260799081   0.11914378795749599   -1.1648036244823918   0.3666666666666667   -0.24725385972888686
0.5234865964662063  0.6778527334004344   0.5841082236148019   0.155810429111596   -1.1578300246510616   0.3666664115410003   0.0697359983133021
0.5383305108471503  0.6854313877470251   0.4720569596721804   0.16666666666666666   -1.1205126394262146   0.10856242977904546   0.37317385224846983
0.5538902385689403  0.6914040486933342   0.36651024098550156   0.16666666666666666   -1.0554671868667882   2.9105738934278124e-08   0.6504545255942665
0.5699537668058026  0.6958471183762012   0.2698471971653871   0.16666666666666666   -0.9666304382011456   6.20243850387281e-09   0.888367486656425
0.5863415785353123  0.6988831413319665   0.1831841507759036   0.16666666666666666   -0.8666304638948341   3.139522201003322e-09   0.9999997430631146
0.6029137792962448  0.7006551376572953   0.10652110392537642   0.16666666666666666   -0.7666304685052721   1.1035057610083075e-09   0.9999999538956214
0.619567209775348  0.7013192627617133   0.03985805671075524   0.16666666666666666   -0.6666304721462117   -4.829544896823153e-10   0.9999999635906022
0.6362315240075119  0.7010391927488757   -0.016804990820227076   0.16666666666666666   -0.5666304753098231   -2.508748250900754e-09   0.999999968363887
0.6528646345141987  0.6999821020791618   -0.06346803864120949   0.16666666666666666   -0.4666304782098242   -6.686225259192161e-09   0.9999999709999894
0.6694478195976032  0.698316037893116   -0.10013108673413135   0.16666666666666666   -0.3666304809292185   -2.528752629542455e-08   0.9999999728060565
0.6857185889177944  0.6962418725575003   -0.12679413508512632   0.16402441772807683   -0.26663048350994983   -0.026422548199988658   0.9999999741926858
0.6999338216117826  0.6941884897646207   -0.14345718368489366   0.14362772066642596   -0.16663048599767308   -0.20396697061650873   0.9999999751227686
0.7121765735914004  0.6923366731474473   -0.150120232530305   0.12382011178240451   -0.06663048845411348   -0.19807608884021438   0.9999999754355958
0.7232595028980345  0.6906980996060065   -0.14678328162513612   0.11203403289472336   0.033369509051688694   -0.11786078887681156   0.9999999750580217
0.7340673296155441  0.6892472121116264   -0.13344633098049702   0.10904778442364685   0.1333695064463911   -0.029862484710765164   0.9999999739470239
0.7452140997130452  0.688014863768652   -0.11010938061578929   0.1121468528515079   0.23336950364707723   0.030990684278610486   0.9999999720068615
0.7569297435926025  0.6871136540377765   -0.07677243056061414   0.11750254911772406   0.33336950055175146   0.05355696266216183   0.9999999690467419
0.7691012816464654  0.6867065410907522   -0.033435480857294295   0.12178344696561581   0.4333694970331985   0.04280897847891744   0.99999996481447
0.7814057262440329  0.6869514499409769   0.019901468438748016   0.12306881700882906   0.5333694929604232   0.012853700432132444   0.9999999592722475
0.7934795098741804  0.6879587801306332   0.08323841730212451   0.12115732138777585   0.6333694886337652   -0.01911495621053206   0.9999999567334198
0.8050736036736129  0.6897891114530912   0.156575363101083   0.11737679659115417   0.7333694579895844   -0.03780524796621678   0.9999996935581927
0.8161512531440884  0.6924948923216788   0.23956515582370055   0.11403313899895201   0.8298979272261755   -0.033436575922021664   0.9652846923659106
0.826897316868335  0.6961892405307694   0.33112843389566077   0.11363366325854991   0.9156327807196022   -0.00399475740402087   0.8573485349342674
0.8376224605027001  0.7011085808444347   0.43004344441101433   0.11799517579096787   0.9891501051535353   0.04361512532417958   0.7351732443393302
0.84858131981229  0.7076031719801018   0.5349856181291756   0.12738771973266227   1.0494217371816128   0.09392543941694413   0.6027163202807776
0.8597595386674176  0.7160048172875173   0.6445298114590642   0.13983569667461287   1.0954419332988854   0.1244797694195057   0.4602019611727242
0.870731621180813  0.7263737409763497   0.7571427804816774   0.1509639603168854   1.1261296902261335   0.11128263642272519   0.3068775692724801
0.8807351272524739  0.7382592428153599   0.8711662690746684   0.1553496983231279   1.1402348859299092   0.043857380062425004   0.14105195703775708
0.8890312094322332  0.7507573437322422   0.9847896966746339   0.1500091684071001   1.1362342759996547   -0.05340529916027785   -0.040006099302543986
0.8953144110274415  0.7629816366927878   1.0960170483845453   0.1374452475247028   1.1122735170991145   -0.12563920882397295   -0.2396075890054035
0.899803659133155  0.7746196361306327   1.2026427076534116   0.12473827779391743   1.0662565926886611   -0.1270696973078537   -0.4601692441045325
0.9029883882861796  0.7861922326092142   1.3022481549995377   0.12002811713686104   0.9960544734612647   -0.04710160657056384   -0.702021192273965
0.9052781039710284  0.7988797452022609   1.392248154073366   0.12892469651551033   0.8999999907382816   0.08896579378649305   -0.9605448272298304
0.9067537694893266  0.8138052915858521   1.4722481537339087   0.14998317357977767   0.799999996605428   0.21058477064267345   -0.9999999413285365
0.9072295077553251  0.8304651673037199   1.5422481536219512   0.16666666666666666   0.6999999988804246   0.16683495503314538   -0.9999999772500325
0.9067053970336927  0.8471235920549529   1.6022481536177315   0.16666666666666666   0.5999999999578046   6.422547338373688e-08   -0.9999999892262011
0.9053493670778752  0.8637350035548934   1.6522481536632152   0.16666666666666666   0.5000000004548346   6.061213791513319e-09   -0.9999999950297004
0.9035724495209149  0.8782936327920438   1.6922481537254304   0.14666667012959705   0.40000000062215146   -0.20000005982163907   -0.9999999983268317
0.901912840990015  0.8891677169195309   1.7222481537845176   0.11000000276704601   0.30000000059087245   -0.3666666666666667   -1.0
0.9006616784527481  0.8963935298739204   1.7422481538287944   0.07333333522108587   0.20000000044276559   -0.3666666666666667   -1.0
0.9  0.9   1.752248153852092   0.03666666762215524   0.1000000002329767   -0.3666666666666667   -1.0
0.9  0.9   1.752248153852092   0.0   1.0721634724751907e-19   -0.3666666666666667   -1.0
