0.1  0.1   -1.3967489065672638   0.0   -3.0613724893818527e-34   -3.494585885178226e-07   9.881630617488702e-06
0.10067103714371925  0.09639525946444638   -1.3867489064681273   0.0366666676654839   0.10000000099136419   0.3666666666666667   1.0
0.10215702303563452  0.08921405993818379   -1.3667489062698546   0.07333333533049595   0.20000000198272835   0.3666666666666667   1.0
0.10470810441917588  0.07851396693099462   -1.3367489059724609   0.11000000299450693   0.300000002973936   0.3666666666666667   1.0
0.10867734493883463  0.06439460956218249   -1.296748905575991   0.14666667065528818   0.400000003964698   0.3666666666666667   1.0
0.11398411075060688  0.04859536756446959   -1.2467489050805336   0.16666666666666666   0.5000000049545766   0.20000006003007847   1.0
0.12002668473996109  0.03364270043662519   -1.1867489044862418   0.16127459646604703   0.6000000059429174   -0.05392080192248996   1.0
0.12549206889179557  0.022444444531831073   -1.1167489037933687   0.1246079288152785   0.7000000069287311   -0.3666666666666667   1.0
0.12996846672344425  0.014874866168566031   -1.0367489030023327   0.08794126116037737   0.8000000079103602   -0.3666666666666667   1.0
0.13296456686608446  0.010713829839880366   -0.9467489021138933   0.051274593507274924   0.9000000088843938   -0.3666666666666667   1.0
0.13393222821815887  0.009619505167540636   -0.8467489011297917   0.014607925865054579   1.0000000098410153   -0.3666666666666667   1.0
0.13393222747907718  0.009619505837995267   -0.7367489000581317   0.0   1.1000000107166013   -0.14607935843787714   1.0
0.13393222666698804  0.009619506417763019   -0.6200081541468017   0.0   1.1674074591133006   6.600659748383442e-12   0.6740744839669933
0.13423534093495118  0.009452301989484796   -0.5040874772756847   0.003461727607404803   1.159206768711169   0.03461737585477875   -0.08200690402131593
0.13793677870206747  0.00790238602377818   -0.3965509094515101   0.040128395239016096   1.0753656782417458   0.3666666666666667   -0.8384109046942333
0.1452755246152279  0.005640169133975352   -0.2990143417184585   0.07679506288456205   0.9753656773305165   0.3666666666666667   -1.0
0.15636892524545146  0.003258550901240111   -0.21147777408140517   0.11346173053022762   0.8753656763705332   0.3666666666666667   -1.0
0.17124729924557222  0.0012537201196281937   -0.13394120654160946   0.15012839816316162   0.7753656753979569   0.3666666666666667   -1.0
0.18787723394128872  0.00014778926775789464   -0.06640463909955528   0.16666666666666666   0.6753656744205419   0.16538278480045016   -1.0
0.20454324625459944  0.0   -0.008868071755366821   0.16666666666666666   0.5753656734418846   5.39878387910139e-11   -1.0
0.22119745503300858  0.0006443043668611418   0.03866849549113198   0.16666666666666666   0.475365672464988   -3.9036394650573055e-11   -1.0
0.23781575267880195  0.0019131599022153246   0.07620506264063   0.16666666666666666   0.3753656714949801   -7.234688635068188e-11   -1.0
0.25439281469538033  0.0036390874431583256   0.10374162969423094   0.16666666666666666   0.2753656705360094   -1.0713100522530659e-10   -1.0
0.27093706250121335  0.005655439460569549   0.12127819665396607   0.16666666666666666   0.17536566959735128   -1.77420000806633e-10   -1.0
0.28746564422240994  0.007796419863103518   0.12881476352470364   0.16666666666666666   0.07536566870737578   -3.618670937314638e-10   -1.0
0.3039994499129036  0.009896676749179842   0.12635133033238347   0.16666666666666666   -0.02463433192320191   -3.5993848682865822e-09   -1.0
0.3191487276805348  0.011650940124701926   0.11528501553193427   0.1525051005283237   -0.11066314800449176   -0.1416157568456311   -0.8602881608128984
0.33284357721413343  0.012997604786391082   0.09801853899778569   0.13760901476972584   -0.1726647653414858   -0.1489608575859789   -0.6200161733699406
0.3457657765339232  0.013989593157004461   0.07661595321866427   0.12960218986876404   -0.2140258577912143   -0.08006824900961765   -0.4136109244972848
0.3586019445435645  0.01466855166005169   0.05284492755170377   0.1285411194212078   -0.23771025666960485   -0.010610704475562548   -0.2368439887839056
0.3717128661101094  0.015038473124984015   0.028207273486223268   0.13116139150461398   -0.24637654065480502   0.026202720834061683   -0.08666283985200166
0.38512281202518456  0.015091532008806302   0.00395666076890089   0.13410050883212007   -0.2425061271732238   0.02939117327506097   0.0387041348158123
0.39866097260789396  0.01483579906945371   -0.018887538456989043   0.13540575737369243   -0.22844199225889933   0.013052485415723522   0.14064134914324475
0.41211206025597835  0.014303849707806005   -0.039526343115235854   0.13461602023524044   -0.20638804658246812   -0.007897371384519613   0.22053945676431205
0.425306105897112  0.013546133855407002   -0.05736561199088007   0.13215785019939083   -0.17839268875644207   -0.02458170035849622   0.2799535782602605
0.43814769696842215  0.012619943694289567   -0.0719995804790364   0.12874948134158568   -0.1463396848815634   -0.03408368857805144   0.32053003874878655
0.45061849282188576  0.011580040759572415   -0.083194582426402   0.12514077965730433   -0.11195001947365596   -0.036087016842813756   0.3438966540790746
0.46278021589053087  0.010471815027797053   -0.0908731022791267   0.12212111704000093   -0.07678519852724705   -0.030196626173033647   0.351648209464089
0.4747789116276242  0.009327299307512861   -0.09509895093390104   0.12053157910909362   -0.04225848654774337   -0.015895379309073254   0.3452671197950369
0.4868266632652021  0.00816637690918658   -0.096063494788779   0.12103555689783761   -0.009645438548779472   0.0050397778874398565   0.32613047998963896
0.4991353554071484  0.007005041661497523   -0.09407233730255744   0.12363357222159911   0.01991157486221555   0.025980153237615152   0.29557013410995026
0.5118113341441572  0.005867102099337941   -0.0895313440992131   0.1272695342131144   0.04540993203344339   0.036359619915153144   0.25498357171227837
0.5247759732446962  0.0047894946101874536   -0.08292834626755353   0.1300934682864176   0.06602997831659564   0.028239340733031592   0.20620046283152257
0.5377973543208623  0.0038135778671425577   -0.07480739563311253   0.13057901003610356   0.08120950634440997   0.004855417496859694   0.15179528027814335
0.5506372550114454  0.0029683393851547835   -0.0657342085602849   0.12867691239513956   0.09073187072827635   -0.019020976409639925   0.09522364383866368
0.563193585795908  0.0022612045867072272   -0.05625756809008036   0.12576226874226323   0.09476640470204536   -0.02914643652876304   0.04034533973769012
0.57552193979405  0.0016828939678675897   -0.04687462708053066   0.12341910527765321   0.09382941009549706   -0.023431634646100537   -0.009369946065483031
0.5877489366998645  0.0012179824383827637   -0.038005053454745745   0.12235832463099701   0.08869573625784913   -0.010607806466562137   -0.051336738376479264
0.5999703112603626  0.0008515562399945219   -0.02997342539639057   0.1222686649583008   0.08031628058355172   -0.0008965967269620129   -0.08379455674297402
0.6122030162408861  0.0005701920081081236   -0.022996927495272813   0.12235940379533954   0.0697649790111776   0.0009073883703875462   -0.10551301572374122
0.6244004078417827  0.0003606693966193022   -0.01717596793820646   0.1219919102196326   0.058209595570663575   -0.003674935757069441   -0.11555383440514025
0.6365015269946045  0.00020955588538892553   -0.012486915897777413   0.12102062635933664   0.04689052040429045   -0.009712838602959552   -0.11319075166373121
0.6484799865969992  0.00010441848202273835   -0.008776980269940721   0.11978920999814179   0.03709935627836691   -0.012314163611948533   -0.09791164125923546
0.6603709883820323  3.591624246540485e-05   -0.005760783070771276   0.11891199098849692   0.03016197199169444   -0.00877219009644876   -0.06937384286672471
0.6722686682917096  0.0   -0.003019591206094755   0.11897734150995916   0.027411918646765218   0.0006535052146223627   -0.02750053344929222
0.6842939365398428  0.0   2.547950831740607e-10   0.12025268248133254   0.03019591460889838   0.012753409713733802   0.027839959621331626
0.6965381960614677  4.880334709616863e-05   0.0039866095376245555   0.12244356821617824   0.039866092828294716   0.021908857348457194   0.09670178219396335
0.7090667984760842  0.00016948954639383146   0.009632556180328489   0.12529183677407965   0.056459466427039334   0.028482685579013775   0.16593373598744615
0.7218974097756568  0.00039429115013375884   0.017518931862571786   0.12832580491925444   0.078863756822433   0.030339681451748243   0.22404290395393672
0.7350089820987468  0.0007630443488625734   0.028116842975462183   0.13116756752534647   0.10597911112890393   0.028417626060920444   0.2711535430647093
0.7483663396998435  0.0013216202028970881   0.041793490309459905   0.1336903171767609   0.13676647333997716   0.025227496514144163   0.3078736221107325
0.7619228946787937  0.0021199214865249808   0.05881881181516998   0.13580039316462356   0.17025321505710078   0.02110075987862633   0.334867417171236
0.7755864799111655  0.0032067270237151222   0.07937318287281306   0.13706739498431592   0.20554371057643084   0.012670018196923868   0.3529049551933004
0.7891786620961677  0.0046193067030192055   0.10355414597419116   0.13665386855137956   0.24180963101378108   -0.004135264329363739   0.3626592043735024
0.8024302446366047  0.006370426449583696   0.13138298633963946   0.13366781968474267   0.27828840365448293   -0.02986048866636893   0.3647877264070184
0.8150257843926503  0.0084394428524718   0.1628117925700641   0.12764342937318437   0.31428806230424633   -0.06024390311558305   0.3599965864976341
0.8266788814099646  0.010774142870943049   0.19773224320941024   0.11884674765055364   0.34920450639346146   -0.08796681722630717   0.349164440892152
0.8372101361094609  0.013306553284956071   0.23598570889385287   0.1083145549086713   0.38253465684442606   -0.10532192741882354   0.33330150450964513
0.8466047548362595  0.015981324052654587   0.27737376493411137   0.09767971113882284   0.41388056040258475   -0.10634843769848443   0.31345903558158716
0.8550339585421878  0.018790286725288326   0.3216681355180988   0.08884916792648197   0.44294370583987486   -0.08830543212340895   0.2906314543729011
0.8628315096101358  0.021802294933885132   0.36861980006604983   0.08359066700649612   0.46951664547951005   -0.05258500919985848   0.2657293963963521
0.870426555478638  0.02517551700940251   0.4179654996032803   0.08310436144716693   0.49345699537230436   -0.004863055593291866   0.23940349892794266
0.8782472166371385  0.02914258059666481   0.4694341510528962   0.08769283577433938   0.5146865144961597   0.04588474327172461   0.21229519123855325
0.8866222739698792  0.033968456731252004   0.5227507124565371   0.09665953951528106   0.5331656140364099   0.08966703740941671   0.18479099540250293
0.8957114558192779  0.03989280664057969   0.5776411932891736   0.1084947687861326   0.5489048083263649   0.1183522927085154   0.15739194289954925
0.9054838373277183  0.047075577034144604   0.6338364385049516   0.12128133857817608   0.5619524521577801   0.12786569792043492   0.13047643831415257
0.9157442831800902  0.05556250059104317   0.6910777364901336   0.13315578115502172   0.5724129798518187   0.1187444257684564   0.10460527694038627
0.9261911075532768  0.06527759232907707   0.7491212731898045   0.1426601370259266   0.5804353669967094   0.09504355870904867   0.08022387144890596
0.9364819059181579  0.07603888555875672   0.8077435228449492   0.14889793919384284   0.5862224965514473   0.06237802167916241   0.05787129554737901
0.946290212534343  0.08758841513501586   0.8667444461025633   0.15152376450904947   0.5900092325761407   0.026258253152066334   0.037867360246934136
0.9553470332924712  0.09963040672492948   0.9259505098141861   0.15067699349814098   0.5920606371162278   -0.008467710109084864   0.020514045400871636
0.9634698816599991  0.11187883343947032   0.985215042559343   0.14697095719335865   0.5926453274515687   -0.03706036304782359   0.005846903353408755
0.9705824467433128  0.12411947291203808   1.0444185552226397   0.14157041949565424   0.5920351266329684   -0.054005376977044016   -0.006102008186003214
0.9767202566476407  0.1362829376073231   1.1034672614852934   0.1362433792208306   0.5904870626265356   -0.05327040274823639   -0.015480640064327436
0.9820114793544537  0.14850702718302058   1.1622937327282012   0.13320112750564778   0.5882647124290789   -0.030422517151828147   -0.02222350197456792
0.9866249986121087  0.1611482875755617   1.2208592221274934   0.13456820733470257   0.5856548939929217   0.013670798290548077   -0.026098184361571748
0.9906912732937488  0.17469380132108167   1.279162052623368   0.1414268476692325   0.5830283049587459   0.06858640334529915   -0.026265890341757817
0.9942224104635401  0.18953793570229446   1.3372559233607064   0.15258350344624078   0.5809387073733832   0.11156655777008279   -0.020895975853627097
0.997078661872673  0.20564410832718624   1.3952821370758743   0.16357474399639013   0.5802621371516791   0.10991240550149374   -0.006765702217041261
0.9990287184248123  0.2221963012238127   1.4535243237246693   0.16666666666666666   0.5824218664879492   0.030919324099937483   0.021597293362701882
1.0  0.23883464258608955   1.512485797608282   0.16666666666666666   0.5896147388361278   1.0999653007975076e-09   0.0719287234817863
0.9999636773181949  0.25550127064062195   1.5729762892588355   0.16666666666666666   0.6049049165055362   4.845205940903777e-10   0.15290177669408328
0.9988745153591901  0.2721323119932782   1.6361926437173064   0.16666666666666666   0.6321635445847102   -1.5753377260238595e-09   0.27258628079174063
0.9968174361760311  0.2876504039628659   1.7025880146648733   0.1565384148195773   0.6639537094756673   -0.10128261587721399   0.3179016489095709
0.9940958607430335  0.30099642628455514   1.7719621853068974   0.13620693251390312   0.6937417064202416   -0.20331482305674178   0.2978799694457433
0.9909749934748822  0.3121507885329217   1.8436093097925395   0.11582728938949646   0.7164712448564187   -0.20379643124406666   0.22729538436177
0.9875521423993516  0.32165488940892967   1.916479954902689   0.10101675254460883   0.7287064511014968   -0.1481053684488764   0.12235206245078203
0.9837475688009305  0.33020838832094557   1.9893153071375242   0.09361470178538117   0.7283535223483517   -0.07402050759227655   -0.0035292875314529154
0.9793804837153405  0.33839684796103464   2.0607447737056375   0.0928021031131033   0.7142946656811312   -0.00812598672277871   -0.14058856667220382
0.9742709698755126  0.3465727610415709   2.1293576597407657   0.09641197351982309   0.6861288603512826   0.03609870406719788   -0.2816580532984864
0.9683230278497234  0.354852247484043   2.1937615702754667   0.10194503915993676   0.6440391053470111   0.05533065640113666   -0.42089755004271384
0.9615762323142613  0.363164071985424   2.2526371629731052   0.10705404081073062   0.5887559269763863   0.05109001650793865   -0.5528317837062486
0.9542333847124123  0.37130345206008525   2.304791628873247   0.10962067273271181   0.5215446590014186   0.025666319219811894   -0.6721126797496776
0.9466650787394468  0.3789782638363548   2.349207463526186   0.10778775027874801   0.44415834652939273   -0.018329224539638055   -0.7738631247202583
0.9393696319255177  0.3858639419854009   2.3850818089848027   0.10031754970446552   0.3587434545861656   -0.07470200574282486   -0.8541489194322712
0.9328529303123032  0.3916928486798767   2.411848665550542   0.0874320039622527   0.2676685656573865   -0.12885545742212817   -0.9107488892877909
0.9274136424559503  0.3963909486806524   2.429178908245581   0.07187349720275868   0.17330242695039044   -0.15558506759494017   -0.9436613870699607
0.9228796025036081  0.4002460234761429   2.4369525315631133   0.05951396472111287   0.07773623317532664   -0.12359532481645803   -0.955661937750638
0.9184147930826688  0.4040556223983652   2.4352147834821625   0.058692049813841386   -0.017377480809507857   -0.008219149072714987   -0.9511371398483449
0.9125833181207811  0.4091439448144048   2.42414523880065   0.07739323306381256   -0.11069544681512465   0.18701183249971176   -0.933179660056168
0.9041415002777456  0.41681416768030416   2.4040472697160586   0.11405989974901592   -0.2009796908459126   0.3666666666666667   -0.9028424403078793
0.8932811514386731  0.42726585669083467   2.3753672111058974   0.15072656702757714   -0.2868005861016129   0.3666666666666667   -0.8582089525570028
0.8817035921285828  0.4392549321922001   2.338734450759261   0.16666666666666666   -0.36632760346636495   0.1594010959258579   -0.7952701736475212
0.8706618214913654  0.4517392067905663   2.2949559653856264   0.16666666666666666   -0.43778485373634674   2.8864432587563994e-10   -0.7145725026998174
0.8602582882943652  0.46476012488794105   2.2449187609061347   0.16666666666666666   -0.5003720447949138   8.17753644707872e-11   -0.6258719105856706
0.8505930840551958  0.47833810846821906   2.1894172648502916   0.16666666666666666   -0.5550149605584358   3.438101882207115e-11   -0.5464291576352204
0.8417656739714635  0.4924751039874118   2.128977810536993   0.16666666666666666   -0.6043945431329847   1.437012211343277e-11   -0.4937958257454881
0.8338780634639249  0.5071571818913979   2.0637802494214643   0.16666666666666666   -0.6519756111552873   3.487168300801687e-12   -0.475810680223028
0.827036907472787  0.5223550895039787   1.9937650218251985   0.16666666666666666   -0.7001522759626546   -5.579765675940733e-12   -0.4817666480736721
0.8213514594052783  0.5380220448993714   1.9189117330130743   0.16666666666666666   -0.7485328881212457   -1.854216579020565e-11   -0.4838061215859112
0.8169260532868089  0.554090448421845   1.8395440824267764   0.16666666666666666   -0.7936765058629779   -4.5592145954227184e-11   -0.45143617741732184
0.8138487445087709  0.5704705577536028   1.7565003681266607   0.16666666666666666   -0.8304371430011566   -1.1609341771489155e-10   -0.36760637138178637
0.8121795151662505  0.5870534249437052   1.6711182783347054   0.16666666666666666   -0.8538208979195535   -5.794687052953868e-10   -0.23383754918396948
0.8119744179698277  0.6013922579408684   1.5850989699033107   0.1434029973815555   -0.8601930843139461   -0.23263679204345608   -0.0637218639439257
0.8127257996625018  0.6120394109869051   1.5003419960931972   0.10673633047545741   -0.8475697381011347   -0.3666666666666667   0.1262334621281159
0.8138723339344367  0.6195242394278717   1.41879673777279   0.07572132964189851   -0.8154525832040731   -0.31015000833558903   0.3211715489706145
0.8153370698658784  0.6258249251263981   1.3423809683694676   0.06468700922166906   -0.7641576940332244   -0.11034320420229447   0.5129488917084865
0.8174270625481824  0.6326332317563101   1.2729510854780597   0.07121875355478106   -0.6942988289140792   0.06531744333111993   0.6985886511914517
0.8205142206535844  0.6408719954170281   1.2122787593285975   0.08798168663130009   -0.6067232614946213   0.16762933076519038   0.8757556741945786
0.8247956809844105  0.6507446545419469   1.161606433131383   0.10761054816384583   -0.5067232619721451   0.1962886153254573   0.9999999952247624
0.8302505285406666  0.6620410209609139   1.1209341070065686   0.12544451208941146   -0.4067232612481421   0.17833963925565652   1.0
0.8367188495561246  0.6744493067619801   1.090261780965391   0.13993024450771654   -0.30672326041178094   0.14485732418305072   1.0
0.8439889620017405  0.6877190691359661   1.069589455011742   0.1513080065409271   -0.20672325953648707   0.11377762033210592   1.0
0.851809492781026  0.7016388525956678   1.0589171291472763   0.15966247938532005   -0.1067232586446573   0.08354472844392896   1.0
0.8598429212926134  0.7159150882028072   1.058244803372509   0.1638129655312075   -0.006723257747672664   0.041504861458874394   1.0
0.8676502397255331  0.7300974257001183   1.067572477687038   0.16189284048425204   0.09327674314529087   -0.019201250469554374   1.0
0.8747584143232561  0.7436220418569345   1.086900152089231   0.15278788836190224   0.19327674402192738   -0.09104952122349806   1.0
0.8808067903823449  0.7559984490171602   1.116227826574716   0.13775278841018743   0.2932767448548529   -0.15035099951714803   1.0
0.8856821679353166  0.767056828096507   1.1555555011270182   0.12085406660371091   0.39327674552302033   -0.16898721806476522   1.0
0.8895580714743491  0.7771613974631217   1.204525383811906   0.10822428116120743   0.4896988268488781   -0.12629785442503474   0.9642208132585779
0.89281110843133  0.7873219091987512   1.2609440090430526   0.10668563547794804   0.5641862523114654   -0.015386456832593938   0.7448742546258725
0.8957828594430589  0.7990332102002071   1.3222907054910906   0.12082461472001292   0.6134669644803805   0.1413897924206489   0.4928071216891516
0.8985002002384609  0.8135507387808245   1.385760867911866   0.1476965054046142   0.6347016242077549   0.26871890684601263   0.21234659727374394
0.9005375076947368  0.8300924191394453   1.4482514020899655   0.16666666666666666   0.6249053417809932   0.18970171156153418   -0.09796282426761727
0.9016110450900446  0.8467244763929874   1.506339463183568   0.16666666666666666   0.5808806109360268   7.981133532772132e-10   -0.44024730844966264
0.9018519844309175  0.8633894024144592   1.5563394636311427   0.16666666666666666   0.5000000044757479   1.2863989865667595e-10   -0.8088060646027908
0.9014773924786098  0.8780512850927895   1.5963394640059774   0.14666667065281103   0.40000000374834566   -0.20000006000631923   -1.0
0.9008667320479016  0.889034322032763   1.626339464290165   0.11000000299382882   0.30000000284187633   -0.3666666666666667   -1.0
0.9003132757813442  0.8963467407070247   1.6463394644804792   0.0733333353303041   0.20000000190314152   -0.3666666666666667   -1.0
0.9  0.9   1.6563394645758103   0.036666667665447995   0.10000000095331187   -0.3666666666666667   -1.0
0.9  0.9   1.6563394645758103   0.0   2.906683086578606e-35   -0.3666666666666667   -1.0
