graph_load_time: 0.318513
n_generated: 34252
n_expanded: 17759
n_domCheck: 121295
rt_initHeu: 0.318463
rt_search: 0.513906
N: 26
Label: 44823
[222,814586,]
22575 22775 22975 23175 23375 23575 23775 23975 23974 23973 23972 23971 24171 24170 24370 24369 24569 24769 24969 25169 25168 25368 25568 25768 25767 25967 26167 26166 26165 26164 26163 26162 26161 26160 26159 26158 26157 26156 26155 26154 26153 26152 26151 26150 26149 26148 26147 26146 26145 26144 26344 26544 26543 26743 26943 26942 27142 27342 27341 27541 27741 27941 27940 28140 28340 28339 28539 28739 28738 28938 28937 28936 28935 28934 28933 28932 28931 28930 28929 28928 28927 28926 28925 28924 28923 28922 28921 28920 28919 28918 29118 29117 29116 29115 29114 29113 29313 29513 29713 29913 30113 30313 30513 30713 30913 31113 31112 31312 31512 31712 31912 32112 32111 32311 32511 32510 32509 32508 32507 32506 32505 32504 32503 32502 32501 32500 32499 32498 32497 32297 32296 32295 32095 32094 31894 31893 31892 31891 31890 31690 31689 31688 31687 31686 31685 31684 31683 31682 31681 31680 31679 31678 31677 31676 31675 31674 31673 31672 31472 31272 31271 31071 31070 30870 30869 30669 30668 30468 30467 30267 30266 30265 30264 30263 30262 30261 30260 30259 30258 30257 30256 30255 30254 30253 30252 30251 30250 30249 30248 30247 30246 30245 30244 30243 30242 30241 30240 30239 30238 30237 30236 30235 30234 30233 30232 30231 30230 30229 30228 30227 30226 30426 30425 30625 30825 31025 31225 31425 31625 31825 32025 32225 32425 
Label: 19303
[202,1043738,]
22575 22775 22975 23175 23375 23575 23775 23975 23974 23973 23972 23971 24171 24170 24370 24369 24569 24769 24969 25169 25168 25368 25568 25768 25767 25967 26167 26166 26165 26164 26163 26162 26161 26160 26159 26158 26157 26156 26155 26154 26153 26152 26151 26150 26149 26148 26147 26146 26145 26144 26344 26544 26543 26743 26943 26942 27142 27342 27341 27541 27741 27941 27940 28140 28340 28339 28539 28739 28738 28737 28736 28735 28734 28733 28732 28731 28730 28729 28728 28727 28726 28725 28724 28723 28722 28721 28720 28719 28718 28717 28716 28715 28714 28713 28712 28711 28710 28709 28708 28707 28706 28705 28704 28703 28702 28701 28700 28900 28899 29099 29098 29298 29498 29497 29697 29897 30097 30096 30296 30496 30696 30896 30895 30894 30893 30892 30891 30890 30889 30888 30887 30886 30885 30884 30883 30882 30881 30880 30879 30878 30877 30876 30875 30874 30873 30872 30871 30870 30869 30669 30668 30667 30666 30665 30664 30663 30662 30661 30660 30659 30658 30657 30656 30655 30654 30653 30652 30651 30650 30649 30648 30647 30646 30645 30644 30643 30642 30641 30640 30639 30638 30637 30636 30635 30634 30633 30632 30631 30630 30629 30628 30627 30626 30625 30825 31025 31225 31425 31625 31825 32025 32225 32425 
Label: 39835
[212,895003,]
22575 22775 22975 23175 23375 23575 23775 23975 23974 23973 23972 23971 24171 24170 24370 24369 24569 24769 24969 25169 25168 25368 25568 25768 25767 25967 26167 26166 26165 26164 26163 26162 26161 26160 26159 26158 26157 26156 26155 26154 26153 26152 26151 26150 26149 26148 26147 26146 26145 26144 26344 26544 26543 26743 26943 26942 27142 27342 27341 27541 27741 27941 27940 28140 28340 28339 28539 28739 28738 28938 28937 28936 28935 28934 28933 28932 28931 28930 28929 28928 28927 28926 28925 28924 28923 28922 28921 28920 28919 28918 29118 29117 29116 29115 29114 29113 29313 29513 29713 29913 30113 30313 30513 30713 30913 31113 31112 31312 31512 31712 31912 31911 31910 31909 31908 31907 31906 31905 31904 31903 31902 31901 31900 31899 31898 31897 31896 31895 31894 31893 31892 31891 31890 31690 31689 31688 31687 31686 31685 31684 31683 31682 31681 31680 31679 31678 31677 31676 31675 31674 31673 31672 31472 31272 31271 31071 31070 30870 30869 30669 30668 30667 30666 30665 30664 30663 30662 30661 30660 30659 30658 30657 30656 30655 30654 30653 30652 30651 30650 30649 30648 30647 30646 30645 30644 30643 30642 30641 30640 30639 30638 30637 30636 30635 30634 30633 30632 30631 30630 30629 30628 30627 30626 30625 30825 31025 31225 31425 31625 31825 32025 32225 32425 
Label: 70923
[282,804721,]
22575 22775 22975 23175 23375 23575 23574 23573 23572 23571 23570 23569 23568 23567 23566 23366 23365 23165 23164 22964 22764 22763 22563 22363 22163 21963 21763 21563 21363 21163 20963 20962 20762 20761 20561 20560 20360 20359 20358 20158 20157 20156 19956 19955 19954 19953 19952 19951 19950 19949 19948 19947 19946 19945 19944 20144 20143 20343 20342 20542 20541 20741 20740 20940 21140 21340 21540 21740 21940 22140 22340 22540 22740 22940 23140 23340 23341 23541 23542 23742 23942 23943 24143 24343 24543 24743 24943 25143 25343 25543 25743 25943 26143 26343 26543 26743 26943 26942 27142 27342 27341 27541 27741 27941 27940 28140 28340 28339 28539 28739 28738 28938 28937 28936 28935 28934 28933 28932 28931 28930 28929 28928 28927 28926 28925 28924 28923 28922 28921 28920 28919 28918 29118 29117 29116 29115 29114 29113 29313 29513 29713 29913 30113 30313 30513 30713 30913 31113 31112 31312 31512 31712 31912 32112 32111 32311 32511 32510 32509 32508 32507 32506 32505 32504 32503 32502 32501 32500 32499 32498 32497 32297 32296 32295 32095 32094 31894 31893 31892 31891 31890 31889 31888 31887 31886 31885 31884 31883 31882 31881 31880 31879 31878 31877 31876 31875 31874 31873 31872 32072 32272 32271 32471 32671 32670 32870 32869 33069 33068 33268 33267 33467 33466 33666 33665 33664 33663 33662 33661 33660 33659 33658 33657 33656 33655 33654 33653 33652 33452 33451 33450 33250 33249 33049 32849 32848 32648 32448 32447 32247 32047 31847 31647 31646 31446 31246 31046 31045 30845 30844 30644 30643 30642 30442 30441 30440 30240 30239 30238 30237 30236 30235 30234 30233 30232 30231 30230 30229 30228 30227 30226 30426 30425 30625 30825 31025 31225 31425 31625 31825 32025 32225 32425 
Label: 44519
[220,815538,]
22575 22775 22975 23175 23375 23575 23775 23975 23974 23973 23972 23971 24171 24170 24370 24369 24569 24769 24969 25169 25168 25368 25568 25768 25767 25967 26167 26166 26165 26164 26163 26162 26161 26160 26159 26158 26157 26156 26155 26154 26153 26152 26151 26150 26149 26148 26147 26146 26145 26144 26344 26544 26543 26743 26943 26942 27142 27342 27341 27541 27741 27941 27940 28140 28340 28339 28539 28739 28738 28938 28937 28936 28935 28934 28933 28932 28931 28930 28929 28928 28927 28926 28925 28924 28923 28922 28921 28920 28919 28918 29118 29117 29116 29115 29114 29113 29313 29513 29713 29913 30113 30313 30513 30713 30913 31113 31112 31312 31512 31712 31912 32112 32111 32311 32310 32309 32308 32307 32306 32305 32304 32303 32302 32301 32300 32299 32298 32297 32296 32295 32095 32094 31894 31893 31892 31891 31890 31690 31689 31688 31687 31686 31685 31684 31683 31682 31681 31680 31679 31678 31677 31676 31675 31674 31673 31672 31472 31272 31271 31071 31070 30870 30869 30669 30668 30468 30467 30267 30266 30265 30264 30263 30262 30261 30260 30259 30258 30257 30256 30255 30254 30253 30252 30251 30250 30249 30248 30247 30246 30245 30244 30243 30242 30241 30240 30239 30238 30237 30236 30235 30234 30233 30232 30231 30230 30229 30228 30227 30226 30426 30425 30625 30825 31025 31225 31425 31625 31825 32025 32225 32425 
Label: 52587
[236,813469,]
22575 22775 22975 23175 23375 23575 23775 23975 23974 23973 23972 23971 24171 24170 24370 24369 24569 24769 24969 25169 25168 25368 25568 25768 25767 25967 26167 26166 26165 26164 26163 26162 26161 26160 26159 26158 26157 26156 26155 26154 26153 26152 26151 26150 26149 26148 26147 26146 26145 26144 26344 26544 26543 26743 26943 26942 27142 27342 27341 27541 27741 27941 27940 28140 28340 28339 28539 28739 28738 28938 28937 28936 28935 28934 28933 28932 28931 28930 28929 28928 28927 28926 28925 28924 28923 28922 28921 28920 28919 28918 29118 29117 29116 29115 29114 29113 29313 29513 29713 29913 30113 30313 30513 30713 30913 31113 31112 31312 31512 31712 31912 32112 32111 32311 32310 32309 32308 32307 32306 32305 32304 32303 32302 32301 32300 32299 32298 32297 32296 32295 32095 32094 31894 31893 31892 31891 31890 31889 31888 31887 31886 31885 31884 31883 31882 31881 31880 31879 31878 31877 31876 31875 31874 31873 31872 32072 32272 32271 32471 32671 32670 32870 32869 33069 33068 33268 33267 33467 33466 33666 33665 33664 33663 33662 33661 33660 33659 33658 33657 33656 33655 33654 33653 33652 33452 33451 33450 33250 33249 33049 32849 32848 32648 32448 32447 32247 32047 31847 31647 31646 31446 31246 31046 31045 30845 30844 30644 30643 30642 30442 30441 30440 30439 30438 30437 30436 30435 30434 30433 30432 30431 30430 30429 30428 30427 30426 30425 30625 30825 31025 31225 31425 31625 31825 32025 32225 32425 
Label: 71031
[284,804678,]
22575 22775 22975 23175 23375 23575 23574 23573 23572 23571 23570 23569 23568 23567 23566 23366 23365 23165 23164 22964 22764 22763 22563 22363 22163 21963 21763 21563 21363 21163 20963 20962 20762 20761 20561 20560 20360 20359 20358 20158 20157 20156 19956 19955 19954 19953 19952 19951 19950 19949 19948 19947 19946 19945 19944 20144 20143 20343 20342 20542 20541 20741 20740 20940 21140 21340 21339 21539 21739 21939 22139 22339 22539 22739 22939 22940 23140 23340 23341 23541 23542 23742 23942 23943 24143 24343 24543 24743 24943 25143 25343 25543 25743 25943 26143 26343 26543 26743 26943 26942 27142 27342 27341 27541 27741 27941 27940 28140 28340 28339 28539 28739 28738 28938 28937 28936 28935 28934 28933 28932 28931 28930 28929 28928 28927 28926 28925 28924 28923 28922 28921 28920 28919 28918 29118 29117 29116 29115 29114 29113 29313 29513 29713 29913 30113 30313 30513 30713 30913 31113 31112 31312 31512 31712 31912 32112 32111 32311 32511 32510 32509 32508 32507 32506 32505 32504 32503 32502 32501 32500 32499 32498 32497 32297 32296 32295 32095 32094 31894 31893 31892 31891 31890 31889 31888 31887 31886 31885 31884 31883 31882 31881 31880 31879 31878 31877 31876 31875 31874 31873 31872 32072 32272 32271 32471 32671 32670 32870 32869 33069 33068 33268 33267 33467 33466 33666 33665 33664 33663 33662 33661 33660 33659 33658 33657 33656 33655 33654 33653 33652 33452 33451 33450 33250 33249 33049 32849 32848 32648 32448 32447 32247 32047 31847 31647 31646 31446 31246 31046 31045 30845 30844 30644 30643 30642 30442 30441 30440 30240 30239 30238 30237 30236 30235 30234 30233 30232 30231 30230 30229 30228 30227 30226 30426 30425 30625 30825 31025 31225 31425 31625 31825 32025 32225 32425 
Label: 43227
[216,840480,]
22575 22775 22975 23175 23375 23575 23775 23975 23974 23973 23972 23971 24171 24170 24370 24369 24569 24769 24969 25169 25168 25368 25568 25768 25767 25967 26167 26166 26165 26164 26163 26162 26161 26160 26159 26158 26157 26156 26155 26154 26153 26152 26151 26150 26149 26148 26147 26146 26145 26144 26344 26544 26543 26743 26943 26942 27142 27342 27341 27541 27741 27941 27940 28140 28340 28339 28539 28739 28738 28938 28937 28936 28935 28934 28933 28932 28931 28930 28929 28928 28927 28926 28925 28924 28923 28922 28921 28920 28919 28918 29118 29117 29116 29115 29114 29113 29313 29513 29713 29913 30113 30313 30513 30713 30913 31113 31112 31312 31512 31712 31912 32112 32111 32110 32109 32108 32107 32106 32105 32104 32103 32102 32101 32100 32099 32098 32097 32096 32095 32094 31894 31893 31892 31891 31890 31690 31689 31688 31687 31686 31685 31684 31683 31682 31681 31680 31679 31678 31677 31676 31675 31674 31673 31672 31472 31272 31271 31071 31070 30870 30869 30669 30668 30468 30467 30466 30465 30464 30463 30462 30461 30460 30459 30458 30457 30456 30455 30454 30453 30452 30451 30450 30449 30448 30447 30446 30445 30444 30443 30442 30441 30440 30439 30438 30437 30436 30435 30434 30433 30432 30431 30430 30429 30428 30427 30426 30425 30625 30825 31025 31225 31425 31625 31825 32025 32225 32425 
Label: 29771
[206,977624,]
22575 22775 22975 23175 23375 23575 23775 23975 23974 23973 23972 23971 24171 24170 24370 24369 24569 24769 24969 25169 25168 25368 25568 25768 25767 25967 26167 26166 26165 26164 26163 26162 26161 26160 26159 26158 26157 26156 26155 26154 26153 26152 26151 26150 26149 26148 26147 26146 26145 26144 26344 26544 26543 26743 26943 26942 27142 27342 27341 27541 27741 27941 27940 28140 28340 28339 28539 28739 28738 28737 28736 28735 28734 28733 28732 28731 28730 28729 28728 28727 28726 28725 28724 28723 28722 28721 28720 28719 28718 28717 28716 28715 28714 28713 28712 28711 28710 28709 28708 28707 28706 28705 28704 28703 28702 28701 28700 28900 28899 29099 29098 29298 29498 29497 29697 29897 30097 30096 30296 30496 30696 30896 31096 31095 31094 31093 31092 31091 31090 31089 31088 31087 31086 31085 31084 31083 31082 31081 31080 31079 31078 31077 31076 31075 31074 31073 31072 31071 31070 30870 30869 30669 30668 30468 30467 30466 30465 30464 30463 30462 30461 30460 30459 30458 30457 30456 30455 30454 30453 30452 30451 30450 30449 30448 30447 30446 30445 30444 30443 30442 30441 30440 30439 30438 30437 30436 30435 30434 30433 30432 30431 30430 30429 30428 30427 30426 30425 30625 30825 31025 31225 31425 31625 31825 32025 32225 32425 
Label: 68399
[260,809066,]
22575 22775 22975 23175 23375 23374 23373 23372 23371 23370 23369 23368 23367 23366 23365 23165 23164 22964 22764 22763 22563 22363 22163 21963 21763 21563 21363 21163 20963 20962 20762 20761 20561 20560 20360 20359 20358 20158 20157 20156 19956 19955 19954 19953 19952 19951 19950 19949 19948 19947 19946 19945 19944 20144 20143 20343 20342 20542 20541 20741 20941 21141 21341 21541 21741 21941 22141 22341 22541 22741 22941 23141 23341 23541 23542 23742 23942 23943 24143 24343 24543 24743 24943 25143 25343 25543 25743 25943 26143 26343 26543 26743 26943 26942 27142 27342 27341 27541 27741 27941 27940 28140 28340 28339 28539 28739 28738 28938 28937 28936 28935 28934 28933 28932 28931 28930 28929 28928 28927 28926 28925 28924 28923 28922 28921 28920 28919 28918 29118 29117 29116 29115 29114 29113 29313 29513 29713 29913 30113 30313 30513 30713 30913 31113 31112 31312 31512 31712 31912 32112 32111 32311 32511 32510 32509 32508 32507 32506 32505 32504 32503 32502 32501 32500 32499 32498 32497 32297 32296 32295 32095 32094 31894 31893 31892 31891 31890 31690 31689 31688 31687 31686 31685 31684 31683 31682 31681 31680 31679 31678 31677 31676 31675 31674 31673 31672 31472 31272 31271 31071 31070 30870 30869 30669 30668 30468 30467 30267 30266 30265 30264 30263 30262 30261 30260 30259 30258 30257 30256 30255 30254 30253 30252 30251 30250 30249 30248 30247 30246 30245 30244 30243 30242 30241 30240 30239 30238 30237 30236 30235 30234 30233 30232 30231 30230 30229 30228 30227 30226 30426 30425 30625 30825 31025 31225 31425 31625 31825 32025 32225 32425 
Label: 37143
[210,935863,]
22575 22775 22975 23175 23375 23575 23775 23975 23974 23973 23972 23971 24171 24170 24370 24369 24569 24769 24969 25169 25168 25368 25568 25768 25767 25967 26167 26166 26165 26164 26163 26162 26161 26160 26159 26158 26157 26156 26155 26154 26153 26152 26151 26150 26149 26148 26147 26146 26145 26144 26344 26544 26543 26743 26943 26942 27142 27342 27341 27541 27741 27941 27940 28140 28340 28339 28539 28739 28738 28938 28937 28936 28935 28934 28933 28932 28931 28930 28929 28928 28927 28926 28925 28924 28923 28922 28921 28920 28919 28918 29118 29117 29116 29115 29114 29113 29313 29513 29713 29913 30113 30313 30513 30713 30913 31113 31112 31312 31512 31712 31912 31911 31910 31909 31908 31907 31906 31905 31904 31903 31902 31901 31900 31899 31898 31897 31896 31895 31894 31893 31892 31891 31890 31690 31689 31688 31687 31686 31685 31684 31683 31682 31681 31680 31679 31678 31677 31676 31675 31674 31673 31672 31472 31272 31271 31071 31070 30870 30869 30868 30867 30866 30865 30864 30863 30862 30861 30860 30859 30858 30857 30856 30855 30854 30853 30852 30851 30850 30849 30848 30847 30846 30845 30844 30843 30842 30841 30840 30839 30838 30837 30836 30835 30834 30833 30832 30831 30830 30829 30828 30827 30826 30825 31025 31225 31425 31625 31825 32025 32225 32425 
Label: 33519
[208,952569,]
22575 22775 22975 23175 23375 23575 23775 23975 23974 23973 23972 23971 24171 24170 24370 24369 24569 24769 24969 25169 25168 25368 25568 25768 25767 25967 26167 26166 26165 26164 26163 26162 26161 26160 26159 26158 26157 26156 26155 26154 26153 26152 26151 26150 26149 26148 26147 26146 26145 26144 26344 26544 26543 26743 26943 26942 27142 27342 27341 27541 27741 27941 27940 28140 28340 28339 28539 28739 28738 28737 28736 28735 28734 28733 28732 28731 28730 28729 28728 28727 28726 28725 28724 28723 28722 28721 28720 28719 28718 28717 28716 28715 28714 28713 28712 28711 28710 28709 28708 28707 28706 28705 28704 28703 28702 28701 28700 28900 28899 29099 29098 29298 29498 29497 29697 29897 30097 30096 30296 30496 30696 30896 31096 31296 31295 31294 31293 31292 31291 31290 31289 31288 31287 31286 31285 31284 31283 31282 31281 31280 31279 31278 31277 31276 31275 31274 31273 31272 31271 31071 31070 30870 30869 30669 30668 30468 30467 30466 30465 30464 30463 30462 30461 30460 30459 30458 30457 30456 30455 30454 30453 30452 30451 30450 30449 30448 30447 30446 30445 30444 30443 30442 30441 30440 30439 30438 30437 30436 30435 30434 30433 30432 30431 30430 30429 30428 30427 30426 30425 30625 30825 31025 31225 31425 31625 31825 32025 32225 32425 
Label: 69015
[262,808134,]
22575 22775 22975 23175 23375 23374 23373 23372 23371 23370 23369 23368 23367 23366 23365 23165 23164 22964 22764 22763 22563 22363 22163 21963 21763 21563 21363 21163 20963 20962 20762 20761 20561 20560 20360 20359 20358 20158 20157 20156 19956 19955 19954 19953 19952 19951 19950 19949 19948 19947 19946 19945 19944 20144 20143 20343 20342 20542 20541 20741 20740 20940 21140 21340 21540 21740 21940 22140 22340 22540 22740 22940 23140 23340 23341 23541 23542 23742 23942 23943 24143 24343 24543 24743 24943 25143 25343 25543 25743 25943 26143 26343 26543 26743 26943 26942 27142 27342 27341 27541 27741 27941 27940 28140 28340 28339 28539 28739 28738 28938 28937 28936 28935 28934 28933 28932 28931 28930 28929 28928 28927 28926 28925 28924 28923 28922 28921 28920 28919 28918 29118 29117 29116 29115 29114 29113 29313 29513 29713 29913 30113 30313 30513 30713 30913 31113 31112 31312 31512 31712 31912 32112 32111 32311 32511 32510 32509 32508 32507 32506 32505 32504 32503 32502 32501 32500 32499 32498 32497 32297 32296 32295 32095 32094 31894 31893 31892 31891 31890 31690 31689 31688 31687 31686 31685 31684 31683 31682 31681 31680 31679 31678 31677 31676 31675 31674 31673 31672 31472 31272 31271 31071 31070 30870 30869 30669 30668 30468 30467 30267 30266 30265 30264 30263 30262 30261 30260 30259 30258 30257 30256 30255 30254 30253 30252 30251 30250 30249 30248 30247 30246 30245 30244 30243 30242 30241 30240 30239 30238 30237 30236 30235 30234 30233 30232 30231 30230 30229 30228 30227 30226 30426 30425 30625 30825 31025 31225 31425 31625 31825 32025 32225 32425 
Label: 69351
[264,807262,]
22575 22775 22975 23175 23375 23575 23574 23573 23572 23571 23570 23569 23568 23567 23566 23366 23365 23165 23164 22964 22764 22763 22563 22363 22163 21963 21763 21563 21363 21163 20963 20962 20762 20761 20561 20560 20360 20359 20358 20158 20157 20156 19956 19955 19954 19953 19952 19951 19950 19949 19948 19947 19946 19945 19944 20144 20143 20343 20342 20542 20541 20741 20740 20940 21140 21340 21540 21740 21940 22140 22340 22540 22740 22940 23140 23340 23341 23541 23542 23742 23942 23943 24143 24343 24543 24743 24943 25143 25343 25543 25743 25943 26143 26343 26543 26743 26943 26942 27142 27342 27341 27541 27741 27941 27940 28140 28340 28339 28539 28739 28738 28938 28937 28936 28935 28934 28933 28932 28931 28930 28929 28928 28927 28926 28925 28924 28923 28922 28921 28920 28919 28918 29118 29117 29116 29115 29114 29113 29313 29513 29713 29913 30113 30313 30513 30713 30913 31113 31112 31312 31512 31712 31912 32112 32111 32311 32511 32510 32509 32508 32507 32506 32505 32504 32503 32502 32501 32500 32499 32498 32497 32297 32296 32295 32095 32094 31894 31893 31892 31891 31890 31690 31689 31688 31687 31686 31685 31684 31683 31682 31681 31680 31679 31678 31677 31676 31675 31674 31673 31672 31472 31272 31271 31071 31070 30870 30869 30669 30668 30468 30467 30267 30266 30265 30264 30263 30262 30261 30260 30259 30258 30257 30256 30255 30254 30253 30252 30251 30250 30249 30248 30247 30246 30245 30244 30243 30242 30241 30240 30239 30238 30237 30236 30235 30234 30233 30232 30231 30230 30229 30228 30227 30226 30426 30425 30625 30825 31025 31225 31425 31625 31825 32025 32225 32425 
Label: 70391
[276,806997,]
22575 22775 22975 23175 23375 23374 23373 23372 23371 23370 23369 23368 23367 23366 23365 23165 23164 22964 22764 22763 22563 22363 22163 21963 21763 21563 21363 21163 20963 20962 20762 20761 20561 20560 20360 20359 20358 20158 20157 20156 19956 19955 19954 19953 19952 19951 19950 19949 19948 19947 19946 19945 19944 20144 20143 20343 20342 20542 20541 20741 20941 21141 21341 21541 21741 21941 22141 22341 22541 22741 22941 23141 23341 23541 23542 23742 23942 23943 24143 24343 24543 24743 24943 25143 25343 25543 25743 25943 26143 26343 26543 26743 26943 26942 27142 27342 27341 27541 27741 27941 27940 28140 28340 28339 28539 28739 28738 28938 28937 28936 28935 28934 28933 28932 28931 28930 28929 28928 28927 28926 28925 28924 28923 28922 28921 28920 28919 28918 29118 29117 29116 29115 29114 29113 29313 29513 29713 29913 30113 30313 30513 30713 30913 31113 31112 31312 31512 31712 31912 32112 32111 32311 32511 32510 32509 32508 32507 32506 32505 32504 32503 32502 32501 32500 32499 32498 32497 32297 32296 32295 32095 32094 31894 31893 31892 31891 31890 31889 31888 31887 31886 31885 31884 31883 31882 31881 31880 31879 31878 31877 31876 31875 31874 31873 31872 32072 32272 32271 32471 32671 32670 32870 32869 33069 33068 33268 33267 33467 33466 33666 33665 33664 33663 33662 33661 33660 33659 33658 33657 33656 33655 33654 33653 33652 33452 33451 33450 33250 33249 33049 32849 32848 32648 32448 32447 32247 32047 31847 31647 31646 31446 31246 31046 31045 30845 30844 30644 30643 30642 30442 30441 30440 30439 30438 30437 30436 30435 30434 30433 30432 30431 30430 30429 30428 30427 30426 30425 30625 30825 31025 31225 31425 31625 31825 32025 32225 32425 
Label: 70623
[278,806065,]
22575 22775 22975 23175 23375 23374 23373 23372 23371 23370 23369 23368 23367 23366 23365 23165 23164 22964 22764 22763 22563 22363 22163 21963 21763 21563 21363 21163 20963 20962 20762 20761 20561 20560 20360 20359 20358 20158 20157 20156 19956 19955 19954 19953 19952 19951 19950 19949 19948 19947 19946 19945 19944 20144 20143 20343 20342 20542 20541 20741 20740 20940 21140 21340 21540 21740 21940 22140 22340 22540 22740 22940 23140 23340 23341 23541 23542 23742 23942 23943 24143 24343 24543 24743 24943 25143 25343 25543 25743 25943 26143 26343 26543 26743 26943 26942 27142 27342 27341 27541 27741 27941 27940 28140 28340 28339 28539 28739 28738 28938 28937 28936 28935 28934 28933 28932 28931 28930 28929 28928 28927 28926 28925 28924 28923 28922 28921 28920 28919 28918 29118 29117 29116 29115 29114 29113 29313 29513 29713 29913 30113 30313 30513 30713 30913 31113 31112 31312 31512 31712 31912 32112 32111 32311 32511 32510 32509 32508 32507 32506 32505 32504 32503 32502 32501 32500 32499 32498 32497 32297 32296 32295 32095 32094 31894 31893 31892 31891 31890 31889 31888 31887 31886 31885 31884 31883 31882 31881 31880 31879 31878 31877 31876 31875 31874 31873 31872 32072 32272 32271 32471 32671 32670 32870 32869 33069 33068 33268 33267 33467 33466 33666 33665 33664 33663 33662 33661 33660 33659 33658 33657 33656 33655 33654 33653 33652 33452 33451 33450 33250 33249 33049 32849 32848 32648 32448 32447 32247 32047 31847 31647 31646 31446 31246 31046 31045 30845 30844 30644 30643 30642 30442 30441 30440 30439 30438 30437 30436 30435 30434 30433 30432 30431 30430 30429 30428 30427 30426 30425 30625 30825 31025 31225 31425 31625 31825 32025 32225 32425 
Label: 67723
[258,810018,]
22575 22775 22975 23175 23375 23374 23373 23372 23371 23370 23369 23368 23367 23366 23365 23165 23164 22964 22764 22763 22563 22363 22163 21963 21763 21563 21363 21163 20963 20962 20762 20761 20561 20560 20360 20359 20358 20158 20157 20156 19956 19955 19954 19953 19952 19951 19950 19949 19948 19947 19946 19945 19944 20144 20143 20343 20342 20542 20541 20741 20941 21141 21341 21541 21741 21941 22141 22341 22541 22741 22941 23141 23341 23541 23542 23742 23942 23943 24143 24343 24543 24743 24943 25143 25343 25543 25743 25943 26143 26343 26543 26743 26943 26942 27142 27342 27341 27541 27741 27941 27940 28140 28340 28339 28539 28739 28738 28938 28937 28936 28935 28934 28933 28932 28931 28930 28929 28928 28927 28926 28925 28924 28923 28922 28921 28920 28919 28918 29118 29117 29116 29115 29114 29113 29313 29513 29713 29913 30113 30313 30513 30713 30913 31113 31112 31312 31512 31712 31912 32112 32111 32311 32310 32309 32308 32307 32306 32305 32304 32303 32302 32301 32300 32299 32298 32297 32296 32295 32095 32094 31894 31893 31892 31891 31890 31690 31689 31688 31687 31686 31685 31684 31683 31682 31681 31680 31679 31678 31677 31676 31675 31674 31673 31672 31472 31272 31271 31071 31070 30870 30869 30669 30668 30468 30467 30267 30266 30265 30264 30263 30262 30261 30260 30259 30258 30257 30256 30255 30254 30253 30252 30251 30250 30249 30248 30247 30246 30245 30244 30243 30242 30241 30240 30239 30238 30237 30236 30235 30234 30233 30232 30231 30230 30229 30228 30227 30226 30426 30425 30625 30825 31025 31225 31425 31625 31825 32025 32225 32425 
Label: 66995
[256,811466,]
22575 22775 22975 23175 23375 23374 23373 23372 23371 23370 23369 23368 23367 23366 23365 23165 23164 22964 22764 22763 22563 22363 22163 21963 21763 21563 21363 21163 20963 20962 20762 20761 20561 20560 20360 20359 20358 20158 20157 20156 19956 19955 19954 19953 19952 19951 19950 19949 19948 19947 19946 19945 19944 20144 20143 20343 20342 20542 20541 20741 20941 21141 21341 21541 21741 21941 22141 22341 22541 22741 22941 23141 23341 23541 23542 23742 23942 24142 24342 24542 24742 24942 25142 25342 25542 25742 25942 26142 26342 26542 26742 26942 27142 27342 27341 27541 27741 27941 27940 28140 28340 28339 28539 28739 28738 28938 28937 28936 28935 28934 28933 28932 28931 28930 28929 28928 28927 28926 28925 28924 28923 28922 28921 28920 28919 28918 29118 29117 29116 29115 29114 29113 29313 29513 29713 29913 30113 30313 30513 30713 30913 31113 31112 31312 31512 31712 31912 32112 32111 32311 32310 32309 32308 32307 32306 32305 32304 32303 32302 32301 32300 32299 32298 32297 32296 32295 32095 32094 31894 31893 31892 31891 31890 31690 31689 31688 31687 31686 31685 31684 31683 31682 31681 31680 31679 31678 31677 31676 31675 31674 31673 31672 31472 31272 31271 31071 31070 30870 30869 30669 30668 30468 30467 30267 30266 30265 30264 30263 30262 30261 30260 30259 30258 30257 30256 30255 30254 30253 30252 30251 30250 30249 30248 30247 30246 30245 30244 30243 30242 30241 30240 30239 30238 30237 30236 30235 30234 30233 30232 30231 30230 30229 30228 30227 30226 30426 30425 30625 30825 31025 31225 31425 31625 31825 32025 32225 32425 
Label: 70787
[280,805193,]
22575 22775 22975 23175 23375 23575 23574 23573 23572 23571 23570 23569 23568 23567 23566 23366 23365 23165 23164 22964 22764 22763 22563 22363 22163 21963 21763 21563 21363 21163 20963 20962 20762 20761 20561 20560 20360 20359 20358 20158 20157 20156 19956 19955 19954 19953 19952 19951 19950 19949 19948 19947 19946 19945 19944 20144 20143 20343 20342 20542 20541 20741 20740 20940 21140 21340 21540 21740 21940 22140 22340 22540 22740 22940 23140 23340 23341 23541 23542 23742 23942 23943 24143 24343 24543 24743 24943 25143 25343 25543 25743 25943 26143 26343 26543 26743 26943 26942 27142 27342 27341 27541 27741 27941 27940 28140 28340 28339 28539 28739 28738 28938 28937 28936 28935 28934 28933 28932 28931 28930 28929 28928 28927 28926 28925 28924 28923 28922 28921 28920 28919 28918 29118 29117 29116 29115 29114 29113 29313 29513 29713 29913 30113 30313 30513 30713 30913 31113 31112 31312 31512 31712 31912 32112 32111 32311 32511 32510 32509 32508 32507 32506 32505 32504 32503 32502 32501 32500 32499 32498 32497 32297 32296 32295 32095 32094 31894 31893 31892 31891 31890 31889 31888 31887 31886 31885 31884 31883 31882 31881 31880 31879 31878 31877 31876 31875 31874 31873 31872 32072 32272 32271 32471 32671 32670 32870 32869 33069 33068 33268 33267 33467 33466 33666 33665 33664 33663 33662 33661 33660 33659 33658 33657 33656 33655 33654 33653 33652 33452 33451 33450 33250 33249 33049 32849 32848 32648 32448 32447 32247 32047 31847 31647 31646 31446 31246 31046 31045 30845 30844 30644 30643 30642 30442 30441 30440 30439 30438 30437 30436 30435 30434 30433 30432 30431 30430 30429 30428 30427 30426 30425 30625 30825 31025 31225 31425 31625 31825 32025 32225 32425 
Label: 57099
[240,812045,]
22575 22775 22975 23175 23375 23575 23775 23975 23974 23973 23972 23971 24171 24170 24370 24369 24569 24769 24969 25169 25168 25368 25568 25768 25767 25967 26167 26166 26165 26164 26163 26162 26161 26160 26159 26158 26157 26156 26155 26154 26153 26152 26151 26150 26149 26148 26147 26146 26145 26144 26344 26544 26543 26743 26943 26942 27142 27342 27341 27541 27741 27941 27940 28140 28340 28339 28539 28739 28738 28938 28937 28936 28935 28934 28933 28932 28931 28930 28929 28928 28927 28926 28925 28924 28923 28922 28921 28920 28919 28918 29118 29117 29116 29115 29114 29113 29313 29513 29713 29913 30113 30313 30513 30713 30913 31113 31112 31312 31512 31712 31912 32112 32111 32311 32511 32510 32509 32508 32507 32506 32505 32504 32503 32502 32501 32500 32499 32498 32497 32297 32296 32295 32095 32094 31894 31893 31892 31891 31890 31889 31888 31887 31886 31885 31884 31883 31882 31881 31880 31879 31878 31877 31876 31875 31874 31873 31872 32072 32272 32271 32471 32671 32670 32870 32869 33069 33068 33268 33267 33467 33466 33666 33665 33664 33663 33662 33661 33660 33659 33658 33657 33656 33655 33654 33653 33652 33452 33451 33450 33250 33249 33049 32849 32848 32648 32448 32447 32247 32047 31847 31647 31646 31446 31246 31046 31045 30845 30844 30644 30643 30642 30442 30441 30440 30240 30239 30238 30237 30236 30235 30234 30233 30232 30231 30230 30229 30228 30227 30226 30426 30425 30625 30825 31025 31225 31425 31625 31825 32025 32225 32425 
Label: 54811
[238,812517,]
22575 22775 22975 23175 23375 23575 23775 23975 23974 23973 23972 23971 24171 24170 24370 24369 24569 24769 24969 25169 25168 25368 25568 25768 25767 25967 26167 26166 26165 26164 26163 26162 26161 26160 26159 26158 26157 26156 26155 26154 26153 26152 26151 26150 26149 26148 26147 26146 26145 26144 26344 26544 26543 26743 26943 26942 27142 27342 27341 27541 27741 27941 27940 28140 28340 28339 28539 28739 28738 28938 28937 28936 28935 28934 28933 28932 28931 28930 28929 28928 28927 28926 28925 28924 28923 28922 28921 28920 28919 28918 29118 29117 29116 29115 29114 29113 29313 29513 29713 29913 30113 30313 30513 30713 30913 31113 31112 31312 31512 31712 31912 32112 32111 32311 32511 32510 32509 32508 32507 32506 32505 32504 32503 32502 32501 32500 32499 32498 32497 32297 32296 32295 32095 32094 31894 31893 31892 31891 31890 31889 31888 31887 31886 31885 31884 31883 31882 31881 31880 31879 31878 31877 31876 31875 31874 31873 31872 32072 32272 32271 32471 32671 32670 32870 32869 33069 33068 33268 33267 33467 33466 33666 33665 33664 33663 33662 33661 33660 33659 33658 33657 33656 33655 33654 33653 33652 33452 33451 33450 33250 33249 33049 32849 32848 32648 32448 32447 32247 32047 31847 31647 31646 31446 31246 31046 31045 30845 30844 30644 30643 30642 30442 30441 30440 30439 30438 30437 30436 30435 30434 30433 30432 30431 30430 30429 30428 30427 30426 30425 30625 30825 31025 31225 31425 31625 31825 32025 32225 32425 
Label: 12587
[200,1084598,]
22575 22775 22975 23175 23375 23575 23775 23975 23974 23973 23972 23971 24171 24170 24370 24369 24569 24769 24969 25169 25168 25368 25568 25768 25767 25967 26167 26166 26165 26164 26163 26162 26161 26160 26159 26158 26157 26156 26155 26154 26153 26152 26151 26150 26149 26148 26147 26146 26145 26144 26344 26544 26543 26743 26943 26942 27142 27342 27341 27541 27741 27941 27940 28140 28340 28339 28539 28739 28738 28737 28736 28735 28734 28733 28732 28731 28730 28729 28728 28727 28726 28725 28724 28723 28722 28721 28720 28719 28718 28717 28716 28715 28714 28713 28712 28711 28710 28709 28708 28707 28706 28705 28704 28703 28702 28701 28700 28900 28899 29099 29098 29298 29498 29497 29697 29897 30097 30096 30296 30496 30696 30896 30895 30894 30893 30892 30891 30890 30889 30888 30887 30886 30885 30884 30883 30882 30881 30880 30879 30878 30877 30876 30875 30874 30873 30872 30871 30870 30869 30868 30867 30866 30865 30864 30863 30862 30861 30860 30859 30858 30857 30856 30855 30854 30853 30852 30851 30850 30849 30848 30847 30846 30845 30844 30843 30842 30841 30840 30839 30838 30837 30836 30835 30834 30833 30832 30831 30830 30829 30828 30827 30826 30825 31025 31225 31425 31625 31825 32025 32225 32425 
Label: 44151
[218,825467,]
22575 22775 22975 23175 23375 23575 23775 23975 23974 23973 23972 23971 24171 24170 24370 24369 24569 24769 24969 25169 25168 25368 25568 25768 25767 25967 26167 26166 26165 26164 26163 26162 26161 26160 26159 26158 26157 26156 26155 26154 26153 26152 26151 26150 26149 26148 26147 26146 26145 26144 26344 26544 26543 26743 26943 26942 27142 27342 27341 27541 27741 27941 27940 28140 28340 28339 28539 28739 28738 28938 28937 28936 28935 28934 28933 28932 28931 28930 28929 28928 28927 28926 28925 28924 28923 28922 28921 28920 28919 28918 29118 29117 29116 29115 29114 29113 29313 29513 29713 29913 30113 30313 30513 30713 30913 31113 31112 31312 31512 31712 31912 32112 32111 32311 32310 32309 32308 32307 32306 32305 32304 32303 32302 32301 32300 32299 32298 32297 32296 32295 32095 32094 31894 31893 31892 31891 31890 31690 31689 31688 31687 31686 31685 31684 31683 31682 31681 31680 31679 31678 31677 31676 31675 31674 31673 31672 31472 31272 31271 31071 31070 30870 30869 30669 30668 30468 30467 30466 30465 30464 30463 30462 30461 30460 30459 30458 30457 30456 30455 30454 30453 30452 30451 30450 30449 30448 30447 30446 30445 30444 30443 30442 30441 30440 30439 30438 30437 30436 30435 30434 30433 30432 30431 30430 30429 30428 30427 30426 30425 30625 30825 31025 31225 31425 31625 31825 32025 32225 32425 
Label: 69643
[266,807219,]
22575 22775 22975 23175 23375 23575 23574 23573 23572 23571 23570 23569 23568 23567 23566 23366 23365 23165 23164 22964 22764 22763 22563 22363 22163 21963 21763 21563 21363 21163 20963 20962 20762 20761 20561 20560 20360 20359 20358 20158 20157 20156 19956 19955 19954 19953 19952 19951 19950 19949 19948 19947 19946 19945 19944 20144 20143 20343 20342 20542 20541 20741 20740 20940 21140 21340 21339 21539 21739 21939 22139 22339 22539 22739 22939 22940 23140 23340 23341 23541 23542 23742 23942 23943 24143 24343 24543 24743 24943 25143 25343 25543 25743 25943 26143 26343 26543 26743 26943 26942 27142 27342 27341 27541 27741 27941 27940 28140 28340 28339 28539 28739 28738 28938 28937 28936 28935 28934 28933 28932 28931 28930 28929 28928 28927 28926 28925 28924 28923 28922 28921 28920 28919 28918 29118 29117 29116 29115 29114 29113 29313 29513 29713 29913 30113 30313 30513 30713 30913 31113 31112 31312 31512 31712 31912 32112 32111 32311 32511 32510 32509 32508 32507 32506 32505 32504 32503 32502 32501 32500 32499 32498 32497 32297 32296 32295 32095 32094 31894 31893 31892 31891 31890 31690 31689 31688 31687 31686 31685 31684 31683 31682 31681 31680 31679 31678 31677 31676 31675 31674 31673 31672 31472 31272 31271 31071 31070 30870 30869 30669 30668 30468 30467 30267 30266 30265 30264 30263 30262 30261 30260 30259 30258 30257 30256 30255 30254 30253 30252 30251 30250 30249 30248 30247 30246 30245 30244 30243 30242 30241 30240 30239 30238 30237 30236 30235 30234 30233 30232 30231 30230 30229 30228 30227 30226 30426 30425 30625 30825 31025 31225 31425 31625 31825 32025 32225 32425 
Label: 25215
[204,1003036,]
22575 22775 22975 23175 23375 23575 23775 23975 23974 23973 23972 23971 24171 24170 24370 24369 24569 24769 24969 25169 25168 25368 25568 25768 25767 25967 26167 26166 26165 26164 26163 26162 26161 26160 26159 26158 26157 26156 26155 26154 26153 26152 26151 26150 26149 26148 26147 26146 26145 26144 26344 26544 26543 26743 26943 26942 27142 27342 27341 27541 27741 27941 27940 28140 28340 28339 28539 28739 28738 28737 28736 28735 28734 28733 28732 28731 28730 28729 28728 28727 28726 28725 28724 28723 28722 28721 28720 28719 28718 28717 28716 28715 28714 28713 28712 28711 28710 28709 28708 28707 28706 28705 28704 28703 28702 28701 28700 28900 28899 29099 29098 29298 29498 29497 29697 29897 30097 30096 30296 30496 30696 30896 31096 31095 31094 31093 31092 31091 31090 31089 31088 31087 31086 31085 31084 31083 31082 31081 31080 31079 31078 31077 31076 31075 31074 31073 31072 31071 31070 30870 30869 30669 30668 30667 30666 30665 30664 30663 30662 30661 30660 30659 30658 30657 30656 30655 30654 30653 30652 30651 30650 30649 30648 30647 30646 30645 30644 30643 30642 30641 30640 30639 30638 30637 30636 30635 30634 30633 30632 30631 30630 30629 30628 30627 30626 30625 30825 31025 31225 31425 31625 31825 32025 32225 32425 
Label: 41907
[214,865892,]
22575 22775 22975 23175 23375 23575 23775 23975 23974 23973 23972 23971 24171 24170 24370 24369 24569 24769 24969 25169 25168 25368 25568 25768 25767 25967 26167 26166 26165 26164 26163 26162 26161 26160 26159 26158 26157 26156 26155 26154 26153 26152 26151 26150 26149 26148 26147 26146 26145 26144 26344 26544 26543 26743 26943 26942 27142 27342 27341 27541 27741 27941 27940 28140 28340 28339 28539 28739 28738 28938 28937 28936 28935 28934 28933 28932 28931 28930 28929 28928 28927 28926 28925 28924 28923 28922 28921 28920 28919 28918 29118 29117 29116 29115 29114 29113 29313 29513 29713 29913 30113 30313 30513 30713 30913 31113 31112 31312 31512 31712 31912 32112 32111 32110 32109 32108 32107 32106 32105 32104 32103 32102 32101 32100 32099 32098 32097 32096 32095 32094 31894 31893 31892 31891 31890 31690 31689 31688 31687 31686 31685 31684 31683 31682 31681 31680 31679 31678 31677 31676 31675 31674 31673 31672 31472 31272 31271 31071 31070 30870 30869 30669 30668 30667 30666 30665 30664 30663 30662 30661 30660 30659 30658 30657 30656 30655 30654 30653 30652 30651 30650 30649 30648 30647 30646 30645 30644 30643 30642 30641 30640 30639 30638 30637 30636 30635 30634 30633 30632 30631 30630 30629 30628 30627 30626 30625 30825 31025 31225 31425 31625 31825 32025 32225 32425 
