graph_load_time: 0.313517
n_generated: 15239
n_expanded: 8466
n_domCheck: 55544
rt_initHeu: 0.302281
rt_search: 0.231885
N: 13
Label: 8268
[275,1054259,]
30162 29962 29762 29562 29362 29162 28962 28762 28562 28362 28162 28161 28160 28159 28158 28157 28156 28155 27955 27954 27754 27753 27553 27552 27352 27351 27151 27150 26950 26949 26749 26748 26548 26547 26546 26346 26345 26344 26144 26143 26142 25942 25941 25940 25740 25739 25539 25538 25338 25138 24938 24738 24538 24338 24138 23938 23738 23538 23338 23138 22938 22738 22538 22338 22138 21938 21738 21538 21338 21138 20938 20738 20538 20338 20138 19938 19738 19538 19338 19138 18938 18738 18538 18338 18138 17938 17738 17538 17537 17337 17336 17335 17135 17134 17133 16933 16932 16931 16930 16730 16729 16728 16727 16726 16725 16724 16723 16722 16721 16720 16719 16718 16717 16716 16715 16714 16713 16712 16711 16710 16709 16708 16707 16507 16506 16306 16305 16304 16104 16103 16102 15902 15901 15900 15700 15699 15698 15498 15298 15098 14898 14698 14498 14298 14098 13898 13698 13697 13497 13297 13097 13096 12896 12696 12496 12296 12096 11896 11696 11496 11296 11096 10896 10696 10496 10296 10295 10294 10293 10292 10291 10290 10289 10288 10287 10087 10086 10085 10084 10083 10082 10081 9881 9880 9879 9878 9678 9677 9676 9476 9475 9275 9274 9074 9073 8873 8872 8672 8671 8471 8470 8270 8070 8069 7869 7868 7867 7667 7666 7466 7465 7265 7264 7064 7063 7062 6862 6861 6860 6859 6858 6857 6856 6855 6854 6853 6852 6851 6850 6849 6848 6847 6846 6845 6844 6843 6842 6841 6840 6839 6838 6837 6836 6835 6834 6833 6832 6831 6830 6829 6828 6827 6826 6825 6625 6425 6225 6025 5825 5625 5425 5225 5025 4825 4625 4425 4225 4025 3825 3625 3425 3225 3025 2825 2625 2425 
Label: 29757
[285,1034280,]
30162 29962 29762 29562 29362 29162 28962 28762 28562 28362 28162 28161 28160 28159 28158 28157 28156 28155 27955 27954 27754 27753 27553 27552 27352 27351 27151 27150 26950 26949 26749 26748 26548 26547 26546 26346 26345 26344 26144 26143 26142 25942 25941 25940 25740 25739 25539 25538 25338 25138 24938 24738 24538 24338 24138 23938 23738 23538 23338 23138 22938 22738 22538 22338 22138 21938 21738 21739 21539 21339 21139 20939 20739 20539 20339 20139 19939 19739 19539 19339 19139 18939 18739 18539 18339 18139 17939 17739 17738 17538 17537 17337 17336 17335 17135 17134 17133 16933 16932 16931 16930 16730 16729 16728 16727 16726 16725 16724 16723 16722 16721 16720 16719 16718 16717 16716 16715 16714 16713 16712 16711 16710 16709 16708 16707 16507 16506 16306 16305 16304 16104 16103 16102 15902 15901 15900 15700 15699 15698 15498 15298 15098 14898 14698 14498 14298 14098 13898 13698 13697 13497 13297 13097 13096 12896 12696 12496 12296 12096 11896 11696 11496 11296 11096 10896 10696 10496 10296 10295 10294 10293 10292 10291 10290 10289 10288 10287 10087 10086 10085 10084 10083 10082 10081 9881 9880 9879 9878 9678 9677 9676 9476 9475 9275 9274 9074 9073 8873 8872 8672 8671 8471 8470 8270 8070 8069 7869 7868 7867 7667 7666 7466 7465 7265 7264 7064 7063 7062 6862 6861 6860 6859 6659 6658 6657 6656 6655 6654 6653 6652 6651 6650 6649 6648 6647 6646 6645 6845 6844 6843 6842 6841 6840 6839 6838 6837 6836 6835 6834 6833 6832 6831 6830 6829 6828 6827 6826 6825 6824 6624 6623 6423 6422 6222 6022 5822 5622 5422 5222 5022 4822 4622 4422 4222 4022 3822 3622 3422 3222 3022 2822 2622 2422 2423 2424 2425 
Label: 13457
[277,1044621,]
30162 29962 29762 29562 29362 29162 28962 28762 28562 28362 28162 28161 28160 28159 28158 28157 28156 28155 27955 27954 27754 27753 27553 27552 27352 27351 27151 27150 26950 26949 26749 26748 26548 26547 26546 26346 26345 26344 26144 26143 26142 25942 25941 25940 25740 25739 25539 25538 25338 25138 24938 24738 24538 24338 24138 23938 23738 23538 23338 23138 22938 22738 22538 22338 22138 21938 21738 21538 21338 21138 20938 20738 20538 20338 20138 19938 19738 19538 19338 19138 18938 18738 18538 18338 18138 17938 17738 17538 17537 17337 17336 17335 17135 17134 17133 16933 16932 16931 16930 16730 16729 16728 16727 16726 16725 16724 16723 16722 16721 16720 16719 16718 16717 16716 16715 16714 16713 16712 16711 16710 16709 16708 16707 16507 16506 16306 16305 16304 16104 16103 16102 15902 15901 15900 15700 15699 15698 15498 15298 15098 14898 14698 14498 14298 14098 13898 13698 13697 13497 13297 13097 13096 12896 12696 12496 12296 12096 11896 11696 11496 11296 11096 10896 10696 10496 10296 10295 10294 10293 10292 10291 10290 10289 10288 10287 10087 10086 10085 10084 10083 10082 10081 9881 9880 9879 9878 9678 9677 9676 9476 9475 9275 9274 9074 9073 8873 8872 8672 8671 8471 8470 8270 8070 8069 7869 7868 7867 7667 7666 7466 7465 7265 7264 7064 7063 7062 6862 6861 6860 6859 6858 6857 6856 6855 6854 6853 6852 6851 6850 6849 6848 6847 6846 6845 6844 6843 6842 6841 6840 6839 6838 6837 6836 6835 6834 6833 6832 6831 6830 6829 6828 6827 6826 6825 6824 6624 6424 6224 6024 5824 5624 5424 5224 5024 4824 4624 4424 4224 4024 3824 3624 3424 3224 3024 2824 2624 2424 2425 
Label: 18053
[279,1039838,]
30162 29962 29762 29562 29362 29162 28962 28762 28562 28362 28162 28161 28160 28159 28158 28157 28156 28155 27955 27954 27754 27753 27553 27552 27352 27351 27151 27150 26950 26949 26749 26748 26548 26547 26546 26346 26345 26344 26144 26143 26142 25942 25941 25940 25740 25739 25539 25538 25338 25138 24938 24738 24538 24338 24138 23938 23738 23538 23338 23138 22938 22738 22538 22338 22138 21938 21738 21538 21338 21138 20938 20738 20538 20338 20138 19938 19738 19538 19338 19138 18938 18738 18538 18338 18138 17938 17738 17538 17537 17337 17336 17335 17135 17134 17133 16933 16932 16931 16930 16730 16729 16728 16727 16726 16725 16724 16723 16722 16721 16720 16719 16718 16717 16716 16715 16714 16713 16712 16711 16710 16709 16708 16707 16507 16506 16306 16305 16304 16104 16103 16102 15902 15901 15900 15700 15699 15698 15498 15298 15098 14898 14698 14498 14298 14098 13898 13698 13697 13497 13297 13097 13096 12896 12696 12496 12296 12096 11896 11696 11496 11296 11096 10896 10696 10496 10296 10295 10294 10293 10292 10291 10290 10289 10288 10287 10087 10086 10085 10084 10083 10082 10081 9881 9880 9879 9878 9678 9677 9676 9476 9475 9275 9274 9074 9073 8873 8872 8672 8671 8471 8470 8270 8070 8069 7869 7868 7867 7667 7666 7466 7465 7265 7264 7064 7063 7062 6862 6861 6860 6859 6858 6857 6856 6855 6854 6853 6852 6851 6850 6849 6848 6847 6846 6845 6844 6843 6842 6841 6840 6839 6838 6837 6836 6835 6834 6833 6832 6831 6830 6829 6828 6827 6826 6825 6824 6624 6623 6423 6223 6023 5823 5623 5423 5223 5023 4823 4623 4423 4223 4023 3823 3623 3423 3223 3023 2823 2623 2423 2424 2425 
Label: 33705
[295,1030774,]
30162 29962 29762 29562 29362 29162 28962 28762 28562 28362 28162 28161 28160 28159 28158 28157 28156 28155 27955 27954 27754 27753 27553 27552 27352 27351 27151 27150 26950 26949 26749 26748 26548 26547 26546 26346 26345 26344 26144 26143 26142 25942 25941 25940 25740 25739 25539 25538 25338 25337 25137 24937 24737 24537 24536 24336 24136 23936 23736 23536 23336 23136 22936 22736 22536 22336 22136 22137 21937 21938 21738 21739 21539 21339 21340 21140 20940 20941 20741 20541 20341 20141 19941 19741 19541 19341 19141 18941 18741 18541 18341 18141 17941 17940 17740 17739 17738 17538 17537 17337 17336 17335 17135 17134 17133 16933 16932 16931 16930 16730 16729 16728 16727 16726 16725 16724 16723 16722 16721 16720 16719 16718 16717 16716 16715 16714 16713 16712 16711 16710 16709 16708 16707 16507 16506 16306 16305 16304 16104 16103 16102 15902 15901 15900 15700 15699 15698 15498 15298 15098 14898 14698 14498 14298 14098 13898 13698 13697 13497 13297 13097 13096 12896 12696 12496 12296 12096 11896 11696 11496 11296 11096 10896 10696 10496 10296 10295 10294 10293 10292 10291 10290 10289 10288 10287 10087 10086 10085 10084 10083 10082 10081 9881 9880 9879 9878 9678 9677 9676 9476 9475 9275 9274 9074 9073 8873 8872 8672 8671 8471 8470 8270 8070 8069 7869 7868 7867 7667 7666 7466 7465 7265 7264 7064 7063 7062 6862 6861 6860 6859 6659 6658 6657 6656 6655 6654 6653 6652 6651 6650 6649 6648 6647 6646 6645 6845 6844 6843 6842 6841 6840 6839 6838 6837 6836 6835 6834 6833 6832 6831 6830 6829 6828 6827 6826 6825 6824 6624 6623 6423 6422 6222 6022 5822 5622 5621 5421 5221 5021 4821 4621 4421 4221 4021 3821 3621 3421 3221 3021 2821 2621 2421 2422 2423 2424 2425 
Label: 22345
[281,1037574,]
30162 29962 29762 29562 29362 29162 28962 28762 28562 28362 28162 28161 28160 28159 28158 28157 28156 28155 27955 27954 27754 27753 27553 27552 27352 27351 27151 27150 26950 26949 26749 26748 26548 26547 26546 26346 26345 26344 26144 26143 26142 25942 25941 25940 25740 25739 25539 25538 25338 25138 24938 24738 24538 24338 24138 23938 23738 23538 23338 23138 22938 22738 22538 22338 22138 21938 21738 21739 21539 21339 21139 20939 20739 20539 20339 20139 19939 19739 19539 19339 19139 18939 18739 18539 18339 18139 17939 17739 17738 17538 17537 17337 17336 17335 17135 17134 17133 16933 16932 16931 16930 16730 16729 16728 16727 16726 16725 16724 16723 16722 16721 16720 16719 16718 16717 16716 16715 16714 16713 16712 16711 16710 16709 16708 16707 16507 16506 16306 16305 16304 16104 16103 16102 15902 15901 15900 15700 15699 15698 15498 15298 15098 14898 14698 14498 14298 14098 13898 13698 13697 13497 13297 13097 13096 12896 12696 12496 12296 12096 11896 11696 11496 11296 11096 10896 10696 10496 10296 10295 10294 10293 10292 10291 10290 10289 10288 10287 10087 10086 10085 10084 10083 10082 10081 9881 9880 9879 9878 9678 9677 9676 9476 9475 9275 9274 9074 9073 8873 8872 8672 8671 8471 8470 8270 8070 8069 7869 7868 7867 7667 7666 7466 7465 7265 7264 7064 7063 7062 6862 6861 6860 6859 6858 6857 6856 6855 6854 6853 6852 6851 6850 6849 6848 6847 6846 6845 6844 6843 6842 6841 6840 6839 6838 6837 6836 6835 6834 6833 6832 6831 6830 6829 6828 6827 6826 6825 6824 6624 6623 6423 6223 6023 5823 5623 5423 5223 5023 4823 4623 4423 4223 4023 3823 3623 3423 3223 3023 2823 2623 2423 2424 2425 
Label: 26257
[283,1035686,]
30162 29962 29762 29562 29362 29162 28962 28762 28562 28362 28162 28161 28160 28159 28158 28157 28156 28155 27955 27954 27754 27753 27553 27552 27352 27351 27151 27150 26950 26949 26749 26748 26548 26547 26546 26346 26345 26344 26144 26143 26142 25942 25941 25940 25740 25739 25539 25538 25338 25138 24938 24738 24538 24338 24138 23938 23738 23538 23338 23138 22938 22738 22538 22338 22138 21938 21738 21739 21539 21339 21139 20939 20739 20539 20339 20139 19939 19739 19539 19339 19139 18939 18739 18539 18339 18139 17939 17739 17738 17538 17537 17337 17336 17335 17135 17134 17133 16933 16932 16931 16930 16730 16729 16728 16727 16726 16725 16724 16723 16722 16721 16720 16719 16718 16717 16716 16715 16714 16713 16712 16711 16710 16709 16708 16707 16507 16506 16306 16305 16304 16104 16103 16102 15902 15901 15900 15700 15699 15698 15498 15298 15098 14898 14698 14498 14298 14098 13898 13698 13697 13497 13297 13097 13096 12896 12696 12496 12296 12096 11896 11696 11496 11296 11096 10896 10696 10496 10296 10295 10294 10293 10292 10291 10290 10289 10288 10287 10087 10086 10085 10084 10083 10082 10081 9881 9880 9879 9878 9678 9677 9676 9476 9475 9275 9274 9074 9073 8873 8872 8672 8671 8471 8470 8270 8070 8069 7869 7868 7867 7667 7666 7466 7465 7265 7264 7064 7063 7062 6862 6861 6860 6859 6858 6857 6856 6855 6854 6853 6852 6851 6850 6849 6848 6847 6846 6845 6844 6843 6842 6841 6840 6839 6838 6837 6836 6835 6834 6833 6832 6831 6830 6829 6828 6827 6826 6825 6824 6624 6623 6423 6422 6222 6022 5822 5622 5422 5222 5022 4822 4622 4422 4222 4022 3822 3622 3422 3222 3022 2822 2622 2422 2423 2424 2425 
Label: 33433
[291,1031391,]
30162 29962 29762 29562 29362 29162 28962 28762 28562 28362 28162 28161 28160 28159 28158 28157 28156 28155 27955 27954 27754 27753 27553 27552 27352 27351 27151 27150 26950 26949 26749 26748 26548 26547 26546 26346 26345 26344 26144 26143 26142 25942 25941 25940 25740 25739 25539 25538 25338 25337 25137 24937 24737 24537 24337 24137 23937 23737 23537 23337 23137 22937 22737 22537 22337 22137 21937 21938 21738 21739 21539 21339 21340 21140 20940 20941 20741 20541 20341 20141 19941 19741 19541 19341 19141 18941 18741 18541 18341 18141 17941 17940 17740 17739 17738 17538 17537 17337 17336 17335 17135 17134 17133 16933 16932 16931 16930 16730 16729 16728 16727 16726 16725 16724 16723 16722 16721 16720 16719 16718 16717 16716 16715 16714 16713 16712 16711 16710 16709 16708 16707 16507 16506 16306 16305 16304 16104 16103 16102 15902 15901 15900 15700 15699 15698 15498 15298 15098 14898 14698 14498 14298 14098 13898 13698 13697 13497 13297 13097 13096 12896 12696 12496 12296 12096 11896 11696 11496 11296 11096 10896 10696 10496 10296 10295 10294 10293 10292 10291 10290 10289 10288 10287 10087 10086 10085 10084 10083 10082 10081 9881 9880 9879 9878 9678 9677 9676 9476 9475 9275 9274 9074 9073 8873 8872 8672 8671 8471 8470 8270 8070 8069 7869 7868 7867 7667 7666 7466 7465 7265 7264 7064 7063 7062 6862 6861 6860 6859 6659 6658 6657 6656 6655 6654 6653 6652 6651 6650 6649 6648 6647 6646 6645 6845 6844 6843 6842 6841 6840 6839 6838 6837 6836 6835 6834 6833 6832 6831 6830 6829 6828 6827 6826 6825 6824 6624 6623 6423 6422 6222 6022 5822 5622 5422 5222 5022 4822 4622 4422 4222 4022 3822 3622 3422 3222 3022 2822 2622 2422 2423 2424 2425 
Label: 32729
[287,1033074,]
30162 29962 29762 29562 29362 29162 28962 28762 28562 28362 28162 28161 28160 28159 28158 28157 28156 28155 27955 27954 27754 27753 27553 27552 27352 27351 27151 27150 26950 26949 26749 26748 26548 26547 26546 26346 26345 26344 26144 26143 26142 25942 25941 25940 25740 25739 25539 25538 25338 25138 24938 24738 24538 24338 24138 23938 23738 23538 23338 23138 22938 22738 22538 22338 22138 21938 21738 21739 21539 21339 21340 21140 20940 20740 20540 20340 20140 19940 19740 19540 19340 19140 18940 18740 18540 18340 18140 17940 17740 17739 17738 17538 17537 17337 17336 17335 17135 17134 17133 16933 16932 16931 16930 16730 16729 16728 16727 16726 16725 16724 16723 16722 16721 16720 16719 16718 16717 16716 16715 16714 16713 16712 16711 16710 16709 16708 16707 16507 16506 16306 16305 16304 16104 16103 16102 15902 15901 15900 15700 15699 15698 15498 15298 15098 14898 14698 14498 14298 14098 13898 13698 13697 13497 13297 13097 13096 12896 12696 12496 12296 12096 11896 11696 11496 11296 11096 10896 10696 10496 10296 10295 10294 10293 10292 10291 10290 10289 10288 10287 10087 10086 10085 10084 10083 10082 10081 9881 9880 9879 9878 9678 9677 9676 9476 9475 9275 9274 9074 9073 8873 8872 8672 8671 8471 8470 8270 8070 8069 7869 7868 7867 7667 7666 7466 7465 7265 7264 7064 7063 7062 6862 6861 6860 6859 6659 6658 6657 6656 6655 6654 6653 6652 6651 6650 6649 6648 6647 6646 6645 6845 6844 6843 6842 6841 6840 6839 6838 6837 6836 6835 6834 6833 6832 6831 6830 6829 6828 6827 6826 6825 6824 6624 6623 6423 6422 6222 6022 5822 5622 5422 5222 5022 4822 4622 4422 4222 4022 3822 3622 3422 3222 3022 2822 2622 2422 2423 2424 2425 
Label: 33169
[289,1031884,]
30162 29962 29762 29562 29362 29162 28962 28762 28562 28362 28162 28161 28160 28159 28158 28157 28156 28155 27955 27954 27754 27753 27553 27552 27352 27351 27151 27150 26950 26949 26749 26748 26548 26547 26546 26346 26345 26344 26144 26143 26142 25942 25941 25940 25740 25739 25539 25538 25338 25337 25137 24937 24737 24537 24337 24137 23937 23737 23537 23337 23137 22937 22737 22537 22337 22137 21937 21938 21738 21739 21539 21339 21340 21140 20940 20740 20540 20340 20140 19940 19740 19540 19340 19140 18940 18740 18540 18340 18140 17940 17740 17739 17738 17538 17537 17337 17336 17335 17135 17134 17133 16933 16932 16931 16930 16730 16729 16728 16727 16726 16725 16724 16723 16722 16721 16720 16719 16718 16717 16716 16715 16714 16713 16712 16711 16710 16709 16708 16707 16507 16506 16306 16305 16304 16104 16103 16102 15902 15901 15900 15700 15699 15698 15498 15298 15098 14898 14698 14498 14298 14098 13898 13698 13697 13497 13297 13097 13096 12896 12696 12496 12296 12096 11896 11696 11496 11296 11096 10896 10696 10496 10296 10295 10294 10293 10292 10291 10290 10289 10288 10287 10087 10086 10085 10084 10083 10082 10081 9881 9880 9879 9878 9678 9677 9676 9476 9475 9275 9274 9074 9073 8873 8872 8672 8671 8471 8470 8270 8070 8069 7869 7868 7867 7667 7666 7466 7465 7265 7264 7064 7063 7062 6862 6861 6860 6859 6659 6658 6657 6656 6655 6654 6653 6652 6651 6650 6649 6648 6647 6646 6645 6845 6844 6843 6842 6841 6840 6839 6838 6837 6836 6835 6834 6833 6832 6831 6830 6829 6828 6827 6826 6825 6824 6624 6623 6423 6422 6222 6022 5822 5622 5422 5222 5022 4822 4622 4422 4222 4022 3822 3622 3422 3222 3022 2822 2622 2422 2423 2424 2425 
Label: 33585
[293,1030914,]
30162 29962 29762 29562 29362 29162 28962 28762 28562 28362 28162 28161 28160 28159 28158 28157 28156 28155 27955 27954 27754 27753 27553 27552 27352 27351 27151 27150 26950 26949 26749 26748 26548 26547 26546 26346 26345 26344 26144 26143 26142 25942 25941 25940 25740 25739 25539 25538 25338 25337 25137 24937 24737 24537 24337 24137 23937 23737 23537 23337 23137 22937 22737 22537 22337 22137 21937 21938 21738 21739 21539 21339 21340 21140 20940 20941 20741 20541 20341 20141 19941 19741 19541 19341 19141 18941 18741 18541 18341 18141 17941 17940 17740 17739 17738 17538 17537 17337 17336 17335 17135 17134 17133 16933 16932 16931 16930 16730 16729 16728 16727 16726 16725 16724 16723 16722 16721 16720 16719 16718 16717 16716 16715 16714 16713 16712 16711 16710 16709 16708 16707 16507 16506 16306 16305 16304 16104 16103 16102 15902 15901 15900 15700 15699 15698 15498 15298 15098 14898 14698 14498 14298 14098 13898 13698 13697 13497 13297 13097 13096 12896 12696 12496 12296 12096 11896 11696 11496 11296 11096 10896 10696 10496 10296 10295 10294 10293 10292 10291 10290 10289 10288 10287 10087 10086 10085 10084 10083 10082 10081 9881 9880 9879 9878 9678 9677 9676 9476 9475 9275 9274 9074 9073 8873 8872 8672 8671 8471 8470 8270 8070 8069 7869 7868 7867 7667 7666 7466 7465 7265 7264 7064 7063 7062 6862 6861 6860 6859 6659 6658 6657 6656 6655 6654 6653 6652 6651 6650 6649 6648 6647 6646 6645 6845 6844 6843 6842 6841 6840 6839 6838 6837 6836 6835 6834 6833 6832 6831 6830 6829 6828 6827 6826 6825 6824 6624 6623 6423 6422 6222 6022 5822 5622 5621 5421 5221 5021 4821 4621 4421 4221 4021 3821 3621 3421 3221 3021 2821 2621 2421 2422 2423 2424 2425 
Label: 33793
[297,1030721,]
30162 29962 29762 29562 29362 29162 28962 28762 28562 28362 28162 28161 28160 28159 28158 28157 28156 28155 27955 27954 27754 27753 27553 27552 27352 27351 27151 27150 26950 26949 26749 26748 26548 26547 26546 26346 26345 26344 26144 26143 26142 25942 25941 25940 25740 25739 25539 25538 25338 25337 25137 24937 24737 24537 24536 24336 24136 23936 23736 23536 23336 23136 22936 22736 22536 22336 22136 22137 21937 21938 21738 21739 21539 21339 21340 21140 20940 20941 20741 20541 20341 20141 19941 19942 19742 19542 19342 19142 18942 18742 18542 18342 18142 17942 17941 17940 17740 17739 17738 17538 17537 17337 17336 17335 17135 17134 17133 16933 16932 16931 16930 16730 16729 16728 16727 16726 16725 16724 16723 16722 16721 16720 16719 16718 16717 16716 16715 16714 16713 16712 16711 16710 16709 16708 16707 16507 16506 16306 16305 16304 16104 16103 16102 15902 15901 15900 15700 15699 15698 15498 15298 15098 14898 14698 14498 14298 14098 13898 13698 13697 13497 13297 13097 13096 12896 12696 12496 12296 12096 11896 11696 11496 11296 11096 10896 10696 10496 10296 10295 10294 10293 10292 10291 10290 10289 10288 10287 10087 10086 10085 10084 10083 10082 10081 9881 9880 9879 9878 9678 9677 9676 9476 9475 9275 9274 9074 9073 8873 8872 8672 8671 8471 8470 8270 8070 8069 7869 7868 7867 7667 7666 7466 7465 7265 7264 7064 7063 7062 6862 6861 6860 6859 6659 6658 6657 6656 6655 6654 6653 6652 6651 6650 6649 6648 6647 6646 6645 6845 6844 6843 6842 6841 6840 6839 6838 6837 6836 6835 6834 6833 6832 6831 6830 6829 6828 6827 6826 6825 6824 6624 6623 6423 6422 6222 6022 5822 5622 5621 5421 5221 5021 4821 4621 4421 4221 4021 3821 3621 3421 3221 3021 2821 2621 2421 2422 2423 2424 2425 
Label: 33857
[299,1030675,]
30162 29962 29762 29562 29362 29162 28962 28762 28562 28362 28162 28161 28160 28159 28158 28157 28156 28155 27955 27954 27754 27753 27553 27552 27352 27351 27151 27150 26950 26949 26749 26748 26548 26547 26546 26346 26345 26344 26144 26143 26142 25942 25941 25940 25740 25739 25539 25538 25338 25337 25137 24937 24737 24537 24536 24336 24136 23936 23736 23536 23336 23136 22936 22736 22536 22336 22136 22137 21937 21938 21738 21739 21539 21339 21340 21140 20940 20941 20741 20541 20341 20141 19941 19942 19742 19542 19342 19142 18942 18742 18542 18342 18142 17942 17941 17940 17740 17739 17738 17538 17537 17337 17336 17335 17135 17134 17133 16933 16932 16931 16930 16730 16729 16728 16727 16726 16725 16724 16723 16722 16721 16720 16719 16718 16717 16716 16715 16714 16713 16712 16711 16710 16709 16708 16707 16507 16506 16306 16305 16304 16104 16103 16102 15902 15901 15900 15700 15699 15698 15498 15298 15098 14898 14698 14498 14298 14098 13898 13698 13697 13497 13297 13097 13096 12896 12696 12496 12296 12096 11896 11696 11496 11296 11096 10896 10696 10496 10296 10295 10294 10293 10292 10291 10290 10289 10288 10287 10087 10086 10085 10084 10083 10082 10081 9881 9880 9879 9878 9678 9677 9676 9476 9475 9275 9274 9074 9073 8873 8872 8672 8671 8471 8470 8270 8070 8069 7869 7868 7867 7667 7666 7466 7465 7265 7264 7064 7063 7062 6862 6861 6860 6859 6659 6658 6657 6656 6655 6654 6653 6652 6651 6650 6649 6648 6647 6646 6645 6845 6844 6843 6842 6841 6840 6839 6838 6837 6836 6835 6834 6833 6832 6831 6830 6829 6828 6827 6826 6825 6824 6624 6623 6423 6422 6222 6022 5822 5622 5621 5421 5221 5021 4821 4621 4421 4420 4220 4020 3820 3620 3420 3220 3020 2820 2620 2420 2421 2422 2423 2424 2425 
