graph_load_time: 0.387932
n_generated: 9265
n_expanded: 4405
n_domCheck: 22006
rt_initHeu: 0.336015
rt_search: 0.120991
N: 8
Label: 8984
[218,3443364,]
27450 27250 27050 26850 26650 26651 26652 26653 26453 26454 26455 26456 26457 26257 26258 26259 26260 26060 26061 25861 25862 25662 25462 25262 25263 25063 24863 24663 24664 24464 24264 24265 24266 24267 24268 24269 24270 24271 24272 24273 24274 24275 24276 24277 24278 24279 24280 24281 24282 24283 24284 24285 24286 24287 24288 24289 24290 24291 24292 24293 24294 24295 24296 24297 24298 24299 24300 24301 24302 24303 24304 24305 24306 24307 24308 24309 24310 24311 24312 24313 24314 24315 24115 24116 24117 23917 23918 23718 23719 23519 23319 23320 23120 22920 22720 22721 22521 22522 22322 22323 22324 22124 22125 22126 22127 22128 22129 22130 22131 22132 22133 22134 22135 22136 22137 22138 22139 22140 22141 22142 22143 22144 22145 22146 22147 22148 22149 22150 22151 22152 22153 22154 22155 22156 22157 22158 22159 22160 22161 22162 22163 22164 22165 22166 22167 22168 22169 22170 22171 21971 21972 21772 21773 21573 21574 21374 21375 21175 21176 20976 20977 20978 20778 20779 20780 20580 20581 20582 20583 20584 20585 20586 20587 20387 20187 19987 19787 19587 19387 19187 18987 18787 18587 18387 18187 17987 17787 17587 17387 17187 16987 16787 16587 16387 16187 15987 15787 15587 15387 15187 14987 14787 14587 14387 14187 13987 13787 13587 13387 13187 12987 12787 12587 12387 12187 11987 11787 11587 11387 
Label: 11876
[220,3415746,]
27450 27250 27050 26850 26650 26651 26652 26653 26453 26454 26455 26456 26457 26257 26258 26259 26260 26060 26061 25861 25862 25662 25462 25262 25263 25063 24863 24663 24664 24464 24264 24265 24266 24267 24268 24269 24270 24271 24272 24273 24274 24275 24276 24277 24278 24279 24280 24281 24282 24283 24284 24285 24286 24287 24288 24289 24290 24291 24292 24293 24294 24295 24296 24297 24497 24498 24499 24500 24501 24502 24503 24504 24505 24506 24507 24508 24509 24510 24511 24512 24513 24313 24314 24315 24115 24116 24117 23917 23918 23718 23719 23519 23319 23320 23120 22920 22720 22721 22521 22522 22322 22323 22324 22124 22125 22126 22127 22128 22129 22130 22131 22132 22133 22134 22135 22136 22137 22138 22139 22140 22141 22142 22143 22144 22145 22146 22147 22148 22149 22150 22151 22152 22153 22154 22155 22156 22157 22158 22159 22160 22161 22162 22163 22164 22165 22166 22167 22168 22169 22170 22171 21971 21972 21772 21773 21573 21574 21374 21375 21175 21176 20976 20977 20978 20778 20779 20780 20580 20581 20582 20583 20584 20585 20586 20587 20387 20187 19987 19787 19587 19387 19187 18987 18787 18587 18387 18187 17987 17787 17587 17387 17187 16987 16787 16587 16387 16187 15987 15787 15587 15387 15187 14987 14787 14587 14387 14187 13987 13787 13587 13387 13187 12987 12787 12587 12387 12187 11987 11787 11587 11387 
Label: 16296
[224,3386332,]
27450 27250 27050 26850 26650 26651 26652 26653 26453 26454 26455 26456 26457 26257 26258 26259 26260 26060 26061 25861 25862 25662 25462 25262 25263 25063 24863 24663 24664 24464 24264 24064 24065 24066 24067 24068 24069 24070 24071 24072 24073 24074 24075 24076 24077 24078 24079 24080 24081 24082 24083 24084 24085 24086 24087 24088 24089 24090 24091 24092 24093 24094 24095 24096 24296 24297 24497 24498 24499 24500 24501 24502 24503 24504 24505 24506 24507 24508 24509 24510 24511 24512 24513 24313 24314 24315 24115 24116 24117 23917 23918 23718 23719 23519 23319 23320 23120 22920 22720 22721 22521 22522 22322 22323 22324 22124 22125 22126 22127 22128 22129 22130 22131 22132 22133 22134 22135 22136 22137 22138 22139 22140 22141 22142 22143 22144 22145 22146 22147 22148 22149 22150 22151 22152 22153 22154 22155 22156 22157 22158 22159 22160 22161 22162 22163 22164 22165 22166 22167 22168 22169 22170 22171 21971 21972 21772 21773 21573 21574 21374 21375 21175 21176 20976 20977 20978 20778 20779 20780 20580 20581 20582 20583 20584 20585 20586 20587 20588 20388 20188 19988 19788 19588 19388 19188 18988 18788 18588 18388 18188 17988 17788 17588 17388 17188 16988 16788 16588 16388 16188 15988 15788 15588 15388 15188 14988 14788 14588 14388 14188 14187 13987 13787 13587 13387 13187 12987 12787 12587 12387 12187 11987 11787 11587 11387 
Label: 14324
[222,3398985,]
27450 27250 27050 26850 26650 26651 26652 26653 26453 26454 26455 26456 26457 26257 26258 26259 26260 26060 26061 25861 25862 25662 25462 25262 25263 25063 24863 24663 24664 24464 24264 24265 24266 24267 24268 24269 24270 24271 24272 24273 24274 24275 24276 24277 24278 24279 24280 24281 24282 24283 24284 24285 24286 24287 24288 24289 24290 24291 24292 24293 24294 24295 24296 24297 24497 24498 24499 24500 24501 24502 24503 24504 24505 24506 24507 24508 24509 24510 24511 24512 24513 24313 24314 24315 24115 24116 24117 23917 23918 23718 23719 23519 23319 23320 23120 22920 22720 22721 22521 22522 22322 22323 22324 22124 22125 22126 22127 22128 22129 22130 22131 22132 22133 22134 22135 22136 22137 22138 22139 22140 22141 22142 22143 22144 22145 22146 22147 22148 22149 22150 22151 22152 22153 22154 22155 22156 22157 22158 22159 22160 22161 22162 22163 22164 22165 22166 22167 22168 22169 22170 22171 21971 21972 21772 21773 21573 21574 21374 21375 21175 21176 20976 20977 20978 20778 20779 20780 20580 20581 20582 20583 20584 20585 20586 20587 20588 20388 20188 19988 19788 19588 19388 19188 18988 18788 18588 18388 18188 17988 17788 17588 17388 17188 16988 16788 16588 16388 16188 15988 15788 15588 15388 15188 14988 14788 14588 14388 14188 14187 13987 13787 13587 13387 13187 12987 12787 12587 12387 12187 11987 11787 11587 11387 
Label: 16652
[226,3376190,]
27450 27250 27050 26850 26650 26651 26652 26653 26453 26454 26455 26456 26457 26257 26258 26259 26260 26060 26061 25861 25862 25662 25462 25262 25263 25063 24863 24663 24664 24464 24264 24064 24065 24066 24067 24068 24069 24070 24071 24072 24073 24074 24075 24076 24077 24078 24079 24080 24081 24082 24083 24084 24085 24086 24087 24088 24089 24090 24091 24092 24093 24094 24095 24096 24296 24297 24497 24498 24698 24699 24700 24701 24702 24703 24704 24705 24706 24707 24708 24709 24710 24711 24511 24512 24513 24313 24314 24315 24115 24116 24117 23917 23918 23718 23719 23519 23319 23320 23120 22920 22720 22721 22521 22522 22322 22323 22324 22124 22125 22126 22127 22128 22129 22130 22131 22132 22133 22134 22135 22136 22137 22138 22139 22140 22141 22142 22143 22144 22145 22146 22147 22148 22149 22150 22151 22152 22153 22154 22155 22156 22157 22158 22159 22160 22161 22162 22163 22164 22165 22166 22167 22168 22169 22170 22171 21971 21972 21772 21773 21573 21574 21374 21375 21175 21176 20976 20977 20978 20778 20779 20780 20580 20581 20582 20583 20584 20585 20586 20587 20588 20388 20188 19988 19788 19588 19388 19188 18988 18788 18588 18388 18188 17988 17788 17588 17388 17188 16988 16788 16588 16388 16188 15988 15788 15588 15388 15188 14988 14788 14588 14388 14188 14187 13987 13787 13587 13387 13187 12987 12787 12587 12387 12187 11987 11787 11587 11387 
Label: 17287
[236,3362938,]
27450 27250 27050 26850 26650 26651 26652 26653 26453 26454 26455 26456 26457 26257 26258 26259 26260 26060 26061 25861 25862 25662 25462 25262 25263 25063 24863 24663 24664 24464 24264 24064 24065 23865 23866 23867 23868 23869 23870 23871 23872 23873 23874 23875 23876 23877 23878 23879 23880 23881 23882 23883 23884 23885 23886 23887 23888 23889 23689 23690 23691 23692 23492 23493 23293 23093 22893 22894 22694 22494 22294 22094 21894 21694 21494 21294 21094 20894 20694 20494 20294 20094 19894 19694 19494 19294 19094 19095 18895 18695 18696 18496 18296 18297 18097 18098 17898 17899 17699 17700 17500 17501 17502 17503 17504 17505 17506 17507 17508 17509 17510 17511 17512 17513 17514 17515 17516 17517 17518 17519 17319 17119 17120 16920 16921 16721 16722 16723 16523 16524 16525 16526 16527 16528 16529 16530 16531 16532 16533 16534 16535 16536 16336 16337 16338 16138 16139 15939 15940 15740 15741 15541 15542 15543 15343 15344 15144 15145 15146 14946 14746 14546 14346 14146 13946 13746 13546 13346 13146 12946 12746 12546 12346 12146 11946 11746 11546 11346 11146 10946 10746 10546 10346 10146 9946 9947 9948 9949 9950 9951 9952 9953 9954 9955 9956 9957 9757 9758 9558 9559 9560 9561 9562 9563 9564 9565 9566 9567 9568 9569 9570 9571 9572 9573 9574 9575 9576 9577 9578 9579 9580 9581 9582 9583 9584 9585 9586 9587 9787 9987 10187 10387 10587 10787 10987 11187 11387 
Label: 17463
[238,3321484,]
27450 27250 27050 26850 26650 26651 26652 26653 26453 26454 26455 26456 26457 26257 26258 26259 26260 26060 26061 25861 25862 25662 25462 25262 25263 25063 24863 24663 24664 24464 24264 24064 24065 23865 23866 23867 23868 23869 23870 23871 23872 23873 23874 23875 23876 23877 23878 23879 23880 23881 23882 23883 23884 23885 23886 23887 23888 23889 23689 23690 23691 23692 23492 23493 23293 23093 22893 22894 22694 22494 22294 22094 21894 21694 21494 21294 21094 20894 20694 20494 20294 20094 19894 19694 19494 19294 19094 19095 18895 18695 18696 18496 18296 18297 18097 18098 17898 17899 17699 17700 17500 17501 17502 17503 17504 17505 17506 17507 17508 17509 17510 17511 17512 17513 17514 17515 17516 17517 17518 17519 17319 17119 17120 16920 16921 16721 16722 16723 16523 16524 16525 16526 16527 16528 16529 16530 16531 16532 16533 16534 16535 16536 16336 16337 16338 16138 16139 15939 15940 15740 15741 15541 15542 15543 15343 15344 15144 15145 15146 14946 14746 14546 14346 14146 13946 13746 13546 13346 13146 12946 12746 12546 12346 12146 11946 11746 11546 11346 11146 10946 10746 10546 10346 10146 9946 9947 9948 9949 9950 9951 9952 9953 9954 9955 9956 9957 9757 9758 9558 9559 9359 9360 9361 9362 9363 9364 9365 9366 9367 9368 9369 9370 9371 9372 9373 9374 9375 9376 9377 9378 9379 9380 9381 9382 9383 9384 9385 9386 9387 9587 9787 9987 10187 10387 10587 10787 10987 11187 11387 
Label: 17615
[240,3303412,]
27450 27250 27050 26850 26650 26651 26652 26653 26453 26454 26455 26456 26457 26257 26258 26259 26260 26060 26061 25861 25862 25662 25462 25262 25263 25063 24863 24663 24664 24464 24264 24064 24065 23865 23866 23867 23868 23869 23870 23871 23872 23873 23874 23875 23876 23877 23878 23879 23880 23881 23882 23883 23884 23885 23886 23887 23888 23889 23689 23690 23691 23692 23492 23493 23293 23093 22893 22894 22694 22494 22294 22094 21894 21694 21494 21294 21094 20894 20694 20494 20294 20094 19894 19694 19494 19294 19094 19095 18895 18695 18696 18496 18296 18297 18097 18098 17898 17899 17699 17700 17500 17501 17502 17503 17504 17505 17506 17507 17508 17509 17510 17511 17512 17513 17514 17515 17516 17517 17518 17519 17319 17119 17120 16920 16921 16721 16722 16723 16523 16524 16525 16526 16527 16528 16529 16530 16531 16532 16533 16534 16535 16536 16336 16337 16338 16138 16139 15939 15940 15740 15741 15541 15542 15543 15343 15344 15144 15145 15146 14946 14746 14546 14346 14146 13946 13746 13546 13346 13146 12946 12746 12546 12346 12146 11946 11746 11546 11346 11146 10946 10746 10546 10346 10146 9946 9947 9948 9949 9950 9951 9952 9953 9954 9955 9956 9957 9757 9758 9558 9559 9359 9360 9361 9161 9162 9163 9164 9165 9166 9167 9168 9169 9170 9171 9172 9173 9174 9175 9176 9177 9178 9179 9180 9181 9182 9183 9184 9185 9186 9187 9387 9587 9787 9987 10187 10387 10587 10787 10987 11187 11387 
