graph_load_time: 0.305635
n_generated: 16197
n_expanded: 5916
n_domCheck: 37315
rt_initHeu: 0.29621
rt_search: 0.159036
N: 19
Label: 16323
[273,383731,]
3781 3780 3779 3778 3777 3776 3775 3774 3574 3573 3373 3173 2973 2972 2772 2572 2571 2371 2370 2170 1970 1969 1769 1768 1568 1567 1566 1565 1564 1563 1562 1561 1560 1559 1558 1557 1556 1555 1554 1553 1552 1551 1550 1549 1548 1547 1546 1545 1544 1543 1743 1943 2143 2142 2342 2542 2742 2942 2941 3141 3341 3541 3540 3740 3940 4140 4340 4339 4539 4739 4939 4938 5138 5338 5337 5537 5737 5736 5936 6136 6135 6335 6535 6534 6734 6733 6933 7133 7132 7332 7532 7531 7731 7931 7930 8130 8330 8329 8529 8729 8728 8928 9128 9127 9327 9527 9526 9726 9725 9925 10125 10124 10123 10323 10322 10321 10521 10520 10519 10518 10718 10717 10716 10715 10915 10914 10913 11113 11112 11312 11311 11511 11711 11911 12111 12110 12310 12510 12710 12910 13110 13310 13510 13710 13910 14110 14310 14510 14509 14709 14909 15109 15309 15509 15709 15909 16109 16309 16509 16709 16708 16908 17108 17308 17508 17708 17908 18108 18308 18508 18708 18908 19108 19308 19508 19708 19908 20108 20107 20307 20507 20506 20706 20906 20905 21105 21305 21505 21504 21704 21904 22104 22304 22504 22704 22904 23104 23304 23504 23704 23904 24104 24304 24504 24704 24904 25104 25304 25504 25704 25904 26104 26304 26504 26704 26904 27104 27103 27303 27302 27502 27702 27701 27901 27900 28100 28099 28299 28298 28297 28296 28295 28294 28293 28292 28291 28290 28289 28288 28287 28286 28285 28284 28283 28282 28281 28280 28279 28278 28277 28276 28275 28274 28273 28473 28472 28672 28671 28871 28870 29070 29270 29269 29469 29669 29668 29868 30068 30268 30468 30668 30868 31068 31268 
Label: 6231
[255,441448,]
3781 3780 3779 3778 3777 3776 3775 3774 3974 4174 4374 4574 4774 4974 5174 5374 5574 5774 5974 5973 6173 6373 6573 6773 6973 6972 7172 7171 7170 7169 7168 7167 7166 7165 7164 7163 7162 7161 7160 7159 7158 7157 7156 7155 6955 6954 6953 6952 6752 6751 6750 6749 6748 6747 6746 6745 6744 6743 6742 6741 6740 6739 6738 6737 6736 6735 6734 6733 6933 7133 7132 7332 7532 7531 7731 7931 7930 8130 8330 8329 8529 8729 8728 8928 9128 9127 9327 9527 9526 9726 9725 9925 10125 10124 10123 10323 10322 10321 10521 10520 10519 10518 10718 10717 10716 10715 10915 10914 10913 11113 11112 11312 11311 11511 11711 11911 12111 12110 12310 12510 12710 12910 13110 13310 13510 13710 13910 14110 14310 14510 14509 14709 14909 15109 15309 15509 15709 15909 16109 16309 16509 16709 16708 16908 17108 17308 17508 17708 17908 18108 18308 18508 18708 18908 19108 19308 19508 19708 19908 20108 20107 20307 20507 20506 20706 20906 20905 21105 21305 21505 21504 21704 21904 22104 22304 22504 22704 22904 23104 23304 23504 23704 23904 24104 24304 24504 24704 24904 25104 25304 25504 25704 25904 26104 26304 26504 26704 26904 27104 27103 27303 27302 27502 27702 27701 27901 27900 28100 28099 28299 28298 28297 28296 28295 28294 28293 28292 28291 28290 28289 28288 28287 28286 28285 28284 28283 28282 28281 28280 28279 28278 28277 28276 28275 28274 28273 28473 28472 28672 28671 28871 28870 29070 29270 29269 29469 29669 29668 29868 30068 30268 30468 30668 30868 31068 31268 
Label: 15263
[271,387488,]
3781 3780 3779 3778 3777 3776 3775 3774 3574 3573 3373 3173 2973 2972 2772 2572 2571 2371 2370 2170 1970 1969 1769 1768 1767 1766 1765 1764 1763 1762 1761 1760 1759 1758 1757 1756 1755 1754 1753 1752 1751 1750 1749 1748 1747 1746 1745 1744 1743 1943 2143 2142 2342 2542 2742 2942 2941 3141 3341 3541 3540 3740 3940 4140 4340 4339 4539 4739 4939 4938 5138 5338 5337 5537 5737 5736 5936 6136 6135 6335 6535 6534 6734 6733 6933 7133 7132 7332 7532 7531 7731 7931 7930 8130 8330 8329 8529 8729 8728 8928 9128 9127 9327 9527 9526 9726 9725 9925 10125 10124 10123 10323 10322 10321 10521 10520 10519 10518 10718 10717 10716 10715 10915 10914 10913 11113 11112 11312 11311 11511 11711 11911 12111 12110 12310 12510 12710 12910 13110 13310 13510 13710 13910 14110 14310 14510 14509 14709 14909 15109 15309 15509 15709 15909 16109 16309 16509 16709 16708 16908 17108 17308 17508 17708 17908 18108 18308 18508 18708 18908 19108 19308 19508 19708 19908 20108 20107 20307 20507 20506 20706 20906 20905 21105 21305 21505 21504 21704 21904 22104 22304 22504 22704 22904 23104 23304 23504 23704 23904 24104 24304 24504 24704 24904 25104 25304 25504 25704 25904 26104 26304 26504 26704 26904 27104 27103 27303 27302 27502 27702 27701 27901 27900 28100 28099 28299 28298 28297 28296 28295 28294 28293 28292 28291 28290 28289 28288 28287 28286 28285 28284 28283 28282 28281 28280 28279 28278 28277 28276 28275 28274 28273 28473 28472 28672 28671 28871 28870 29070 29270 29269 29469 29669 29668 29868 30068 30268 30468 30668 30868 31068 31268 
Label: 10971
[263,428458,]
3781 3780 3779 3778 3777 3776 3775 3774 3574 3573 3373 3173 2973 2972 2772 2572 2571 2570 2569 2568 2567 2566 2565 2564 2563 2562 2561 2560 2559 2558 2557 2556 2555 2554 2553 2552 2551 2550 2549 2548 2547 2546 2545 2544 2543 2542 2742 2942 2941 3141 3341 3541 3540 3740 3940 4140 4340 4339 4539 4739 4939 4938 5138 5338 5337 5537 5737 5736 5936 6136 6135 6335 6535 6534 6734 6733 6933 7133 7132 7332 7532 7531 7731 7931 7930 8130 8330 8329 8529 8729 8728 8928 9128 9127 9327 9527 9526 9726 9725 9925 10125 10124 10123 10323 10322 10321 10521 10520 10519 10518 10718 10717 10716 10715 10915 10914 10913 11113 11112 11312 11311 11511 11711 11911 12111 12110 12310 12510 12710 12910 13110 13310 13510 13710 13910 14110 14310 14510 14509 14709 14909 15109 15309 15509 15709 15909 16109 16309 16509 16709 16708 16908 17108 17308 17508 17708 17908 18108 18308 18508 18708 18908 19108 19308 19508 19708 19908 20108 20107 20307 20507 20506 20706 20906 20905 21105 21305 21505 21504 21704 21904 22104 22304 22504 22704 22904 23104 23304 23504 23704 23904 24104 24304 24504 24704 24904 25104 25304 25504 25704 25904 26104 26304 26504 26704 26904 27104 27103 27303 27302 27502 27702 27701 27901 27900 28100 28099 28299 28298 28297 28296 28295 28294 28293 28292 28291 28290 28289 28288 28287 28286 28285 28284 28283 28282 28281 28280 28279 28278 28277 28276 28275 28274 28273 28473 28472 28672 28671 28871 28870 29070 29270 29269 29469 29669 29668 29868 30068 30268 30468 30668 30868 31068 31268 
Label: 7491
[257,440248,]
3781 3780 3779 3778 3777 3776 3775 3774 3974 4174 4374 4574 4774 4974 5174 5374 5574 5774 5974 5973 6173 6373 6573 6773 6973 6972 7172 7171 7170 7169 7168 7167 7166 7165 7164 7163 7162 7161 7160 7159 7158 7157 7156 7155 6955 6954 6953 6952 6752 6751 6750 6550 6549 6548 6547 6546 6545 6544 6543 6542 6541 6540 6539 6538 6537 6536 6535 6534 6734 6733 6933 7133 7132 7332 7532 7531 7731 7931 7930 8130 8330 8329 8529 8729 8728 8928 9128 9127 9327 9527 9526 9726 9725 9925 10125 10124 10123 10323 10322 10321 10521 10520 10519 10518 10718 10717 10716 10715 10915 10914 10913 11113 11112 11312 11311 11511 11711 11911 12111 12110 12310 12510 12710 12910 13110 13310 13510 13710 13910 14110 14310 14510 14509 14709 14909 15109 15309 15509 15709 15909 16109 16309 16509 16709 16708 16908 17108 17308 17508 17708 17908 18108 18308 18508 18708 18908 19108 19308 19508 19708 19908 20108 20107 20307 20507 20506 20706 20906 20905 21105 21305 21505 21504 21704 21904 22104 22304 22504 22704 22904 23104 23304 23504 23704 23904 24104 24304 24504 24704 24904 25104 25304 25504 25704 25904 26104 26304 26504 26704 26904 27104 27103 27303 27302 27502 27702 27701 27901 27900 28100 28099 28299 28298 28297 28296 28295 28294 28293 28292 28291 28290 28289 28288 28287 28286 28285 28284 28283 28282 28281 28280 28279 28278 28277 28276 28275 28274 28273 28473 28472 28672 28671 28871 28870 29070 29270 29269 29469 29669 29668 29868 30068 30268 30468 30668 30868 31068 31268 
Label: 13127
[267,401498,]
3781 3780 3779 3778 3777 3776 3775 3774 3574 3573 3373 3173 2973 2972 2772 2572 2571 2371 2370 2170 2169 2168 2167 2166 2165 2164 2163 2162 2161 2160 2159 2158 2157 2156 2155 2154 2153 2152 2151 2150 2149 2148 2147 2146 2145 2144 2143 2142 2342 2542 2742 2942 2941 3141 3341 3541 3540 3740 3940 4140 4340 4339 4539 4739 4939 4938 5138 5338 5337 5537 5737 5736 5936 6136 6135 6335 6535 6534 6734 6733 6933 7133 7132 7332 7532 7531 7731 7931 7930 8130 8330 8329 8529 8729 8728 8928 9128 9127 9327 9527 9526 9726 9725 9925 10125 10124 10123 10323 10322 10321 10521 10520 10519 10518 10718 10717 10716 10715 10915 10914 10913 11113 11112 11312 11311 11511 11711 11911 12111 12110 12310 12510 12710 12910 13110 13310 13510 13710 13910 14110 14310 14510 14509 14709 14909 15109 15309 15509 15709 15909 16109 16309 16509 16709 16708 16908 17108 17308 17508 17708 17908 18108 18308 18508 18708 18908 19108 19308 19508 19708 19908 20108 20107 20307 20507 20506 20706 20906 20905 21105 21305 21505 21504 21704 21904 22104 22304 22504 22704 22904 23104 23304 23504 23704 23904 24104 24304 24504 24704 24904 25104 25304 25504 25704 25904 26104 26304 26504 26704 26904 27104 27103 27303 27302 27502 27702 27701 27901 27900 28100 28099 28299 28298 28297 28296 28295 28294 28293 28292 28291 28290 28289 28288 28287 28286 28285 28284 28283 28282 28281 28280 28279 28278 28277 28276 28275 28274 28273 28473 28472 28672 28671 28871 28870 29070 29270 29269 29469 29669 29668 29868 30068 30268 30468 30668 30868 31068 31268 
Label: 23640
[287,378249,]
3781 3780 3779 3778 3777 3776 3775 3774 3574 3573 3373 3173 2973 2972 2772 2572 2571 2371 2370 2170 1970 1969 1769 1768 1568 1567 1367 1167 1166 966 965 765 565 564 364 363 163 162 161 160 159 158 157 156 155 154 153 152 151 150 149 148 147 146 145 345 545 745 744 944 1144 1344 1544 1543 1743 1943 2143 2142 2342 2542 2742 2942 2941 3141 3341 3541 3540 3740 3940 4140 4340 4339 4539 4739 4939 4938 5138 5338 5337 5537 5737 5736 5936 6136 6135 6335 6535 6534 6734 6733 6933 7133 7132 7332 7532 7531 7731 7931 7930 8130 8330 8329 8529 8729 8728 8928 9128 9127 9327 9527 9526 9726 9725 9925 10125 10124 10123 10323 10322 10321 10521 10520 10519 10518 10718 10717 10716 10715 10915 10914 10913 11113 11112 11312 11311 11511 11711 11911 12111 12110 12310 12510 12710 12910 13110 13310 13510 13710 13910 14110 14310 14510 14509 14709 14909 15109 15309 15509 15709 15909 16109 16309 16509 16709 16708 16908 17108 17308 17508 17708 17908 18108 18308 18508 18708 18908 19108 19308 19508 19708 19908 20108 20107 20307 20507 20506 20706 20906 20905 21105 21305 21505 21504 21704 21904 22104 22304 22504 22704 22904 23104 23304 23504 23704 23904 24104 24304 24504 24704 24904 25104 25304 25504 25704 25904 26104 26304 26504 26704 26904 27104 27103 27303 27302 27502 27702 27701 27901 27900 28100 28099 28299 28298 28297 28296 28295 28294 28293 28292 28291 28290 28289 28288 28287 28286 28285 28284 28283 28282 28281 28280 28279 28278 28277 28276 28275 28274 28273 28473 28472 28672 28671 28871 28870 29070 29270 29269 29469 29669 29668 29868 30068 30268 30468 30668 30868 31068 31268 
Label: 18427
[277,379947,]
3781 3780 3779 3778 3777 3776 3775 3774 3574 3573 3373 3173 2973 2972 2772 2572 2571 2371 2370 2170 1970 1969 1769 1768 1568 1567 1367 1167 1166 1165 1164 1163 1162 1161 1160 1159 1158 1157 1156 1155 1154 1153 1152 1151 1150 1149 1148 1147 1146 1145 1144 1344 1544 1543 1743 1943 2143 2142 2342 2542 2742 2942 2941 3141 3341 3541 3540 3740 3940 4140 4340 4339 4539 4739 4939 4938 5138 5338 5337 5537 5737 5736 5936 6136 6135 6335 6535 6534 6734 6733 6933 7133 7132 7332 7532 7531 7731 7931 7930 8130 8330 8329 8529 8729 8728 8928 9128 9127 9327 9527 9526 9726 9725 9925 10125 10124 10123 10323 10322 10321 10521 10520 10519 10518 10718 10717 10716 10715 10915 10914 10913 11113 11112 11312 11311 11511 11711 11911 12111 12110 12310 12510 12710 12910 13110 13310 13510 13710 13910 14110 14310 14510 14509 14709 14909 15109 15309 15509 15709 15909 16109 16309 16509 16709 16708 16908 17108 17308 17508 17708 17908 18108 18308 18508 18708 18908 19108 19308 19508 19708 19908 20108 20107 20307 20507 20506 20706 20906 20905 21105 21305 21505 21504 21704 21904 22104 22304 22504 22704 22904 23104 23304 23504 23704 23904 24104 24304 24504 24704 24904 25104 25304 25504 25704 25904 26104 26304 26504 26704 26904 27104 27103 27303 27302 27502 27702 27701 27901 27900 28100 28099 28299 28298 28297 28296 28295 28294 28293 28292 28291 28290 28289 28288 28287 28286 28285 28284 28283 28282 28281 28280 28279 28278 28277 28276 28275 28274 28273 28473 28472 28672 28671 28871 28870 29070 29270 29269 29469 29669 29668 29868 30068 30268 30468 30668 30868 31068 31268 
Label: 21579
[283,378428,]
3781 3780 3779 3778 3777 3776 3775 3774 3574 3573 3373 3173 2973 2972 2772 2572 2571 2371 2370 2170 1970 1969 1769 1768 1568 1567 1367 1167 1166 966 965 765 565 564 563 562 561 560 559 558 557 556 555 554 553 552 551 550 549 548 547 546 545 745 744 944 1144 1344 1544 1543 1743 1943 2143 2142 2342 2542 2742 2942 2941 3141 3341 3541 3540 3740 3940 4140 4340 4339 4539 4739 4939 4938 5138 5338 5337 5537 5737 5736 5936 6136 6135 6335 6535 6534 6734 6733 6933 7133 7132 7332 7532 7531 7731 7931 7930 8130 8330 8329 8529 8729 8728 8928 9128 9127 9327 9527 9526 9726 9725 9925 10125 10124 10123 10323 10322 10321 10521 10520 10519 10518 10718 10717 10716 10715 10915 10914 10913 11113 11112 11312 11311 11511 11711 11911 12111 12110 12310 12510 12710 12910 13110 13310 13510 13710 13910 14110 14310 14510 14509 14709 14909 15109 15309 15509 15709 15909 16109 16309 16509 16709 16708 16908 17108 17308 17508 17708 17908 18108 18308 18508 18708 18908 19108 19308 19508 19708 19908 20108 20107 20307 20507 20506 20706 20906 20905 21105 21305 21505 21504 21704 21904 22104 22304 22504 22704 22904 23104 23304 23504 23704 23904 24104 24304 24504 24704 24904 25104 25304 25504 25704 25904 26104 26304 26504 26704 26904 27104 27103 27303 27302 27502 27702 27701 27901 27900 28100 28099 28299 28298 28297 28296 28295 28294 28293 28292 28291 28290 28289 28288 28287 28286 28285 28284 28283 28282 28281 28280 28279 28278 28277 28276 28275 28274 28273 28473 28472 28672 28671 28871 28870 29070 29270 29269 29469 29669 29668 29868 30068 30268 30468 30668 30868 31068 31268 
Label: 14195
[269,393201,]
3781 3780 3779 3778 3777 3776 3775 3774 3574 3573 3373 3173 2973 2972 2772 2572 2571 2371 2370 2170 1970 1969 1968 1967 1966 1965 1964 1963 1962 1961 1960 1959 1958 1957 1956 1955 1954 1953 1952 1951 1950 1949 1948 1947 1946 1945 1944 1943 2143 2142 2342 2542 2742 2942 2941 3141 3341 3541 3540 3740 3940 4140 4340 4339 4539 4739 4939 4938 5138 5338 5337 5537 5737 5736 5936 6136 6135 6335 6535 6534 6734 6733 6933 7133 7132 7332 7532 7531 7731 7931 7930 8130 8330 8329 8529 8729 8728 8928 9128 9127 9327 9527 9526 9726 9725 9925 10125 10124 10123 10323 10322 10321 10521 10520 10519 10518 10718 10717 10716 10715 10915 10914 10913 11113 11112 11312 11311 11511 11711 11911 12111 12110 12310 12510 12710 12910 13110 13310 13510 13710 13910 14110 14310 14510 14509 14709 14909 15109 15309 15509 15709 15909 16109 16309 16509 16709 16708 16908 17108 17308 17508 17708 17908 18108 18308 18508 18708 18908 19108 19308 19508 19708 19908 20108 20107 20307 20507 20506 20706 20906 20905 21105 21305 21505 21504 21704 21904 22104 22304 22504 22704 22904 23104 23304 23504 23704 23904 24104 24304 24504 24704 24904 25104 25304 25504 25704 25904 26104 26304 26504 26704 26904 27104 27103 27303 27302 27502 27702 27701 27901 27900 28100 28099 28299 28298 28297 28296 28295 28294 28293 28292 28291 28290 28289 28288 28287 28286 28285 28284 28283 28282 28281 28280 28279 28278 28277 28276 28275 28274 28273 28473 28472 28672 28671 28871 28870 29070 29270 29269 29469 29669 29668 29868 30068 30268 30468 30668 30868 31068 31268 
Label: 19479
[279,379123,]
3781 3780 3779 3778 3777 3776 3775 3774 3574 3573 3373 3173 2973 2972 2772 2572 2571 2371 2370 2170 1970 1969 1769 1768 1568 1567 1367 1167 1166 966 965 964 963 962 961 960 959 958 957 956 955 954 953 952 951 950 949 948 947 946 945 944 1144 1344 1544 1543 1743 1943 2143 2142 2342 2542 2742 2942 2941 3141 3341 3541 3540 3740 3940 4140 4340 4339 4539 4739 4939 4938 5138 5338 5337 5537 5737 5736 5936 6136 6135 6335 6535 6534 6734 6733 6933 7133 7132 7332 7532 7531 7731 7931 7930 8130 8330 8329 8529 8729 8728 8928 9128 9127 9327 9527 9526 9726 9725 9925 10125 10124 10123 10323 10322 10321 10521 10520 10519 10518 10718 10717 10716 10715 10915 10914 10913 11113 11112 11312 11311 11511 11711 11911 12111 12110 12310 12510 12710 12910 13110 13310 13510 13710 13910 14110 14310 14510 14509 14709 14909 15109 15309 15509 15709 15909 16109 16309 16509 16709 16708 16908 17108 17308 17508 17708 17908 18108 18308 18508 18708 18908 19108 19308 19508 19708 19908 20108 20107 20307 20507 20506 20706 20906 20905 21105 21305 21505 21504 21704 21904 22104 22304 22504 22704 22904 23104 23304 23504 23704 23904 24104 24304 24504 24704 24904 25104 25304 25504 25704 25904 26104 26304 26504 26704 26904 27104 27103 27303 27302 27502 27702 27701 27901 27900 28100 28099 28299 28298 28297 28296 28295 28294 28293 28292 28291 28290 28289 28288 28287 28286 28285 28284 28283 28282 28281 28280 28279 28278 28277 28276 28275 28274 28273 28473 28472 28672 28671 28871 28870 29070 29270 29269 29469 29669 29668 29868 30068 30268 30468 30668 30868 31068 31268 
Label: 8691
[259,439832,]
3781 3780 3779 3778 3777 3776 3775 3774 3974 4174 4374 4574 4774 4974 5174 5374 5574 5774 5974 5973 6173 6373 6573 6773 6973 6972 7172 7171 7170 7169 7168 7167 7166 7165 7164 7163 7162 7161 7160 7159 7158 7157 7156 7155 6955 6954 6953 6952 6752 6751 6750 6550 6549 6548 6348 6347 6346 6345 6344 6343 6342 6341 6340 6339 6338 6337 6336 6335 6535 6534 6734 6733 6933 7133 7132 7332 7532 7531 7731 7931 7930 8130 8330 8329 8529 8729 8728 8928 9128 9127 9327 9527 9526 9726 9725 9925 10125 10124 10123 10323 10322 10321 10521 10520 10519 10518 10718 10717 10716 10715 10915 10914 10913 11113 11112 11312 11311 11511 11711 11911 12111 12110 12310 12510 12710 12910 13110 13310 13510 13710 13910 14110 14310 14510 14509 14709 14909 15109 15309 15509 15709 15909 16109 16309 16509 16709 16708 16908 17108 17308 17508 17708 17908 18108 18308 18508 18708 18908 19108 19308 19508 19708 19908 20108 20107 20307 20507 20506 20706 20906 20905 21105 21305 21505 21504 21704 21904 22104 22304 22504 22704 22904 23104 23304 23504 23704 23904 24104 24304 24504 24704 24904 25104 25304 25504 25704 25904 26104 26304 26504 26704 26904 27104 27103 27303 27302 27502 27702 27701 27901 27900 28100 28099 28299 28298 28297 28296 28295 28294 28293 28292 28291 28290 28289 28288 28287 28286 28285 28284 28283 28282 28281 28280 28279 28278 28277 28276 28275 28274 28273 28473 28472 28672 28671 28871 28870 29070 29270 29269 29469 29669 29668 29868 30068 30268 30468 30668 30868 31068 31268 
Label: 17375
[275,381373,]
3781 3780 3779 3778 3777 3776 3775 3774 3574 3573 3373 3173 2973 2972 2772 2572 2571 2371 2370 2170 1970 1969 1769 1768 1568 1567 1367 1366 1365 1364 1363 1362 1361 1360 1359 1358 1357 1356 1355 1354 1353 1352 1351 1350 1349 1348 1347 1346 1345 1344 1544 1543 1743 1943 2143 2142 2342 2542 2742 2942 2941 3141 3341 3541 3540 3740 3940 4140 4340 4339 4539 4739 4939 4938 5138 5338 5337 5537 5737 5736 5936 6136 6135 6335 6535 6534 6734 6733 6933 7133 7132 7332 7532 7531 7731 7931 7930 8130 8330 8329 8529 8729 8728 8928 9128 9127 9327 9527 9526 9726 9725 9925 10125 10124 10123 10323 10322 10321 10521 10520 10519 10518 10718 10717 10716 10715 10915 10914 10913 11113 11112 11312 11311 11511 11711 11911 12111 12110 12310 12510 12710 12910 13110 13310 13510 13710 13910 14110 14310 14510 14509 14709 14909 15109 15309 15509 15709 15909 16109 16309 16509 16709 16708 16908 17108 17308 17508 17708 17908 18108 18308 18508 18708 18908 19108 19308 19508 19708 19908 20108 20107 20307 20507 20506 20706 20906 20905 21105 21305 21505 21504 21704 21904 22104 22304 22504 22704 22904 23104 23304 23504 23704 23904 24104 24304 24504 24704 24904 25104 25304 25504 25704 25904 26104 26304 26504 26704 26904 27104 27103 27303 27302 27502 27702 27701 27901 27900 28100 28099 28299 28298 28297 28296 28295 28294 28293 28292 28291 28290 28289 28288 28287 28286 28285 28284 28283 28282 28281 28280 28279 28278 28277 28276 28275 28274 28273 28473 28472 28672 28671 28871 28870 29070 29270 29269 29469 29669 29668 29868 30068 30268 30468 30668 30868 31068 31268 
Label: 3339
[251,445820,]
3781 3780 3779 3778 3777 3776 3775 3774 3974 4174 4374 4574 4774 4974 5174 5374 5574 5774 5974 5973 6173 6373 6573 6773 6973 6972 6971 6970 6969 6968 6967 6966 6965 6964 6963 6962 6961 6960 6959 6958 6957 6956 6955 6954 6953 6952 6951 6950 6949 6948 6947 6946 6945 6944 6943 6942 6941 6940 6939 6938 6937 6936 6935 6934 6933 7133 7132 7332 7532 7531 7731 7931 7930 8130 8330 8329 8529 8729 8728 8928 9128 9127 9327 9527 9526 9726 9725 9925 10125 10124 10123 10323 10322 10321 10521 10520 10519 10518 10718 10717 10716 10715 10915 10914 10913 11113 11112 11312 11311 11511 11711 11911 12111 12110 12310 12510 12710 12910 13110 13310 13510 13710 13910 14110 14310 14510 14509 14709 14909 15109 15309 15509 15709 15909 16109 16309 16509 16709 16708 16908 17108 17308 17508 17708 17908 18108 18308 18508 18708 18908 19108 19308 19508 19708 19908 20108 20107 20307 20507 20506 20706 20906 20905 21105 21305 21505 21504 21704 21904 22104 22304 22504 22704 22904 23104 23304 23504 23704 23904 24104 24304 24504 24704 24904 25104 25304 25504 25704 25904 26104 26304 26504 26704 26904 27104 27103 27303 27302 27502 27702 27701 27901 27900 28100 28099 28299 28298 28297 28296 28295 28294 28293 28292 28291 28290 28289 28288 28287 28286 28285 28284 28283 28282 28281 28280 28279 28278 28277 28276 28275 28274 28273 28473 28472 28672 28671 28871 28870 29070 29270 29269 29469 29669 29668 29868 30068 30268 30468 30668 30868 31068 31268 
Label: 4847
[253,443442,]
3781 3780 3779 3778 3777 3776 3775 3774 3974 4174 4374 4574 4774 4974 5174 5374 5574 5774 5974 5973 6173 6373 6573 6773 6973 6972 6971 6970 6969 6968 6967 6966 6965 6964 6963 6962 6961 6960 6959 6958 6957 6956 6955 6954 6953 6952 6752 6751 6750 6749 6748 6747 6746 6745 6744 6743 6742 6741 6740 6739 6738 6737 6736 6735 6734 6733 6933 7133 7132 7332 7532 7531 7731 7931 7930 8130 8330 8329 8529 8729 8728 8928 9128 9127 9327 9527 9526 9726 9725 9925 10125 10124 10123 10323 10322 10321 10521 10520 10519 10518 10718 10717 10716 10715 10915 10914 10913 11113 11112 11312 11311 11511 11711 11911 12111 12110 12310 12510 12710 12910 13110 13310 13510 13710 13910 14110 14310 14510 14509 14709 14909 15109 15309 15509 15709 15909 16109 16309 16509 16709 16708 16908 17108 17308 17508 17708 17908 18108 18308 18508 18708 18908 19108 19308 19508 19708 19908 20108 20107 20307 20507 20506 20706 20906 20905 21105 21305 21505 21504 21704 21904 22104 22304 22504 22704 22904 23104 23304 23504 23704 23904 24104 24304 24504 24704 24904 25104 25304 25504 25704 25904 26104 26304 26504 26704 26904 27104 27103 27303 27302 27502 27702 27701 27901 27900 28100 28099 28299 28298 28297 28296 28295 28294 28293 28292 28291 28290 28289 28288 28287 28286 28285 28284 28283 28282 28281 28280 28279 28278 28277 28276 28275 28274 28273 28473 28472 28672 28671 28871 28870 29070 29270 29269 29469 29669 29668 29868 30068 30268 30468 30668 30868 31068 31268 
Label: 22619
[285,378307,]
3781 3780 3779 3778 3777 3776 3775 3774 3574 3573 3373 3173 2973 2972 2772 2572 2571 2371 2370 2170 1970 1969 1769 1768 1568 1567 1367 1167 1166 966 965 765 565 564 364 363 362 361 360 359 358 357 356 355 354 353 352 351 350 349 348 347 346 345 545 745 744 944 1144 1344 1544 1543 1743 1943 2143 2142 2342 2542 2742 2942 2941 3141 3341 3541 3540 3740 3940 4140 4340 4339 4539 4739 4939 4938 5138 5338 5337 5537 5737 5736 5936 6136 6135 6335 6535 6534 6734 6733 6933 7133 7132 7332 7532 7531 7731 7931 7930 8130 8330 8329 8529 8729 8728 8928 9128 9127 9327 9527 9526 9726 9725 9925 10125 10124 10123 10323 10322 10321 10521 10520 10519 10518 10718 10717 10716 10715 10915 10914 10913 11113 11112 11312 11311 11511 11711 11911 12111 12110 12310 12510 12710 12910 13110 13310 13510 13710 13910 14110 14310 14510 14509 14709 14909 15109 15309 15509 15709 15909 16109 16309 16509 16709 16708 16908 17108 17308 17508 17708 17908 18108 18308 18508 18708 18908 19108 19308 19508 19708 19908 20108 20107 20307 20507 20506 20706 20906 20905 21105 21305 21505 21504 21704 21904 22104 22304 22504 22704 22904 23104 23304 23504 23704 23904 24104 24304 24504 24704 24904 25104 25304 25504 25704 25904 26104 26304 26504 26704 26904 27104 27103 27303 27302 27502 27702 27701 27901 27900 28100 28099 28299 28298 28297 28296 28295 28294 28293 28292 28291 28290 28289 28288 28287 28286 28285 28284 28283 28282 28281 28280 28279 28278 28277 28276 28275 28274 28273 28473 28472 28672 28671 28871 28870 29070 29270 29269 29469 29669 29668 29868 30068 30268 30468 30668 30868 31068 31268 
Label: 9859
[261,439626,]
3781 3780 3779 3778 3777 3776 3775 3774 3974 4174 4374 4574 4774 4974 5174 5374 5574 5774 5974 5973 6173 6373 6573 6773 6973 6972 7172 7372 7371 7370 7369 7368 7367 7366 7365 7364 7363 7362 7361 7360 7359 7358 7158 7157 7156 7155 6955 6954 6953 6952 6752 6751 6750 6550 6549 6548 6348 6347 6346 6345 6344 6343 6342 6341 6340 6339 6338 6337 6336 6335 6535 6534 6734 6733 6933 7133 7132 7332 7532 7531 7731 7931 7930 8130 8330 8329 8529 8729 8728 8928 9128 9127 9327 9527 9526 9726 9725 9925 10125 10124 10123 10323 10322 10321 10521 10520 10519 10518 10718 10717 10716 10715 10915 10914 10913 11113 11112 11312 11311 11511 11711 11911 12111 12110 12310 12510 12710 12910 13110 13310 13510 13710 13910 14110 14310 14510 14509 14709 14909 15109 15309 15509 15709 15909 16109 16309 16509 16709 16708 16908 17108 17308 17508 17708 17908 18108 18308 18508 18708 18908 19108 19308 19508 19708 19908 20108 20107 20307 20507 20506 20706 20906 20905 21105 21305 21505 21504 21704 21904 22104 22304 22504 22704 22904 23104 23304 23504 23704 23904 24104 24304 24504 24704 24904 25104 25304 25504 25704 25904 26104 26304 26504 26704 26904 27104 27103 27303 27302 27502 27702 27701 27901 27900 28100 28099 28299 28298 28297 28296 28295 28294 28293 28292 28291 28290 28289 28288 28287 28286 28285 28284 28283 28282 28281 28280 28279 28278 28277 28276 28275 28274 28273 28473 28472 28672 28671 28871 28870 29070 29270 29269 29469 29669 29668 29868 30068 30268 30468 30668 30868 31068 31268 
Label: 20531
[281,378670,]
3781 3780 3779 3778 3777 3776 3775 3774 3574 3573 3373 3173 2973 2972 2772 2572 2571 2371 2370 2170 1970 1969 1769 1768 1568 1567 1367 1167 1166 966 965 765 764 763 762 761 760 759 758 757 756 755 754 753 752 751 750 749 748 747 746 745 744 944 1144 1344 1544 1543 1743 1943 2143 2142 2342 2542 2742 2942 2941 3141 3341 3541 3540 3740 3940 4140 4340 4339 4539 4739 4939 4938 5138 5338 5337 5537 5737 5736 5936 6136 6135 6335 6535 6534 6734 6733 6933 7133 7132 7332 7532 7531 7731 7931 7930 8130 8330 8329 8529 8729 8728 8928 9128 9127 9327 9527 9526 9726 9725 9925 10125 10124 10123 10323 10322 10321 10521 10520 10519 10518 10718 10717 10716 10715 10915 10914 10913 11113 11112 11312 11311 11511 11711 11911 12111 12110 12310 12510 12710 12910 13110 13310 13510 13710 13910 14110 14310 14510 14509 14709 14909 15109 15309 15509 15709 15909 16109 16309 16509 16709 16708 16908 17108 17308 17508 17708 17908 18108 18308 18508 18708 18908 19108 19308 19508 19708 19908 20108 20107 20307 20507 20506 20706 20906 20905 21105 21305 21505 21504 21704 21904 22104 22304 22504 22704 22904 23104 23304 23504 23704 23904 24104 24304 24504 24704 24904 25104 25304 25504 25704 25904 26104 26304 26504 26704 26904 27104 27103 27303 27302 27502 27702 27701 27901 27900 28100 28099 28299 28298 28297 28296 28295 28294 28293 28292 28291 28290 28289 28288 28287 28286 28285 28284 28283 28282 28281 28280 28279 28278 28277 28276 28275 28274 28273 28473 28472 28672 28671 28871 28870 29070 29270 29269 29469 29669 29668 29868 30068 30268 30468 30668 30868 31068 31268 
Label: 12051
[265,413060,]
3781 3780 3779 3778 3777 3776 3775 3774 3574 3573 3373 3173 2973 2972 2772 2572 2571 2371 2370 2369 2368 2367 2366 2365 2364 2363 2362 2361 2360 2359 2358 2357 2356 2355 2354 2353 2352 2351 2350 2349 2348 2347 2346 2345 2344 2343 2342 2542 2742 2942 2941 3141 3341 3541 3540 3740 3940 4140 4340 4339 4539 4739 4939 4938 5138 5338 5337 5537 5737 5736 5936 6136 6135 6335 6535 6534 6734 6733 6933 7133 7132 7332 7532 7531 7731 7931 7930 8130 8330 8329 8529 8729 8728 8928 9128 9127 9327 9527 9526 9726 9725 9925 10125 10124 10123 10323 10322 10321 10521 10520 10519 10518 10718 10717 10716 10715 10915 10914 10913 11113 11112 11312 11311 11511 11711 11911 12111 12110 12310 12510 12710 12910 13110 13310 13510 13710 13910 14110 14310 14510 14509 14709 14909 15109 15309 15509 15709 15909 16109 16309 16509 16709 16708 16908 17108 17308 17508 17708 17908 18108 18308 18508 18708 18908 19108 19308 19508 19708 19908 20108 20107 20307 20507 20506 20706 20906 20905 21105 21305 21505 21504 21704 21904 22104 22304 22504 22704 22904 23104 23304 23504 23704 23904 24104 24304 24504 24704 24904 25104 25304 25504 25704 25904 26104 26304 26504 26704 26904 27104 27103 27303 27302 27502 27702 27701 27901 27900 28100 28099 28299 28298 28297 28296 28295 28294 28293 28292 28291 28290 28289 28288 28287 28286 28285 28284 28283 28282 28281 28280 28279 28278 28277 28276 28275 28274 28273 28473 28472 28672 28671 28871 28870 29070 29270 29269 29469 29669 29668 29868 30068 30268 30468 30668 30868 31068 31268 
