graph_load_time: 0.301124
n_generated: 15467
n_expanded: 5422
n_domCheck: 35644
rt_initHeu: 0.319375
rt_search: 0.165566
N: 18
Label: 10787
[284,1934486,]
6387 6388 6389 6390 6391 6392 6393 6394 6395 6595 6795 6995 7195 7395 7595 7795 7995 8195 8395 8595 8795 8995 9195 9395 9595 9795 9995 10195 10395 10595 10795 10995 11195 11395 11595 11795 11995 12195 12194 12193 12192 12191 12190 12189 12188 12187 12186 12386 12385 12384 12383 12382 12381 12581 12580 12579 12578 12577 12576 12575 12775 12774 12773 12772 12771 12770 12769 12768 12767 12766 12765 12764 12763 12762 12761 12760 12759 12758 12757 12957 12956 12955 12954 13154 13153 13152 13151 13150 13350 13349 13348 13347 13346 13546 13545 13544 13543 13743 13742 13942 13941 13940 14140 14340 14339 14539 14538 14738 14737 14937 14936 15136 15135 15134 15334 15333 15332 15331 15330 15530 15529 15528 15527 15727 15726 15725 15724 15924 15923 15922 15921 15920 15919 15918 15917 15916 15915 15914 15913 16113 16112 16111 16311 16310 16309 16509 16508 16507 16707 16706 16906 16905 17105 17104 17304 17504 17503 17703 17903 18103 18303 18503 18703 18903 19103 19303 19503 19703 19702 19701 19700 19699 19698 19697 19696 19695 19694 19693 19692 19691 19690 19689 19688 19687 19887 20087 20287 20487 20687 20887 21087 21287 21487 21687 21887 22087 22287 22487 22687 22887 23087 23287 23487 23687 23887 23886 24086 24085 24285 24284 24484 24483 24482 24682 24681 24881 24880 25080 25280 25480 25680 25880 26080 26280 26480 26680 26880 27080 27280 27480 27680 27880 28080 28280 28480 28479 28679 28678 28878 28877 28876 28875 28874 28873 28872 28871 28870 28869 28868 28867 28866 28865 28864 28863 28862 28861 28860 28859 28858 28857 29057 29056 29055 29255 29254 29253 29453 29452 29451 29651 29650 29850 30050 30250 30450 30650 30850 31050 31250 31450 31650 31850 32050 32250 32450 
Label: 21488
[302,1715546,]
6387 6187 5987 5787 5587 5387 5388 5389 5390 5391 5392 5393 5394 5395 5396 5397 5398 5399 5599 5799 5999 6199 6399 6599 6799 6999 7199 7399 7599 7799 7999 8199 8399 8599 8799 8999 9199 9399 9599 9799 9999 10199 10399 10599 10799 10999 11199 11399 11599 11799 11999 12199 12198 12197 12196 12195 12194 12193 12192 12191 12190 12189 12188 12187 12186 12386 12385 12384 12383 12382 12381 12581 12580 12579 12578 12577 12576 12575 12775 12774 12773 12772 12771 12770 12769 12768 12767 12766 12765 12764 12763 12762 12761 12760 12759 12758 12757 12957 12956 12955 12954 13154 13153 13152 13151 13150 13350 13349 13348 13347 13346 13546 13545 13544 13543 13743 13742 13942 13941 13940 14140 14340 14339 14539 14538 14738 14737 14937 14936 15136 15135 15134 15334 15333 15332 15331 15330 15530 15529 15528 15527 15727 15726 15725 15724 15924 15923 15922 15921 15920 15919 15918 15917 15916 15915 15914 15913 16113 16112 16111 16311 16310 16309 16509 16508 16507 16707 16706 16906 16905 17105 17104 17304 17504 17503 17703 17903 18103 18303 18503 18703 18903 19103 19303 19503 19703 19702 19701 19700 19699 19698 19697 19696 19695 19694 19693 19692 19691 19690 19689 19688 19687 19887 20087 20287 20487 20687 20887 21087 21287 21487 21687 21887 22087 22287 22487 22687 22887 23087 23287 23487 23687 23887 23886 24086 24085 24285 24284 24484 24483 24482 24682 24681 24881 24880 25080 25280 25480 25680 25880 26080 26280 26480 26680 26880 27080 27280 27480 27680 27880 28080 28280 28480 28479 28679 28678 28878 28877 28876 28875 28874 28873 28872 28871 28870 28869 28868 28867 28866 28865 28864 28863 28862 28861 28860 28859 28858 28857 29057 29056 29055 29255 29254 29253 29453 29452 29451 29651 29650 29850 30050 30250 30450 30650 30850 31050 31250 31450 31650 31850 32050 32250 32450 
Label: 15741
[292,1793950,]
6387 6388 6389 6390 6391 6392 6393 6394 6395 6396 6397 6398 6399 6599 6799 6999 7199 7399 7599 7799 7999 8199 8399 8599 8799 8999 9199 9399 9599 9799 9999 10199 10399 10599 10799 10999 11199 11399 11599 11799 11999 12199 12198 12197 12196 12195 12194 12193 12192 12191 12190 12189 12188 12187 12186 12386 12385 12384 12383 12382 12381 12581 12580 12579 12578 12577 12576 12575 12775 12774 12773 12772 12771 12770 12769 12768 12767 12766 12765 12764 12763 12762 12761 12760 12759 12758 12757 12957 12956 12955 12954 13154 13153 13152 13151 13150 13350 13349 13348 13347 13346 13546 13545 13544 13543 13743 13742 13942 13941 13940 14140 14340 14339 14539 14538 14738 14737 14937 14936 15136 15135 15134 15334 15333 15332 15331 15330 15530 15529 15528 15527 15727 15726 15725 15724 15924 15923 15922 15921 15920 15919 15918 15917 15916 15915 15914 15913 16113 16112 16111 16311 16310 16309 16509 16508 16507 16707 16706 16906 16905 17105 17104 17304 17504 17503 17703 17903 18103 18303 18503 18703 18903 19103 19303 19503 19703 19702 19701 19700 19699 19698 19697 19696 19695 19694 19693 19692 19691 19690 19689 19688 19687 19887 20087 20287 20487 20687 20887 21087 21287 21487 21687 21887 22087 22287 22487 22687 22887 23087 23287 23487 23687 23887 23886 24086 24085 24285 24284 24484 24483 24482 24682 24681 24881 24880 25080 25280 25480 25680 25880 26080 26280 26480 26680 26880 27080 27280 27480 27680 27880 28080 28280 28480 28479 28679 28678 28878 28877 28876 28875 28874 28873 28872 28871 28870 28869 28868 28867 28866 28865 28864 28863 28862 28861 28860 28859 28858 28857 29057 29056 29055 29255 29254 29253 29453 29452 29451 29651 29650 29850 30050 30250 30450 30650 30850 31050 31250 31450 31650 31850 32050 32250 32450 
Label: 8375
[280,2017250,]
6387 6587 6787 6987 7187 7387 7587 7787 7987 8187 8188 8388 8389 8390 8590 8591 8592 8593 8793 8993 9193 9393 9593 9793 9993 10193 10393 10593 10793 10993 11193 11393 11593 11793 11993 12193 12192 12191 12190 12189 12188 12187 12186 12386 12385 12384 12383 12382 12381 12581 12580 12579 12578 12577 12576 12575 12775 12774 12773 12772 12771 12770 12769 12768 12767 12766 12765 12764 12763 12762 12761 12760 12759 12758 12757 12957 12956 12955 12954 13154 13153 13152 13151 13150 13350 13349 13348 13347 13346 13546 13545 13544 13543 13743 13742 13942 13941 13940 14140 14340 14339 14539 14538 14738 14737 14937 14936 15136 15135 15134 15334 15333 15332 15331 15330 15530 15529 15528 15527 15727 15726 15725 15724 15924 15923 15922 15921 15920 15919 15918 15917 15916 15915 15914 15913 16113 16112 16111 16311 16310 16309 16509 16508 16507 16707 16706 16906 16905 17105 17104 17304 17504 17503 17703 17903 18103 18303 18503 18703 18903 19103 19303 19503 19703 19702 19701 19700 19699 19698 19697 19696 19695 19694 19693 19692 19691 19690 19689 19688 19687 19887 20087 20287 20487 20687 20887 21087 21287 21487 21687 21887 22087 22287 22487 22687 22887 23087 23287 23487 23687 23887 23886 24086 24085 24285 24284 24484 24483 24482 24682 24681 24881 24880 25080 25280 25480 25680 25880 26080 26280 26480 26680 26880 27080 27280 27480 27680 27880 28080 28280 28480 28479 28679 28678 28878 28877 28876 28875 28874 28873 28872 28871 28870 28869 28868 28867 28866 28865 28864 28863 28862 28861 28860 28859 28858 28857 29057 29056 29055 29255 29254 29253 29453 29452 29451 29651 29650 29850 30050 30250 30450 30650 30850 31050 31250 31450 31650 31850 32050 32250 32450 
Label: 3735
[272,2065346,]
6387 6587 6787 6987 7187 7387 7587 7787 7987 8187 8188 8388 8389 8589 8789 8989 9189 9389 9589 9789 9989 10189 10389 10589 10789 10989 11189 11389 11589 11789 11989 12189 12188 12187 12186 12386 12385 12384 12383 12382 12381 12581 12580 12579 12578 12577 12576 12575 12775 12774 12773 12772 12771 12770 12769 12768 12767 12766 12765 12764 12763 12762 12761 12760 12759 12758 12757 12957 12956 12955 12954 13154 13153 13152 13151 13150 13350 13349 13348 13347 13346 13546 13545 13544 13543 13743 13742 13942 13941 13940 14140 14340 14339 14539 14538 14738 14737 14937 14936 15136 15135 15134 15334 15333 15332 15331 15330 15530 15529 15528 15527 15727 15726 15725 15724 15924 15923 15922 15921 15920 15919 15918 15917 15916 15915 15914 15913 16113 16112 16111 16311 16310 16309 16509 16508 16507 16707 16706 16906 16905 17105 17104 17304 17504 17503 17703 17903 18103 18303 18503 18703 18903 19103 19303 19503 19703 19702 19701 19700 19699 19698 19697 19696 19695 19694 19693 19692 19691 19690 19689 19688 19687 19887 20087 20287 20487 20687 20887 21087 21287 21487 21687 21887 22087 22287 22487 22687 22887 23087 23287 23487 23687 23887 23886 24086 24085 24285 24284 24484 24483 24482 24682 24681 24881 24880 25080 25280 25480 25680 25880 26080 26280 26480 26680 26880 27080 27280 27480 27680 27880 28080 28280 28480 28479 28679 28678 28878 28877 28876 28875 28874 28873 28872 28871 28870 28869 28868 28867 28866 28865 28864 28863 28862 28861 28860 28859 28858 28857 29057 29056 29055 29255 29254 29253 29453 29452 29451 29651 29650 29850 30050 30250 30450 30650 30850 31050 31250 31450 31650 31850 32050 32250 32450 
Label: 20379
[300,1718897,]
6387 6187 5987 5787 5587 5588 5589 5590 5591 5592 5593 5594 5595 5596 5597 5598 5599 5799 5999 6199 6399 6599 6799 6999 7199 7399 7599 7799 7999 8199 8399 8599 8799 8999 9199 9399 9599 9799 9999 10199 10399 10599 10799 10999 11199 11399 11599 11799 11999 12199 12198 12197 12196 12195 12194 12193 12192 12191 12190 12189 12188 12187 12186 12386 12385 12384 12383 12382 12381 12581 12580 12579 12578 12577 12576 12575 12775 12774 12773 12772 12771 12770 12769 12768 12767 12766 12765 12764 12763 12762 12761 12760 12759 12758 12757 12957 12956 12955 12954 13154 13153 13152 13151 13150 13350 13349 13348 13347 13346 13546 13545 13544 13543 13743 13742 13942 13941 13940 14140 14340 14339 14539 14538 14738 14737 14937 14936 15136 15135 15134 15334 15333 15332 15331 15330 15530 15529 15528 15527 15727 15726 15725 15724 15924 15923 15922 15921 15920 15919 15918 15917 15916 15915 15914 15913 16113 16112 16111 16311 16310 16309 16509 16508 16507 16707 16706 16906 16905 17105 17104 17304 17504 17503 17703 17903 18103 18303 18503 18703 18903 19103 19303 19503 19703 19702 19701 19700 19699 19698 19697 19696 19695 19694 19693 19692 19691 19690 19689 19688 19687 19887 20087 20287 20487 20687 20887 21087 21287 21487 21687 21887 22087 22287 22487 22687 22887 23087 23287 23487 23687 23887 23886 24086 24085 24285 24284 24484 24483 24482 24682 24681 24881 24880 25080 25280 25480 25680 25880 26080 26280 26480 26680 26880 27080 27280 27480 27680 27880 28080 28280 28480 28479 28679 28678 28878 28877 28876 28875 28874 28873 28872 28871 28870 28869 28868 28867 28866 28865 28864 28863 28862 28861 28860 28859 28858 28857 29057 29056 29055 29255 29254 29253 29453 29452 29451 29651 29650 29850 30050 30250 30450 30650 30850 31050 31250 31450 31650 31850 32050 32250 32450 
Label: 18110
[296,1751155,]
6387 6187 5987 5988 5989 5990 5991 5992 5993 5994 5995 5996 5997 5998 5999 6199 6399 6599 6799 6999 7199 7399 7599 7799 7999 8199 8399 8599 8799 8999 9199 9399 9599 9799 9999 10199 10399 10599 10799 10999 11199 11399 11599 11799 11999 12199 12198 12197 12196 12195 12194 12193 12192 12191 12190 12189 12188 12187 12186 12386 12385 12384 12383 12382 12381 12581 12580 12579 12578 12577 12576 12575 12775 12774 12773 12772 12771 12770 12769 12768 12767 12766 12765 12764 12763 12762 12761 12760 12759 12758 12757 12957 12956 12955 12954 13154 13153 13152 13151 13150 13350 13349 13348 13347 13346 13546 13545 13544 13543 13743 13742 13942 13941 13940 14140 14340 14339 14539 14538 14738 14737 14937 14936 15136 15135 15134 15334 15333 15332 15331 15330 15530 15529 15528 15527 15727 15726 15725 15724 15924 15923 15922 15921 15920 15919 15918 15917 15916 15915 15914 15913 16113 16112 16111 16311 16310 16309 16509 16508 16507 16707 16706 16906 16905 17105 17104 17304 17504 17503 17703 17903 18103 18303 18503 18703 18903 19103 19303 19503 19703 19702 19701 19700 19699 19698 19697 19696 19695 19694 19693 19692 19691 19690 19689 19688 19687 19887 20087 20287 20487 20687 20887 21087 21287 21487 21687 21887 22087 22287 22487 22687 22887 23087 23287 23487 23687 23887 23886 24086 24085 24285 24284 24484 24483 24482 24682 24681 24881 24880 25080 25280 25480 25680 25880 26080 26280 26480 26680 26880 27080 27280 27480 27680 27880 28080 28280 28480 28479 28679 28678 28878 28877 28876 28875 28874 28873 28872 28871 28870 28869 28868 28867 28866 28865 28864 28863 28862 28861 28860 28859 28858 28857 29057 29056 29055 29255 29254 29253 29453 29452 29451 29651 29650 29850 30050 30250 30450 30650 30850 31050 31250 31450 31650 31850 32050 32250 32450 
Label: 4883
[274,2052197,]
6387 6587 6787 6987 7187 7387 7587 7787 7987 8187 8188 8388 8389 8390 8590 8790 8990 9190 9390 9590 9790 9990 10190 10390 10590 10790 10990 11190 11390 11590 11790 11990 12190 12189 12188 12187 12186 12386 12385 12384 12383 12382 12381 12581 12580 12579 12578 12577 12576 12575 12775 12774 12773 12772 12771 12770 12769 12768 12767 12766 12765 12764 12763 12762 12761 12760 12759 12758 12757 12957 12956 12955 12954 13154 13153 13152 13151 13150 13350 13349 13348 13347 13346 13546 13545 13544 13543 13743 13742 13942 13941 13940 14140 14340 14339 14539 14538 14738 14737 14937 14936 15136 15135 15134 15334 15333 15332 15331 15330 15530 15529 15528 15527 15727 15726 15725 15724 15924 15923 15922 15921 15920 15919 15918 15917 15916 15915 15914 15913 16113 16112 16111 16311 16310 16309 16509 16508 16507 16707 16706 16906 16905 17105 17104 17304 17504 17503 17703 17903 18103 18303 18503 18703 18903 19103 19303 19503 19703 19702 19701 19700 19699 19698 19697 19696 19695 19694 19693 19692 19691 19690 19689 19688 19687 19887 20087 20287 20487 20687 20887 21087 21287 21487 21687 21887 22087 22287 22487 22687 22887 23087 23287 23487 23687 23887 23886 24086 24085 24285 24284 24484 24483 24482 24682 24681 24881 24880 25080 25280 25480 25680 25880 26080 26280 26480 26680 26880 27080 27280 27480 27680 27880 28080 28280 28480 28479 28679 28678 28878 28877 28876 28875 28874 28873 28872 28871 28870 28869 28868 28867 28866 28865 28864 28863 28862 28861 28860 28859 28858 28857 29057 29056 29055 29255 29254 29253 29453 29452 29451 29651 29650 29850 30050 30250 30450 30650 30850 31050 31250 31450 31650 31850 32050 32250 32450 
Label: 7203
[278,2028132,]
6387 6587 6787 6987 7187 7387 7587 7787 7987 8187 8188 8388 8389 8390 8590 8591 8592 8792 8992 9192 9392 9592 9792 9992 10192 10392 10592 10792 10992 11192 11392 11592 11792 11992 12192 12191 12190 12189 12188 12187 12186 12386 12385 12384 12383 12382 12381 12581 12580 12579 12578 12577 12576 12575 12775 12774 12773 12772 12771 12770 12769 12768 12767 12766 12765 12764 12763 12762 12761 12760 12759 12758 12757 12957 12956 12955 12954 13154 13153 13152 13151 13150 13350 13349 13348 13347 13346 13546 13545 13544 13543 13743 13742 13942 13941 13940 14140 14340 14339 14539 14538 14738 14737 14937 14936 15136 15135 15134 15334 15333 15332 15331 15330 15530 15529 15528 15527 15727 15726 15725 15724 15924 15923 15922 15921 15920 15919 15918 15917 15916 15915 15914 15913 16113 16112 16111 16311 16310 16309 16509 16508 16507 16707 16706 16906 16905 17105 17104 17304 17504 17503 17703 17903 18103 18303 18503 18703 18903 19103 19303 19503 19703 19702 19701 19700 19699 19698 19697 19696 19695 19694 19693 19692 19691 19690 19689 19688 19687 19887 20087 20287 20487 20687 20887 21087 21287 21487 21687 21887 22087 22287 22487 22687 22887 23087 23287 23487 23687 23887 23886 24086 24085 24285 24284 24484 24483 24482 24682 24681 24881 24880 25080 25280 25480 25680 25880 26080 26280 26480 26680 26880 27080 27280 27480 27680 27880 28080 28280 28480 28479 28679 28678 28878 28877 28876 28875 28874 28873 28872 28871 28870 28869 28868 28867 28866 28865 28864 28863 28862 28861 28860 28859 28858 28857 29057 29056 29055 29255 29254 29253 29453 29452 29451 29651 29650 29850 30050 30250 30450 30650 30850 31050 31250 31450 31650 31850 32050 32250 32450 
Label: 16942
[294,1773557,]
6387 6187 6188 6189 6190 6191 6192 6193 6194 6195 6196 6197 6198 6199 6399 6599 6799 6999 7199 7399 7599 7799 7999 8199 8399 8599 8799 8999 9199 9399 9599 9799 9999 10199 10399 10599 10799 10999 11199 11399 11599 11799 11999 12199 12198 12197 12196 12195 12194 12193 12192 12191 12190 12189 12188 12187 12186 12386 12385 12384 12383 12382 12381 12581 12580 12579 12578 12577 12576 12575 12775 12774 12773 12772 12771 12770 12769 12768 12767 12766 12765 12764 12763 12762 12761 12760 12759 12758 12757 12957 12956 12955 12954 13154 13153 13152 13151 13150 13350 13349 13348 13347 13346 13546 13545 13544 13543 13743 13742 13942 13941 13940 14140 14340 14339 14539 14538 14738 14737 14937 14936 15136 15135 15134 15334 15333 15332 15331 15330 15530 15529 15528 15527 15727 15726 15725 15724 15924 15923 15922 15921 15920 15919 15918 15917 15916 15915 15914 15913 16113 16112 16111 16311 16310 16309 16509 16508 16507 16707 16706 16906 16905 17105 17104 17304 17504 17503 17703 17903 18103 18303 18503 18703 18903 19103 19303 19503 19703 19702 19701 19700 19699 19698 19697 19696 19695 19694 19693 19692 19691 19690 19689 19688 19687 19887 20087 20287 20487 20687 20887 21087 21287 21487 21687 21887 22087 22287 22487 22687 22887 23087 23287 23487 23687 23887 23886 24086 24085 24285 24284 24484 24483 24482 24682 24681 24881 24880 25080 25280 25480 25680 25880 26080 26280 26480 26680 26880 27080 27280 27480 27680 27880 28080 28280 28480 28479 28679 28678 28878 28877 28876 28875 28874 28873 28872 28871 28870 28869 28868 28867 28866 28865 28864 28863 28862 28861 28860 28859 28858 28857 29057 29056 29055 29255 29254 29253 29453 29452 29451 29651 29650 29850 30050 30250 30450 30650 30850 31050 31250 31450 31650 31850 32050 32250 32450 
Label: 19261
[298,1731653,]
6387 6187 5987 5787 5788 5789 5790 5791 5792 5793 5794 5795 5796 5797 5798 5799 5999 6199 6399 6599 6799 6999 7199 7399 7599 7799 7999 8199 8399 8599 8799 8999 9199 9399 9599 9799 9999 10199 10399 10599 10799 10999 11199 11399 11599 11799 11999 12199 12198 12197 12196 12195 12194 12193 12192 12191 12190 12189 12188 12187 12186 12386 12385 12384 12383 12382 12381 12581 12580 12579 12578 12577 12576 12575 12775 12774 12773 12772 12771 12770 12769 12768 12767 12766 12765 12764 12763 12762 12761 12760 12759 12758 12757 12957 12956 12955 12954 13154 13153 13152 13151 13150 13350 13349 13348 13347 13346 13546 13545 13544 13543 13743 13742 13942 13941 13940 14140 14340 14339 14539 14538 14738 14737 14937 14936 15136 15135 15134 15334 15333 15332 15331 15330 15530 15529 15528 15527 15727 15726 15725 15724 15924 15923 15922 15921 15920 15919 15918 15917 15916 15915 15914 15913 16113 16112 16111 16311 16310 16309 16509 16508 16507 16707 16706 16906 16905 17105 17104 17304 17504 17503 17703 17903 18103 18303 18503 18703 18903 19103 19303 19503 19703 19702 19701 19700 19699 19698 19697 19696 19695 19694 19693 19692 19691 19690 19689 19688 19687 19887 20087 20287 20487 20687 20887 21087 21287 21487 21687 21887 22087 22287 22487 22687 22887 23087 23287 23487 23687 23887 23886 24086 24085 24285 24284 24484 24483 24482 24682 24681 24881 24880 25080 25280 25480 25680 25880 26080 26280 26480 26680 26880 27080 27280 27480 27680 27880 28080 28280 28480 28479 28679 28678 28878 28877 28876 28875 28874 28873 28872 28871 28870 28869 28868 28867 28866 28865 28864 28863 28862 28861 28860 28859 28858 28857 29057 29056 29055 29255 29254 29253 29453 29452 29451 29651 29650 29850 30050 30250 30450 30650 30850 31050 31250 31450 31650 31850 32050 32250 32450 
Label: 1455
[268,2094279,]
6387 6587 6787 6987 7187 7387 7587 7787 7987 8187 8387 8587 8787 8987 9187 9387 9587 9787 9987 10187 10387 10587 10787 10987 11187 11387 11587 11787 11987 12187 12186 12386 12385 12384 12383 12382 12381 12581 12580 12579 12578 12577 12576 12575 12775 12774 12773 12772 12771 12770 12769 12768 12767 12766 12765 12764 12763 12762 12761 12760 12759 12758 12757 12957 12956 12955 12954 13154 13153 13152 13151 13150 13350 13349 13348 13347 13346 13546 13545 13544 13543 13743 13742 13942 13941 13940 14140 14340 14339 14539 14538 14738 14737 14937 14936 15136 15135 15134 15334 15333 15332 15331 15330 15530 15529 15528 15527 15727 15726 15725 15724 15924 15923 15922 15921 15920 15919 15918 15917 15916 15915 15914 15913 16113 16112 16111 16311 16310 16309 16509 16508 16507 16707 16706 16906 16905 17105 17104 17304 17504 17503 17703 17903 18103 18303 18503 18703 18903 19103 19303 19503 19703 19702 19701 19700 19699 19698 19697 19696 19695 19694 19693 19692 19691 19690 19689 19688 19687 19887 20087 20287 20487 20687 20887 21087 21287 21487 21687 21887 22087 22287 22487 22687 22887 23087 23287 23487 23687 23887 23886 24086 24085 24285 24284 24484 24483 24482 24682 24681 24881 24880 25080 25280 25480 25680 25880 26080 26280 26480 26680 26880 27080 27280 27480 27680 27880 28080 28280 28480 28479 28679 28678 28878 28877 28876 28875 28874 28873 28872 28871 28870 28869 28868 28867 28866 28865 28864 28863 28862 28861 28860 28859 28858 28857 29057 29056 29055 29255 29254 29253 29453 29452 29451 29651 29650 29850 30050 30250 30450 30650 30850 31050 31250 31450 31650 31850 32050 32250 32450 
Label: 2591
[270,2079373,]
6387 6587 6787 6987 7187 7387 7587 7787 7987 8187 8188 8388 8588 8788 8988 9188 9388 9588 9788 9988 10188 10388 10588 10788 10988 11188 11388 11588 11788 11988 12188 12187 12186 12386 12385 12384 12383 12382 12381 12581 12580 12579 12578 12577 12576 12575 12775 12774 12773 12772 12771 12770 12769 12768 12767 12766 12765 12764 12763 12762 12761 12760 12759 12758 12757 12957 12956 12955 12954 13154 13153 13152 13151 13150 13350 13349 13348 13347 13346 13546 13545 13544 13543 13743 13742 13942 13941 13940 14140 14340 14339 14539 14538 14738 14737 14937 14936 15136 15135 15134 15334 15333 15332 15331 15330 15530 15529 15528 15527 15727 15726 15725 15724 15924 15923 15922 15921 15920 15919 15918 15917 15916 15915 15914 15913 16113 16112 16111 16311 16310 16309 16509 16508 16507 16707 16706 16906 16905 17105 17104 17304 17504 17503 17703 17903 18103 18303 18503 18703 18903 19103 19303 19503 19703 19702 19701 19700 19699 19698 19697 19696 19695 19694 19693 19692 19691 19690 19689 19688 19687 19887 20087 20287 20487 20687 20887 21087 21287 21487 21687 21887 22087 22287 22487 22687 22887 23087 23287 23487 23687 23887 23886 24086 24085 24285 24284 24484 24483 24482 24682 24681 24881 24880 25080 25280 25480 25680 25880 26080 26280 26480 26680 26880 27080 27280 27480 27680 27880 28080 28280 28480 28479 28679 28678 28878 28877 28876 28875 28874 28873 28872 28871 28870 28869 28868 28867 28866 28865 28864 28863 28862 28861 28860 28859 28858 28857 29057 29056 29055 29255 29254 29253 29453 29452 29451 29651 29650 29850 30050 30250 30450 30650 30850 31050 31250 31450 31650 31850 32050 32250 32450 
Label: 6039
[276,2039820,]
6387 6587 6787 6987 7187 7387 7587 7787 7987 8187 8188 8388 8389 8390 8590 8591 8791 8991 9191 9391 9591 9791 9991 10191 10391 10591 10791 10991 11191 11391 11591 11791 11991 12191 12190 12189 12188 12187 12186 12386 12385 12384 12383 12382 12381 12581 12580 12579 12578 12577 12576 12575 12775 12774 12773 12772 12771 12770 12769 12768 12767 12766 12765 12764 12763 12762 12761 12760 12759 12758 12757 12957 12956 12955 12954 13154 13153 13152 13151 13150 13350 13349 13348 13347 13346 13546 13545 13544 13543 13743 13742 13942 13941 13940 14140 14340 14339 14539 14538 14738 14737 14937 14936 15136 15135 15134 15334 15333 15332 15331 15330 15530 15529 15528 15527 15727 15726 15725 15724 15924 15923 15922 15921 15920 15919 15918 15917 15916 15915 15914 15913 16113 16112 16111 16311 16310 16309 16509 16508 16507 16707 16706 16906 16905 17105 17104 17304 17504 17503 17703 17903 18103 18303 18503 18703 18903 19103 19303 19503 19703 19702 19701 19700 19699 19698 19697 19696 19695 19694 19693 19692 19691 19690 19689 19688 19687 19887 20087 20287 20487 20687 20887 21087 21287 21487 21687 21887 22087 22287 22487 22687 22887 23087 23287 23487 23687 23887 23886 24086 24085 24285 24284 24484 24483 24482 24682 24681 24881 24880 25080 25280 25480 25680 25880 26080 26280 26480 26680 26880 27080 27280 27480 27680 27880 28080 28280 28480 28479 28679 28678 28878 28877 28876 28875 28874 28873 28872 28871 28870 28869 28868 28867 28866 28865 28864 28863 28862 28861 28860 28859 28858 28857 29057 29056 29055 29255 29254 29253 29453 29452 29451 29651 29650 29850 30050 30250 30450 30650 30850 31050 31250 31450 31650 31850 32050 32250 32450 
Label: 12019
[286,1890433,]
6387 6388 6389 6390 6391 6392 6393 6394 6395 6396 6596 6796 6996 7196 7396 7596 7796 7996 8196 8396 8596 8796 8996 9196 9396 9596 9796 9996 10196 10396 10596 10796 10996 11196 11396 11596 11796 11996 12196 12195 12194 12193 12192 12191 12190 12189 12188 12187 12186 12386 12385 12384 12383 12382 12381 12581 12580 12579 12578 12577 12576 12575 12775 12774 12773 12772 12771 12770 12769 12768 12767 12766 12765 12764 12763 12762 12761 12760 12759 12758 12757 12957 12956 12955 12954 13154 13153 13152 13151 13150 13350 13349 13348 13347 13346 13546 13545 13544 13543 13743 13742 13942 13941 13940 14140 14340 14339 14539 14538 14738 14737 14937 14936 15136 15135 15134 15334 15333 15332 15331 15330 15530 15529 15528 15527 15727 15726 15725 15724 15924 15923 15922 15921 15920 15919 15918 15917 15916 15915 15914 15913 16113 16112 16111 16311 16310 16309 16509 16508 16507 16707 16706 16906 16905 17105 17104 17304 17504 17503 17703 17903 18103 18303 18503 18703 18903 19103 19303 19503 19703 19702 19701 19700 19699 19698 19697 19696 19695 19694 19693 19692 19691 19690 19689 19688 19687 19887 20087 20287 20487 20687 20887 21087 21287 21487 21687 21887 22087 22287 22487 22687 22887 23087 23287 23487 23687 23887 23886 24086 24085 24285 24284 24484 24483 24482 24682 24681 24881 24880 25080 25280 25480 25680 25880 26080 26280 26480 26680 26880 27080 27280 27480 27680 27880 28080 28280 28480 28479 28679 28678 28878 28877 28876 28875 28874 28873 28872 28871 28870 28869 28868 28867 28866 28865 28864 28863 28862 28861 28860 28859 28858 28857 29057 29056 29055 29255 29254 29253 29453 29452 29451 29651 29650 29850 30050 30250 30450 30650 30850 31050 31250 31450 31650 31850 32050 32250 32450 
Label: 9579
[282,1979838,]
6387 6388 6389 6390 6391 6392 6393 6394 6594 6794 6994 7194 7394 7594 7794 7994 8194 8394 8594 8794 8994 9194 9394 9594 9794 9994 10194 10394 10594 10794 10994 11194 11394 11594 11794 11994 12194 12193 12192 12191 12190 12189 12188 12187 12186 12386 12385 12384 12383 12382 12381 12581 12580 12579 12578 12577 12576 12575 12775 12774 12773 12772 12771 12770 12769 12768 12767 12766 12765 12764 12763 12762 12761 12760 12759 12758 12757 12957 12956 12955 12954 13154 13153 13152 13151 13150 13350 13349 13348 13347 13346 13546 13545 13544 13543 13743 13742 13942 13941 13940 14140 14340 14339 14539 14538 14738 14737 14937 14936 15136 15135 15134 15334 15333 15332 15331 15330 15530 15529 15528 15527 15727 15726 15725 15724 15924 15923 15922 15921 15920 15919 15918 15917 15916 15915 15914 15913 16113 16112 16111 16311 16310 16309 16509 16508 16507 16707 16706 16906 16905 17105 17104 17304 17504 17503 17703 17903 18103 18303 18503 18703 18903 19103 19303 19503 19703 19702 19701 19700 19699 19698 19697 19696 19695 19694 19693 19692 19691 19690 19689 19688 19687 19887 20087 20287 20487 20687 20887 21087 21287 21487 21687 21887 22087 22287 22487 22687 22887 23087 23287 23487 23687 23887 23886 24086 24085 24285 24284 24484 24483 24482 24682 24681 24881 24880 25080 25280 25480 25680 25880 26080 26280 26480 26680 26880 27080 27280 27480 27680 27880 28080 28280 28480 28479 28679 28678 28878 28877 28876 28875 28874 28873 28872 28871 28870 28869 28868 28867 28866 28865 28864 28863 28862 28861 28860 28859 28858 28857 29057 29056 29055 29255 29254 29253 29453 29452 29451 29651 29650 29850 30050 30250 30450 30650 30850 31050 31250 31450 31650 31850 32050 32250 32450 
Label: 13271
[288,1851168,]
6387 6388 6389 6390 6391 6392 6393 6394 6395 6396 6397 6597 6797 6997 7197 7397 7597 7797 7997 8197 8397 8597 8797 8997 9197 9397 9597 9797 9997 10197 10397 10597 10797 10997 11197 11397 11597 11797 11997 12197 12196 12195 12194 12193 12192 12191 12190 12189 12188 12187 12186 12386 12385 12384 12383 12382 12381 12581 12580 12579 12578 12577 12576 12575 12775 12774 12773 12772 12771 12770 12769 12768 12767 12766 12765 12764 12763 12762 12761 12760 12759 12758 12757 12957 12956 12955 12954 13154 13153 13152 13151 13150 13350 13349 13348 13347 13346 13546 13545 13544 13543 13743 13742 13942 13941 13940 14140 14340 14339 14539 14538 14738 14737 14937 14936 15136 15135 15134 15334 15333 15332 15331 15330 15530 15529 15528 15527 15727 15726 15725 15724 15924 15923 15922 15921 15920 15919 15918 15917 15916 15915 15914 15913 16113 16112 16111 16311 16310 16309 16509 16508 16507 16707 16706 16906 16905 17105 17104 17304 17504 17503 17703 17903 18103 18303 18503 18703 18903 19103 19303 19503 19703 19702 19701 19700 19699 19698 19697 19696 19695 19694 19693 19692 19691 19690 19689 19688 19687 19887 20087 20287 20487 20687 20887 21087 21287 21487 21687 21887 22087 22287 22487 22687 22887 23087 23287 23487 23687 23887 23886 24086 24085 24285 24284 24484 24483 24482 24682 24681 24881 24880 25080 25280 25480 25680 25880 26080 26280 26480 26680 26880 27080 27280 27480 27680 27880 28080 28280 28480 28479 28679 28678 28878 28877 28876 28875 28874 28873 28872 28871 28870 28869 28868 28867 28866 28865 28864 28863 28862 28861 28860 28859 28858 28857 29057 29056 29055 29255 29254 29253 29453 29452 29451 29651 29650 29850 30050 30250 30450 30650 30850 31050 31250 31450 31650 31850 32050 32250 32450 
Label: 14519
[290,1818793,]
6387 6388 6389 6390 6391 6392 6393 6394 6395 6396 6397 6398 6598 6798 6998 7198 7398 7598 7798 7998 8198 8398 8598 8798 8998 9198 9398 9598 9798 9998 10198 10398 10598 10798 10998 11198 11398 11598 11798 11998 12198 12197 12196 12195 12194 12193 12192 12191 12190 12189 12188 12187 12186 12386 12385 12384 12383 12382 12381 12581 12580 12579 12578 12577 12576 12575 12775 12774 12773 12772 12771 12770 12769 12768 12767 12766 12765 12764 12763 12762 12761 12760 12759 12758 12757 12957 12956 12955 12954 13154 13153 13152 13151 13150 13350 13349 13348 13347 13346 13546 13545 13544 13543 13743 13742 13942 13941 13940 14140 14340 14339 14539 14538 14738 14737 14937 14936 15136 15135 15134 15334 15333 15332 15331 15330 15530 15529 15528 15527 15727 15726 15725 15724 15924 15923 15922 15921 15920 15919 15918 15917 15916 15915 15914 15913 16113 16112 16111 16311 16310 16309 16509 16508 16507 16707 16706 16906 16905 17105 17104 17304 17504 17503 17703 17903 18103 18303 18503 18703 18903 19103 19303 19503 19703 19702 19701 19700 19699 19698 19697 19696 19695 19694 19693 19692 19691 19690 19689 19688 19687 19887 20087 20287 20487 20687 20887 21087 21287 21487 21687 21887 22087 22287 22487 22687 22887 23087 23287 23487 23687 23887 23886 24086 24085 24285 24284 24484 24483 24482 24682 24681 24881 24880 25080 25280 25480 25680 25880 26080 26280 26480 26680 26880 27080 27280 27480 27680 27880 28080 28280 28480 28479 28679 28678 28878 28877 28876 28875 28874 28873 28872 28871 28870 28869 28868 28867 28866 28865 28864 28863 28862 28861 28860 28859 28858 28857 29057 29056 29055 29255 29254 29253 29453 29452 29451 29651 29650 29850 30050 30250 30450 30650 30850 31050 31250 31450 31650 31850 32050 32250 32450 
