graph_load_time: 0.537186
n_generated: 9916
n_expanded: 5104
n_domCheck: 36461
rt_initHeu: 0.479604
rt_search: 0.237378
N: 12
Label: 5511
[244,1087920,]
1268 1269 1270 1271 1272 1273 1274 1275 1475 1675 1875 2075 2275 2475 2675 2875 3075 3275 3475 3675 3875 4075 4275 4475 4675 4875 5075 5275 5475 5675 5676 5876 5877 6077 6277 6278 6478 6678 6679 6879 7079 7080 7280 7480 7481 7681 7881 7882 8082 8282 8482 8483 8683 8883 8884 9084 9284 9484 9684 9884 10084 10284 10484 10684 10884 11084 11284 11484 11684 11884 12084 12284 12484 12684 12884 13084 13284 13484 13684 13884 13885 14085 14086 14286 14287 14487 14488 14688 14888 14889 15089 15090 15290 15291 15491 15492 15692 15693 15893 15894 15895 16095 16096 16097 16098 16099 16100 16101 16102 16103 16104 16105 16106 16107 16108 16109 16110 16111 16112 16113 16114 16115 16116 16316 16317 16318 16518 16519 16520 16521 16522 16722 16723 16724 16725 16925 16926 16927 17127 17128 17129 17329 17330 17530 17531 17731 17732 17932 17933 18133 18134 18334 18335 18535 18735 18935 19135 19335 19535 19735 19935 20135 20335 20535 20735 20935 21135 21335 21535 21735 21935 22135 22335 22535 22735 22935 23135 23335 23535 23735 23935 24135 24335 24535 24735 24935 25135 25335 25535 25735 25935 26135 26335 26535 26735 26935 27135 27335 27535 27735 27935 28135 28335 28535 28735 28935 29135 29335 29535 29735 29736 29936 30136 30137 30337 30537 30538 30738 30938 30939 31139 31140 31340 31540 31740 31741 31941 32141 32341 32541 32542 32742 32942 33142 33342 33343 33543 33743 33943 34143 34343 34543 34743 34943 35143 
Label: 6551
[246,1085095,]
1268 1269 1270 1271 1272 1273 1274 1275 1475 1675 1875 2075 2275 2475 2675 2875 3075 3275 3475 3675 3875 4075 4275 4475 4675 4875 5075 5275 5475 5675 5676 5876 5877 6077 6277 6278 6478 6678 6679 6879 7079 7080 7280 7480 7481 7681 7881 7882 8082 8282 8482 8483 8683 8883 8884 9084 9284 9484 9684 9884 10084 10284 10484 10684 10884 11084 11284 11484 11684 11884 12084 12284 12484 12684 12884 13084 13284 13484 13684 13884 13885 14085 14086 14286 14287 14487 14488 14688 14888 14889 15089 15090 15290 15291 15491 15492 15692 15693 15893 15894 15895 16095 16096 16097 16098 16099 16100 16101 16102 16103 16104 16105 16106 16107 16108 16109 16110 16111 16112 16113 16114 16115 16116 16316 16317 16318 16518 16519 16520 16521 16522 16722 16723 16724 16725 16925 16926 16927 17127 17128 17129 17329 17330 17530 17531 17731 17732 17932 17933 18133 18134 18334 18335 18535 18735 18736 18936 19136 19336 19536 19736 19936 20136 20336 20536 20736 20936 21136 21336 21536 21736 21936 21935 22135 22335 22535 22735 22935 23135 23335 23535 23735 23935 24135 24335 24535 24735 24935 25135 25335 25535 25735 25935 26135 26335 26535 26735 26935 27135 27335 27535 27735 27935 28135 28335 28535 28735 28935 29135 29335 29535 29735 29736 29936 30136 30137 30337 30537 30538 30738 30938 30939 31139 31140 31340 31540 31740 31741 31941 32141 32341 32541 32542 32742 32942 33142 33342 33343 33543 33743 33943 34143 34343 34543 34743 34943 35143 
Label: 8319
[250,1081855,]
1268 1269 1270 1271 1272 1273 1274 1275 1475 1675 1875 2075 2275 2475 2675 2875 3075 3275 3475 3675 3875 4075 4275 4475 4675 4875 5075 5275 5475 5675 5676 5876 5877 6077 6277 6278 6478 6678 6679 6879 7079 7080 7280 7480 7481 7681 7881 7882 8082 8282 8482 8483 8683 8883 8884 9084 9284 9484 9684 9884 10084 10284 10484 10684 10884 11084 11284 11484 11684 11884 12084 12284 12484 12684 12884 13084 13284 13484 13684 13884 13885 14085 14086 14286 14287 14487 14488 14688 14888 14889 15089 15090 15290 15291 15491 15492 15692 15693 15893 15894 15895 16095 16096 16097 16098 16099 16100 16101 16102 16103 16104 16105 16106 16107 16108 16109 16110 16111 16112 16113 16114 16115 16116 16316 16317 16318 16518 16519 16520 16521 16522 16722 16723 16724 16725 16925 16926 16927 17127 17128 17129 17329 17330 17530 17531 17731 17732 17932 17933 18133 18134 18334 18335 18535 18735 18736 18936 18937 19137 19337 19537 19737 19937 20137 20337 20537 20737 20937 21137 21337 21537 21737 21736 21936 21935 22135 22335 22334 22534 22734 22934 23134 23334 23534 23734 23934 24134 24334 24534 24734 24934 25134 25334 25534 25734 25934 26134 26334 26534 26734 26934 27134 27334 27534 27734 27934 28134 28334 28534 28734 28934 28935 29135 29335 29535 29735 29736 29936 30136 30137 30337 30537 30538 30738 30938 30939 31139 31140 31340 31540 31740 31741 31941 32141 32341 32541 32542 32742 32942 33142 33342 33343 33543 33743 33943 34143 34343 34543 34743 34943 35143 
Label: 7463
[248,1082889,]
1268 1269 1270 1271 1272 1273 1274 1275 1475 1675 1875 2075 2275 2475 2675 2875 3075 3275 3475 3675 3875 4075 4275 4475 4675 4875 5075 5275 5475 5675 5676 5876 5877 6077 6277 6278 6478 6678 6679 6879 7079 7080 7280 7480 7481 7681 7881 7882 8082 8282 8482 8483 8683 8883 8884 9084 9284 9484 9684 9884 10084 10284 10484 10684 10884 11084 11284 11484 11684 11884 12084 12284 12484 12684 12884 13084 13284 13484 13684 13884 13885 14085 14086 14286 14287 14487 14488 14688 14888 14889 15089 15090 15290 15291 15491 15492 15692 15693 15893 15894 15895 16095 16096 16097 16098 16099 16100 16101 16102 16103 16104 16105 16106 16107 16108 16109 16110 16111 16112 16113 16114 16115 16116 16316 16317 16318 16518 16519 16520 16521 16522 16722 16723 16724 16725 16925 16926 16927 17127 17128 17129 17329 17330 17530 17531 17731 17732 17932 17933 18133 18134 18334 18335 18535 18735 18736 18936 19136 19336 19536 19736 19936 20136 20336 20536 20736 20936 21136 21336 21536 21736 21936 21935 22135 22335 22334 22534 22734 22934 23134 23334 23534 23734 23934 24134 24334 24534 24734 24934 25134 25334 25534 25734 25934 26134 26334 26534 26734 26934 27134 27334 27534 27734 27934 28134 28334 28534 28734 28934 28935 29135 29335 29535 29735 29736 29936 30136 30137 30337 30537 30538 30738 30938 30939 31139 31140 31340 31540 31740 31741 31941 32141 32341 32541 32542 32742 32942 33142 33342 33343 33543 33743 33943 34143 34343 34543 34743 34943 35143 
Label: 19371
[280,1067090,]
1268 1269 1270 1271 1272 1273 1274 1275 1475 1675 1875 2075 2275 2475 2675 2875 3075 3275 3475 3675 3875 4075 4275 4475 4675 4875 5075 5275 5475 5675 5676 5876 5877 6077 6277 6278 6478 6678 6679 6879 7079 7080 7280 7480 7481 7681 7881 7882 8082 8282 8482 8483 8683 8883 9083 9283 9483 9683 9883 10083 10283 10483 10683 10883 11083 11283 11483 11683 11883 12083 12283 12483 12683 12883 13083 13283 13483 13683 13682 13681 13881 13880 14080 14079 14078 14278 14277 14477 14476 14676 14675 14875 14874 15074 15073 15273 15272 15472 15471 15671 15670 15870 15869 16069 16269 16268 16468 16668 16667 16867 17067 17267 17467 17667 17666 17866 18066 18266 18265 18465 18665 18865 19065 19265 19465 19665 19865 20065 20265 20465 20665 20865 21065 21265 21465 21466 21666 21866 21867 22067 22068 22268 22269 22469 22470 22670 22671 22871 22872 23072 23073 23273 23274 23474 23674 23874 24074 24274 24474 24674 24874 25074 25274 25474 25674 25874 26074 26274 26474 26674 26874 27074 27274 27474 27475 27675 27676 27876 27877 28077 28078 28278 28478 28678 28878 29078 29278 29478 29678 29878 30078 30278 30478 30678 30679 30879 30880 31080 31280 31281 31481 31482 31483 31484 31485 31486 31487 31488 31489 31490 31491 31492 31493 31494 31495 31496 31497 31498 31499 31500 31501 31502 31503 31504 31505 31506 31507 31508 31509 31510 31511 31512 31513 31514 31515 31516 31517 31518 31519 31520 31521 31522 31523 31524 31525 31526 31527 31528 31529 31530 31531 31532 31533 31534 31535 31536 31537 31538 31539 31540 31740 31741 31941 32141 32341 32541 32542 32742 32942 33142 33342 33343 33543 33743 33943 34143 34343 34543 34743 34943 35143 
Label: 15603
[272,1080730,]
1268 1269 1270 1271 1272 1273 1274 1275 1475 1675 1875 2075 2275 2475 2675 2875 3075 3275 3475 3675 3875 4075 4275 4475 4675 4875 5075 5275 5475 5675 5676 5876 5877 6077 6277 6278 6478 6678 6679 6879 7079 7080 7280 7480 7481 7681 7881 8081 8281 8481 8681 8881 9081 9281 9481 9681 9881 10081 10281 10481 10681 10881 11081 11281 11481 11681 11881 12081 12281 12481 12681 12881 13081 13281 13481 13681 13881 13880 14080 14079 14078 14278 14277 14477 14476 14676 14675 14875 14874 15074 15073 15273 15272 15472 15471 15671 15670 15870 15869 16069 16269 16268 16468 16668 16667 16867 17067 17267 17467 17667 17867 18067 18267 18467 18667 18867 19067 19267 19467 19667 19867 20067 20267 20467 20667 20867 21067 21267 21467 21667 21867 22067 22068 22268 22269 22469 22470 22670 22671 22871 22872 23072 23073 23273 23274 23474 23674 23874 24074 24274 24474 24674 24874 25074 25274 25474 25674 25874 26074 26274 26474 26674 26874 27074 27274 27474 27475 27675 27676 27876 27877 28077 28078 28278 28478 28678 28878 29078 29278 29478 29678 29878 30078 30278 30478 30678 30679 30879 30880 31080 31280 31281 31481 31482 31483 31484 31485 31486 31487 31488 31489 31490 31491 31492 31493 31494 31495 31496 31497 31498 31499 31500 31501 31502 31503 31504 31505 31506 31507 31508 31509 31510 31511 31512 31513 31514 31515 31516 31517 31518 31519 31520 31521 31522 31523 31524 31525 31526 31527 31528 31529 31530 31531 31532 31533 31534 31535 31536 31537 31538 31539 31540 31740 31741 31941 32141 32341 32541 32542 32742 32942 33142 33342 33343 33543 33743 33943 34143 34343 34543 34743 34943 35143 
Label: 16731
[274,1074904,]
1268 1269 1270 1271 1272 1273 1274 1275 1475 1675 1875 2075 2275 2475 2675 2875 3075 3275 3475 3675 3875 4075 4275 4475 4675 4875 5075 5275 5475 5675 5676 5876 5877 6077 6277 6278 6478 6678 6679 6879 7079 7080 7280 7480 7481 7681 7881 8081 8281 8481 8681 8881 9081 9281 9481 9681 9881 10081 10281 10481 10681 10881 11081 11281 11481 11681 11881 12081 12281 12481 12681 12881 13081 13281 13481 13681 13881 13880 14080 14079 14078 14278 14277 14477 14476 14676 14675 14875 14874 15074 15073 15273 15272 15472 15471 15671 15670 15870 15869 16069 16269 16268 16468 16668 16667 16867 17067 17267 17467 17667 17666 17866 18066 18266 18466 18666 18866 19066 19266 19466 19666 19866 20066 20266 20466 20666 20866 21066 21266 21466 21666 21866 21867 22067 22068 22268 22269 22469 22470 22670 22671 22871 22872 23072 23073 23273 23274 23474 23674 23874 24074 24274 24474 24674 24874 25074 25274 25474 25674 25874 26074 26274 26474 26674 26874 27074 27274 27474 27475 27675 27676 27876 27877 28077 28078 28278 28478 28678 28878 29078 29278 29478 29678 29878 30078 30278 30478 30678 30679 30879 30880 31080 31280 31281 31481 31482 31483 31484 31485 31486 31487 31488 31489 31490 31491 31492 31493 31494 31495 31496 31497 31498 31499 31500 31501 31502 31503 31504 31505 31506 31507 31508 31509 31510 31511 31512 31513 31514 31515 31516 31517 31518 31519 31520 31521 31522 31523 31524 31525 31526 31527 31528 31529 31530 31531 31532 31533 31534 31535 31536 31537 31538 31539 31540 31740 31741 31941 32141 32341 32541 32542 32742 32942 33142 33342 33343 33543 33743 33943 34143 34343 34543 34743 34943 35143 
Label: 17695
[276,1071264,]
1268 1269 1270 1271 1272 1273 1274 1275 1475 1675 1875 2075 2275 2475 2675 2875 3075 3275 3475 3675 3875 4075 4275 4475 4675 4875 5075 5275 5475 5675 5676 5876 5877 6077 6277 6278 6478 6678 6679 6879 7079 7080 7280 7480 7481 7681 7881 7882 8082 8282 8482 8682 8882 9082 9282 9482 9682 9882 10082 10282 10482 10682 10882 11082 11282 11482 11682 11882 12082 12282 12482 12682 12882 13082 13282 13482 13682 13681 13881 13880 14080 14079 14078 14278 14277 14477 14476 14676 14675 14875 14874 15074 15073 15273 15272 15472 15471 15671 15670 15870 15869 16069 16269 16268 16468 16668 16667 16867 17067 17267 17467 17667 17666 17866 18066 18266 18466 18666 18866 19066 19266 19466 19666 19866 20066 20266 20466 20666 20866 21066 21266 21466 21666 21866 21867 22067 22068 22268 22269 22469 22470 22670 22671 22871 22872 23072 23073 23273 23274 23474 23674 23874 24074 24274 24474 24674 24874 25074 25274 25474 25674 25874 26074 26274 26474 26674 26874 27074 27274 27474 27475 27675 27676 27876 27877 28077 28078 28278 28478 28678 28878 29078 29278 29478 29678 29878 30078 30278 30478 30678 30679 30879 30880 31080 31280 31281 31481 31482 31483 31484 31485 31486 31487 31488 31489 31490 31491 31492 31493 31494 31495 31496 31497 31498 31499 31500 31501 31502 31503 31504 31505 31506 31507 31508 31509 31510 31511 31512 31513 31514 31515 31516 31517 31518 31519 31520 31521 31522 31523 31524 31525 31526 31527 31528 31529 31530 31531 31532 31533 31534 31535 31536 31537 31538 31539 31540 31740 31741 31941 32141 32341 32541 32542 32742 32942 33142 33342 33343 33543 33743 33943 34143 34343 34543 34743 34943 35143 
Label: 18595
[278,1068948,]
1268 1269 1270 1271 1272 1273 1274 1275 1475 1675 1875 2075 2275 2475 2675 2875 3075 3275 3475 3675 3875 4075 4275 4475 4675 4875 5075 5275 5475 5675 5676 5876 5877 6077 6277 6278 6478 6678 6679 6879 7079 7080 7280 7480 7481 7681 7881 7882 8082 8282 8482 8682 8882 9082 9282 9482 9682 9882 10082 10282 10482 10682 10882 11082 11282 11482 11682 11882 12082 12282 12482 12682 12882 13082 13282 13482 13682 13681 13881 13880 14080 14079 14078 14278 14277 14477 14476 14676 14675 14875 14874 15074 15073 15273 15272 15472 15471 15671 15670 15870 15869 16069 16269 16268 16468 16668 16667 16867 17067 17267 17467 17667 17666 17866 18066 18266 18265 18465 18665 18865 19065 19265 19465 19665 19865 20065 20265 20465 20665 20865 21065 21265 21465 21466 21666 21866 21867 22067 22068 22268 22269 22469 22470 22670 22671 22871 22872 23072 23073 23273 23274 23474 23674 23874 24074 24274 24474 24674 24874 25074 25274 25474 25674 25874 26074 26274 26474 26674 26874 27074 27274 27474 27475 27675 27676 27876 27877 28077 28078 28278 28478 28678 28878 29078 29278 29478 29678 29878 30078 30278 30478 30678 30679 30879 30880 31080 31280 31281 31481 31482 31483 31484 31485 31486 31487 31488 31489 31490 31491 31492 31493 31494 31495 31496 31497 31498 31499 31500 31501 31502 31503 31504 31505 31506 31507 31508 31509 31510 31511 31512 31513 31514 31515 31516 31517 31518 31519 31520 31521 31522 31523 31524 31525 31526 31527 31528 31529 31530 31531 31532 31533 31534 31535 31536 31537 31538 31539 31540 31740 31741 31941 32141 32341 32541 32542 32742 32942 33142 33342 33343 33543 33743 33943 34143 34343 34543 34743 34943 35143 
Label: 20415
[286,1066406,]
1268 1269 1270 1271 1272 1273 1274 1275 1475 1675 1875 2075 2275 2475 2675 2875 3075 3275 3475 3675 3875 4075 4275 4475 4675 4875 5075 5275 5475 5675 5676 5876 5877 6077 6277 6278 6478 6678 6679 6879 7079 7080 7280 7480 7481 7681 7881 7882 8082 8282 8482 8483 8683 8883 8884 9084 9284 9484 9684 9884 10084 10284 10484 10684 10884 11084 11284 11484 11684 11884 12084 12284 12484 12684 12884 13084 13284 13484 13483 13683 13682 13681 13881 13880 14080 14079 14078 14278 14277 14477 14476 14676 14675 14875 14874 15074 15073 15273 15272 15472 15471 15671 15670 15870 15869 16069 16269 16268 16468 16668 16667 16867 17067 17267 17467 17667 17666 17866 18066 18266 18265 18465 18665 18865 19065 19265 19465 19665 19865 20065 20265 20465 20665 20865 21065 21265 21465 21466 21666 21866 21867 22067 22068 22268 22269 22469 22470 22670 22671 22871 22872 23072 23073 23273 23274 23474 23674 23874 24074 24274 24474 24674 24874 25074 25274 25474 25674 25874 26074 26274 26474 26674 26874 27074 27274 27474 27475 27675 27676 27876 27877 28077 28078 28278 28478 28678 28878 29078 29278 29478 29678 29878 30078 30278 30478 30678 30679 30879 30880 31080 31280 31281 31481 31482 31483 31484 31485 31486 31487 31488 31489 31490 31491 31492 31493 31494 31495 31496 31497 31498 31499 31500 31501 31502 31503 31504 31505 31506 31507 31508 31509 31510 31511 31512 31513 31514 31515 31516 31517 31518 31519 31520 31521 31522 31523 31524 31525 31526 31326 31327 31328 31329 31129 31130 31131 31132 31133 31134 31135 31136 31137 31138 31139 31140 31340 31540 31740 31741 31941 32141 32341 32541 32542 32742 32942 33142 33342 33343 33543 33743 33943 34143 34343 34543 34743 34943 35143 
Label: 20067
[282,1066500,]
1268 1269 1270 1271 1272 1273 1274 1275 1475 1675 1875 2075 2275 2475 2675 2875 3075 3275 3475 3675 3875 4075 4275 4475 4675 4875 5075 5275 5475 5675 5676 5876 5877 6077 6277 6278 6478 6678 6679 6879 7079 7080 7280 7480 7481 7681 7881 7882 8082 8282 8482 8483 8683 8883 8884 9084 9284 9484 9684 9884 10084 10284 10484 10684 10884 11084 11284 11484 11684 11884 12084 12284 12484 12684 12884 13084 13284 13484 13483 13683 13682 13681 13881 13880 14080 14079 14078 14278 14277 14477 14476 14676 14675 14875 14874 15074 15073 15273 15272 15472 15471 15671 15670 15870 15869 16069 16269 16268 16468 16668 16667 16867 17067 17267 17467 17667 17666 17866 18066 18266 18265 18465 18665 18865 19065 19265 19465 19665 19865 20065 20265 20465 20665 20865 21065 21265 21465 21466 21666 21866 21867 22067 22068 22268 22269 22469 22470 22670 22671 22871 22872 23072 23073 23273 23274 23474 23674 23874 24074 24274 24474 24674 24874 25074 25274 25474 25674 25874 26074 26274 26474 26674 26874 27074 27274 27474 27475 27675 27676 27876 27877 28077 28078 28278 28478 28678 28878 29078 29278 29478 29678 29878 30078 30278 30478 30678 30679 30879 30880 31080 31280 31281 31481 31482 31483 31484 31485 31486 31487 31488 31489 31490 31491 31492 31493 31494 31495 31496 31497 31498 31499 31500 31501 31502 31503 31504 31505 31506 31507 31508 31509 31510 31511 31512 31513 31514 31515 31516 31517 31518 31519 31520 31521 31522 31523 31524 31525 31526 31527 31528 31529 31530 31531 31532 31533 31534 31535 31536 31537 31538 31539 31540 31740 31741 31941 32141 32341 32541 32542 32742 32942 33142 33342 33343 33543 33743 33943 34143 34343 34543 34743 34943 35143 
Label: 20271
[284,1066408,]
1268 1269 1270 1271 1272 1273 1274 1275 1475 1675 1875 2075 2275 2475 2675 2875 3075 3275 3475 3675 3875 4075 4275 4475 4675 4875 5075 5275 5475 5675 5676 5876 5877 6077 6277 6278 6478 6678 6679 6879 7079 7080 7280 7480 7481 7681 7881 7882 8082 8282 8482 8483 8683 8883 8884 9084 9284 9484 9684 9884 10084 10284 10484 10684 10884 11084 11284 11484 11684 11884 12084 12284 12484 12684 12884 13084 13284 13484 13483 13683 13682 13681 13881 13880 14080 14079 14078 14278 14277 14477 14476 14676 14675 14875 14874 15074 15073 15273 15272 15472 15471 15671 15670 15870 15869 16069 16269 16268 16468 16668 16667 16867 17067 17267 17467 17667 17666 17866 18066 18266 18265 18465 18665 18865 19065 19265 19465 19665 19865 20065 20265 20465 20665 20865 21065 21265 21465 21466 21666 21866 21867 22067 22068 22268 22269 22469 22470 22670 22671 22871 22872 23072 23073 23273 23274 23474 23674 23874 24074 24274 24474 24674 24874 25074 25274 25474 25674 25874 26074 26274 26474 26674 26874 27074 27274 27474 27475 27675 27676 27876 27877 28077 28078 28278 28478 28678 28878 29078 29278 29478 29678 29878 30078 30278 30478 30678 30679 30879 30880 31080 31280 31281 31481 31482 31483 31484 31485 31486 31487 31488 31489 31490 31491 31492 31493 31494 31495 31496 31497 31498 31499 31500 31501 31502 31503 31504 31505 31506 31507 31508 31509 31510 31511 31512 31513 31514 31515 31516 31517 31518 31519 31520 31521 31522 31523 31524 31525 31526 31326 31327 31328 31329 31330 31331 31332 31333 31334 31335 31336 31337 31338 31339 31340 31540 31740 31741 31941 32141 32341 32541 32542 32742 32942 33142 33342 33343 33543 33743 33943 34143 34343 34543 34743 34943 35143 
