graph_load_time: 0.312168
n_generated: 54970
n_expanded: 26623
n_domCheck: 184144
rt_initHeu: 0.329945
rt_search: 0.76227
N: 11
Label: 14268
[325,4155,]
33775 33774 33773 33772 33771 33571 33570 33370 33170 32970 32969 32769 32569 32369 32169 32168 31968 31768 31767 31567 31367 31366 31166 31165 30965 30964 30764 30763 30563 30562 30561 30361 30360 30359 30159 30158 30157 29957 29956 29756 29556 29555 29355 29155 29154 28954 28754 28753 28553 28552 28352 28351 28151 28150 27950 27949 27948 27748 27747 27547 27546 27545 27345 27344 27144 27143 26943 26942 26941 26741 26740 26739 26539 26538 26537 26536 26535 26534 26533 26532 26531 26530 26529 26528 26527 26526 26525 26524 26523 26522 26521 26520 26519 26518 26517 26516 26316 26116 25916 25716 25516 25316 25116 24916 24716 24516 24316 24116 23916 23716 23516 23316 23116 22916 22716 22516 22316 22116 21916 21716 21516 21316 21116 20916 20716 20516 20316 20116 19916 19716 19516 19316 19116 18916 18915 18715 18714 18514 18314 18313 18113 18112 17912 17911 17711 17710 17510 17509 17508 17308 17307 17107 17106 17105 16905 16904 16903 16902 16901 16900 16899 16699 16698 16498 16497 16496 16296 16295 16095 16094 16093 15893 15892 15891 15691 15690 15689 15688 15488 15288 15088 14888 14688 14687 14487 14287 14286 14086 13886 13885 13685 13485 13285 13284 13084 12884 12883 12683 12483 12482 12282 12082 12081 11881 11681 11680 11480 11280 11279 11079 10879 10878 10678 10478 10477 10277 10077 10076 9876 9676 9675 9674 9474 9473 9273 9272 9271 9071 9070 9069 9068 9067 9066 9065 9064 9063 9062 9061 9060 9059 9058 9057 9056 9055 9054 9053 9052 9051 9050 9049 9048 9047 9046 9045 9044 9043 9042 9041 9040 9039 9038 8838 8638 8438 8437 8237 8037 8036 7836 7636 7635 7435 7235 7234 7034 7033 6833 6832 6831 6631 6431 6430 6230 6030 5830 5829 5629 5429 5428 5228 5028 5027 4827 4826 4626 4625 4425 4424 4423 4223 4222 4221 4021 4020 4019 4018 4017 4016 4015 4014 4013 4012 3812 3612 3412 3212 3012 2812 2612 2412 2212 2012 1812 1612 1412 1212 
Label: 23940
[327,4098,]
33775 33774 33773 33772 33771 33571 33570 33370 33170 32970 32969 32769 32569 32369 32169 32168 31968 31768 31767 31567 31367 31366 31166 31165 30965 30964 30764 30763 30563 30562 30561 30361 30360 30359 30159 30158 30157 29957 29956 29756 29556 29555 29355 29155 29154 28954 28754 28753 28553 28552 28352 28351 28151 28150 27950 27949 27948 27748 27747 27547 27546 27545 27345 27344 27144 27143 26943 26942 26941 26741 26740 26739 26539 26538 26537 26536 26535 26534 26533 26532 26531 26530 26529 26528 26527 26526 26525 26524 26523 26522 26521 26520 26519 26518 26517 26516 26515 26315 26115 25915 25715 25515 25315 25115 24915 24715 24515 24315 24115 23915 23715 23515 23315 23115 22915 22715 22515 22315 22115 21915 21715 21515 21315 21115 21116 20916 20716 20516 20316 20116 19916 19716 19516 19316 19116 18916 18915 18715 18714 18514 18314 18313 18113 18112 17912 17911 17711 17710 17510 17509 17508 17308 17307 17107 17106 17105 16905 16904 16903 16902 16901 16900 16899 16699 16698 16498 16497 16496 16296 16295 16095 16094 16093 15893 15892 15891 15691 15690 15689 15688 15488 15288 15088 14888 14688 14687 14487 14287 14286 14086 13886 13885 13685 13485 13285 13284 13084 12884 12883 12683 12483 12482 12282 12082 12081 11881 11681 11680 11480 11280 11279 11079 10879 10878 10678 10478 10477 10277 10077 10076 9876 9676 9675 9674 9474 9473 9273 9272 9271 9071 9070 9069 9068 9067 9066 9065 9064 9063 9062 9061 9060 9059 9058 9057 9056 9055 9054 9053 9052 9051 9050 9049 9048 9047 9046 9045 9044 9043 9042 9041 9040 9039 9038 8838 8638 8438 8437 8237 8037 8036 7836 7636 7635 7435 7235 7234 7034 7033 6833 6832 6831 6631 6431 6430 6230 6030 5830 5829 5629 5429 5428 5228 5028 5027 4827 4826 4626 4625 4425 4424 4423 4223 4222 4221 4021 4020 4019 4018 4017 4016 4015 4014 4013 4012 3812 3612 3412 3212 3012 2812 2612 2412 2212 2012 1812 1612 1412 1212 
Label: 37272
[329,2865,]
33775 33774 33773 33772 33771 33571 33570 33370 33170 32970 32969 32769 32569 32369 32169 32168 31968 31768 31767 31567 31367 31366 31166 31165 30965 30964 30764 30763 30563 30562 30561 30361 30360 30359 30159 30158 30157 29957 29956 29756 29556 29555 29355 29155 29154 28954 28754 28753 28553 28552 28352 28351 28151 28150 27950 27949 27948 27748 27747 27547 27546 27545 27345 27344 27343 27342 27341 27340 27339 27338 27337 27336 27335 27334 27333 27332 27331 27330 27329 27328 27327 27326 27325 27324 27323 27322 27321 27320 27319 27318 27317 27316 27315 27314 27313 27312 27311 27310 27309 27308 27307 27306 27305 27304 27303 27302 27301 27300 27299 27298 27297 27296 27295 27294 27293 27292 27291 27290 27289 27288 27287 27286 27285 27284 27283 27282 27281 27280 27279 27278 27277 27477 27476 27676 27675 27674 27673 27672 27671 27670 27669 27668 27667 27666 27665 27664 27663 27662 27661 27660 27659 27658 27657 27656 27655 27654 27653 27453 27253 27053 26853 26852 26652 26452 26451 26251 26051 26050 25850 25650 25649 25449 25448 25248 25247 25047 24847 24846 24646 24645 24445 24444 24443 24442 24242 24241 24240 24239 24039 24038 23838 23638 23438 23238 23038 22838 22638 22438 22238 22038 21838 21638 21438 21238 21038 20838 20638 20438 20238 20038 19838 19638 19438 19238 19038 18838 18638 18438 18238 18038 17838 17638 17438 17238 17038 16838 16638 16438 16238 16038 15838 15638 15438 15238 15038 14838 14638 14438 14238 14038 13838 13638 13438 13238 13038 12838 12638 12438 12238 12038 11838 11638 11438 11238 11038 10838 10638 10438 10238 10038 9838 9638 9438 9238 9038 8838 8638 8438 8437 8237 8037 8036 7836 7636 7635 7435 7235 7234 7034 7033 6833 6832 6831 6631 6431 6430 6230 6030 5830 5829 5629 5429 5428 5228 5028 5027 4827 4826 4626 4625 4425 4424 4423 4223 4222 4221 4021 4020 4019 4018 4017 4016 4015 4014 4013 4012 3812 3612 3412 3212 3012 2812 2612 2412 2212 2012 1812 1612 1412 1212 
Label: 106484
[345,792,]
33775 33774 33773 33772 33771 33571 33570 33370 33170 32970 32969 32769 32569 32369 32169 32168 31968 31768 31767 31567 31367 31366 31166 31165 30965 30964 30764 30763 30563 30562 30561 30361 30360 30359 30159 30158 30157 29957 29956 29756 29556 29555 29355 29155 29154 28954 28754 28753 28553 28552 28352 28351 28151 28150 27950 27949 27948 27748 27747 27547 27546 27545 27345 27344 27144 27143 26943 26942 26941 26741 26740 26739 26539 26538 26537 26536 26535 26534 26533 26532 26531 26530 26529 26528 26527 26526 26525 26524 26523 26522 26521 26520 26519 26518 26517 26516 26515 26514 26513 26512 26511 26510 26509 26508 26507 26506 26505 26504 26503 26703 26903 26902 27102 27101 27100 27099 27098 27097 27096 27095 27094 27093 27092 27091 27090 27089 27088 27087 27086 27085 27084 27083 27082 27081 27080 27079 27078 27077 27277 27477 27476 27676 27675 27875 27874 27873 28073 28072 28272 28271 28270 28269 28469 28468 28467 28466 28465 28464 28463 28462 28461 28460 28459 28458 28457 28456 28455 28454 28453 28253 28053 27853 27653 27453 27253 27053 26853 26852 26652 26452 26451 26251 26051 26050 25850 25650 25649 25449 25448 25248 25247 25047 24847 24846 24646 24645 24445 24444 24443 24442 24242 24241 24240 24239 24039 24038 23838 23638 23438 23238 23038 22838 22638 22438 22238 22038 21838 21638 21438 21238 21038 20838 20638 20438 20238 20038 19838 19638 19438 19238 19038 18838 18638 18438 18238 18038 17838 17638 17438 17238 17038 16838 16638 16438 16238 16038 15838 15638 15438 15238 15038 14838 14638 14438 14238 14038 13838 13638 13438 13238 13038 12838 12638 12438 12238 12038 11838 11638 11438 11238 11038 10838 10638 10438 10238 10038 9838 9638 9438 9238 9038 8838 8638 8438 8437 8237 8037 8036 7836 7636 7635 7435 7235 7234 7034 7033 6833 6832 6831 6631 6431 6430 6230 6030 5830 5829 5629 5429 5428 5228 5028 5027 4827 4826 4626 4625 4425 4424 4423 4223 4222 4221 4021 4020 4019 4018 4017 4016 4015 4014 4013 4012 3812 3612 3412 3212 3012 2812 2612 2412 2212 2012 1812 1612 1412 1212 
Label: 48668
[331,1947,]
33775 33774 33773 33772 33771 33571 33570 33370 33170 32970 32969 32769 32569 32369 32169 32168 31968 31768 31767 31567 31367 31366 31166 31165 30965 30964 30764 30763 30563 30562 30561 30361 30360 30359 30159 30158 30157 29957 29956 29756 29556 29555 29355 29155 29154 28954 28754 28753 28553 28552 28352 28351 28151 28150 27950 27949 27948 27748 27747 27547 27546 27545 27345 27344 27144 27143 27142 27141 27140 27139 27138 27137 27136 27135 27134 27133 27132 27131 27130 27129 27128 27127 27126 27125 27124 27123 27122 27121 27120 27119 27118 27117 27116 27115 27114 27113 27112 27111 27110 27109 27108 27107 27106 27105 27104 27103 27102 27101 27100 27099 27098 27097 27096 27095 27094 27093 27092 27091 27090 27089 27088 27087 27086 27085 27084 27083 27082 27081 27080 27079 27078 27077 27277 27477 27476 27676 27675 27674 27673 27672 27671 27670 27669 27668 27667 27666 27665 27664 27663 27662 27661 27660 27659 27658 27657 27656 27655 27654 27653 27453 27253 27053 26853 26852 26652 26452 26451 26251 26051 26050 25850 25650 25649 25449 25448 25248 25247 25047 24847 24846 24646 24645 24445 24444 24443 24442 24242 24241 24240 24239 24039 24038 23838 23638 23438 23238 23038 22838 22638 22438 22238 22038 21838 21638 21438 21238 21038 20838 20638 20438 20238 20038 19838 19638 19438 19238 19038 18838 18638 18438 18238 18038 17838 17638 17438 17238 17038 16838 16638 16438 16238 16038 15838 15638 15438 15238 15038 14838 14638 14438 14238 14038 13838 13638 13438 13238 13038 12838 12638 12438 12238 12038 11838 11638 11438 11238 11038 10838 10638 10438 10238 10038 9838 9638 9438 9238 9038 8838 8638 8438 8437 8237 8037 8036 7836 7636 7635 7435 7235 7234 7034 7033 6833 6832 6831 6631 6431 6430 6230 6030 5830 5829 5629 5429 5428 5228 5028 5027 4827 4826 4626 4625 4425 4424 4423 4223 4222 4221 4021 4020 4019 4018 4017 4016 4015 4014 4013 4012 3812 3612 3412 3212 3012 2812 2612 2412 2212 2012 1812 1612 1412 1212 
Label: 75344
[337,895,]
33775 33774 33773 33772 33771 33571 33570 33370 33170 32970 32969 32769 32569 32369 32169 32168 31968 31768 31767 31567 31367 31366 31166 31165 30965 30964 30764 30763 30563 30562 30561 30361 30360 30359 30159 30158 30157 29957 29956 29756 29556 29555 29355 29155 29154 28954 28754 28753 28553 28552 28352 28351 28151 28150 27950 27949 27948 27748 27747 27547 27546 27545 27345 27344 27144 27143 26943 26942 26941 26940 26939 26938 26937 26936 26935 26934 26933 26932 26931 26930 26929 26928 26927 26926 26925 26924 26923 26922 26921 26920 26919 26918 26917 26916 26915 26914 26913 26912 26911 26910 26909 26908 26907 26906 26905 26904 26903 26902 27102 27101 27100 27099 27098 27097 27096 27095 27094 27093 27092 27091 27090 27089 27088 27087 27086 27085 27084 27083 27082 27081 27080 27079 27078 27077 27277 27477 27476 27676 27675 27875 27874 27873 28073 28072 28071 28070 28069 28068 28067 28066 28065 28064 28063 28062 28061 28060 28059 28058 28057 28056 28055 28054 28053 27853 27653 27453 27253 27053 26853 26852 26652 26452 26451 26251 26051 26050 25850 25650 25649 25449 25448 25248 25247 25047 24847 24846 24646 24645 24445 24444 24443 24442 24242 24241 24240 24239 24039 24038 23838 23638 23438 23238 23038 22838 22638 22438 22238 22038 21838 21638 21438 21238 21038 20838 20638 20438 20238 20038 19838 19638 19438 19238 19038 18838 18638 18438 18238 18038 17838 17638 17438 17238 17038 16838 16638 16438 16238 16038 15838 15638 15438 15238 15038 14838 14638 14438 14238 14038 13838 13638 13438 13238 13038 12838 12638 12438 12238 12038 11838 11638 11438 11238 11038 10838 10638 10438 10238 10038 9838 9638 9438 9238 9038 8838 8638 8438 8437 8237 8037 8036 7836 7636 7635 7435 7235 7234 7034 7033 6833 6832 6831 6631 6431 6430 6230 6030 5830 5829 5629 5429 5428 5228 5028 5027 4827 4826 4626 4625 4425 4424 4423 4223 4222 4221 4021 4020 4019 4018 4017 4016 4015 4014 4013 4012 3812 3612 3412 3212 3012 2812 2612 2412 2212 2012 1812 1612 1412 1212 
Label: 58408
[333,1264,]
33775 33774 33773 33772 33771 33571 33570 33370 33170 32970 32969 32769 32569 32369 32169 32168 31968 31768 31767 31567 31367 31366 31166 31165 30965 30964 30764 30763 30563 30562 30561 30361 30360 30359 30159 30158 30157 29957 29956 29756 29556 29555 29355 29155 29154 28954 28754 28753 28553 28552 28352 28351 28151 28150 27950 27949 27948 27748 27747 27547 27546 27545 27345 27344 27144 27143 27142 27141 27140 27139 27138 27137 27136 27135 27134 27133 27132 27131 27130 27129 27128 27127 27126 27125 27124 27123 27122 27121 27120 27119 27118 27117 27116 27115 27114 27113 27112 27111 27110 27109 27108 27107 27106 27105 27104 27103 27102 27101 27100 27099 27098 27097 27096 27095 27094 27093 27092 27091 27090 27089 27088 27087 27086 27085 27084 27083 27082 27081 27080 27079 27078 27077 27277 27477 27476 27676 27675 27875 27874 27873 27872 27871 27870 27869 27868 27867 27866 27865 27864 27863 27862 27861 27860 27859 27858 27857 27856 27855 27854 27853 27653 27453 27253 27053 26853 26852 26652 26452 26451 26251 26051 26050 25850 25650 25649 25449 25448 25248 25247 25047 24847 24846 24646 24645 24445 24444 24443 24442 24242 24241 24240 24239 24039 24038 23838 23638 23438 23238 23038 22838 22638 22438 22238 22038 21838 21638 21438 21238 21038 20838 20638 20438 20238 20038 19838 19638 19438 19238 19038 18838 18638 18438 18238 18038 17838 17638 17438 17238 17038 16838 16638 16438 16238 16038 15838 15638 15438 15238 15038 14838 14638 14438 14238 14038 13838 13638 13438 13238 13038 12838 12638 12438 12238 12038 11838 11638 11438 11238 11038 10838 10638 10438 10238 10038 9838 9638 9438 9238 9038 8838 8638 8438 8437 8237 8037 8036 7836 7636 7635 7435 7235 7234 7034 7033 6833 6832 6831 6631 6431 6430 6230 6030 5830 5829 5629 5429 5428 5228 5028 5027 4827 4826 4626 4625 4425 4424 4423 4223 4222 4221 4021 4020 4019 4018 4017 4016 4015 4014 4013 4012 3812 3612 3412 3212 3012 2812 2612 2412 2212 2012 1812 1612 1412 1212 
Label: 67176
[335,1073,]
33775 33774 33773 33772 33771 33571 33570 33370 33170 32970 32969 32769 32569 32369 32169 32168 31968 31768 31767 31567 31367 31366 31166 31165 30965 30964 30764 30763 30563 30562 30561 30361 30360 30359 30159 30158 30157 29957 29956 29756 29556 29555 29355 29155 29154 28954 28754 28753 28553 28552 28352 28351 28151 28150 27950 27949 27948 27748 27747 27547 27546 27545 27345 27344 27144 27143 26943 26942 26941 26940 26939 26938 26937 26936 26935 26934 26933 26932 26931 26930 26929 26928 26927 26926 26925 26924 26923 26922 26921 26920 26919 26918 26917 26916 26915 26914 26913 26912 26911 26910 26909 26908 26907 26906 26905 26904 26903 26902 27102 27101 27100 27099 27098 27097 27096 27095 27094 27093 27092 27091 27090 27089 27088 27087 27086 27085 27084 27083 27082 27081 27080 27079 27078 27077 27277 27477 27476 27676 27675 27875 27874 27873 27872 27871 27870 27869 27868 27867 27866 27865 27864 27863 27862 27861 27860 27859 27858 27857 27856 27855 27854 27853 27653 27453 27253 27053 26853 26852 26652 26452 26451 26251 26051 26050 25850 25650 25649 25449 25448 25248 25247 25047 24847 24846 24646 24645 24445 24444 24443 24442 24242 24241 24240 24239 24039 24038 23838 23638 23438 23238 23038 22838 22638 22438 22238 22038 21838 21638 21438 21238 21038 20838 20638 20438 20238 20038 19838 19638 19438 19238 19038 18838 18638 18438 18238 18038 17838 17638 17438 17238 17038 16838 16638 16438 16238 16038 15838 15638 15438 15238 15038 14838 14638 14438 14238 14038 13838 13638 13438 13238 13038 12838 12638 12438 12238 12038 11838 11638 11438 11238 11038 10838 10638 10438 10238 10038 9838 9638 9438 9238 9038 8838 8638 8438 8437 8237 8037 8036 7836 7636 7635 7435 7235 7234 7034 7033 6833 6832 6831 6631 6431 6430 6230 6030 5830 5829 5629 5429 5428 5228 5028 5027 4827 4826 4626 4625 4425 4424 4423 4223 4222 4221 4021 4020 4019 4018 4017 4016 4015 4014 4013 4012 3812 3612 3412 3212 3012 2812 2612 2412 2212 2012 1812 1612 1412 1212 
Label: 83320
[339,847,]
33775 33774 33773 33772 33771 33571 33570 33370 33170 32970 32969 32769 32569 32369 32169 32168 31968 31768 31767 31567 31367 31366 31166 31165 30965 30964 30764 30763 30563 30562 30561 30361 30360 30359 30159 30158 30157 29957 29956 29756 29556 29555 29355 29155 29154 28954 28754 28753 28553 28552 28352 28351 28151 28150 27950 27949 27948 27748 27747 27547 27546 27545 27345 27344 27144 27143 26943 26942 26941 26741 26740 26739 26738 26737 26736 26735 26734 26733 26732 26731 26730 26729 26728 26727 26726 26725 26724 26723 26722 26721 26720 26719 26718 26717 26716 26715 26714 26713 26712 26711 26710 26709 26708 26707 26706 26705 26704 26703 26903 26902 27102 27101 27100 27099 27098 27097 27096 27095 27094 27093 27092 27091 27090 27089 27088 27087 27086 27085 27084 27083 27082 27081 27080 27079 27078 27077 27277 27477 27476 27676 27675 27875 27874 27873 28073 28072 28071 28070 28069 28068 28067 28066 28065 28064 28063 28062 28061 28060 28059 28058 28057 28056 28055 28054 28053 27853 27653 27453 27253 27053 26853 26852 26652 26452 26451 26251 26051 26050 25850 25650 25649 25449 25448 25248 25247 25047 24847 24846 24646 24645 24445 24444 24443 24442 24242 24241 24240 24239 24039 24038 23838 23638 23438 23238 23038 22838 22638 22438 22238 22038 21838 21638 21438 21238 21038 20838 20638 20438 20238 20038 19838 19638 19438 19238 19038 18838 18638 18438 18238 18038 17838 17638 17438 17238 17038 16838 16638 16438 16238 16038 15838 15638 15438 15238 15038 14838 14638 14438 14238 14038 13838 13638 13438 13238 13038 12838 12638 12438 12238 12038 11838 11638 11438 11238 11038 10838 10638 10438 10238 10038 9838 9638 9438 9238 9038 8838 8638 8438 8437 8237 8037 8036 7836 7636 7635 7435 7235 7234 7034 7033 6833 6832 6831 6631 6431 6430 6230 6030 5830 5829 5629 5429 5428 5228 5028 5027 4827 4826 4626 4625 4425 4424 4423 4223 4222 4221 4021 4020 4019 4018 4017 4016 4015 4014 4013 4012 3812 3612 3412 3212 3012 2812 2612 2412 2212 2012 1812 1612 1412 1212 
Label: 91184
[341,807,]
33775 33774 33773 33772 33771 33571 33570 33370 33170 32970 32969 32769 32569 32369 32169 32168 31968 31768 31767 31567 31367 31366 31166 31165 30965 30964 30764 30763 30563 30562 30561 30361 30360 30359 30159 30158 30157 29957 29956 29756 29556 29555 29355 29155 29154 28954 28754 28753 28553 28552 28352 28351 28151 28150 27950 27949 27948 27748 27747 27547 27546 27545 27345 27344 27144 27143 26943 26942 26941 26741 26740 26739 26738 26737 26736 26735 26734 26733 26732 26731 26730 26729 26728 26727 26726 26725 26724 26723 26722 26721 26720 26719 26718 26717 26716 26715 26714 26713 26712 26711 26710 26709 26708 26707 26706 26705 26704 26703 26903 26902 27102 27101 27100 27099 27098 27097 27096 27095 27094 27093 27092 27091 27090 27089 27088 27087 27086 27085 27084 27083 27082 27081 27080 27079 27078 27077 27277 27477 27476 27676 27675 27875 27874 27873 28073 28072 28272 28271 28270 28269 28268 28267 28266 28265 28264 28263 28262 28261 28260 28259 28258 28257 28256 28255 28254 28253 28053 27853 27653 27453 27253 27053 26853 26852 26652 26452 26451 26251 26051 26050 25850 25650 25649 25449 25448 25248 25247 25047 24847 24846 24646 24645 24445 24444 24443 24442 24242 24241 24240 24239 24039 24038 23838 23638 23438 23238 23038 22838 22638 22438 22238 22038 21838 21638 21438 21238 21038 20838 20638 20438 20238 20038 19838 19638 19438 19238 19038 18838 18638 18438 18238 18038 17838 17638 17438 17238 17038 16838 16638 16438 16238 16038 15838 15638 15438 15238 15038 14838 14638 14438 14238 14038 13838 13638 13438 13238 13038 12838 12638 12438 12238 12038 11838 11638 11438 11238 11038 10838 10638 10438 10238 10038 9838 9638 9438 9238 9038 8838 8638 8438 8437 8237 8037 8036 7836 7636 7635 7435 7235 7234 7034 7033 6833 6832 6831 6631 6431 6430 6230 6030 5830 5829 5629 5429 5428 5228 5028 5027 4827 4826 4626 4625 4425 4424 4423 4223 4222 4221 4021 4020 4019 4018 4017 4016 4015 4014 4013 4012 3812 3612 3412 3212 3012 2812 2612 2412 2212 2012 1812 1612 1412 1212 
Label: 98860
[343,797,]
33775 33774 33773 33772 33771 33571 33570 33370 33170 32970 32969 32769 32569 32369 32169 32168 31968 31768 31767 31567 31367 31366 31166 31165 30965 30964 30764 30763 30563 30562 30561 30361 30360 30359 30159 30158 30157 29957 29956 29756 29556 29555 29355 29155 29154 28954 28754 28753 28553 28552 28352 28351 28151 28150 27950 27949 27948 27748 27747 27547 27546 27545 27345 27344 27144 27143 26943 26942 26941 26741 26740 26739 26539 26538 26537 26536 26535 26534 26533 26532 26531 26530 26529 26528 26527 26526 26525 26524 26523 26522 26521 26520 26519 26518 26517 26516 26515 26514 26513 26512 26511 26510 26509 26508 26507 26506 26505 26504 26503 26703 26903 26902 27102 27101 27100 27099 27098 27097 27096 27095 27094 27093 27092 27091 27090 27089 27088 27087 27086 27085 27084 27083 27082 27081 27080 27079 27078 27077 27277 27477 27476 27676 27675 27875 27874 27873 28073 28072 28272 28271 28270 28269 28268 28267 28266 28265 28264 28263 28262 28261 28260 28259 28258 28257 28256 28255 28254 28253 28053 27853 27653 27453 27253 27053 26853 26852 26652 26452 26451 26251 26051 26050 25850 25650 25649 25449 25448 25248 25247 25047 24847 24846 24646 24645 24445 24444 24443 24442 24242 24241 24240 24239 24039 24038 23838 23638 23438 23238 23038 22838 22638 22438 22238 22038 21838 21638 21438 21238 21038 20838 20638 20438 20238 20038 19838 19638 19438 19238 19038 18838 18638 18438 18238 18038 17838 17638 17438 17238 17038 16838 16638 16438 16238 16038 15838 15638 15438 15238 15038 14838 14638 14438 14238 14038 13838 13638 13438 13238 13038 12838 12638 12438 12238 12038 11838 11638 11438 11238 11038 10838 10638 10438 10238 10038 9838 9638 9438 9238 9038 8838 8638 8438 8437 8237 8037 8036 7836 7636 7635 7435 7235 7234 7034 7033 6833 6832 6831 6631 6431 6430 6230 6030 5830 5829 5629 5429 5428 5228 5028 5027 4827 4826 4626 4625 4425 4424 4423 4223 4222 4221 4021 4020 4019 4018 4017 4016 4015 4014 4013 4012 3812 3612 3412 3212 3012 2812 2612 2412 2212 2012 1812 1612 1412 1212 
