graph_load_time: 0.953705
n_generated: 202936
n_expanded: 113463
n_domCheck: 831295
rt_initHeu: 0.868417
rt_search: 10.7582
N: 35
Label: 452259
[267,179661,]
15037 15038 15039 15040 15041 15042 15043 15044 15045 15046 15047 15048 15049 15050 15051 15052 15053 15054 15055 15255 15256 15456 15457 15657 15658 15858 16058 16059 16259 16260 16460 16660 16661 16861 16862 17062 17063 17263 17463 17464 17664 17665 17865 17866 18066 18067 18267 18268 18269 18270 18470 18471 18472 18473 18474 18674 18675 18875 18876 19076 19276 19277 19477 19478 19678 19878 19879 20079 20080 20280 20281 20481 20681 20682 20683 20684 20685 20686 20687 20688 20689 20690 20691 20692 20693 20694 20494 20495 20496 20497 20297 20298 20299 20099 20100 19900 19901 19701 19702 19502 19503 19303 19304 19104 18904 18905 18705 18505 18506 18306 18106 18107 17907 17908 17909 17910 17911 17912 17913 17914 17915 17916 17917 17918 17919 17920 17921 17922 17923 17924 17925 17926 17927 17928 17929 17930 17931 17932 18132 18133 18333 18533 18534 18734 18735 18935 19135 19136 19336 19536 19537 19737 19738 19938 20138 20139 20339 20340 20540 20541 20741 20742 20942 20943 21143 21144 21145 21345 21346 21546 21547 21747 21748 21948 21949 22149 22150 22350 22351 22551 22552 22752 22753 22953 23153 23154 23354 23554 23754 23954 24154 24354 24554 24754 24755 24955 25155 25355 25356 25556 25557 25757 25957 25958 26158 26159 26359 26360 26560 26760 26761 26961 26962 27162 27163 27363 27563 27763 27963 28163 28363 28563 28763 28963 29163 29363 29563 29763 29762 29962 29961 30161 30160 30360 30359 30559 30558 30557 30757 30756 30956 30955 31155 31154 31153 31353 31352 31552 31551 31550 31750 31749 31748 31747 31746 31745 31744 31743 31943 32143 32343 32543 32743 32943 33143 33343 33543 33743 
Label: 439043
[249,199009,]
15037 15038 15039 15040 15041 15042 15043 15044 15045 15046 15047 15048 15049 15050 15051 15052 15053 15054 15055 15255 15256 15456 15457 15657 15658 15858 16058 16059 16259 16260 16460 16660 16661 16861 16862 17062 17063 17263 17463 17464 17664 17665 17865 17866 18066 18067 18267 18268 18269 18270 18470 18471 18472 18473 18474 18674 18675 18875 18876 19076 19276 19277 19477 19478 19678 19878 19879 20079 20080 20280 20281 20282 20283 20284 20285 20286 20287 20288 20289 20290 20291 20292 20293 20294 20295 20296 20297 20298 20299 20099 20100 19900 19901 19701 19702 19502 19503 19303 19304 19104 18904 18905 18705 18505 18506 18507 18508 18509 18510 18511 18512 18513 18514 18515 18516 18517 18518 18519 18520 18521 18522 18523 18524 18525 18526 18527 18528 18529 18530 18531 18532 18533 18534 18734 18735 18935 19135 19136 19336 19536 19537 19737 19738 19938 20138 20139 20339 20340 20540 20541 20741 20742 20942 20943 21143 21144 21145 21345 21346 21546 21547 21747 21748 21948 21949 22149 22150 22350 22351 22551 22552 22752 22753 22953 23153 23154 23354 23554 23754 23954 24154 24354 24554 24754 24755 24955 25155 25355 25356 25556 25557 25757 25957 25958 26158 26159 26359 26559 26759 26959 27159 27359 27559 27759 27959 28159 28359 28559 28759 28959 29159 29359 29559 29759 29959 30159 30359 30559 30558 30557 30757 30756 30956 30955 31155 31154 31153 31353 31352 31552 31551 31550 31750 31749 31748 31747 31746 31745 31744 31743 31943 32143 32343 32543 32743 32943 33143 33343 33543 33743 
Label: 451859
[265,180131,]
15037 15038 15039 15040 15041 15042 15043 15044 15045 15046 15047 15048 15049 15050 15051 15052 15053 15054 15055 15255 15256 15456 15457 15657 15658 15858 16058 16059 16259 16260 16460 16660 16661 16861 16862 17062 17063 17263 17463 17464 17664 17665 17865 17866 18066 18067 18267 18268 18269 18270 18470 18471 18472 18473 18474 18674 18675 18875 18876 19076 19276 19277 19477 19478 19678 19878 19879 20079 20080 20280 20281 20481 20681 20682 20683 20684 20685 20686 20687 20688 20689 20690 20691 20692 20693 20694 20494 20495 20496 20497 20297 20298 20299 20099 20100 19900 19901 19701 19702 19502 19503 19303 19304 19104 18904 18905 18705 18505 18506 18306 18106 18107 17907 17908 17909 17910 17911 17912 17913 17914 17915 17916 17917 17918 17919 17920 17921 17922 17923 17924 17925 17926 17927 17928 17929 17930 17931 17932 18132 18133 18333 18533 18534 18734 18735 18935 19135 19136 19336 19536 19537 19737 19738 19938 20138 20139 20339 20340 20540 20541 20741 20742 20942 20943 21143 21144 21145 21345 21346 21546 21547 21747 21748 21948 21949 22149 22150 22350 22351 22551 22552 22752 22753 22953 23153 23154 23354 23554 23754 23954 24154 24354 24554 24754 24755 24955 25155 25355 25356 25556 25557 25757 25957 25958 26158 26159 26359 26360 26560 26760 26761 26961 26962 27162 27362 27562 27762 27962 28162 28362 28562 28762 28962 29162 29362 29562 29762 29962 29961 30161 30160 30360 30359 30559 30558 30557 30757 30756 30956 30955 31155 31154 31153 31353 31352 31552 31551 31550 31750 31749 31748 31747 31746 31745 31744 31743 31943 32143 32343 32543 32743 32943 33143 33343 33543 33743 
Label: 441711
[251,194655,]
15037 15038 15039 15040 15041 15042 15043 15044 15045 15046 15047 15048 15049 15050 15051 15052 15053 15054 15055 15255 15256 15456 15457 15657 15658 15858 16058 16059 16259 16260 16460 16660 16661 16861 16862 17062 17063 17263 17463 17464 17664 17665 17865 17866 18066 18067 18267 18268 18269 18270 18470 18471 18472 18473 18474 18674 18675 18875 18876 19076 19276 19277 19477 19478 19678 19878 19879 20079 20080 20280 20281 20282 20283 20284 20285 20286 20287 20288 20289 20290 20291 20292 20293 20294 20295 20296 20297 20298 20299 20099 20100 19900 19901 19701 19702 19502 19503 19303 19304 19104 18904 18905 18705 18505 18506 18507 18508 18509 18510 18511 18512 18513 18514 18515 18516 18517 18518 18519 18520 18521 18522 18523 18524 18525 18526 18527 18528 18529 18530 18531 18532 18533 18534 18734 18735 18935 19135 19136 19336 19536 19537 19737 19738 19938 20138 20139 20339 20340 20540 20541 20741 20742 20942 20943 21143 21144 21145 21345 21346 21546 21547 21747 21748 21948 21949 22149 22150 22350 22351 22551 22552 22752 22753 22953 23153 23154 23354 23554 23754 23954 24154 24354 24554 24754 24755 24955 25155 25355 25356 25556 25557 25757 25957 25958 26158 26159 26359 26360 26560 26760 26960 27160 27360 27560 27760 27960 28160 28360 28560 28760 28960 29160 29360 29560 29760 29960 30160 30360 30359 30559 30558 30557 30757 30756 30956 30955 31155 31154 31153 31353 31352 31552 31551 31550 31750 31749 31748 31747 31746 31745 31744 31743 31943 32143 32343 32543 32743 32943 33143 33343 33543 33743 
Label: 450495
[261,181864,]
15037 15038 15039 15040 15041 15042 15043 15044 15045 15046 15047 15048 15049 15050 15051 15052 15053 15054 15055 15255 15256 15456 15457 15657 15658 15858 16058 16059 16259 16260 16460 16660 16661 16861 16862 17062 17063 17263 17463 17464 17664 17665 17865 17866 18066 18067 18267 18268 18269 18270 18470 18471 18472 18473 18474 18674 18675 18875 18876 19076 19276 19277 19477 19478 19678 19878 19879 20079 20080 20280 20281 20481 20482 20483 20484 20485 20486 20487 20488 20489 20490 20491 20492 20493 20494 20495 20496 20497 20297 20298 20299 20099 20100 19900 19901 19701 19702 19502 19503 19303 19304 19104 18904 18905 18705 18505 18506 18306 18106 18107 18108 18109 18110 18111 18112 18113 18114 18115 18116 18117 18118 18119 18120 18121 18122 18123 18124 18125 18126 18127 18128 18129 18130 18131 18132 18133 18333 18533 18534 18734 18735 18935 19135 19136 19336 19536 19537 19737 19738 19938 20138 20139 20339 20340 20540 20541 20741 20742 20942 20943 21143 21144 21145 21345 21346 21546 21547 21747 21748 21948 21949 22149 22150 22350 22351 22551 22552 22752 22753 22953 23153 23154 23354 23554 23754 23954 24154 24354 24554 24754 24755 24955 25155 25355 25356 25556 25557 25757 25957 25958 26158 26159 26359 26360 26560 26760 26761 26961 26962 27162 27362 27562 27762 27962 28162 28362 28562 28762 28962 29162 29362 29562 29762 29962 29961 30161 30160 30360 30359 30559 30558 30557 30757 30756 30956 30955 31155 31154 31153 31353 31352 31552 31551 31550 31750 31749 31748 31747 31746 31745 31744 31743 31943 32143 32343 32543 32743 32943 33143 33343 33543 33743 
Label: 447931
[257,184674,]
15037 15038 15039 15040 15041 15042 15043 15044 15045 15046 15047 15048 15049 15050 15051 15052 15053 15054 15055 15255 15256 15456 15457 15657 15658 15858 16058 16059 16259 16260 16460 16660 16661 16861 16862 17062 17063 17263 17463 17464 17664 17665 17865 17866 18066 18067 18267 18268 18269 18270 18470 18471 18472 18473 18474 18674 18675 18875 18876 19076 19276 19277 19477 19478 19678 19878 19879 20079 20080 20280 20281 20481 20482 20483 20484 20485 20486 20487 20488 20489 20490 20491 20492 20493 20494 20495 20496 20497 20297 20298 20299 20099 20100 19900 19901 19701 19702 19502 19503 19303 19304 19104 18904 18905 18705 18505 18506 18306 18307 18308 18309 18310 18311 18312 18313 18314 18315 18316 18317 18318 18319 18320 18321 18322 18323 18324 18325 18326 18327 18328 18329 18330 18331 18332 18333 18533 18534 18734 18735 18935 19135 19136 19336 19536 19537 19737 19738 19938 20138 20139 20339 20340 20540 20541 20741 20742 20942 20943 21143 21144 21145 21345 21346 21546 21547 21747 21748 21948 21949 22149 22150 22350 22351 22551 22552 22752 22753 22953 23153 23154 23354 23554 23754 23954 24154 24354 24554 24754 24755 24955 25155 25355 25356 25556 25557 25757 25957 25958 26158 26159 26359 26360 26560 26760 26761 26961 27161 27361 27561 27761 27961 28161 28361 28561 28761 28961 29161 29361 29561 29761 29961 30161 30160 30360 30359 30559 30558 30557 30757 30756 30956 30955 31155 31154 31153 31353 31352 31552 31551 31550 31750 31749 31748 31747 31746 31745 31744 31743 31943 32143 32343 32543 32743 32943 33143 33343 33543 33743 
Label: 278947
[221,460376,]
15037 15038 15039 15040 15041 15042 15043 15044 15045 15046 15047 15048 15049 15050 15051 15052 15053 15054 15055 15255 15256 15456 15457 15657 15658 15858 16058 16059 16259 16260 16460 16660 16661 16861 16862 16863 16864 16865 16866 16867 16868 16869 16870 16871 16872 16873 16874 16875 16876 16877 16878 16879 16880 16881 16882 16883 16884 16885 16886 16887 16888 16889 16890 16891 16892 16893 16894 17094 17095 17096 17097 17098 17298 17299 17300 17301 17302 17303 17304 17305 17306 17307 17308 17309 17310 17311 17312 17313 17314 17315 17316 17317 17318 17319 17320 17321 17322 17323 17324 17325 17326 17327 17328 17329 17330 17530 17531 17731 17931 17932 18132 18133 18333 18533 18534 18734 18735 18935 19135 19136 19336 19536 19537 19737 19738 19938 20138 20139 20339 20340 20540 20541 20741 20742 20942 20943 21143 21144 21145 21345 21346 21546 21547 21747 21748 21948 21949 22149 22150 22350 22351 22551 22552 22752 22753 22953 23153 23154 23354 23554 23754 23954 24154 24354 24554 24754 24954 25154 25354 25554 25754 25954 26154 26354 26554 26754 26954 27154 27354 27554 27754 27954 28154 28354 28554 28754 28954 29154 29354 29554 29754 29954 30154 30354 30554 30754 30954 31154 31153 31353 31352 31552 31551 31550 31750 31749 31748 31747 31746 31745 31744 31743 31943 32143 32343 32543 32743 32943 33143 33343 33543 33743 
Label: 409955
[237,263545,]
15037 15038 15039 15040 15041 15042 15043 15044 15045 15046 15047 15048 15049 15050 15051 15052 15053 15054 15055 15255 15256 15456 15457 15657 15658 15858 16058 16059 16259 16260 16460 16660 16661 16861 16862 17062 17063 17263 17463 17464 17664 17665 17865 17866 18066 18067 18267 18268 18269 18270 18470 18471 18472 18473 18474 18674 18675 18875 18876 19076 19276 19277 19477 19478 19678 19878 19879 19880 19881 19882 19883 19884 19885 19886 19887 19888 19889 19890 19891 19892 19893 19894 19895 19896 19897 19898 19899 19900 19901 19701 19702 19502 19503 19303 19304 19104 18904 18905 18906 18907 18908 18909 18910 18911 18912 18913 18914 18915 18916 18917 18918 18919 18920 18921 18922 18923 18924 18925 18926 18927 18928 18929 18930 18931 18932 18933 18934 18935 19135 19136 19336 19536 19537 19737 19738 19938 20138 20139 20339 20340 20540 20541 20741 20742 20942 20943 21143 21144 21145 21345 21346 21546 21547 21747 21748 21948 21949 22149 22150 22350 22351 22551 22552 22752 22753 22953 23153 23154 23354 23554 23754 23954 24154 24354 24554 24754 24755 24955 25155 25355 25356 25556 25557 25757 25957 26157 26357 26557 26757 26957 27157 27357 27557 27757 27957 28157 28357 28557 28757 28957 29157 29357 29557 29757 29957 30157 30357 30557 30757 30756 30956 30955 31155 31154 31153 31353 31352 31552 31551 31550 31750 31749 31748 31747 31746 31745 31744 31743 31943 32143 32343 32543 32743 32943 33143 33343 33543 33743 
Label: 300891
[223,429198,]
15037 15038 15039 15040 15041 15042 15043 15044 15045 15046 15047 15048 15049 15050 15051 15052 15053 15054 15055 15255 15256 15456 15457 15657 15658 15858 16058 16059 16259 16260 16460 16660 16661 16861 16862 16863 16864 16865 16866 16867 16868 16869 16870 16871 16872 16873 16874 16875 16876 16877 16878 16879 16880 16881 16882 16883 16884 16885 16886 16887 16888 16889 16890 16891 16892 16893 16894 17094 17095 17096 17097 17098 17298 17299 17300 17301 17302 17303 17304 17305 17306 17307 17308 17309 17310 17311 17312 17313 17314 17315 17316 17317 17318 17319 17320 17321 17322 17323 17324 17325 17326 17327 17328 17329 17330 17530 17531 17731 17931 17932 18132 18133 18333 18533 18534 18734 18735 18935 19135 19136 19336 19536 19537 19737 19738 19938 20138 20139 20339 20340 20540 20541 20741 20742 20942 20943 21143 21144 21145 21345 21346 21546 21547 21747 21748 21948 21949 22149 22150 22350 22351 22551 22552 22752 22753 22953 23153 23154 23354 23554 23754 23954 24154 24354 24554 24754 24755 24955 25155 25355 25555 25755 25955 26155 26355 26555 26755 26955 27155 27355 27555 27755 27955 28155 28355 28555 28755 28955 29155 29355 29555 29755 29955 30155 30355 30555 30755 30955 31155 31154 31153 31353 31352 31552 31551 31550 31750 31749 31748 31747 31746 31745 31744 31743 31943 32143 32343 32543 32743 32943 33143 33343 33543 33743 
Label: 24063
[199,602910,]
15037 15038 15039 15040 15041 15042 15043 15044 15045 15046 15047 15048 15049 15050 15051 15052 15053 15054 15055 15255 15256 15456 15457 15657 15658 15858 16058 16059 16259 16260 16460 16660 16661 16861 16862 17062 17063 17263 17463 17464 17664 17665 17865 17866 18066 18067 18267 18268 18269 18270 18470 18471 18472 18473 18474 18674 18675 18875 18876 19076 19276 19277 19477 19478 19678 19878 19879 20079 20080 20280 20281 20481 20681 20682 20882 21082 21282 21482 21682 21882 22082 22282 22482 22682 22882 23082 23282 23482 23682 23882 24082 24282 24482 24682 24683 24684 24685 24686 24687 24887 24888 24889 24890 24891 24892 24893 24894 24895 24896 24897 24898 24899 24900 24901 24902 24903 24904 24905 24906 24907 24908 24909 24910 24911 24912 24913 24914 24915 24916 25116 25117 25118 25318 25319 25320 25520 25521 25721 25722 25922 25923 26123 26124 26324 26325 26525 26725 26925 27125 27325 27525 27725 27925 28125 28325 28525 28725 28925 29125 29325 29326 29526 29726 29727 29927 29928 30128 30129 30130 30330 30331 30332 30532 30533 30534 30734 30735 30736 30936 30937 30938 31138 31139 31339 31340 31341 31541 31542 31543 31743 31943 32143 32343 32543 32743 32943 33143 33343 33543 33743 
Label: 416723
[239,246933,]
15037 15038 15039 15040 15041 15042 15043 15044 15045 15046 15047 15048 15049 15050 15051 15052 15053 15054 15055 15255 15256 15456 15457 15657 15658 15858 16058 16059 16259 16260 16460 16660 16661 16861 16862 17062 17063 17263 17463 17464 17664 17665 17865 17866 18066 18067 18267 18268 18269 18270 18470 18471 18472 18473 18474 18674 18675 18875 18876 19076 19276 19277 19477 19478 19678 19878 19879 20079 20080 20081 20082 20083 20084 20085 20086 20087 20088 20089 20090 20091 20092 20093 20094 20095 20096 20097 20098 20099 20100 19900 19901 19701 19702 19502 19503 19303 19304 19104 18904 18905 18906 18907 18908 18909 18910 18911 18912 18913 18914 18915 18916 18917 18918 18919 18920 18921 18922 18923 18924 18925 18926 18927 18928 18929 18930 18931 18932 18933 18934 18935 19135 19136 19336 19536 19537 19737 19738 19938 20138 20139 20339 20340 20540 20541 20741 20742 20942 20943 21143 21144 21145 21345 21346 21546 21547 21747 21748 21948 21949 22149 22150 22350 22351 22551 22552 22752 22753 22953 23153 23154 23354 23554 23754 23954 24154 24354 24554 24754 24755 24955 25155 25355 25356 25556 25557 25757 25957 26157 26357 26557 26757 26957 27157 27357 27557 27757 27957 28157 28357 28557 28757 28957 29157 29357 29557 29757 29957 30157 30357 30557 30757 30756 30956 30955 31155 31154 31153 31353 31352 31552 31551 31550 31750 31749 31748 31747 31746 31745 31744 31743 31943 32143 32343 32543 32743 32943 33143 33343 33543 33743 
Label: 388071
[233,302630,]
15037 15038 15039 15040 15041 15042 15043 15044 15045 15046 15047 15048 15049 15050 15051 15052 15053 15054 15055 15255 15256 15456 15457 15657 15658 15858 16058 16059 16259 16260 16460 16660 16661 16861 16862 17062 17063 17263 17463 17464 17664 17665 17865 17866 18066 18067 18267 18268 18269 18270 18470 18471 18472 18473 18474 18674 18675 18875 18876 19076 19276 19277 19477 19478 19678 19878 19879 19880 19881 19882 19883 19884 19885 19886 19887 19888 19889 19890 19891 19892 19893 19894 19895 19896 19897 19898 19899 19900 19901 19701 19702 19502 19503 19303 19304 19104 19105 19106 19107 19108 19109 19110 19111 19112 19113 19114 19115 19116 19117 19118 19119 19120 19121 19122 19123 19124 19125 19126 19127 19128 19129 19130 19131 19132 19133 19134 19135 19136 19336 19536 19537 19737 19738 19938 20138 20139 20339 20340 20540 20541 20741 20742 20942 20943 21143 21144 21145 21345 21346 21546 21547 21747 21748 21948 21949 22149 22150 22350 22351 22551 22552 22752 22753 22953 23153 23154 23354 23554 23754 23954 24154 24354 24554 24754 24755 24955 25155 25355 25356 25556 25756 25956 26156 26356 26556 26756 26956 27156 27356 27556 27756 27956 28156 28356 28556 28756 28956 29156 29356 29556 29756 29956 30156 30356 30556 30756 30956 30955 31155 31154 31153 31353 31352 31552 31551 31550 31750 31749 31748 31747 31746 31745 31744 31743 31943 32143 32343 32543 32743 32943 33143 33343 33543 33743 
Label: 343439
[227,384330,]
15037 15038 15039 15040 15041 15042 15043 15044 15045 15046 15047 15048 15049 15050 15051 15052 15053 15054 15055 15255 15256 15456 15457 15657 15658 15858 16058 16059 16259 16260 16460 16660 16661 16861 16862 17062 17063 17263 17463 17464 17664 17665 17865 17866 18066 18067 18267 18268 18269 18270 18470 18471 18472 18473 18474 18674 18675 18875 18876 19076 19276 19277 19477 19478 19678 19679 19680 19681 19682 19683 19684 19685 19686 19687 19688 19689 19690 19691 19692 19693 19694 19695 19696 19697 19698 19699 19700 19701 19702 19502 19503 19303 19304 19104 19105 19106 19107 19108 19109 19110 19111 19112 19113 19114 19115 19116 19117 19118 19119 19120 19121 19122 19123 19124 19125 19126 19127 19128 19129 19130 19131 19132 19133 19134 19135 19136 19336 19536 19537 19737 19738 19938 20138 20139 20339 20340 20540 20541 20741 20742 20942 20943 21143 21144 21145 21345 21346 21546 21547 21747 21748 21948 21949 22149 22150 22350 22351 22551 22552 22752 22753 22953 23153 23154 23354 23554 23754 23954 24154 24354 24554 24754 24954 25154 25354 25554 25754 25954 26154 26354 26554 26754 26954 27154 27354 27554 27754 27954 28154 28354 28554 28754 28954 29154 29354 29554 29754 29954 30154 30354 30554 30754 30954 31154 31153 31353 31352 31552 31551 31550 31750 31749 31748 31747 31746 31745 31744 31743 31943 32143 32343 32543 32743 32943 33143 33343 33543 33743 
Label: 452591
[269,179347,]
15037 15038 15039 15040 15041 15042 15043 15044 15045 15046 15047 15048 15049 15050 15051 15052 15053 15054 15055 15255 15256 15456 15457 15657 15658 15858 16058 16059 16259 16260 16460 16660 16661 16861 16862 17062 17063 17263 17463 17464 17664 17665 17865 17866 18066 18067 18267 18268 18269 18270 18470 18471 18472 18473 18474 18674 18675 18875 18876 19076 19276 19277 19477 19478 19678 19878 19879 20079 20080 20280 20281 20481 20681 20682 20683 20684 20685 20686 20687 20688 20689 20690 20691 20692 20693 20694 20494 20495 20496 20497 20297 20298 20299 20099 20100 19900 19901 19701 19702 19502 19503 19303 19304 19104 18904 18905 18705 18505 18506 18306 18106 18107 17907 17908 17708 17709 17710 17711 17712 17713 17714 17715 17716 17717 17718 17719 17720 17721 17722 17723 17724 17725 17726 17727 17728 17729 17730 17731 17931 17932 18132 18133 18333 18533 18534 18734 18735 18935 19135 19136 19336 19536 19537 19737 19738 19938 20138 20139 20339 20340 20540 20541 20741 20742 20942 20943 21143 21144 21145 21345 21346 21546 21547 21747 21748 21948 21949 22149 22150 22350 22351 22551 22552 22752 22753 22953 23153 23154 23354 23554 23754 23954 24154 24354 24554 24754 24755 24955 25155 25355 25356 25556 25557 25757 25957 25958 26158 26159 26359 26360 26560 26760 26761 26961 26962 27162 27163 27363 27563 27763 27963 28163 28363 28563 28763 28963 29163 29363 29563 29763 29762 29962 29961 30161 30160 30360 30359 30559 30558 30557 30757 30756 30956 30955 31155 31154 31153 31353 31352 31552 31551 31550 31750 31749 31748 31747 31746 31745 31744 31743 31943 32143 32343 32543 32743 32943 33143 33343 33543 33743 
Label: 453403
[275,179093,]
15037 15038 15039 15040 15041 15042 15043 15044 15045 15046 15047 15048 15049 15050 15051 15052 15053 15054 15055 15255 15256 15456 15457 15657 15658 15858 16058 16059 16259 16260 16460 16660 16661 16861 16862 17062 17063 17263 17463 17464 17664 17665 17865 17866 18066 18067 18267 18268 18269 18270 18470 18471 18472 18473 18474 18674 18675 18875 18876 19076 19276 19277 19477 19478 19678 19878 19879 20079 20080 20280 20281 20481 20681 20682 20683 20684 20685 20686 20687 20688 20689 20690 20691 20692 20693 20694 20494 20495 20496 20497 20297 20298 20299 20099 20100 19900 19901 19701 19702 19502 19503 19303 19304 19104 18904 18905 18705 18505 18506 18306 18106 18107 17907 17908 17708 17709 17509 17510 17310 17311 17312 17313 17314 17315 17316 17317 17318 17319 17320 17321 17322 17323 17324 17325 17326 17327 17328 17329 17330 17530 17531 17731 17931 17932 18132 18133 18333 18533 18534 18734 18735 18935 19135 19136 19336 19536 19537 19737 19738 19938 20138 20139 20339 20340 20540 20541 20741 20742 20942 20943 21143 21144 21145 21345 21346 21546 21547 21747 21748 21948 21949 22149 22150 22350 22351 22551 22552 22752 22753 22953 23153 23154 23354 23554 23754 23954 24154 24354 24554 24754 24755 24955 25155 25355 25356 25556 25557 25757 25957 25958 26158 26159 26359 26360 26560 26760 26761 26961 26962 27162 27163 27363 27563 27564 27764 27964 28164 28364 28564 28764 28964 29164 29364 29363 29563 29763 29762 29962 29961 30161 30160 30360 30359 30559 30558 30557 30757 30756 30956 30955 31155 31154 31153 31353 31352 31552 31551 31550 31750 31749 31748 31747 31746 31745 31744 31743 31943 32143 32343 32543 32743 32943 33143 33343 33543 33743 
Label: 453159
[273,179141,]
15037 15038 15039 15040 15041 15042 15043 15044 15045 15046 15047 15048 15049 15050 15051 15052 15053 15054 15055 15255 15256 15456 15457 15657 15658 15858 16058 16059 16259 16260 16460 16660 16661 16861 16862 17062 17063 17263 17463 17464 17664 17665 17865 17866 18066 18067 18267 18268 18269 18270 18470 18471 18472 18473 18474 18674 18675 18875 18876 19076 19276 19277 19477 19478 19678 19878 19879 20079 20080 20280 20281 20481 20681 20682 20683 20684 20685 20686 20687 20688 20689 20690 20691 20692 20693 20694 20494 20495 20496 20497 20297 20298 20299 20099 20100 19900 19901 19701 19702 19502 19503 19303 19304 19104 18904 18905 18705 18505 18506 18306 18106 18107 17907 17908 17708 17709 17509 17510 17511 17512 17513 17514 17515 17516 17517 17518 17519 17520 17521 17522 17523 17524 17525 17526 17527 17528 17529 17530 17531 17731 17931 17932 18132 18133 18333 18533 18534 18734 18735 18935 19135 19136 19336 19536 19537 19737 19738 19938 20138 20139 20339 20340 20540 20541 20741 20742 20942 20943 21143 21144 21145 21345 21346 21546 21547 21747 21748 21948 21949 22149 22150 22350 22351 22551 22552 22752 22753 22953 23153 23154 23354 23554 23754 23954 24154 24354 24554 24754 24755 24955 25155 25355 25356 25556 25557 25757 25957 25958 26158 26159 26359 26360 26560 26760 26761 26961 26962 27162 27163 27363 27563 27564 27764 27964 28164 28364 28564 28764 28964 29164 29364 29363 29563 29763 29762 29962 29961 30161 30160 30360 30359 30559 30558 30557 30757 30756 30956 30955 31155 31154 31153 31353 31352 31552 31551 31550 31750 31749 31748 31747 31746 31745 31744 31743 31943 32143 32343 32543 32743 32943 33143 33343 33543 33743 
Label: 453631
[277,179077,]
15037 15038 15039 15040 15041 15042 15043 15044 15045 15046 15047 15048 15049 15050 15051 15052 15053 15054 15055 15255 15256 15456 15457 15657 15658 15858 16058 16059 16259 16260 16460 16660 16661 16861 16862 17062 17063 17263 17463 17464 17664 17665 17865 17866 18066 18067 18267 18268 18269 18270 18470 18471 18472 18473 18474 18674 18675 18875 18876 19076 19276 19277 19477 19478 19678 19878 19879 20079 20080 20280 20281 20481 20681 20682 20683 20684 20685 20686 20687 20688 20689 20690 20691 20692 20693 20694 20494 20495 20496 20497 20297 20298 20299 20099 20100 19900 19901 19701 19702 19502 19503 19303 19304 19104 18904 18905 18705 18505 18506 18306 18106 18107 17907 17908 17708 17709 17509 17510 17310 17311 17312 17112 17113 17114 17115 17116 17117 17118 17119 17120 17121 17122 17123 17124 17125 17126 17127 17128 17129 17329 17330 17530 17531 17731 17931 17932 18132 18133 18333 18533 18534 18734 18735 18935 19135 19136 19336 19536 19537 19737 19738 19938 20138 20139 20339 20340 20540 20541 20741 20742 20942 20943 21143 21144 21145 21345 21346 21546 21547 21747 21748 21948 21949 22149 22150 22350 22351 22551 22552 22752 22753 22953 23153 23154 23354 23554 23754 23954 24154 24354 24554 24754 24755 24955 25155 25355 25356 25556 25557 25757 25957 25958 26158 26159 26359 26360 26560 26760 26761 26961 26962 27162 27163 27363 27563 27564 27764 27964 28164 28364 28564 28764 28964 29164 29364 29363 29563 29763 29762 29962 29961 30161 30160 30360 30359 30559 30558 30557 30757 30756 30956 30955 31155 31154 31153 31353 31352 31552 31551 31550 31750 31749 31748 31747 31746 31745 31744 31743 31943 32143 32343 32543 32743 32943 33143 33343 33543 33743 
Label: 452883
[271,179225,]
15037 15038 15039 15040 15041 15042 15043 15044 15045 15046 15047 15048 15049 15050 15051 15052 15053 15054 15055 15255 15256 15456 15457 15657 15658 15858 16058 16059 16259 16260 16460 16660 16661 16861 16862 17062 17063 17263 17463 17464 17664 17665 17865 17866 18066 18067 18267 18268 18269 18270 18470 18471 18472 18473 18474 18674 18675 18875 18876 19076 19276 19277 19477 19478 19678 19878 19879 20079 20080 20280 20281 20481 20681 20682 20683 20684 20685 20686 20687 20688 20689 20690 20691 20692 20693 20694 20494 20495 20496 20497 20297 20298 20299 20099 20100 19900 19901 19701 19702 19502 19503 19303 19304 19104 18904 18905 18705 18505 18506 18306 18106 18107 17907 17908 17708 17709 17509 17510 17511 17512 17513 17514 17515 17516 17517 17518 17519 17520 17521 17522 17523 17524 17525 17526 17527 17528 17529 17530 17531 17731 17931 17932 18132 18133 18333 18533 18534 18734 18735 18935 19135 19136 19336 19536 19537 19737 19738 19938 20138 20139 20339 20340 20540 20541 20741 20742 20942 20943 21143 21144 21145 21345 21346 21546 21547 21747 21748 21948 21949 22149 22150 22350 22351 22551 22552 22752 22753 22953 23153 23154 23354 23554 23754 23954 24154 24354 24554 24754 24755 24955 25155 25355 25356 25556 25557 25757 25957 25958 26158 26159 26359 26360 26560 26760 26761 26961 26962 27162 27163 27363 27563 27763 27963 28163 28363 28563 28763 28963 29163 29363 29563 29763 29762 29962 29961 30161 30160 30360 30359 30559 30558 30557 30757 30756 30956 30955 31155 31154 31153 31353 31352 31552 31551 31550 31750 31749 31748 31747 31746 31745 31744 31743 31943 32143 32343 32543 32743 32943 33143 33343 33543 33743 
Label: 422607
[241,234231,]
15037 15038 15039 15040 15041 15042 15043 15044 15045 15046 15047 15048 15049 15050 15051 15052 15053 15054 15055 15255 15256 15456 15457 15657 15658 15858 16058 16059 16259 16260 16460 16660 16661 16861 16862 17062 17063 17263 17463 17464 17664 17665 17865 17866 18066 18067 18267 18268 18269 18270 18470 18471 18472 18473 18474 18674 18675 18875 18876 19076 19276 19277 19477 19478 19678 19878 19879 20079 20080 20081 20082 20083 20084 20085 20086 20087 20088 20089 20090 20091 20092 20093 20094 20095 20096 20097 20098 20099 20100 19900 19901 19701 19702 19502 19503 19303 19304 19104 18904 18905 18705 18706 18707 18708 18709 18710 18711 18712 18713 18714 18715 18716 18717 18718 18719 18720 18721 18722 18723 18724 18725 18726 18727 18728 18729 18730 18731 18732 18733 18734 18735 18935 19135 19136 19336 19536 19537 19737 19738 19938 20138 20139 20339 20340 20540 20541 20741 20742 20942 20943 21143 21144 21145 21345 21346 21546 21547 21747 21748 21948 21949 22149 22150 22350 22351 22551 22552 22752 22753 22953 23153 23154 23354 23554 23754 23954 24154 24354 24554 24754 24755 24955 25155 25355 25356 25556 25557 25757 25957 26157 26357 26557 26757 26957 27157 27357 27557 27757 27957 28157 28357 28557 28757 28957 29157 29357 29557 29757 29957 30157 30357 30557 30757 30756 30956 30955 31155 31154 31153 31353 31352 31552 31551 31550 31750 31749 31748 31747 31746 31745 31744 31743 31943 32143 32343 32543 32743 32943 33143 33343 33543 33743 
Label: 453847
[279,179070,]
15037 15038 15039 15040 15041 15042 15043 15044 15045 15046 15047 15048 15049 15050 15051 15052 15053 15054 15055 15255 15256 15456 15457 15657 15658 15858 16058 16059 16259 16260 16460 16660 16661 16861 16862 17062 17063 17263 17463 17464 17664 17665 17865 17866 18066 18067 18267 18268 18269 18270 18470 18471 18472 18473 18474 18674 18675 18875 18876 19076 19276 19277 19477 19478 19678 19878 19879 20079 20080 20280 20281 20481 20681 20682 20683 20684 20685 20686 20687 20688 20689 20690 20691 20692 20693 20694 20494 20495 20496 20497 20297 20298 20299 20099 20100 19900 19901 19701 19702 19502 19503 19303 19304 19104 18904 18905 18705 18505 18506 18306 18106 18107 17907 17908 17708 17709 17509 17510 17310 17311 17312 17112 17113 17114 16914 16915 16916 16917 16918 16919 16920 16921 16922 16923 16924 16925 16926 16927 16928 16929 17129 17329 17330 17530 17531 17731 17931 17932 18132 18133 18333 18533 18534 18734 18735 18935 19135 19136 19336 19536 19537 19737 19738 19938 20138 20139 20339 20340 20540 20541 20741 20742 20942 20943 21143 21144 21145 21345 21346 21546 21547 21747 21748 21948 21949 22149 22150 22350 22351 22551 22552 22752 22753 22953 23153 23154 23354 23554 23754 23954 24154 24354 24554 24754 24755 24955 25155 25355 25356 25556 25557 25757 25957 25958 26158 26159 26359 26360 26560 26760 26761 26961 26962 27162 27163 27363 27563 27564 27764 27964 28164 28364 28564 28764 28964 29164 29364 29363 29563 29763 29762 29962 29961 30161 30160 30360 30359 30559 30558 30557 30757 30756 30956 30955 31155 31154 31153 31353 31352 31552 31551 31550 31750 31749 31748 31747 31746 31745 31744 31743 31943 32143 32343 32543 32743 32943 33143 33343 33543 33743 
Label: 374507
[231,326631,]
15037 15038 15039 15040 15041 15042 15043 15044 15045 15046 15047 15048 15049 15050 15051 15052 15053 15054 15055 15255 15256 15456 15457 15657 15658 15858 16058 16059 16259 16260 16460 16660 16661 16861 16862 17062 17063 17263 17463 17464 17664 17665 17865 17866 18066 18067 18267 18268 18269 18270 18470 18471 18472 18473 18474 18674 18675 18875 18876 19076 19276 19277 19477 19478 19678 19878 19879 19880 19881 19882 19883 19884 19885 19886 19887 19888 19889 19890 19891 19892 19893 19894 19895 19896 19897 19898 19899 19900 19901 19701 19702 19502 19503 19303 19304 19104 19105 19106 19107 19108 19109 19110 19111 19112 19113 19114 19115 19116 19117 19118 19119 19120 19121 19122 19123 19124 19125 19126 19127 19128 19129 19130 19131 19132 19133 19134 19135 19136 19336 19536 19537 19737 19738 19938 20138 20139 20339 20340 20540 20541 20741 20742 20942 20943 21143 21144 21145 21345 21346 21546 21547 21747 21748 21948 21949 22149 22150 22350 22351 22551 22552 22752 22753 22953 23153 23154 23354 23554 23754 23954 24154 24354 24554 24754 24755 24955 25155 25355 25555 25755 25955 26155 26355 26555 26755 26955 27155 27355 27555 27755 27955 28155 28355 28555 28755 28955 29155 29355 29555 29755 29955 30155 30355 30555 30755 30955 31155 31154 31153 31353 31352 31552 31551 31550 31750 31749 31748 31747 31746 31745 31744 31743 31943 32143 32343 32543 32743 32943 33143 33343 33543 33743 
Label: 451299
[263,180864,]
15037 15038 15039 15040 15041 15042 15043 15044 15045 15046 15047 15048 15049 15050 15051 15052 15053 15054 15055 15255 15256 15456 15457 15657 15658 15858 16058 16059 16259 16260 16460 16660 16661 16861 16862 17062 17063 17263 17463 17464 17664 17665 17865 17866 18066 18067 18267 18268 18269 18270 18470 18471 18472 18473 18474 18674 18675 18875 18876 19076 19276 19277 19477 19478 19678 19878 19879 20079 20080 20280 20281 20481 20681 20682 20683 20684 20685 20686 20687 20688 20689 20690 20691 20692 20693 20694 20494 20495 20496 20497 20297 20298 20299 20099 20100 19900 19901 19701 19702 19502 19503 19303 19304 19104 18904 18905 18705 18505 18506 18306 18106 18107 18108 18109 18110 18111 18112 18113 18114 18115 18116 18117 18118 18119 18120 18121 18122 18123 18124 18125 18126 18127 18128 18129 18130 18131 18132 18133 18333 18533 18534 18734 18735 18935 19135 19136 19336 19536 19537 19737 19738 19938 20138 20139 20339 20340 20540 20541 20741 20742 20942 20943 21143 21144 21145 21345 21346 21546 21547 21747 21748 21948 21949 22149 22150 22350 22351 22551 22552 22752 22753 22953 23153 23154 23354 23554 23754 23954 24154 24354 24554 24754 24755 24955 25155 25355 25356 25556 25557 25757 25957 25958 26158 26159 26359 26360 26560 26760 26761 26961 26962 27162 27362 27562 27762 27962 28162 28362 28562 28762 28962 29162 29362 29562 29762 29962 29961 30161 30160 30360 30359 30559 30558 30557 30757 30756 30956 30955 31155 31154 31153 31353 31352 31552 31551 31550 31750 31749 31748 31747 31746 31745 31744 31743 31943 32143 32343 32543 32743 32943 33143 33343 33543 33743 
Label: 256367
[219,498654,]
15037 15038 15039 15040 15041 15042 15043 15044 15045 15046 15047 15048 15049 15050 15051 15052 15053 15054 15055 15255 15256 15456 15457 15657 15658 15858 16058 16059 16259 16260 16460 16660 16661 16861 16862 16863 16864 16865 16866 16867 16868 16869 16870 16871 16872 16873 16874 16875 16876 16877 16878 16879 16880 16881 16882 16883 16884 16885 16886 16887 16888 16889 16890 16891 16892 16893 16894 17094 17095 17096 17097 17098 17298 17299 17300 17301 17302 17303 17304 17305 17306 17307 17308 17309 17310 17311 17312 17313 17314 17315 17316 17317 17318 17319 17320 17321 17322 17323 17324 17325 17326 17327 17328 17329 17330 17530 17531 17731 17931 17932 18132 18133 18333 18533 18534 18734 18735 18935 19135 19136 19336 19536 19537 19737 19738 19938 20138 20139 20339 20340 20540 20541 20741 20742 20942 20943 21143 21144 21145 21345 21346 21546 21547 21747 21748 21948 21949 22149 22150 22350 22351 22551 22552 22752 22753 22953 23153 23353 23553 23753 23953 24153 24353 24553 24753 24953 25153 25353 25553 25753 25953 26153 26353 26553 26753 26953 27153 27353 27553 27753 27953 28153 28353 28553 28753 28953 29153 29353 29553 29753 29953 30153 30353 30553 30753 30953 31153 31353 31352 31552 31551 31550 31750 31749 31748 31747 31746 31745 31744 31743 31943 32143 32343 32543 32743 32943 33143 33343 33543 33743 
Label: 322259
[225,405197,]
15037 15038 15039 15040 15041 15042 15043 15044 15045 15046 15047 15048 15049 15050 15051 15052 15053 15054 15055 15255 15256 15456 15457 15657 15658 15858 16058 16059 16259 16260 16460 16660 16661 16861 16862 16863 16864 16865 16866 16867 16868 16869 16870 16871 16872 16873 16874 16875 16876 16877 16878 16879 16880 16881 16882 16883 16884 16885 16886 16887 16888 16889 16890 16891 16892 16893 16894 17094 17095 17096 17097 17098 17298 17299 17300 17301 17302 17303 17304 17305 17306 17307 17308 17309 17310 17311 17312 17313 17314 17315 17316 17317 17318 17319 17320 17321 17322 17323 17324 17325 17326 17327 17328 17329 17330 17530 17531 17731 17931 17932 18132 18133 18333 18533 18534 18734 18735 18935 19135 19136 19336 19536 19537 19737 19738 19938 20138 20139 20339 20340 20540 20541 20741 20742 20942 20943 21143 21144 21145 21345 21346 21546 21547 21747 21748 21948 21949 22149 22150 22350 22351 22551 22552 22752 22753 22953 23153 23154 23354 23554 23754 23954 24154 24354 24554 24754 24755 24955 25155 25355 25356 25556 25756 25956 26156 26356 26556 26756 26956 27156 27356 27556 27756 27956 28156 28356 28556 28756 28956 29156 29356 29556 29756 29956 30156 30356 30556 30756 30956 30955 31155 31154 31153 31353 31352 31552 31551 31550 31750 31749 31748 31747 31746 31745 31744 31743 31943 32143 32343 32543 32743 32943 33143 33343 33543 33743 
Label: 207799
[215,590769,]
15037 15038 15039 15040 15041 15042 15043 15044 15045 15046 15047 15048 15049 15050 15051 15052 15053 15054 15055 15255 15256 15456 15457 15657 15658 15858 16058 16059 16259 16260 16460 16660 16661 16861 16862 16863 16864 16865 16866 16867 16868 16869 16870 16871 16872 16873 16874 16875 16876 16877 16878 16879 16880 16881 16882 16883 16884 16885 16886 16887 16888 16889 16890 16891 16892 16893 16894 17094 17095 17096 17097 17098 17298 17299 17300 17301 17302 17303 17304 17305 17306 17307 17308 17309 17310 17311 17312 17313 17314 17315 17316 17317 17318 17319 17320 17321 17322 17323 17324 17325 17326 17327 17328 17329 17330 17530 17531 17731 17931 17932 18132 18133 18333 18533 18534 18734 18735 18935 19135 19136 19336 19536 19537 19737 19738 19938 20138 20139 20339 20340 20540 20541 20741 20742 20942 20943 21143 21144 21145 21345 21346 21546 21547 21747 21748 21948 21949 22149 22150 22350 22351 22551 22751 22951 23151 23351 23551 23751 23951 24151 24351 24551 24751 24951 25151 25351 25551 25751 25951 26151 26351 26551 26751 26951 27151 27351 27551 27751 27951 28151 28351 28551 28751 28951 29151 29351 29551 29751 29951 30151 30351 30551 30751 30951 31151 31351 31551 31550 31750 31749 31748 31747 31746 31745 31744 31743 31943 32143 32343 32543 32743 32943 33143 33343 33543 33743 
Label: 360011
[229,353152,]
15037 15038 15039 15040 15041 15042 15043 15044 15045 15046 15047 15048 15049 15050 15051 15052 15053 15054 15055 15255 15256 15456 15457 15657 15658 15858 16058 16059 16259 16260 16460 16660 16661 16861 16862 17062 17063 17263 17463 17464 17664 17665 17865 17866 18066 18067 18267 18268 18269 18270 18470 18471 18472 18473 18474 18674 18675 18875 18876 19076 19276 19277 19477 19478 19678 19679 19680 19681 19682 19683 19684 19685 19686 19687 19688 19689 19690 19691 19692 19693 19694 19695 19696 19697 19698 19699 19700 19701 19702 19502 19503 19303 19304 19104 19105 19106 19107 19108 19109 19110 19111 19112 19113 19114 19115 19116 19117 19118 19119 19120 19121 19122 19123 19124 19125 19126 19127 19128 19129 19130 19131 19132 19133 19134 19135 19136 19336 19536 19537 19737 19738 19938 20138 20139 20339 20340 20540 20541 20741 20742 20942 20943 21143 21144 21145 21345 21346 21546 21547 21747 21748 21948 21949 22149 22150 22350 22351 22551 22552 22752 22753 22953 23153 23154 23354 23554 23754 23954 24154 24354 24554 24754 24755 24955 25155 25355 25555 25755 25955 26155 26355 26555 26755 26955 27155 27355 27555 27755 27955 28155 28355 28555 28755 28955 29155 29355 29555 29755 29955 30155 30355 30555 30755 30955 31155 31154 31153 31353 31352 31552 31551 31550 31750 31749 31748 31747 31746 31745 31744 31743 31943 32143 32343 32543 32743 32943 33143 33343 33543 33743 
Label: 44243
[201,602846,]
15037 15038 15039 15040 15041 15042 15043 15044 15045 15046 15047 15048 15049 15050 15051 15052 15053 15054 15055 15255 15256 15456 15457 15657 15658 15858 16058 16059 16259 16260 16460 16660 16661 16861 16862 17062 17063 17263 17463 17464 17664 17665 17865 17866 18066 18067 18267 18268 18269 18270 18470 18471 18472 18473 18474 18674 18675 18875 18876 19076 19276 19277 19477 19478 19678 19878 19879 20079 20080 20280 20281 20481 20681 20682 20882 21082 21282 21482 21682 21882 22082 22282 22482 22682 22681 22881 23081 23281 23481 23681 23881 24081 24281 24481 24681 24682 24683 24684 24685 24686 24687 24887 24888 24889 24890 24891 24892 24893 24894 24895 24896 24897 24898 24899 24900 24901 24902 24903 24904 24905 24906 24907 24908 24909 24910 24911 24912 24913 24914 24915 24916 25116 25117 25118 25318 25319 25320 25520 25521 25721 25722 25922 25923 26123 26124 26324 26325 26525 26725 26925 27125 27325 27525 27725 27925 28125 28325 28525 28725 28925 29125 29325 29326 29526 29726 29727 29927 29928 30128 30129 30130 30330 30331 30332 30532 30533 30534 30734 30735 30736 30936 30937 30938 31138 31139 31339 31340 31341 31541 31542 31543 31743 31943 32143 32343 32543 32743 32943 33143 33343 33543 33743 
Label: 446183
[255,187032,]
15037 15038 15039 15040 15041 15042 15043 15044 15045 15046 15047 15048 15049 15050 15051 15052 15053 15054 15055 15255 15256 15456 15457 15657 15658 15858 16058 16059 16259 16260 16460 16660 16661 16861 16862 17062 17063 17263 17463 17464 17664 17665 17865 17866 18066 18067 18267 18268 18269 18270 18470 18471 18472 18473 18474 18674 18675 18875 18876 19076 19276 19277 19477 19478 19678 19878 19879 20079 20080 20280 20281 20481 20482 20483 20484 20485 20486 20487 20488 20489 20490 20491 20492 20493 20494 20495 20496 20497 20297 20298 20299 20099 20100 19900 19901 19701 19702 19502 19503 19303 19304 19104 18904 18905 18705 18505 18506 18306 18307 18308 18309 18310 18311 18312 18313 18314 18315 18316 18317 18318 18319 18320 18321 18322 18323 18324 18325 18326 18327 18328 18329 18330 18331 18332 18333 18533 18534 18734 18735 18935 19135 19136 19336 19536 19537 19737 19738 19938 20138 20139 20339 20340 20540 20541 20741 20742 20942 20943 21143 21144 21145 21345 21346 21546 21547 21747 21748 21948 21949 22149 22150 22350 22351 22551 22552 22752 22753 22953 23153 23154 23354 23554 23754 23954 24154 24354 24554 24754 24755 24955 25155 25355 25356 25556 25557 25757 25957 25958 26158 26159 26359 26360 26560 26760 26960 27160 27360 27560 27760 27960 28160 28360 28560 28760 28960 29160 29360 29560 29760 29960 30160 30360 30359 30559 30558 30557 30757 30756 30956 30955 31155 31154 31153 31353 31352 31552 31551 31550 31750 31749 31748 31747 31746 31745 31744 31743 31943 32143 32343 32543 32743 32943 33143 33343 33543 33743 
Label: 427835
[243,222525,]
15037 15038 15039 15040 15041 15042 15043 15044 15045 15046 15047 15048 15049 15050 15051 15052 15053 15054 15055 15255 15256 15456 15457 15657 15658 15858 16058 16059 16259 16260 16460 16660 16661 16861 16862 17062 17063 17263 17463 17464 17664 17665 17865 17866 18066 18067 18267 18268 18269 18270 18470 18471 18472 18473 18474 18674 18675 18875 18876 19076 19276 19277 19477 19478 19678 19878 19879 20079 20080 20081 20082 20083 20084 20085 20086 20087 20088 20089 20090 20091 20092 20093 20094 20095 20096 20097 20098 20099 20100 19900 19901 19701 19702 19502 19503 19303 19304 19104 18904 18905 18705 18706 18707 18708 18709 18710 18711 18712 18713 18714 18715 18716 18717 18718 18719 18720 18721 18722 18723 18724 18725 18726 18727 18728 18729 18730 18731 18732 18733 18734 18735 18935 19135 19136 19336 19536 19537 19737 19738 19938 20138 20139 20339 20340 20540 20541 20741 20742 20942 20943 21143 21144 21145 21345 21346 21546 21547 21747 21748 21948 21949 22149 22150 22350 22351 22551 22552 22752 22753 22953 23153 23154 23354 23554 23754 23954 24154 24354 24554 24754 24755 24955 25155 25355 25356 25556 25557 25757 25957 25958 26158 26358 26558 26758 26958 27158 27358 27558 27758 27958 28158 28358 28558 28758 28958 29158 29358 29558 29758 29958 30158 30358 30558 30557 30757 30756 30956 30955 31155 31154 31153 31353 31352 31552 31551 31550 31750 31749 31748 31747 31746 31745 31744 31743 31943 32143 32343 32543 32743 32943 33143 33343 33543 33743 
Label: 432363
[245,213300,]
15037 15038 15039 15040 15041 15042 15043 15044 15045 15046 15047 15048 15049 15050 15051 15052 15053 15054 15055 15255 15256 15456 15457 15657 15658 15858 16058 16059 16259 16260 16460 16660 16661 16861 16862 17062 17063 17263 17463 17464 17664 17665 17865 17866 18066 18067 18267 18268 18269 18270 18470 18471 18472 18473 18474 18674 18675 18875 18876 19076 19276 19277 19477 19478 19678 19878 19879 20079 20080 20280 20281 20282 20283 20284 20285 20286 20287 20288 20289 20290 20291 20292 20293 20294 20295 20296 20297 20298 20299 20099 20100 19900 19901 19701 19702 19502 19503 19303 19304 19104 18904 18905 18705 18706 18707 18708 18709 18710 18711 18712 18713 18714 18715 18716 18717 18718 18719 18720 18721 18722 18723 18724 18725 18726 18727 18728 18729 18730 18731 18732 18733 18734 18735 18935 19135 19136 19336 19536 19537 19737 19738 19938 20138 20139 20339 20340 20540 20541 20741 20742 20942 20943 21143 21144 21145 21345 21346 21546 21547 21747 21748 21948 21949 22149 22150 22350 22351 22551 22552 22752 22753 22953 23153 23154 23354 23554 23754 23954 24154 24354 24554 24754 24755 24955 25155 25355 25356 25556 25557 25757 25957 25958 26158 26358 26558 26758 26958 27158 27358 27558 27758 27958 28158 28358 28558 28758 28958 29158 29358 29558 29758 29958 30158 30358 30558 30557 30757 30756 30956 30955 31155 31154 31153 31353 31352 31552 31551 31550 31750 31749 31748 31747 31746 31745 31744 31743 31943 32143 32343 32543 32743 32943 33143 33343 33543 33743 
Label: 233119
[217,542799,]
15037 15038 15039 15040 15041 15042 15043 15044 15045 15046 15047 15048 15049 15050 15051 15052 15053 15054 15055 15255 15256 15456 15457 15657 15658 15858 16058 16059 16259 16260 16460 16660 16661 16861 16862 16863 16864 16865 16866 16867 16868 16869 16870 16871 16872 16873 16874 16875 16876 16877 16878 16879 16880 16881 16882 16883 16884 16885 16886 16887 16888 16889 16890 16891 16892 16893 16894 17094 17095 17096 17097 17098 17298 17299 17300 17301 17302 17303 17304 17305 17306 17307 17308 17309 17310 17311 17312 17313 17314 17315 17316 17317 17318 17319 17320 17321 17322 17323 17324 17325 17326 17327 17328 17329 17330 17530 17531 17731 17931 17932 18132 18133 18333 18533 18534 18734 18735 18935 19135 19136 19336 19536 19537 19737 19738 19938 20138 20139 20339 20340 20540 20541 20741 20742 20942 20943 21143 21144 21145 21345 21346 21546 21547 21747 21748 21948 21949 22149 22150 22350 22351 22551 22552 22752 22952 23152 23352 23552 23752 23952 24152 24352 24552 24752 24952 25152 25352 25552 25752 25952 26152 26352 26552 26752 26952 27152 27352 27552 27752 27952 28152 28352 28552 28752 28952 29152 29352 29552 29752 29952 30152 30352 30552 30752 30952 31152 31352 31552 31551 31550 31750 31749 31748 31747 31746 31745 31744 31743 31943 32143 32343 32543 32743 32943 33143 33343 33543 33743 
Label: 436079
[247,205898,]
15037 15038 15039 15040 15041 15042 15043 15044 15045 15046 15047 15048 15049 15050 15051 15052 15053 15054 15055 15255 15256 15456 15457 15657 15658 15858 16058 16059 16259 16260 16460 16660 16661 16861 16862 17062 17063 17263 17463 17464 17664 17665 17865 17866 18066 18067 18267 18268 18269 18270 18470 18471 18472 18473 18474 18674 18675 18875 18876 19076 19276 19277 19477 19478 19678 19878 19879 20079 20080 20280 20281 20282 20283 20284 20285 20286 20287 20288 20289 20290 20291 20292 20293 20294 20295 20296 20297 20298 20299 20099 20100 19900 19901 19701 19702 19502 19503 19303 19304 19104 18904 18905 18705 18706 18707 18708 18709 18710 18711 18712 18713 18714 18715 18716 18717 18718 18719 18720 18721 18722 18723 18724 18725 18726 18727 18728 18729 18730 18731 18732 18733 18734 18735 18935 19135 19136 19336 19536 19537 19737 19738 19938 20138 20139 20339 20340 20540 20541 20741 20742 20942 20943 21143 21144 21145 21345 21346 21546 21547 21747 21748 21948 21949 22149 22150 22350 22351 22551 22552 22752 22753 22953 23153 23154 23354 23554 23754 23954 24154 24354 24554 24754 24755 24955 25155 25355 25356 25556 25557 25757 25957 25958 26158 26159 26359 26559 26759 26959 27159 27359 27559 27759 27959 28159 28359 28559 28759 28959 29159 29359 29559 29759 29959 30159 30359 30559 30558 30557 30757 30756 30956 30955 31155 31154 31153 31353 31352 31552 31551 31550 31750 31749 31748 31747 31746 31745 31744 31743 31943 32143 32343 32543 32743 32943 33143 33343 33543 33743 
Label: 444051
[253,190516,]
15037 15038 15039 15040 15041 15042 15043 15044 15045 15046 15047 15048 15049 15050 15051 15052 15053 15054 15055 15255 15256 15456 15457 15657 15658 15858 16058 16059 16259 16260 16460 16660 16661 16861 16862 17062 17063 17263 17463 17464 17664 17665 17865 17866 18066 18067 18267 18268 18269 18270 18470 18471 18472 18473 18474 18674 18675 18875 18876 19076 19276 19277 19477 19478 19678 19878 19879 20079 20080 20280 20281 20481 20482 20483 20484 20485 20486 20487 20488 20489 20490 20491 20492 20493 20494 20495 20496 20497 20297 20298 20299 20099 20100 19900 19901 19701 19702 19502 19503 19303 19304 19104 18904 18905 18705 18505 18506 18507 18508 18509 18510 18511 18512 18513 18514 18515 18516 18517 18518 18519 18520 18521 18522 18523 18524 18525 18526 18527 18528 18529 18530 18531 18532 18533 18534 18734 18735 18935 19135 19136 19336 19536 19537 19737 19738 19938 20138 20139 20339 20340 20540 20541 20741 20742 20942 20943 21143 21144 21145 21345 21346 21546 21547 21747 21748 21948 21949 22149 22150 22350 22351 22551 22552 22752 22753 22953 23153 23154 23354 23554 23754 23954 24154 24354 24554 24754 24755 24955 25155 25355 25356 25556 25557 25757 25957 25958 26158 26159 26359 26360 26560 26760 26960 27160 27360 27560 27760 27960 28160 28360 28560 28760 28960 29160 29360 29560 29760 29960 30160 30360 30359 30559 30558 30557 30757 30756 30956 30955 31155 31154 31153 31353 31352 31552 31551 31550 31750 31749 31748 31747 31746 31745 31744 31743 31943 32143 32343 32543 32743 32943 33143 33343 33543 33743 
Label: 400535
[235,280873,]
15037 15038 15039 15040 15041 15042 15043 15044 15045 15046 15047 15048 15049 15050 15051 15052 15053 15054 15055 15255 15256 15456 15457 15657 15658 15858 16058 16059 16259 16260 16460 16660 16661 16861 16862 17062 17063 17263 17463 17464 17664 17665 17865 17866 18066 18067 18267 18268 18269 18270 18470 18471 18472 18473 18474 18674 18675 18875 18876 19076 19276 19277 19477 19478 19678 19878 19879 19880 19881 19882 19883 19884 19885 19886 19887 19888 19889 19890 19891 19892 19893 19894 19895 19896 19897 19898 19899 19900 19901 19701 19702 19502 19503 19303 19304 19104 18904 18905 18906 18907 18908 18909 18910 18911 18912 18913 18914 18915 18916 18917 18918 18919 18920 18921 18922 18923 18924 18925 18926 18927 18928 18929 18930 18931 18932 18933 18934 18935 19135 19136 19336 19536 19537 19737 19738 19938 20138 20139 20339 20340 20540 20541 20741 20742 20942 20943 21143 21144 21145 21345 21346 21546 21547 21747 21748 21948 21949 22149 22150 22350 22351 22551 22552 22752 22753 22953 23153 23154 23354 23554 23754 23954 24154 24354 24554 24754 24755 24955 25155 25355 25356 25556 25756 25956 26156 26356 26556 26756 26956 27156 27356 27556 27756 27956 28156 28356 28556 28756 28956 29156 29356 29556 29756 29956 30156 30356 30556 30756 30956 30955 31155 31154 31153 31353 31352 31552 31551 31550 31750 31749 31748 31747 31746 31745 31744 31743 31943 32143 32343 32543 32743 32943 33143 33343 33543 33743 
Label: 449387
[259,183021,]
15037 15038 15039 15040 15041 15042 15043 15044 15045 15046 15047 15048 15049 15050 15051 15052 15053 15054 15055 15255 15256 15456 15457 15657 15658 15858 16058 16059 16259 16260 16460 16660 16661 16861 16862 17062 17063 17263 17463 17464 17664 17665 17865 17866 18066 18067 18267 18268 18269 18270 18470 18471 18472 18473 18474 18674 18675 18875 18876 19076 19276 19277 19477 19478 19678 19878 19879 20079 20080 20280 20281 20481 20482 20483 20484 20485 20486 20487 20488 20489 20490 20491 20492 20493 20494 20495 20496 20497 20297 20298 20299 20099 20100 19900 19901 19701 19702 19502 19503 19303 19304 19104 18904 18905 18705 18505 18506 18306 18106 18107 18108 18109 18110 18111 18112 18113 18114 18115 18116 18117 18118 18119 18120 18121 18122 18123 18124 18125 18126 18127 18128 18129 18130 18131 18132 18133 18333 18533 18534 18734 18735 18935 19135 19136 19336 19536 19537 19737 19738 19938 20138 20139 20339 20340 20540 20541 20741 20742 20942 20943 21143 21144 21145 21345 21346 21546 21547 21747 21748 21948 21949 22149 22150 22350 22351 22551 22552 22752 22753 22953 23153 23154 23354 23554 23754 23954 24154 24354 24554 24754 24755 24955 25155 25355 25356 25556 25557 25757 25957 25958 26158 26159 26359 26360 26560 26760 26761 26961 27161 27361 27561 27761 27961 28161 28361 28561 28761 28961 29161 29361 29561 29761 29961 30161 30160 30360 30359 30559 30558 30557 30757 30756 30956 30955 31155 31154 31153 31353 31352 31552 31551 31550 31750 31749 31748 31747 31746 31745 31744 31743 31943 32143 32343 32543 32743 32943 33143 33343 33543 33743 
