graph_load_time: 5.9116
n_generated: 338117
n_expanded: 154029
n_domCheck: 1678618
rt_initHeu: 5.25069
rt_search: 20.8754
N: 80
Label: 724021
[2820,67344,]
23606 23607 23608 23609 23610 23611 23612 23613 23614 23615 23616 23617 23618 23619 23620 23621 23622 23623 23624 143425 23225 143026 22826 142627 22427 142228 22028 141829 21629 21630 141431 21231 141032 20832 20833 20834 20835 140636 20436 20437 20438 20439 20440 140241 20041 20042 20043 20044 20045 20046 20047 20048 20049 20050 20051 60252 20253 60454 20455 60656 20657 60858 20859 61060 21061 61262 21263 61464 21465 61666 21667 61868 21869 62070 22071 62272 22273 62474 22475 62676 22677 62878 22879 63080 23081 63282 103482 63682 23683 63884 104084 64284 104484 64684 104884 65084 105284 65484 105684 65884 106084 66284 106484 66684 106884 67084 27085 67286 27287 67488 27489 67690 27691 67892 27893 68094 28095 28096 28097 28098 28099 28100 28101 28102 28103 28104 28105 28106 147907 107908 67909 27910 147711 107712 67713 27714 147515 107516 67517 27518 27519 27520 27521 27522 27523 27524 27525 27526 67727 27728 27729 27730 27731 67932 27933 27934 27935 68136 28137 68338 28339 68540 28541 68742 28743 68944 28945 69146 109346 69546 29547 69748 109948 70148 110348 70548 30549 70750 30751 70952 30953 71154 31155 71356 31357 71558 31559 71760 31761 71962 31963 72164 32165 72366 32367 72568 32569 72770 32771 72972 32973 73174 33175 73376 33377 73578 33579 73780 33781 
Label: 707754
[2800,67538,]
23606 23607 23608 23609 23610 23611 23612 23613 23614 23615 23616 23617 23618 23619 23620 23621 23622 23623 23624 143425 23225 143026 22826 142627 22427 142228 22028 141829 21629 21630 141431 21231 141032 20832 20833 20834 20835 140636 20436 20437 20438 20439 20440 140241 20041 20042 20043 20044 20045 20046 20047 20048 20049 20050 20051 60252 20253 60454 20455 60656 20657 60858 20859 61060 21061 61262 21263 61464 21465 61666 21667 61868 21869 62070 22071 62272 22273 62474 22475 62676 22677 62878 22879 63080 23081 63282 103482 63682 23683 63884 104084 64284 104484 64684 104884 65084 105284 65484 105684 65884 106084 66284 106484 66684 106884 67084 27085 67286 27287 67488 27489 67690 27691 67892 27893 68094 28095 28096 28097 28098 28099 28100 28101 28102 28103 28104 28105 28106 28107 147908 107909 67910 27911 147712 27512 27513 27514 27515 27516 27517 27518 27519 27520 27521 27522 27523 27524 27525 27526 67727 27728 27729 27730 27731 67932 27933 27934 27935 68136 28137 68338 28339 68540 28541 68742 28743 68944 28945 69146 109346 69546 29547 69748 109948 70148 110348 70548 30549 70750 30751 70952 30953 71154 31155 71356 31357 71558 31559 71760 31761 71962 31963 72164 32165 72366 32367 72568 32569 72770 32771 72972 32973 73174 33175 73376 33377 73578 33579 73780 33781 
Label: 588628
[2700,69035,]
23606 23607 23608 23609 23610 23611 23612 23613 23614 23615 23616 23617 23618 23619 23620 23621 23622 23623 23624 143425 23225 143026 22826 142627 22427 142228 22028 141829 21629 21630 141431 21231 141032 20832 20833 20834 20835 140636 20436 20437 20438 20439 20440 20441 20442 20443 20444 20445 20446 20447 20448 20449 20450 20451 20452 20453 20454 20455 60656 20657 60858 20859 61060 21061 61262 21263 61464 21465 61666 21667 61868 21869 62070 22071 62272 22273 62474 22475 62676 22677 62878 22879 63080 23081 63282 103482 63682 23683 63884 104084 64284 104484 64684 104884 65084 105284 65484 105684 65884 106084 66284 106484 66684 26685 66886 26887 67088 27089 67290 27291 67492 27493 67694 27695 67896 27897 27898 27899 27900 27901 27902 27903 27904 27905 27906 27907 27908 27909 27910 147711 107712 67713 27714 27715 27716 27717 27718 27719 27720 27721 27722 27723 27724 27725 27726 27727 27728 27729 67930 27931 68132 28133 68334 28335 68536 28537 68738 28739 68940 28941 69142 29143 69344 29345 69546 29547 69748 109948 70148 110348 70548 30549 70750 30751 70952 30953 71154 31155 71356 31357 71558 31559 71760 31761 71962 31963 72164 32165 72366 32367 72568 32569 72770 32771 72972 32973 73174 33175 73376 33377 73578 33579 73780 33781 
Label: 686592
[2780,67713,]
23606 23607 23608 23609 23610 23611 23612 23613 23614 23615 23616 23617 23618 23619 23620 23621 23622 23623 23624 143425 23225 143026 22826 142627 22427 142228 22028 141829 21629 21630 141431 21231 141032 20832 20833 20834 20835 140636 20436 20437 20438 20439 20440 140241 20041 20042 20043 20044 20045 20046 20047 20048 20049 20050 20051 60252 20253 60454 20455 60656 20657 60858 20859 61060 21061 61262 21263 61464 21465 61666 21667 61868 21869 62070 22071 62272 22273 62474 22475 62676 22677 62878 22879 63080 23081 63282 103482 63682 23683 63884 104084 64284 104484 64684 104884 65084 105284 65484 105684 65884 106084 66284 106484 66684 106884 67084 27085 67286 27287 67488 27489 67690 27691 67892 27893 68094 28095 28096 28097 28098 28099 28100 28101 28102 28103 28104 28105 28106 28107 147908 107909 67910 27911 147712 107713 67714 27715 27716 27717 27718 27719 27720 27721 27722 27723 27724 27725 27726 27727 27728 27729 67930 27931 68132 28133 68334 28335 68536 28537 68738 28739 68940 28941 69142 29143 69344 29345 69546 29547 69748 109948 70148 110348 70548 30549 70750 30751 70952 30953 71154 31155 71356 31357 71558 31559 71760 31761 71962 31963 72164 32165 72366 32367 72568 32569 72770 32771 72972 32973 73174 33175 73376 33377 73578 33579 73780 33781 
Label: 652629
[2750,68075,]
23606 23607 23608 23609 23610 23611 23612 23613 23614 23615 23616 23617 23618 23619 23620 23621 23622 23623 23624 143425 23225 143026 22826 142627 22427 142228 22028 141829 21629 21630 141431 21231 141032 20832 20833 20834 20835 140636 20436 20437 20438 20439 20440 140241 100242 60243 20244 20245 20246 20247 20248 20249 20250 20251 20252 20253 60454 20455 60656 20657 60858 20859 61060 21061 61262 21263 61464 21465 61666 21667 61868 21869 62070 22071 62272 22273 62474 22475 62676 22677 62878 22879 63080 23081 63282 103482 63682 23683 63884 104084 64284 104484 64684 104884 65084 105284 65484 105684 65884 106084 66284 106484 66684 106884 67084 27085 67286 27287 67488 27489 67690 27691 67892 27893 68094 28095 28096 28097 28098 28099 28100 28101 28102 28103 28104 28105 28106 28107 28108 28109 147910 27710 27711 27712 27713 27714 27715 27716 27717 27718 27719 27720 27721 27722 27723 27724 27725 27726 27727 27728 27729 67930 27931 68132 28133 68334 28335 68536 28537 68738 28739 68940 28941 69142 29143 69344 29345 69546 29547 69748 109948 70148 110348 70548 30549 70750 30751 70952 30953 71154 31155 71356 31357 71558 31559 71760 31761 71962 31963 72164 32165 72366 32367 72568 32569 72770 32771 72972 32973 73174 33175 73376 33377 73578 33579 73780 33781 
Label: 628557
[2730,68337,]
23606 23607 23608 23609 23610 23611 23612 23613 23614 23615 23616 23617 23618 23619 23620 23621 23622 23623 23624 143425 23225 143026 22826 142627 22427 142228 22028 141829 21629 21630 141431 21231 141032 20832 20833 20834 20835 140636 20436 20437 20438 20439 20440 20441 20442 20443 20444 20445 20446 20447 20448 20449 20450 20451 20452 20453 20454 20455 60656 20657 60858 20859 61060 21061 61262 21263 61464 21465 61666 21667 61868 21869 62070 22071 62272 22273 62474 22475 62676 22677 62878 22879 63080 23081 63282 103482 63682 23683 63884 104084 64284 104484 64684 104884 65084 105284 65484 105684 65884 106084 66284 106484 66684 106884 67084 27085 67286 27287 67488 27489 67690 27691 67892 27893 68094 28095 28096 28097 28098 28099 28100 28101 28102 28103 28104 28105 28106 28107 28108 28109 147910 27710 27711 27712 27713 27714 27715 27716 27717 27718 27719 27720 27721 27722 27723 27724 27725 27726 27727 27728 27729 27730 27731 67932 27933 27934 27935 68136 28137 68338 28339 68540 28541 68742 28743 68944 28945 69146 109346 69546 29547 69748 109948 70148 110348 70548 30549 70750 30751 70952 30953 71154 31155 71356 31357 71558 31559 71760 31761 71962 31963 72164 32165 72366 32367 72568 32569 72770 32771 72972 32973 73174 33175 73376 33377 73578 33579 73780 33781 
Label: 602394
[2710,68735,]
23606 23607 23608 23609 23610 23611 23612 23613 23614 23615 23616 23617 23618 23619 23620 23621 23622 23623 23624 143425 23225 143026 22826 142627 22427 142228 22028 141829 21629 21630 141431 21231 141032 20832 20833 20834 20835 140636 20436 20437 20438 20439 20440 20441 20442 20443 20444 20445 20446 20447 20448 20449 20450 20451 20452 20453 20454 20455 60656 20657 60858 20859 61060 21061 61262 21263 61464 21465 61666 21667 61868 21869 62070 22071 62272 22273 62474 22475 62676 22677 62878 22879 63080 23081 63282 103482 63682 23683 63884 104084 64284 104484 64684 104884 65084 105284 65484 105684 65884 106084 66284 106484 66684 106884 67084 27085 67286 27287 67488 27489 67690 27691 67892 27893 27894 27895 27896 27897 27898 27899 27900 27901 27902 27903 27904 27905 27906 27907 27908 27909 27910 147711 107712 67713 27714 27715 27716 27717 27718 27719 27720 27721 27722 27723 27724 27725 27726 27727 27728 27729 67930 27931 68132 28133 68334 28335 68536 28537 68738 28739 68940 28941 69142 29143 69344 29345 69546 29547 69748 109948 70148 110348 70548 30549 70750 30751 70952 30953 71154 31155 71356 31357 71558 31559 71760 31761 71962 31963 72164 32165 72366 32367 72568 32569 72770 32771 72972 32973 73174 33175 73376 33377 73578 33579 73780 33781 
Label: 556899
[2680,69574,]
23606 23607 23608 23609 23610 23611 23612 23613 23614 23615 23616 23617 23618 23619 23620 23621 23622 23623 23624 143425 23225 143026 22826 142627 22427 142228 22028 141829 21629 21630 141431 21231 141032 20832 20833 20834 20835 140636 20436 20437 20438 20439 20440 20441 20442 20443 20444 20445 20446 20447 20448 20449 20450 20451 20452 20453 20454 20455 60656 20657 60858 20859 61060 21061 61262 21263 61464 21465 61666 21667 61868 21869 62070 22071 62272 22273 62474 22475 62676 22677 62878 22879 63080 23081 63282 103482 63682 23683 63884 104084 64284 104484 64684 104884 65084 105284 65484 105684 65884 106084 66284 106484 66684 106884 67084 27085 67286 27287 67488 27489 67690 27691 67892 27893 27894 27895 27896 27897 27898 27899 27900 27901 27902 27903 27904 27905 27906 27907 27908 27909 27910 27911 27912 27913 27914 27915 27916 27917 27918 27919 27920 27921 27922 27923 27924 27925 27926 27927 27928 27929 27930 27931 68132 28133 68334 28335 68536 28537 68738 28739 68940 28941 69142 29143 69344 29345 69546 29547 69748 109948 70148 110348 70548 30549 70750 30751 70952 30953 71154 31155 71356 31357 71558 31559 71760 31761 71962 31963 72164 32165 72366 32367 72568 32569 72770 32771 72972 32973 73174 33175 73376 33377 73578 33579 73780 33781 
Label: 745113
[2850,67164,]
23606 23607 23608 23609 23610 23611 23612 23613 23614 23615 23616 23617 23618 23619 23620 23621 23622 23623 23624 143425 23225 143026 22826 142627 22427 142228 22028 141829 21629 21630 141431 21231 141032 20832 20833 20834 20835 140636 20436 20437 20438 20439 20440 140241 20041 20042 20043 20044 20045 20046 20047 20048 20049 20050 20051 60252 20253 60454 20455 60656 20657 60858 20859 61060 21061 61262 21263 61464 21465 61666 21667 61868 21869 62070 22071 62272 22273 62474 22475 62676 22677 62878 22879 63080 23081 63282 103482 63682 23683 63884 104084 64284 104484 64684 104884 65084 105284 65484 105684 65884 106084 66284 106484 66684 106884 67084 107284 67484 27485 67686 27687 67888 27889 68090 28091 68292 28293 28294 28295 28296 28297 28298 28299 28300 28301 28302 148103 108104 68105 28106 147907 107908 67909 27910 147711 107712 67713 27714 147515 107516 67517 27518 27519 27520 27521 27522 27523 27524 27525 27526 67727 27728 27729 67930 27931 68132 28133 68334 28335 68536 28537 68738 28739 68940 28941 69142 29143 69344 29345 69546 29547 69748 109948 70148 110348 70548 30549 70750 30751 70952 30953 71154 31155 71356 31357 71558 31559 71760 31761 71962 31963 72164 32165 72366 32367 72568 32569 72770 32771 72972 32973 73174 33175 73376 33377 73578 33579 73780 33781 
Label: 615137
[2720,68423,]
23606 23607 23608 23609 23610 23611 23612 23613 23614 23615 23616 23617 23618 23619 23620 23621 23622 23623 23624 143425 23225 143026 22826 142627 22427 142228 22028 141829 21629 21630 141431 21231 141032 20832 20833 20834 20835 140636 20436 20437 20438 20439 20440 20441 20442 20443 20444 20445 20446 20447 20448 20449 20450 20451 20452 20453 20454 20455 60656 20657 60858 20859 61060 21061 61262 21263 61464 21465 61666 21667 61868 21869 62070 22071 62272 22273 62474 22475 62676 22677 62878 22879 63080 23081 63282 103482 63682 23683 63884 104084 64284 104484 64684 104884 65084 105284 65484 105684 65884 106084 66284 106484 66684 106884 67084 27085 67286 27287 67488 27489 67690 27691 67892 27893 68094 28095 28096 28097 28098 28099 28100 28101 28102 28103 28104 28105 28106 28107 28108 28109 147910 27710 27711 27712 27713 27714 27715 27716 27717 27718 27719 27720 27721 27722 27723 27724 27725 27726 27727 27728 27729 67930 27931 68132 28133 68334 28335 68536 28537 68738 28739 68940 28941 69142 29143 69344 29345 69546 29547 69748 109948 70148 110348 70548 30549 70750 30751 70952 30953 71154 31155 71356 31357 71558 31559 71760 31761 71962 31963 72164 32165 72366 32367 72568 32569 72770 32771 72972 32973 73174 33175 73376 33377 73578 33579 73780 33781 
Label: 345643
[2560,79464,]
23606 23607 23608 23609 23610 23611 23612 23613 23614 23615 23616 23617 23618 23619 23620 23621 23622 23623 23624 143425 23225 143026 22826 142627 22427 142228 22028 141829 21629 21630 21631 141432 21232 21233 21234 21235 21236 21237 21238 21239 21240 21241 21242 21243 21244 21245 21246 21247 21248 21249 21250 21251 21252 21253 21254 21255 21256 21257 21258 21259 21260 21261 61462 21463 61664 21665 61866 21867 62068 22069 62270 22271 62472 22473 62674 22675 62876 22877 63078 23079 63280 23281 63482 23483 63684 103884 64084 104284 64484 104684 64884 105084 65284 105484 65684 105884 66084 106284 66484 26485 66686 26687 66888 26889 67090 27091 67292 27293 67494 27495 67696 27697 67898 27899 27900 27901 27902 27903 27904 27905 27906 27907 27908 27909 27910 27911 27912 27913 27914 27915 27916 27917 27918 27919 27920 27921 27922 27923 68124 28125 68326 28327 68528 28529 68730 28731 68932 28933 69134 29135 69336 29337 69538 29539 69740 29741 69942 29943 70144 30145 70346 30347 70548 30549 70750 30751 70952 30953 71154 31155 71356 31357 71558 31559 71760 31761 71962 31963 72164 32165 72366 32367 72568 32569 72770 32771 72972 32973 73174 33175 73376 33377 73578 33579 73780 33781 
Label: 61798
[2300,84843,]
23606 63807 23808 64009 24010 64211 24212 64413 24414 64615 24616 24617 24618 24619 24620 24621 24622 24623 24624 24625 24626 24627 24628 24629 24630 64831 24832 65033 25034 65235 25236 65437 25438 65639 25640 65841 25842 66043 26044 66245 26246 66447 26448 66649 26650 66851 26852 67053 27054 67255 27256 67457 27458 67659 27660 67861 27862 68063 28064 68265 28266 28267 28268 28269 28270 28271 28272 28273 28274 28275 28276 28277 28278 28279 28280 28281 28282 28283 28284 28285 28286 28287 28288 28289 28290 28291 28292 28293 28294 28295 28296 28297 28298 28299 28300 28301 28302 28303 28304 28305 148106 27906 27907 27908 27909 27910 27911 27912 27913 27914 27915 27916 27917 27918 27919 27920 27921 27922 27923 27924 27925 27926 27927 68128 28129 68330 28331 68532 28533 68734 28735 68936 28937 69138 29139 69340 29341 69542 29543 69744 29745 69946 29947 70148 110348 70548 30549 70750 30751 70952 30953 71154 31155 71356 31357 71558 31559 71760 31761 71962 31963 72164 32165 72366 32367 72568 32569 72770 32771 72972 32973 73174 33175 73376 33377 73578 33579 73780 33781 
Label: 508111
[2650,71024,]
23606 23607 23608 23609 23610 23611 23612 23613 23614 23615 23616 23617 23618 23619 23620 23621 23622 23623 23624 143425 23225 143026 22826 142627 22427 142228 22028 141829 21629 21630 141431 21231 141032 20832 20833 20834 140635 100636 60637 20638 20639 20640 20641 20642 20643 20644 20645 20646 20647 20648 20649 20650 20651 20652 20653 20654 20655 20656 20657 60858 20859 61060 21061 61262 21263 61464 21465 61666 21667 61868 21869 62070 22071 62272 22273 62474 22475 62676 22677 62878 22879 63080 23081 63282 103482 63682 23683 63884 104084 64284 104484 64684 104884 65084 105284 65484 105684 65884 106084 66284 106484 66684 26685 66886 26887 67088 27089 67290 27291 67492 27493 67694 27695 67896 27897 27898 27899 27900 27901 27902 27903 27904 27905 27906 27907 27908 27909 27910 27911 27912 27913 27914 27915 27916 27917 27918 27919 27920 27921 27922 27923 27924 27925 27926 27927 68128 28129 68330 28331 68532 28533 68734 28735 68936 28937 69138 29139 69340 29341 69542 29543 69744 29745 69946 29947 70148 110348 70548 30549 70750 30751 70952 30953 71154 31155 71356 31357 71558 31559 71760 31761 71962 31963 72164 32165 72366 32367 72568 32569 72770 32771 72972 32973 73174 33175 73376 33377 73578 33579 73780 33781 
Label: 89773
[2320,84318,]
23606 63807 23808 64009 24010 64211 24212 64413 24414 64615 24616 24617 24618 24619 24620 24621 24622 24623 24624 24625 24626 24627 24628 24629 24630 64831 24832 65033 25034 65235 25236 65437 25438 65639 25640 65841 25842 66043 26044 66245 26246 66447 26448 66649 26650 66851 26852 67053 27054 67255 27256 67457 27458 67659 27660 67861 27862 68063 28064 68265 28266 28267 28268 28269 28270 28271 28272 28273 28274 28275 28276 28277 28278 28279 28280 28281 28282 28283 28284 28285 28286 28287 28288 28289 28290 28291 28292 28293 28294 28295 28296 28297 28298 28299 28300 28301 28302 28303 28304 28305 148106 27906 27907 27908 27909 27910 27911 27912 27913 27914 27915 27916 27917 27918 27919 27920 27921 27922 27923 27924 27925 27926 27927 27928 27929 27930 27931 27932 27933 27934 27935 68136 28137 68338 28339 68540 28541 68742 28743 68944 28945 69146 109346 69546 29547 69748 109948 70148 110348 70548 30549 70750 30751 70952 30953 71154 31155 71356 31357 71558 31559 71760 31761 71962 31963 72164 32165 72366 32367 72568 32569 72770 32771 72972 32973 73174 33175 73376 33377 73578 33579 73780 33781 
Label: 716343
[2810,67430,]
23606 23607 23608 23609 23610 23611 23612 23613 23614 23615 23616 23617 23618 23619 23620 23621 23622 23623 23624 143425 23225 143026 22826 142627 22427 142228 22028 141829 21629 21630 141431 21231 141032 20832 20833 20834 20835 140636 20436 20437 20438 20439 20440 140241 20041 20042 20043 20044 20045 20046 20047 20048 20049 20050 20051 60252 20253 60454 20455 60656 20657 60858 20859 61060 21061 61262 21263 61464 21465 61666 21667 61868 21869 62070 22071 62272 22273 62474 22475 62676 22677 62878 22879 63080 23081 63282 103482 63682 23683 63884 104084 64284 104484 64684 104884 65084 105284 65484 105684 65884 106084 66284 106484 66684 106884 67084 27085 67286 27287 67488 27489 67690 27691 67892 27893 68094 28095 28096 28097 28098 28099 28100 28101 28102 28103 28104 28105 28106 147907 107908 67909 27910 147711 107712 67713 27714 147515 107516 67517 27518 27519 27520 27521 27522 27523 27524 27525 27526 67727 27728 27729 67930 27931 68132 28133 68334 28335 68536 28537 68738 28739 68940 28941 69142 29143 69344 29345 69546 29547 69748 109948 70148 110348 70548 30549 70750 30751 70952 30953 71154 31155 71356 31357 71558 31559 71760 31761 71962 31963 72164 32165 72366 32367 72568 32569 72770 32771 72972 32973 73174 33175 73376 33377 73578 33579 73780 33781 
Label: 490786
[2640,71573,]
23606 23607 23608 23609 23610 23611 23612 23613 23614 23615 23616 23617 23618 23619 23620 23621 23622 23623 23624 143425 23225 143026 22826 142627 22427 142228 22028 141829 21629 21630 141431 21231 141032 20832 20833 20834 20835 20836 20837 20838 20839 20840 20841 20842 20843 20844 20845 20846 20847 20848 20849 20850 20851 20852 20853 20854 20855 20856 20857 20858 20859 61060 21061 61262 21263 61464 21465 61666 21667 61868 21869 62070 22071 62272 22273 62474 22475 62676 22677 62878 22879 63080 23081 63282 103482 63682 23683 63884 104084 64284 104484 64684 104884 65084 105284 65484 105684 65884 106084 66284 106484 66684 106884 67084 27085 67286 27287 67488 27489 67690 27691 67892 27893 27894 27895 27896 27897 27898 27899 27900 27901 27902 27903 27904 27905 27906 27907 27908 27909 27910 27911 27912 27913 27914 27915 27916 27917 27918 27919 27920 27921 27922 27923 27924 27925 27926 27927 27928 27929 27930 27931 68132 28133 68334 28335 68536 28537 68738 28739 68940 28941 69142 29143 69344 29345 69546 29547 69748 109948 70148 110348 70548 30549 70750 30751 70952 30953 71154 31155 71356 31357 71558 31559 71760 31761 71962 31963 72164 32165 72366 32367 72568 32569 72770 32771 72972 32973 73174 33175 73376 33377 73578 33579 73780 33781 
Label: 809810
[3030,66937,]
23606 23607 23608 23609 23610 23611 23612 23613 23614 23615 23616 23617 23618 23619 23620 23621 23622 23623 23624 143425 23225 143026 22826 142627 22427 142228 22028 141829 21629 21630 141431 21231 141032 20832 20833 20834 20835 140636 20436 20437 140238 100239 60240 20241 140042 100043 60044 20045 139846 99847 59848 19849 60050 20051 60252 20253 60454 20455 60656 20657 60858 20859 61060 21061 61262 21263 61464 21465 61666 21667 61868 21869 62070 22071 62272 22273 62474 22475 62676 22677 62878 22879 63080 23081 63282 103482 63682 23683 63884 104084 64284 104484 64684 104884 65084 105284 65484 105684 65884 106084 66284 106484 66684 106884 67084 107284 67484 107684 67884 27885 68086 108286 68486 28487 68688 28689 28690 28691 28692 28693 28694 148495 108496 68497 28498 148299 108300 68301 28302 148103 108104 68105 28106 147907 107908 67909 27910 147711 107712 67713 27714 147515 107516 67517 27518 147319 107320 67321 27322 67523 27524 27525 27526 67727 27728 27729 27730 27731 67932 27933 27934 27935 27936 68137 28138 28139 68340 28341 68542 28543 68744 28745 68946 109146 69346 29347 69548 109748 69948 110148 70348 110548 70748 30749 70950 30951 71152 31153 71354 31355 71556 31557 71758 31759 71960 31961 72162 32163 72364 32365 32366 32367 72568 32569 72770 32771 72972 32973 73174 33175 73376 33377 73578 33579 73780 33781 
Label: 473575
[2630,71783,]
23606 23607 23608 23609 23610 23611 23612 23613 23614 23615 23616 23617 23618 23619 23620 23621 23622 23623 23624 143425 23225 143026 22826 142627 22427 142228 22028 141829 21629 21630 141431 21231 141032 20832 20833 20834 20835 20836 20837 20838 20839 20840 20841 20842 20843 20844 20845 20846 20847 20848 20849 20850 20851 20852 20853 20854 20855 20856 20857 20858 61059 21060 61261 21262 61463 21464 61665 21666 61867 21868 62069 22070 62271 22272 62473 22474 62675 22676 62877 22878 63079 23080 63281 23282 63483 103683 63883 104083 64283 104483 64683 104883 65083 105283 65483 105683 65883 106083 66283 106483 66683 26684 66885 26886 67087 27088 67289 27290 67491 27492 67693 27694 67895 27896 27897 27898 27899 27900 27901 27902 27903 27904 27905 27906 27907 27908 27909 27910 27911 27912 27913 27914 27915 27916 27917 27918 27919 27920 27921 27922 27923 27924 27925 27926 27927 27928 27929 27930 27931 68132 28133 68334 28335 68536 28537 68738 28739 68940 28941 69142 29143 69344 29345 69546 29547 69748 109948 70148 110348 70548 30549 70750 30751 70952 30953 71154 31155 71356 31357 71558 31559 71760 31761 71962 31963 72164 32165 72366 32367 72568 32569 72770 32771 72972 32973 73174 33175 73376 33377 73578 33579 73780 33781 
Label: 106672
[2340,83560,]
23606 63807 23808 64009 24010 64211 24212 64413 24414 64615 24616 24617 24618 24619 24620 24621 24622 24623 24624 24625 24626 24627 24628 24629 24630 64831 24832 65033 25034 65235 25236 65437 25438 65639 25640 65841 25842 66043 26044 66245 26246 66447 26448 66649 26650 66851 26852 67053 27054 67255 27256 67457 27458 67659 27660 67861 27862 68063 28064 68265 28266 28267 28268 28269 28270 28271 28272 28273 28274 28275 28276 28277 28278 28279 28280 28281 28282 28283 28284 28285 28286 28287 28288 28289 28290 28291 28292 28293 28294 28295 28296 28297 28298 28299 28300 28301 28302 28303 28304 28305 148106 27906 27907 27908 27909 27910 147711 107712 67713 27714 27715 27716 27717 27718 27719 27720 27721 27722 27723 27724 27725 27726 27727 27728 27729 67930 27931 68132 28133 68334 28335 68536 28537 68738 28739 68940 28941 69142 29143 69344 29345 69546 29547 69748 109948 70148 110348 70548 30549 70750 30751 70952 30953 71154 31155 71356 31357 71558 31559 71760 31761 71962 31963 72164 32165 72366 32367 72568 32569 72770 32771 72972 32973 73174 33175 73376 33377 73578 33579 73780 33781 
Label: 456203
[2620,72227,]
23606 23607 23608 23609 23610 23611 23612 23613 23614 23615 23616 23617 23618 23619 23620 23621 23622 23623 23624 143425 23225 143026 22826 142627 22427 142228 22028 141829 21629 21630 141431 21231 141032 20832 20833 20834 20835 20836 20837 20838 20839 20840 20841 20842 20843 20844 20845 20846 20847 20848 20849 20850 20851 20852 20853 20854 20855 20856 20857 20858 61059 21060 61261 21262 61463 21464 61665 21666 61867 21868 62069 22070 62271 22272 62473 22474 62675 22676 62877 22878 63079 23080 63281 23282 63483 103683 63883 104083 64283 104483 64683 104883 65083 105283 65483 105683 65883 106083 66283 106483 66683 26684 66885 26886 67087 27088 67289 27290 67491 27492 67693 27694 67895 27896 27897 27898 27899 27900 27901 27902 27903 27904 27905 27906 27907 27908 27909 27910 27911 27912 27913 27914 27915 27916 27917 27918 27919 27920 27921 27922 27923 27924 27925 27926 27927 68128 28129 68330 28331 68532 28533 68734 28735 68936 28937 69138 29139 69340 29341 69542 29543 69744 29745 69946 29947 70148 110348 70548 30549 70750 30751 70952 30953 71154 31155 71356 31357 71558 31559 71760 31761 71962 31963 72164 32165 72366 32367 72568 32569 72770 32771 72972 32973 73174 33175 73376 33377 73578 33579 73780 33781 
Label: 363952
[2570,77905,]
23606 23607 23608 23609 23610 23611 23612 23613 23614 23615 23616 23617 23618 23619 23620 23621 23622 23623 23624 143425 23225 143026 22826 142627 22427 142228 22028 141829 21629 21630 21631 141432 21232 21233 21234 21235 21236 21237 21238 21239 21240 21241 21242 21243 21244 21245 21246 21247 21248 21249 21250 21251 21252 21253 21254 21255 21256 21257 21258 21259 21260 21261 61462 21463 61664 21665 61866 21867 62068 22069 62270 22271 62472 22473 62674 22675 62876 22877 63078 23079 63280 23281 63482 23483 63684 103884 64084 104284 64484 104684 64884 105084 65284 105484 65684 105884 66084 106284 66484 26485 66686 26687 66888 26889 67090 27091 67292 27293 67494 27495 67696 27697 67898 27899 27900 27901 27902 27903 27904 27905 27906 27907 27908 27909 27910 27911 27912 27913 27914 27915 27916 27917 27918 27919 27920 27921 27922 27923 27924 27925 27926 27927 68128 28129 68330 28331 68532 28533 68734 28735 68936 28937 69138 29139 69340 29341 69542 29543 69744 29745 69946 29947 70148 110348 70548 30549 70750 30751 70952 30953 71154 31155 71356 31357 71558 31559 71760 31761 71962 31963 72164 32165 72366 32367 72568 32569 72770 32771 72972 32973 73174 33175 73376 33377 73578 33579 73780 33781 
Label: 275307
[2520,82282,]
23606 63807 23808 64009 24010 64211 24212 64413 24414 64615 24616 24617 24618 24619 24620 24621 24622 24623 24624 24625 24626 24627 24628 24629 24630 64831 24832 65033 25034 65235 25236 65437 25438 65639 25640 65841 25842 66043 26044 66245 26246 66447 26448 66649 26650 66851 26852 67053 27054 67255 27256 67457 27458 67659 27660 67861 27862 68063 28064 68265 28266 68467 28468 68669 28670 68871 28872 69073 29074 69275 29276 29277 29278 29279 29280 29281 29282 29283 29284 29285 29286 29287 149088 28888 28889 28890 148691 28491 28492 28493 28494 28495 28496 28497 28498 28499 148300 108301 68302 28303 148104 108105 68106 28107 147908 107909 67910 27911 147712 107713 67714 27715 147516 107517 67518 27519 27520 27521 27522 27523 27524 27525 27526 67727 27728 27729 27730 27731 67932 27933 27934 27935 27936 68137 28138 28139 68340 28341 68542 28543 68744 28745 68946 109146 69346 29347 69548 109748 69948 110148 70348 110548 70748 30749 70950 30951 71152 31153 71354 31355 71556 31557 71758 31759 71960 31961 72162 32163 72364 32365 32366 32367 72568 32569 72770 32771 72972 32973 73174 33175 73376 33377 73578 33579 73780 33781 
Label: 156220
[2390,82900,]
23606 63807 23808 64009 24010 64211 24212 64413 24414 64615 24616 24617 24618 24619 24620 24621 24622 24623 24624 24625 24626 24627 24628 24629 24630 64831 24832 65033 25034 65235 25236 65437 25438 65639 25640 65841 25842 66043 26044 66245 26246 66447 26448 66649 26650 66851 26852 67053 27054 67255 27256 67457 27458 67659 27660 67861 27862 68063 28064 68265 28266 68467 28468 28469 28470 28471 28472 28473 28474 28475 28476 28477 28478 28479 28480 28481 28482 28483 28484 28485 28486 28487 28488 28489 28490 28491 28492 28493 28494 28495 28496 28497 28498 28499 28500 28501 148302 28102 28103 28104 28105 28106 28107 147908 107909 67910 27911 147712 27512 27513 27514 27515 27516 27517 27518 27519 27520 27521 27522 27523 27524 27525 27526 67727 27728 27729 27730 27731 67932 27933 27934 27935 68136 28137 68338 28339 68540 28541 68742 28743 68944 28945 69146 109346 69546 29547 69748 109948 70148 110348 70548 30549 70750 30751 70952 30953 71154 31155 71356 31357 71558 31559 71760 31761 71962 31963 72164 32165 72366 32367 72568 32569 72770 32771 72972 32973 73174 33175 73376 33377 73578 33579 73780 33781 
Label: 573443
[2690,69493,]
23606 23607 23608 23609 23610 23611 23612 23613 23614 23615 23616 23617 23618 23619 23620 23621 23622 23623 23624 143425 23225 143026 22826 142627 22427 142228 22028 141829 21629 21630 141431 21231 141032 20832 20833 20834 20835 140636 20436 20437 20438 20439 20440 20441 20442 20443 20444 20445 20446 20447 20448 20449 20450 20451 20452 20453 20454 20455 60656 20657 60858 20859 61060 21061 61262 21263 61464 21465 61666 21667 61868 21869 62070 22071 62272 22273 62474 22475 62676 22677 62878 22879 63080 23081 63282 103482 63682 23683 63884 104084 64284 104484 64684 104884 65084 105284 65484 105684 65884 106084 66284 106484 66684 106884 67084 27085 67286 27287 67488 27489 67690 27691 67892 27893 27894 27895 27896 27897 27898 27899 27900 27901 27902 27903 27904 27905 27906 27907 27908 27909 27910 27911 27912 27913 27914 27915 27916 27917 27918 27919 27920 27921 27922 27923 27924 27925 27926 27927 27928 27929 27930 27931 27932 27933 27934 27935 68136 28137 68338 28339 68540 28541 68742 28743 68944 28945 69146 109346 69546 29547 69748 109948 70148 110348 70548 30549 70750 30751 70952 30953 71154 31155 71356 31357 71558 31559 71760 31761 71962 31963 72164 32165 72366 32367 72568 32569 72770 32771 72972 32973 73174 33175 73376 33377 73578 33579 73780 33781 
Label: 187701
[2430,82541,]
23606 63807 23808 64009 24010 64211 24212 64413 24414 64615 24616 24617 24618 24619 24620 24621 24622 24623 24624 24625 24626 24627 24628 24629 24630 64831 24832 65033 25034 65235 25236 65437 25438 65639 25640 65841 25842 66043 26044 66245 26246 66447 26448 66649 26650 66851 26852 67053 27054 67255 27256 67457 27458 67659 27660 67861 27862 68063 28064 68265 28266 68467 28468 68669 28670 28671 28672 28673 28674 28675 28676 28677 28678 28679 28680 28681 28682 28683 28684 28685 28686 28687 28688 28689 28690 28691 28692 28693 28694 28695 28696 148497 28297 28298 28299 28300 28301 28302 148103 108104 68105 28106 147907 107908 67909 27910 147711 107712 67713 27714 147515 107516 67517 27518 27519 27520 27521 27522 27523 27524 27525 27526 67727 27728 27729 67930 27931 68132 28133 68334 28335 68536 28537 68738 28739 68940 28941 69142 29143 69344 29345 69546 29547 69748 109948 70148 110348 70548 30549 70750 30751 70952 30953 71154 31155 71356 31357 71558 31559 71760 31761 71962 31963 72164 32165 72366 32367 72568 32569 72770 32771 72972 32973 73174 33175 73376 33377 73578 33579 73780 33781 
Label: 813603
[3060,66934,]
23606 23607 23608 23609 23610 23611 23612 23613 23614 23615 23616 23617 23618 23619 23620 23621 23622 23623 23624 143425 103426 143226 23026 142827 22627 142428 22228 142029 21829 141630 21430 141231 21031 140832 100833 60834 20835 140636 20436 20437 140238 100239 60240 20241 140042 100043 60044 20045 139846 99847 59848 19849 60050 20051 60252 20253 60454 20455 60656 20657 60858 20859 61060 21061 61262 21263 61464 21465 61666 21667 61868 21869 62070 22071 62272 22273 62474 22475 62676 22677 62878 22879 63080 23081 63282 103482 63682 23683 63884 104084 64284 104484 64684 104884 65084 105284 65484 105684 65884 106084 66284 106484 66684 106884 67084 107284 67484 107684 67884 27885 68086 108286 68486 28487 68688 28689 28690 28691 28692 28693 28694 148495 108496 68497 28498 148299 108300 68301 28302 148103 108104 68105 28106 147907 107908 67909 27910 147711 107712 67713 27714 147515 107516 67517 27518 147319 107320 67321 27322 67523 27524 27525 27526 67727 27728 27729 27730 27731 67932 27933 27934 27935 27936 68137 28138 28139 68340 28341 68542 28543 68744 28745 68946 109146 69346 29347 69548 109748 69948 110148 70348 110548 70748 30749 70950 30951 71152 31153 71354 31355 71556 31557 71758 111958 72158 32159 72360 32361 32362 32363 32364 32365 32366 32367 72568 32569 72770 32771 72972 32973 73174 33175 73376 33377 73578 33579 73780 33781 
Label: 675808
[2770,67832,]
23606 23607 23608 23609 23610 23611 23612 23613 23614 23615 23616 23617 23618 23619 23620 23621 23622 23623 23624 143425 23225 143026 22826 142627 22427 142228 22028 141829 21629 21630 141431 21231 141032 20832 20833 20834 20835 140636 20436 20437 20438 20439 20440 140241 100242 60243 20244 20245 20246 20247 20248 20249 20250 20251 20252 20253 60454 20455 60656 20657 60858 20859 61060 21061 61262 21263 61464 21465 61666 21667 61868 21869 62070 22071 62272 22273 62474 22475 62676 22677 62878 22879 63080 23081 63282 103482 63682 23683 63884 104084 64284 104484 64684 104884 65084 105284 65484 105684 65884 106084 66284 106484 66684 106884 67084 27085 67286 27287 67488 27489 67690 27691 67892 27893 68094 28095 28096 28097 28098 28099 28100 28101 28102 28103 28104 28105 28106 28107 147908 107909 67910 27911 147712 107713 67714 27715 27716 27717 27718 27719 27720 27721 27722 27723 27724 27725 27726 27727 27728 27729 67930 27931 68132 28133 68334 28335 68536 28537 68738 28739 68940 28941 69142 29143 69344 29345 69546 29547 69748 109948 70148 110348 70548 30549 70750 30751 70952 30953 71154 31155 71356 31357 71558 31559 71760 31761 71962 31963 72164 32165 72366 32367 72568 32569 72770 32771 72972 32973 73174 33175 73376 33377 73578 33579 73780 33781 
Label: 236247
[2490,82320,]
23606 63807 23808 64009 24010 64211 24212 64413 24414 64615 24616 24617 24618 24619 24620 24621 24622 24623 24624 24625 24626 24627 24628 24629 24630 64831 24832 65033 25034 65235 25236 65437 25438 65639 25640 65841 25842 66043 26044 66245 26246 66447 26448 66649 26650 66851 26852 67053 27054 67255 27256 67457 27458 67659 27660 67861 27862 68063 28064 68265 28266 68467 28468 68669 28670 68871 28872 28873 28874 28875 28876 28877 28878 28879 28880 28881 28882 28883 28884 28885 28886 28887 28888 28889 28890 148691 28491 28492 28493 28494 28495 28496 28497 28498 28499 148300 108301 68302 28303 148104 108105 68106 28107 147908 107909 67910 27911 147712 107713 67714 27715 147516 107517 67518 27519 27520 27521 27522 27523 27524 27525 27526 67727 27728 27729 27730 27731 67932 27933 27934 27935 27936 68137 28138 28139 68340 28341 68542 28543 68744 28745 68946 109146 69346 29347 69548 109748 69948 110148 70348 110548 70748 30749 70950 30951 71152 31153 71354 31355 71556 31557 71758 111958 72158 32159 72360 32361 32362 32363 32364 32365 32366 32367 72568 32569 72770 32771 72972 32973 73174 33175 73376 33377 73578 33579 73780 33781 
Label: 760875
[2880,67045,]
23606 23607 23608 23609 23610 23611 23612 23613 23614 23615 23616 23617 23618 23619 23620 23621 23622 23623 23624 143425 23225 143026 22826 142627 22427 142228 22028 141829 21629 21630 141431 21231 141032 20832 20833 20834 20835 140636 20436 20437 20438 20439 20440 140241 20041 20042 20043 20044 20045 20046 20047 20048 20049 20050 20051 60252 20253 60454 20455 60656 20657 60858 20859 61060 21061 61262 21263 61464 21465 61666 21667 61868 21869 62070 22071 62272 22273 62474 22475 62676 22677 62878 22879 63080 23081 63282 103482 63682 23683 63884 104084 64284 104484 64684 104884 65084 105284 65484 105684 65884 106084 66284 106484 66684 106884 67084 107284 67484 107684 67884 27885 68086 28087 68288 28289 28290 28291 28292 28293 28294 28295 28296 28297 28298 28299 28300 28301 28302 148103 108104 68105 28106 147907 107908 67909 27910 147711 107712 67713 27714 147515 107516 67517 27518 27519 27520 27521 27522 27523 27524 27525 27526 67727 27728 27729 27730 27731 67932 27933 27934 27935 27936 68137 28138 28139 68340 28341 68542 28543 68744 28745 68946 109146 69346 29347 69548 109748 69948 110148 70348 110548 70748 30749 70950 30951 71152 31153 71354 31355 71556 31557 71758 31759 71960 31961 72162 32163 72364 32365 32366 32367 72568 32569 72770 32771 72972 32973 73174 33175 73376 33377 73578 33579 73780 33781 
Label: 664438
[2760,67956,]
23606 23607 23608 23609 23610 23611 23612 23613 23614 23615 23616 23617 23618 23619 23620 23621 23622 23623 23624 143425 23225 143026 22826 142627 22427 142228 22028 141829 21629 21630 141431 21231 141032 20832 20833 20834 20835 140636 20436 20437 20438 20439 20440 140241 20041 20042 20043 20044 20045 20046 20047 20048 20049 20050 20051 60252 20253 60454 20455 60656 20657 60858 20859 61060 21061 61262 21263 61464 21465 61666 21667 61868 21869 62070 22071 62272 22273 62474 22475 62676 22677 62878 22879 63080 23081 63282 103482 63682 23683 63884 104084 64284 104484 64684 104884 65084 105284 65484 105684 65884 106084 66284 106484 66684 106884 67084 27085 67286 27287 67488 27489 67690 27691 67892 27893 68094 28095 28096 28097 28098 28099 28100 28101 28102 28103 28104 28105 28106 28107 28108 28109 147910 27710 27711 27712 27713 27714 27715 27716 27717 27718 27719 27720 27721 27722 27723 27724 27725 27726 27727 27728 27729 67930 27931 68132 28133 68334 28335 68536 28537 68738 28739 68940 28941 69142 29143 69344 29345 69546 29547 69748 109948 70148 110348 70548 30549 70750 30751 70952 30953 71154 31155 71356 31357 71558 31559 71760 31761 71962 31963 72164 32165 72366 32367 72568 32569 72770 32771 72972 32973 73174 33175 73376 33377 73578 33579 73780 33781 
Label: 195801
[2440,82455,]
23606 63807 23808 64009 24010 64211 24212 64413 24414 64615 24616 24617 24618 24619 24620 24621 24622 24623 24624 24625 24626 24627 24628 24629 24630 64831 24832 65033 25034 65235 25236 65437 25438 65639 25640 65841 25842 66043 26044 66245 26246 66447 26448 66649 26650 66851 26852 67053 27054 67255 27256 67457 27458 67659 27660 67861 27862 68063 28064 68265 28266 68467 28468 68669 28670 28671 28672 28673 28674 28675 28676 28677 28678 28679 28680 28681 28682 28683 28684 28685 28686 28687 28688 28689 28690 28691 28692 28693 28694 28695 28696 148497 28297 28298 28299 28300 28301 28302 148103 108104 68105 28106 147907 107908 67909 27910 147711 107712 67713 27714 147515 107516 67517 27518 27519 27520 27521 27522 27523 27524 27525 27526 67727 27728 27729 27730 27731 67932 27933 27934 27935 68136 28137 68338 28339 68540 28541 68742 28743 68944 28945 69146 109346 69546 29547 69748 109948 70148 110348 70548 30549 70750 30751 70952 30953 71154 31155 71356 31357 71558 31559 71760 31761 71962 31963 72164 32165 72366 32367 72568 32569 72770 32771 72972 32973 73174 33175 73376 33377 73578 33579 73780 33781 
Label: 790580
[2950,66965,]
23606 23607 23608 23609 23610 23611 23612 23613 23614 23615 23616 23617 23618 23619 23620 23621 23622 23623 23624 143425 23225 143026 22826 142627 22427 142228 22028 141829 21629 21630 141431 21231 141032 20832 20833 20834 20835 140636 20436 20437 20438 20439 20440 140241 20041 20042 20043 20044 20045 139846 99847 59848 19849 60050 20051 60252 20253 60454 20455 60656 20657 60858 20859 61060 21061 61262 21263 61464 21465 61666 21667 61868 21869 62070 22071 62272 22273 62474 22475 62676 22677 62878 22879 63080 23081 63282 103482 63682 23683 63884 104084 64284 104484 64684 104884 65084 105284 65484 105684 65884 106084 66284 106484 66684 106884 67084 107284 67484 107684 67884 27885 68086 28087 68288 28289 68490 28491 28492 28493 28494 28495 28496 28497 28498 28499 148300 108301 68302 28303 148104 108105 68106 28107 147908 107909 67910 27911 147712 107713 67714 27715 147516 107517 67518 27519 27520 27521 27522 27523 27524 27525 27526 67727 27728 27729 27730 27731 67932 27933 27934 27935 27936 68137 28138 28139 68340 28341 68542 28543 68744 28745 68946 109146 69346 29347 69548 109748 69948 110148 70348 110548 70748 30749 70950 30951 71152 31153 71354 31355 71556 31557 71758 111958 72158 32159 72360 32361 32362 32363 32364 32365 32366 32367 72568 32569 72770 32771 72972 32973 73174 33175 73376 33377 73578 33579 73780 33781 
Label: 308236
[2540,82274,]
23606 63807 23808 64009 24010 64211 24212 64413 24414 64615 24616 24617 24618 24619 24620 24621 24622 24623 24624 24625 24626 24627 24628 24629 24630 64831 24832 65033 25034 65235 25236 65437 25438 65639 25640 65841 25842 66043 26044 66245 26246 66447 26448 66649 26650 66851 26852 67053 27054 67255 27256 67457 27458 67659 27660 67861 27862 68063 28064 68265 28266 68467 28468 68669 28670 68871 28872 69073 29074 69275 29276 29277 29278 29279 29280 29281 29282 29283 29284 29285 29286 29287 149088 28888 28889 28890 148691 108692 68693 28694 28695 148496 108497 68498 28499 148300 108301 68302 28303 148104 108105 68106 28107 147908 107909 67910 27911 147712 107713 67714 27715 147516 107517 67518 27519 27520 27521 27522 27523 27524 27525 27526 67727 27728 27729 27730 27731 67932 27933 27934 27935 27936 68137 28138 28139 68340 28341 68542 28543 68744 28745 68946 109146 69346 29347 69548 109748 69948 110148 70348 110548 70748 30749 70950 30951 71152 31153 71354 31355 71556 31557 71758 31759 71960 31961 72162 32163 72364 32365 32366 32367 72568 32569 72770 32771 72972 32973 73174 33175 73376 33377 73578 33579 73780 33781 
Label: 216845
[2470,82338,]
23606 63807 23808 64009 24010 64211 24212 64413 24414 64615 24616 24617 24618 24619 24620 24621 24622 24623 24624 24625 24626 24627 24628 24629 24630 64831 24832 65033 25034 65235 25236 65437 25438 65639 25640 65841 25842 66043 26044 66245 26246 66447 26448 66649 26650 66851 26852 67053 27054 67255 27256 67457 27458 67659 27660 67861 27862 68063 28064 68265 28266 68467 28468 68669 28670 68871 28872 28873 28874 28875 28876 28877 28878 28879 28880 28881 28882 28883 28884 28885 28886 28887 28888 28889 28890 148691 28491 28492 28493 28494 28495 28496 28497 28498 28499 148300 108301 68302 28303 148104 108105 68106 28107 147908 107909 67910 27911 147712 107713 67714 27715 147516 107517 67518 27519 27520 27521 27522 27523 27524 27525 27526 67727 27728 27729 27730 27731 67932 27933 27934 27935 68136 28137 68338 28339 68540 28541 68742 28743 68944 28945 69146 109346 69546 29547 69748 109948 70148 110348 70548 30549 70750 30751 70952 30953 71154 31155 71356 31357 71558 31559 71760 31761 71962 31963 72164 32165 72366 32367 72568 32569 72770 32771 72972 32973 73174 33175 73376 33377 73578 33579 73780 33781 
Label: 766076
[2890,67040,]
23606 23607 23608 23609 23610 23611 23612 23613 23614 23615 23616 23617 23618 23619 23620 23621 23622 23623 23624 143425 23225 143026 22826 142627 22427 142228 22028 141829 21629 21630 141431 21231 141032 20832 20833 20834 20835 140636 20436 20437 20438 20439 140240 100241 60242 20243 140044 100045 60046 20047 20048 20049 20050 20051 60252 20253 60454 20455 60656 20657 60858 20859 61060 21061 61262 21263 61464 21465 61666 21667 61868 21869 62070 22071 62272 22273 62474 22475 62676 22677 62878 22879 63080 23081 63282 103482 63682 23683 63884 104084 64284 104484 64684 104884 65084 105284 65484 105684 65884 106084 66284 106484 66684 106884 67084 107284 67484 107684 67884 27885 68086 28087 68288 28289 28290 28291 28292 28293 28294 28295 28296 28297 28298 28299 28300 28301 28302 148103 108104 68105 28106 147907 107908 67909 27910 147711 107712 67713 27714 147515 107516 67517 27518 27519 27520 27521 27522 27523 27524 27525 27526 67727 27728 27729 27730 27731 67932 27933 27934 27935 68136 28137 68338 28339 68540 28541 68742 28743 68944 28945 69146 109346 69546 29547 69748 109948 70148 110348 70548 30549 70750 30751 70952 30953 71154 31155 71356 31357 71558 31559 71760 31761 71962 31963 72164 32165 72366 32367 72568 32569 72770 32771 72972 32973 73174 33175 73376 33377 73578 33579 73780 33781 
Label: 805702
[3010,66939,]
23606 23607 23608 23609 23610 23611 23612 23613 23614 23615 23616 23617 23618 23619 23620 23621 23622 23623 23624 143425 23225 143026 22826 142627 22427 142228 22028 141829 21629 21630 141431 21231 141032 20832 20833 20834 20835 140636 20436 20437 140238 100239 60240 20241 140042 100043 60044 20045 139846 99847 59848 19849 60050 20051 60252 20253 60454 20455 60656 20657 60858 20859 61060 21061 61262 21263 61464 21465 61666 21667 61868 21869 62070 22071 62272 22273 62474 22475 62676 22677 62878 22879 63080 23081 63282 103482 63682 23683 63884 104084 64284 104484 64684 104884 65084 105284 65484 105684 65884 106084 66284 106484 66684 106884 67084 107284 67484 107684 67884 27885 68086 108286 68486 28487 68688 28689 28690 28691 28692 28693 28694 28695 148496 108497 68498 28499 148300 108301 68302 28303 148104 108105 68106 28107 147908 107909 67910 27911 147712 107713 67714 27715 147516 107517 67518 27519 27520 27521 27522 27523 27524 27525 27526 67727 27728 27729 27730 27731 67932 27933 27934 27935 27936 68137 28138 28139 68340 28341 68542 28543 68744 28745 68946 109146 69346 29347 69548 109748 69948 110148 70348 110548 70748 30749 70950 30951 71152 31153 71354 31355 71556 31557 71758 111958 72158 32159 72360 32361 32362 32363 32364 32365 32366 32367 72568 32569 72770 32771 72972 32973 73174 33175 73376 33377 73578 33579 73780 33781 
Label: 782484
[2930,66978,]
23606 23607 23608 23609 23610 23611 23612 23613 23614 23615 23616 23617 23618 23619 23620 23621 23622 23623 23624 143425 23225 143026 22826 142627 22427 142228 22028 141829 21629 21630 141431 21231 141032 20832 20833 20834 20835 140636 20436 20437 20438 20439 140240 100241 60242 20243 140044 100045 60046 20047 20048 20049 20050 20051 60252 20253 60454 20455 60656 20657 60858 20859 61060 21061 61262 21263 61464 21465 61666 21667 61868 21869 62070 22071 62272 22273 62474 22475 62676 22677 62878 22879 63080 23081 63282 103482 63682 23683 63884 104084 64284 104484 64684 104884 65084 105284 65484 105684 65884 106084 66284 106484 66684 106884 67084 107284 67484 107684 67884 27885 68086 28087 68288 28289 68490 28491 28492 28493 28494 28495 28496 28497 28498 28499 148300 108301 68302 28303 148104 108105 68106 28107 147908 107909 67910 27911 147712 107713 67714 27715 147516 107517 67518 27519 27520 27521 27522 27523 27524 27525 27526 67727 27728 27729 27730 27731 67932 27933 27934 27935 27936 68137 28138 28139 68340 28341 68542 28543 68744 28745 68946 109146 69346 29347 69548 109748 69948 110148 70348 110548 70748 30749 70950 30951 71152 31153 71354 31355 71556 31557 71758 31759 71960 31961 72162 32163 72364 32365 32366 32367 72568 32569 72770 32771 72972 32973 73174 33175 73376 33377 73578 33579 73780 33781 
Label: 166039
[2400,82792,]
23606 63807 23808 64009 24010 64211 24212 64413 24414 64615 24616 24617 24618 24619 24620 24621 24622 24623 24624 24625 24626 24627 24628 24629 24630 64831 24832 65033 25034 65235 25236 65437 25438 65639 25640 65841 25842 66043 26044 66245 26246 66447 26448 66649 26650 66851 26852 67053 27054 67255 27256 67457 27458 67659 27660 67861 27862 68063 28064 68265 28266 68467 28468 28469 28470 28471 28472 28473 28474 28475 28476 28477 28478 28479 28480 28481 28482 28483 28484 28485 28486 28487 28488 28489 28490 28491 28492 28493 28494 28495 28496 28497 28498 28499 28500 28501 148302 28102 28103 28104 28105 28106 147907 107908 67909 27910 147711 107712 67713 27714 147515 107516 67517 27518 27519 27520 27521 27522 27523 27524 27525 27526 67727 27728 27729 67930 27931 68132 28133 68334 28335 68536 28537 68738 28739 68940 28941 69142 29143 69344 29345 69546 29547 69748 109948 70148 110348 70548 30549 70750 30751 70952 30953 71154 31155 71356 31357 71558 31559 71760 31761 71962 31963 72164 32165 72366 32367 72568 32569 72770 32771 72972 32973 73174 33175 73376 33377 73578 33579 73780 33781 
Label: 246430
[2500,82300,]
23606 63807 23808 64009 24010 64211 24212 64413 24414 64615 24616 24617 24618 24619 24620 24621 24622 24623 24624 24625 24626 24627 24628 24629 24630 64831 24832 65033 25034 65235 25236 65437 25438 65639 25640 65841 25842 66043 26044 66245 26246 66447 26448 66649 26650 66851 26852 67053 27054 67255 27256 67457 27458 67659 27660 67861 27862 68063 28064 68265 28266 68467 28468 68669 28670 68871 28872 69073 29074 29075 29076 29077 29078 29079 29080 29081 29082 29083 29084 29085 29086 29087 148888 28688 28689 28690 28691 28692 28693 28694 28695 148496 108497 68498 28499 148300 108301 68302 28303 148104 108105 68106 28107 147908 107909 67910 27911 147712 107713 67714 27715 147516 107517 67518 27519 27520 27521 27522 27523 27524 27525 27526 67727 27728 27729 27730 27731 67932 27933 27934 27935 68136 28137 68338 28339 68540 28541 68742 28743 68944 28945 69146 109346 69546 29547 69748 109948 70148 110348 70548 30549 70750 30751 70952 30953 71154 31155 71356 31357 71558 31559 71760 31761 71962 31963 72164 32165 72366 32367 72568 32569 72770 32771 72972 32973 73174 33175 73376 33377 73578 33579 73780 33781 
Label: 801345
[2990,66945,]
23606 23607 23608 23609 23610 23611 23612 23613 23614 23615 23616 23617 23618 23619 23620 23621 23622 23623 23624 143425 23225 143026 22826 142627 22427 142228 22028 141829 21629 21630 141431 21231 141032 20832 20833 20834 20835 140636 20436 20437 140238 100239 60240 20241 140042 100043 60044 20045 139846 99847 59848 19849 60050 20051 60252 20253 60454 20455 60656 20657 60858 20859 61060 21061 61262 21263 61464 21465 61666 21667 61868 21869 62070 22071 62272 22273 62474 22475 62676 22677 62878 22879 63080 23081 63282 103482 63682 23683 63884 104084 64284 104484 64684 104884 65084 105284 65484 105684 65884 106084 66284 106484 66684 106884 67084 107284 67484 107684 67884 27885 68086 28087 68288 28289 68490 28491 68692 28693 28694 28695 148496 108497 68498 28499 148300 108301 68302 28303 148104 108105 68106 28107 147908 107909 67910 27911 147712 107713 67714 27715 147516 107517 67518 27519 27520 27521 27522 27523 27524 27525 27526 67727 27728 27729 27730 27731 67932 27933 27934 27935 27936 68137 28138 28139 68340 28341 68542 28543 68744 28745 68946 109146 69346 29347 69548 109748 69948 110148 70348 110548 70748 30749 70950 30951 71152 31153 71354 31355 71556 31557 71758 31759 71960 31961 72162 32163 72364 32365 32366 32367 72568 32569 72770 32771 72972 32973 73174 33175 73376 33377 73578 33579 73780 33781 
Label: 798683
[2980,66947,]
23606 23607 23608 23609 23610 23611 23612 23613 23614 23615 23616 23617 23618 23619 23620 23621 23622 23623 23624 143425 23225 143026 22826 142627 22427 142228 22028 141829 21629 21630 141431 21231 141032 20832 20833 20834 20835 140636 20436 20437 140238 100239 60240 20241 140042 100043 60044 20045 139846 99847 59848 19849 60050 20051 60252 20253 60454 20455 60656 20657 60858 20859 61060 21061 61262 21263 61464 21465 61666 21667 61868 21869 62070 22071 62272 22273 62474 22475 62676 22677 62878 22879 63080 23081 63282 103482 63682 23683 63884 104084 64284 104484 64684 104884 65084 105284 65484 105684 65884 106084 66284 106484 66684 106884 67084 107284 67484 107684 67884 27885 68086 108286 68486 28487 28488 28489 28490 28491 28492 28493 28494 28495 28496 28497 28498 28499 148300 108301 68302 28303 148104 108105 68106 28107 147908 107909 67910 27911 147712 107713 67714 27715 147516 107517 67518 27519 27520 27521 27522 27523 27524 27525 27526 67727 27728 27729 27730 27731 67932 27933 27934 27935 27936 68137 28138 28139 68340 28341 68542 28543 68744 28745 68946 109146 69346 29347 69548 109748 69948 110148 70348 110548 70748 30749 70950 30951 71152 31153 71354 31355 71556 31557 71758 111958 72158 32159 72360 32361 32362 32363 32364 32365 32366 32367 72568 32569 72770 32771 72972 32973 73174 33175 73376 33377 73578 33579 73780 33781 
Label: 796668
[2970,66948,]
23606 23607 23608 23609 23610 23611 23612 23613 23614 23615 23616 23617 23618 23619 23620 23621 23622 23623 23624 143425 23225 143026 22826 142627 22427 142228 22028 141829 21629 21630 141431 21231 141032 20832 20833 20834 20835 140636 20436 20437 140238 100239 60240 20241 140042 100043 60044 20045 139846 99847 59848 19849 60050 20051 60252 20253 60454 20455 60656 20657 60858 20859 61060 21061 61262 21263 61464 21465 61666 21667 61868 21869 62070 22071 62272 22273 62474 22475 62676 22677 62878 22879 63080 23081 63282 103482 63682 23683 63884 104084 64284 104484 64684 104884 65084 105284 65484 105684 65884 106084 66284 106484 66684 106884 67084 107284 67484 107684 67884 27885 68086 28087 68288 28289 68490 28491 28492 28493 28494 28495 28496 28497 28498 28499 148300 108301 68302 28303 148104 108105 68106 28107 147908 107909 67910 27911 147712 107713 67714 27715 147516 107517 67518 27519 27520 27521 27522 27523 27524 27525 27526 67727 27728 27729 27730 27731 67932 27933 27934 27935 27936 68137 28138 28139 68340 28341 68542 28543 68744 28745 68946 109146 69346 29347 69548 109748 69948 110148 70348 110548 70748 30749 70950 30951 71152 31153 71354 31355 71556 31557 71758 111958 72158 32159 72360 32361 32362 32363 32364 32365 32366 32367 72568 32569 72770 32771 72972 32973 73174 33175 73376 33377 73578 33579 73780 33781 
Label: 786166
[2940,66967,]
23606 23607 23608 23609 23610 23611 23612 23613 23614 23615 23616 23617 23618 23619 23620 23621 23622 23623 23624 143425 23225 143026 22826 142627 22427 142228 22028 141829 21629 21630 141431 21231 141032 20832 20833 20834 20835 140636 20436 20437 20438 20439 20440 140241 20041 20042 20043 20044 20045 139846 99847 59848 19849 60050 20051 60252 20253 60454 20455 60656 20657 60858 20859 61060 21061 61262 21263 61464 21465 61666 21667 61868 21869 62070 22071 62272 22273 62474 22475 62676 22677 62878 22879 63080 23081 63282 103482 63682 23683 63884 104084 64284 104484 64684 104884 65084 105284 65484 105684 65884 106084 66284 106484 66684 106884 67084 107284 67484 107684 67884 27885 68086 28087 68288 28289 68490 28491 28492 28493 28494 28495 28496 28497 28498 28499 148300 108301 68302 28303 148104 108105 68106 28107 147908 107909 67910 27911 147712 107713 67714 27715 147516 107517 67518 27519 27520 27521 27522 27523 27524 27525 27526 67727 27728 27729 27730 27731 67932 27933 27934 27935 27936 68137 28138 28139 68340 28341 68542 28543 68744 28745 68946 109146 69346 29347 69548 109748 69948 110148 70348 110548 70748 30749 70950 30951 71152 31153 71354 31355 71556 31557 71758 31759 71960 31961 72162 32163 72364 32365 32366 32367 72568 32569 72770 32771 72972 32973 73174 33175 73376 33377 73578 33579 73780 33781 
Label: 755722
[2870,67061,]
23606 23607 23608 23609 23610 23611 23612 23613 23614 23615 23616 23617 23618 23619 23620 23621 23622 23623 23624 143425 23225 143026 22826 142627 22427 142228 22028 141829 21629 21630 141431 21231 141032 20832 20833 20834 20835 140636 20436 20437 20438 20439 20440 140241 20041 20042 20043 20044 20045 20046 20047 20048 20049 20050 20051 60252 20253 60454 20455 60656 20657 60858 20859 61060 21061 61262 21263 61464 21465 61666 21667 61868 21869 62070 22071 62272 22273 62474 22475 62676 22677 62878 22879 63080 23081 63282 103482 63682 23683 63884 104084 64284 104484 64684 104884 65084 105284 65484 105684 65884 106084 66284 106484 66684 106884 67084 107284 67484 107684 67884 27885 68086 28087 68288 28289 28290 28291 28292 28293 28294 28295 28296 28297 28298 28299 28300 28301 28302 148103 108104 68105 28106 147907 107908 67909 27910 147711 107712 67713 27714 147515 107516 67517 27518 27519 27520 27521 27522 27523 27524 27525 27526 67727 27728 27729 27730 27731 67932 27933 27934 27935 68136 28137 68338 28339 68540 28541 68742 28743 68944 28945 69146 109346 69546 29547 69748 109948 70148 110348 70548 30549 70750 30751 70952 30953 71154 31155 71356 31357 71558 31559 71760 31761 71962 31963 72164 32165 72366 32367 72568 32569 72770 32771 72972 32973 73174 33175 73376 33377 73578 33579 73780 33781 
Label: 226434
[2480,82322,]
23606 63807 23808 64009 24010 64211 24212 64413 24414 64615 24616 24617 24618 24619 24620 24621 24622 24623 24624 24625 24626 24627 24628 24629 24630 64831 24832 65033 25034 65235 25236 65437 25438 65639 25640 65841 25842 66043 26044 66245 26246 66447 26448 66649 26650 66851 26852 67053 27054 67255 27256 67457 27458 67659 27660 67861 27862 68063 28064 68265 28266 68467 28468 68669 28670 68871 28872 28873 28874 28875 28876 28877 28878 28879 28880 28881 28882 28883 28884 28885 28886 28887 28888 28889 28890 148691 28491 28492 28493 28494 28495 28496 28497 28498 28499 148300 108301 68302 28303 148104 108105 68106 28107 147908 107909 67910 27911 147712 107713 67714 27715 147516 107517 67518 27519 27520 27521 27522 27523 27524 27525 27526 67727 27728 27729 27730 27731 67932 27933 27934 27935 27936 68137 28138 28139 68340 28341 68542 28543 68744 28745 68946 109146 69346 29347 69548 109748 69948 110148 70348 110548 70748 30749 70950 30951 71152 31153 71354 31355 71556 31557 71758 31759 71960 31961 72162 32163 72364 32365 32366 32367 72568 32569 72770 32771 72972 32973 73174 33175 73376 33377 73578 33579 73780 33781 
Label: 404838
[2590,76625,]
23606 23607 23608 23609 23610 23611 23612 23613 23614 23615 23616 23617 23618 23619 23620 23621 23622 23623 23624 143425 23225 143026 22826 142627 22427 142228 22028 141829 21629 21630 21631 141432 21232 21233 141034 101035 61036 21037 21038 21039 21040 21041 21042 21043 21044 21045 21046 21047 21048 21049 21050 21051 21052 21053 21054 21055 21056 21057 21058 21059 21060 61261 21262 61463 21464 61665 21666 61867 21868 62069 22070 62271 22272 62473 22474 62675 22676 62877 22878 63079 23080 63281 23282 63483 103683 63883 104083 64283 104483 64683 104883 65083 105283 65483 105683 65883 106083 66283 26284 66485 26486 66687 26688 66889 26890 67091 27092 67293 27294 67495 27496 67697 27698 67899 27900 27901 27902 27903 27904 27905 27906 27907 27908 27909 27910 27911 27912 27913 27914 27915 27916 27917 27918 27919 27920 27921 27922 27923 68124 28125 68326 28327 68528 28529 68730 28731 68932 28933 69134 29135 69336 29337 69538 29539 69740 29741 69942 29943 70144 30145 70346 30347 70548 30549 70750 30751 70952 30953 71154 31155 71356 31357 71558 31559 71760 31761 71962 31963 72164 32165 72366 32367 72568 32569 72770 32771 72972 32973 73174 33175 73376 33377 73578 33579 73780 33781 
Label: 803872
[3000,66941,]
23606 23607 23608 23609 23610 23611 23612 23613 23614 23615 23616 23617 23618 23619 23620 23621 23622 23623 23624 143425 23225 143026 22826 142627 22427 142228 22028 141829 21629 21630 141431 21231 141032 20832 20833 20834 20835 140636 20436 20437 140238 100239 60240 20241 140042 100043 60044 20045 139846 99847 59848 19849 60050 20051 60252 20253 60454 20455 60656 20657 60858 20859 61060 21061 61262 21263 61464 21465 61666 21667 61868 21869 62070 22071 62272 22273 62474 22475 62676 22677 62878 22879 63080 23081 63282 103482 63682 23683 63884 104084 64284 104484 64684 104884 65084 105284 65484 105684 65884 106084 66284 106484 66684 106884 67084 107284 67484 107684 67884 27885 68086 108286 68486 28487 68688 28689 28690 28691 28692 28693 28694 28695 148496 108497 68498 28499 148300 108301 68302 28303 148104 108105 68106 28107 147908 107909 67910 27911 147712 107713 67714 27715 147516 107517 67518 27519 27520 27521 27522 27523 27524 27525 27526 67727 27728 27729 27730 27731 67932 27933 27934 27935 27936 68137 28138 28139 68340 28341 68542 28543 68744 28745 68946 109146 69346 29347 69548 109748 69948 110148 70348 110548 70748 30749 70950 30951 71152 31153 71354 31355 71556 31557 71758 31759 71960 31961 72162 32163 72364 32365 32366 32367 72568 32569 72770 32771 72972 32973 73174 33175 73376 33377 73578 33579 73780 33781 
Label: 793404
[2960,66950,]
23606 23607 23608 23609 23610 23611 23612 23613 23614 23615 23616 23617 23618 23619 23620 23621 23622 23623 23624 143425 23225 143026 22826 142627 22427 142228 22028 141829 21629 21630 141431 21231 141032 20832 20833 20834 20835 140636 20436 20437 140238 100239 60240 20241 140042 100043 60044 20045 139846 99847 59848 19849 60050 20051 60252 20253 60454 20455 60656 20657 60858 20859 61060 21061 61262 21263 61464 21465 61666 21667 61868 21869 62070 22071 62272 22273 62474 22475 62676 22677 62878 22879 63080 23081 63282 103482 63682 23683 63884 104084 64284 104484 64684 104884 65084 105284 65484 105684 65884 106084 66284 106484 66684 106884 67084 107284 67484 107684 67884 27885 68086 28087 68288 28289 68490 28491 28492 28493 28494 28495 28496 28497 28498 28499 148300 108301 68302 28303 148104 108105 68106 28107 147908 107909 67910 27911 147712 107713 67714 27715 147516 107517 67518 27519 27520 27521 27522 27523 27524 27525 27526 67727 27728 27729 27730 27731 67932 27933 27934 27935 27936 68137 28138 28139 68340 28341 68542 28543 68744 28745 68946 109146 69346 29347 69548 109748 69948 110148 70348 110548 70748 30749 70950 30951 71152 31153 71354 31355 71556 31557 71758 31759 71960 31961 72162 32163 72364 32365 32366 32367 72568 32569 72770 32771 72972 32973 73174 33175 73376 33377 73578 33579 73780 33781 
Label: 774608
[2910,66999,]
23606 23607 23608 23609 23610 23611 23612 23613 23614 23615 23616 23617 23618 23619 23620 23621 23622 23623 23624 143425 23225 143026 22826 142627 22427 142228 22028 141829 21629 21630 141431 21231 141032 20832 20833 20834 20835 140636 20436 20437 20438 20439 20440 140241 20041 20042 20043 20044 20045 20046 20047 20048 20049 20050 20051 60252 20253 60454 20455 60656 20657 60858 20859 61060 21061 61262 21263 61464 21465 61666 21667 61868 21869 62070 22071 62272 22273 62474 22475 62676 22677 62878 22879 63080 23081 63282 103482 63682 23683 63884 104084 64284 104484 64684 104884 65084 105284 65484 105684 65884 106084 66284 106484 66684 106884 67084 107284 67484 107684 67884 27885 68086 28087 68288 28289 68490 28491 28492 28493 28494 28495 28496 28497 28498 28499 148300 108301 68302 28303 148104 108105 68106 28107 147908 107909 67910 27911 147712 107713 67714 27715 147516 107517 67518 27519 27520 27521 27522 27523 27524 27525 27526 67727 27728 27729 27730 27731 67932 27933 27934 27935 27936 68137 28138 28139 68340 28341 68542 28543 68744 28745 68946 109146 69346 29347 69548 109748 69948 110148 70348 110548 70748 30749 70950 30951 71152 31153 71354 31355 71556 31557 71758 31759 71960 31961 72162 32163 72364 32365 32366 32367 72568 32569 72770 32771 72972 32973 73174 33175 73376 33377 73578 33579 73780 33781 
Label: 778323
[2920,66994,]
23606 23607 23608 23609 23610 23611 23612 23613 23614 23615 23616 23617 23618 23619 23620 23621 23622 23623 23624 143425 23225 143026 22826 142627 22427 142228 22028 141829 21629 21630 141431 21231 141032 20832 20833 20834 20835 140636 20436 20437 20438 20439 140240 100241 60242 20243 140044 100045 60046 20047 20048 20049 20050 20051 60252 20253 60454 20455 60656 20657 60858 20859 61060 21061 61262 21263 61464 21465 61666 21667 61868 21869 62070 22071 62272 22273 62474 22475 62676 22677 62878 22879 63080 23081 63282 103482 63682 23683 63884 104084 64284 104484 64684 104884 65084 105284 65484 105684 65884 106084 66284 106484 66684 106884 67084 107284 67484 107684 67884 27885 68086 28087 68288 28289 68490 28491 28492 28493 28494 28495 28496 28497 28498 28499 148300 108301 68302 28303 148104 108105 68106 28107 147908 107909 67910 27911 147712 107713 67714 27715 147516 107517 67518 27519 27520 27521 27522 27523 27524 27525 27526 67727 27728 27729 27730 27731 67932 27933 27934 27935 68136 28137 68338 28339 68540 28541 68742 28743 68944 28945 69146 109346 69546 29547 69748 109948 70148 110348 70548 30549 70750 30751 70952 30953 71154 31155 71356 31357 71558 31559 71760 31761 71962 31963 72164 32165 72366 32367 72568 32569 72770 32771 72972 32973 73174 33175 73376 33377 73578 33579 73780 33781 
Label: 438993
[2610,73141,]
23606 23607 23608 23609 23610 23611 23612 23613 23614 23615 23616 23617 23618 23619 23620 23621 23622 23623 23624 143425 23225 143026 22826 142627 22427 142228 22028 141829 21629 21630 141431 21231 141032 20832 20833 20834 20835 20836 20837 20838 20839 20840 20841 20842 20843 20844 20845 20846 20847 20848 20849 20850 20851 20852 20853 20854 20855 20856 20857 20858 61059 21060 61261 21262 61463 21464 61665 21666 61867 21868 62069 22070 62271 22272 62473 22474 62675 22676 62877 22878 63079 23080 63281 23282 63483 103683 63883 104083 64283 104483 64683 104883 65083 105283 65483 105683 65883 106083 66283 26284 66485 26486 66687 26688 66889 26890 67091 27092 67293 27294 67495 27496 67697 27698 67899 27900 27901 27902 27903 27904 27905 27906 27907 27908 27909 27910 27911 27912 27913 27914 27915 27916 27917 27918 27919 27920 27921 27922 27923 27924 27925 27926 27927 68128 28129 68330 28331 68532 28533 68734 28735 68936 28937 69138 29139 69340 29341 69542 29543 69744 29745 69946 29947 70148 110348 70548 30549 70750 30751 70952 30953 71154 31155 71356 31357 71558 31559 71760 31761 71962 31963 72164 32165 72366 32367 72568 32569 72770 32771 72972 32973 73174 33175 73376 33377 73578 33579 73780 33781 
Label: 697059
[2790,67624,]
23606 23607 23608 23609 23610 23611 23612 23613 23614 23615 23616 23617 23618 23619 23620 23621 23622 23623 23624 143425 23225 143026 22826 142627 22427 142228 22028 141829 21629 21630 141431 21231 141032 20832 20833 20834 20835 140636 20436 20437 20438 20439 20440 140241 20041 20042 20043 20044 20045 20046 20047 20048 20049 20050 20051 60252 20253 60454 20455 60656 20657 60858 20859 61060 21061 61262 21263 61464 21465 61666 21667 61868 21869 62070 22071 62272 22273 62474 22475 62676 22677 62878 22879 63080 23081 63282 103482 63682 23683 63884 104084 64284 104484 64684 104884 65084 105284 65484 105684 65884 106084 66284 106484 66684 106884 67084 27085 67286 27287 67488 27489 67690 27691 67892 27893 68094 28095 28096 28097 28098 28099 28100 28101 28102 28103 28104 28105 28106 28107 147908 107909 67910 27911 147712 27512 27513 27514 27515 27516 27517 27518 27519 27520 27521 27522 27523 27524 27525 27526 67727 27728 27729 67930 27931 68132 28133 68334 28335 68536 28537 68738 28739 68940 28941 69142 29143 69344 29345 69546 29547 69748 109948 70148 110348 70548 30549 70750 30751 70952 30953 71154 31155 71356 31357 71558 31559 71760 31761 71962 31963 72164 32165 72366 32367 72568 32569 72770 32771 72972 32973 73174 33175 73376 33377 73578 33579 73780 33781 
Label: 146475
[2380,82986,]
23606 63807 23808 64009 24010 64211 24212 64413 24414 64615 24616 24617 24618 24619 24620 24621 24622 24623 24624 24625 24626 24627 24628 24629 24630 64831 24832 65033 25034 65235 25236 65437 25438 65639 25640 65841 25842 66043 26044 66245 26246 66447 26448 66649 26650 66851 26852 67053 27054 67255 27256 67457 27458 67659 27660 67861 27862 68063 28064 68265 28266 68467 28468 28469 28470 28471 28472 28473 28474 28475 28476 28477 28478 28479 28480 28481 28482 28483 28484 28485 28486 28487 28488 28489 28490 28491 28492 28493 28494 28495 28496 28497 28498 28499 28500 28501 148302 28102 28103 28104 28105 28106 28107 147908 107909 67910 27911 147712 27512 27513 27514 27515 27516 27517 27518 27519 27520 27521 27522 27523 27524 27525 27526 67727 27728 27729 67930 27931 68132 28133 68334 28335 68536 28537 68738 28739 68940 28941 69142 29143 69344 29345 69546 29547 69748 109948 70148 110348 70548 30549 70750 30751 70952 30953 71154 31155 71356 31357 71558 31559 71760 31761 71962 31963 72164 32165 72366 32367 72568 32569 72770 32771 72972 32973 73174 33175 73376 33377 73578 33579 73780 33781 
Label: 13165
[2250,88383,]
23606 63807 23808 64009 24010 64211 24212 64413 24414 64615 24616 24617 24618 24619 24620 24621 24622 24623 24624 24625 24626 24627 24628 24629 24630 64831 24832 65033 25034 65235 25236 65437 25438 65639 25640 65841 25842 66043 26044 66245 26246 66447 26448 66649 26650 66851 26852 67053 27054 67255 27256 67457 27458 67659 27660 67861 27862 68063 28064 28065 28066 28067 28068 28069 28070 28071 28072 28073 28074 28075 28076 28077 28078 28079 28080 28081 28082 28083 28084 28085 28086 28087 28088 28089 28090 28091 28092 28093 28094 28095 28096 28097 28098 28099 28100 28101 28102 28103 28104 28105 28106 28107 28108 28109 28110 28111 28112 28113 28114 28115 28116 28117 28118 28119 28120 28121 28122 28123 28124 28125 68326 28327 68528 28529 68730 28731 68932 28933 69134 29135 69336 29337 69538 29539 69740 29741 69942 29943 70144 30145 70346 30347 70548 30549 70750 30751 70952 30953 71154 31155 71356 31357 71558 31559 71760 31761 71962 31963 72164 32165 72366 32367 72568 32569 72770 32771 72972 32973 73174 33175 73376 33377 73578 33579 73780 33781 
Label: 210056
[2460,82406,]
23606 63807 23808 64009 24010 64211 24212 64413 24414 64615 24616 24617 24618 24619 24620 24621 24622 24623 24624 24625 24626 24627 24628 24629 24630 64831 24832 65033 25034 65235 25236 65437 25438 65639 25640 65841 25842 66043 26044 66245 26246 66447 26448 66649 26650 66851 26852 67053 27054 67255 27256 67457 27458 67659 27660 67861 27862 68063 28064 68265 28266 68467 28468 68669 28670 28671 28672 28673 28674 28675 28676 28677 28678 28679 28680 28681 28682 28683 28684 28685 28686 28687 28688 28689 28690 28691 28692 28693 28694 28695 148496 108497 68498 28499 148300 108301 68302 28303 148104 108105 68106 28107 147908 107909 67910 27911 147712 107713 67714 27715 147516 107517 67518 27519 27520 27521 27522 27523 27524 27525 27526 67727 27728 27729 27730 27731 67932 27933 27934 27935 68136 28137 68338 28339 68540 28541 68742 28743 68944 28945 69146 109346 69546 29547 69748 109948 70148 110348 70548 30549 70750 30751 70952 30953 71154 31155 71356 31357 71558 31559 71760 31761 71962 31963 72164 32165 72366 32367 72568 32569 72770 32771 72972 32973 73174 33175 73376 33377 73578 33579 73780 33781 
Label: 130451
[2360,83232,]
23606 63807 23808 64009 24010 64211 24212 64413 24414 64615 24616 24617 24618 24619 24620 24621 24622 24623 24624 24625 24626 24627 24628 24629 24630 64831 24832 65033 25034 65235 25236 65437 25438 65639 25640 65841 25842 66043 26044 66245 26246 66447 26448 66649 26650 66851 26852 67053 27054 67255 27256 67457 27458 67659 27660 67861 27862 68063 28064 68265 28266 68467 28468 28469 28470 28471 28472 28473 28474 28475 28476 28477 28478 28479 28480 28481 28482 28483 28484 28485 28486 28487 28488 28489 28490 28491 28492 28493 28494 28495 28496 28497 28498 28499 28500 28501 148302 28102 28103 28104 28105 28106 28107 28108 28109 147910 27710 27711 27712 27713 27714 27715 27716 27717 27718 27719 27720 27721 27722 27723 27724 27725 27726 27727 27728 27729 27730 27731 67932 27933 27934 27935 68136 28137 68338 28339 68540 28541 68742 28743 68944 28945 69146 109346 69546 29547 69748 109948 70148 110348 70548 30549 70750 30751 70952 30953 71154 31155 71356 31357 71558 31559 71760 31761 71962 31963 72164 32165 72366 32367 72568 32569 72770 32771 72972 32973 73174 33175 73376 33377 73578 33579 73780 33781 
Label: 422619
[2600,74700,]
23606 23607 23608 23609 23610 23611 23612 23613 23614 23615 23616 23617 23618 23619 23620 23621 23622 23623 23624 143425 23225 143026 22826 142627 22427 142228 22028 141829 21629 21630 141431 21231 141032 20832 20833 20834 20835 20836 20837 20838 20839 20840 20841 20842 20843 20844 20845 20846 20847 20848 20849 20850 20851 20852 20853 20854 20855 20856 20857 20858 61059 21060 61261 21262 61463 21464 61665 21666 61867 21868 62069 22070 62271 22272 62473 22474 62675 22676 62877 22878 63079 23080 63281 23282 63483 103683 63883 104083 64283 104483 64683 104883 65083 105283 65483 105683 65883 106083 66283 26284 66485 26486 66687 26688 66889 26890 67091 27092 67293 27294 67495 27496 67697 27698 67899 27900 27901 27902 27903 27904 27905 27906 27907 27908 27909 27910 27911 27912 27913 27914 27915 27916 27917 27918 27919 27920 27921 27922 27923 68124 28125 68326 28327 68528 28529 68730 28731 68932 28933 69134 29135 69336 29337 69538 29539 69740 29741 69942 29943 70144 30145 70346 30347 70548 30549 70750 30751 70952 30953 71154 31155 71356 31357 71558 31559 71760 31761 71962 31963 72164 32165 72366 32367 72568 32569 72770 32771 72972 32973 73174 33175 73376 33377 73578 33579 73780 33781 
Label: 540747
[2670,69874,]
23606 23607 23608 23609 23610 23611 23612 23613 23614 23615 23616 23617 23618 23619 23620 23621 23622 23623 23624 143425 23225 143026 22826 142627 22427 142228 22028 141829 21629 21630 141431 21231 141032 20832 20833 20834 20835 140636 20436 20437 20438 20439 20440 20441 20442 20443 20444 20445 20446 20447 20448 20449 20450 20451 20452 20453 20454 20455 60656 20657 60858 20859 61060 21061 61262 21263 61464 21465 61666 21667 61868 21869 62070 22071 62272 22273 62474 22475 62676 22677 62878 22879 63080 23081 63282 103482 63682 23683 63884 104084 64284 104484 64684 104884 65084 105284 65484 105684 65884 106084 66284 106484 66684 26685 66886 26887 67088 27089 67290 27291 67492 27493 67694 27695 67896 27897 27898 27899 27900 27901 27902 27903 27904 27905 27906 27907 27908 27909 27910 27911 27912 27913 27914 27915 27916 27917 27918 27919 27920 27921 27922 27923 27924 27925 27926 27927 27928 27929 27930 27931 68132 28133 68334 28335 68536 28537 68738 28739 68940 28941 69142 29143 69344 29345 69546 29547 69748 109948 70148 110348 70548 30549 70750 30751 70952 30953 71154 31155 71356 31357 71558 31559 71760 31761 71962 31963 72164 32165 72366 32367 72568 32569 72770 32771 72972 32973 73174 33175 73376 33377 73578 33579 73780 33781 
Label: 260083
[2510,82284,]
23606 63807 23808 64009 24010 64211 24212 64413 24414 64615 24616 24617 24618 24619 24620 24621 24622 24623 24624 24625 24626 24627 24628 24629 24630 64831 24832 65033 25034 65235 25236 65437 25438 65639 25640 65841 25842 66043 26044 66245 26246 66447 26448 66649 26650 66851 26852 67053 27054 67255 27256 67457 27458 67659 27660 67861 27862 68063 28064 68265 28266 68467 28468 68669 28670 68871 28872 69073 29074 29075 29076 29077 29078 29079 29080 29081 29082 29083 29084 29085 29086 29087 148888 28688 28689 28690 28691 28692 28693 28694 28695 148496 108497 68498 28499 148300 108301 68302 28303 148104 108105 68106 28107 147908 107909 67910 27911 147712 107713 67714 27715 147516 107517 67518 27519 27520 27521 27522 27523 27524 27525 27526 67727 27728 27729 27730 27731 67932 27933 27934 27935 27936 68137 28138 28139 68340 28341 68542 28543 68744 28745 68946 109146 69346 29347 69548 109748 69948 110148 70348 110548 70748 30749 70950 30951 71152 31153 71354 31355 71556 31557 71758 31759 71960 31961 72162 32163 72364 32365 32366 32367 72568 32569 72770 32771 72972 32973 73174 33175 73376 33377 73578 33579 73780 33781 
Label: 525513
[2660,70318,]
23606 23607 23608 23609 23610 23611 23612 23613 23614 23615 23616 23617 23618 23619 23620 23621 23622 23623 23624 143425 23225 143026 22826 142627 22427 142228 22028 141829 21629 21630 141431 21231 141032 20832 20833 20834 20835 140636 20436 20437 20438 20439 20440 20441 20442 20443 20444 20445 20446 20447 20448 20449 20450 20451 20452 20453 20454 20455 60656 20657 60858 20859 61060 21061 61262 21263 61464 21465 61666 21667 61868 21869 62070 22071 62272 22273 62474 22475 62676 22677 62878 22879 63080 23081 63282 103482 63682 23683 63884 104084 64284 104484 64684 104884 65084 105284 65484 105684 65884 106084 66284 106484 66684 26685 66886 26887 67088 27089 67290 27291 67492 27493 67694 27695 67896 27897 27898 27899 27900 27901 27902 27903 27904 27905 27906 27907 27908 27909 27910 27911 27912 27913 27914 27915 27916 27917 27918 27919 27920 27921 27922 27923 27924 27925 27926 27927 68128 28129 68330 28331 68532 28533 68734 28735 68936 28937 69138 29139 69340 29341 69542 29543 69744 29745 69946 29947 70148 110348 70548 30549 70750 30751 70952 30953 71154 31155 71356 31357 71558 31559 71760 31761 71962 31963 72164 32165 72366 32367 72568 32569 72770 32771 72972 32973 73174 33175 73376 33377 73578 33579 73780 33781 
Label: 138544
[2370,83075,]
23606 63807 23808 64009 24010 64211 24212 64413 24414 64615 24616 24617 24618 24619 24620 24621 24622 24623 24624 24625 24626 24627 24628 24629 24630 64831 24832 65033 25034 65235 25236 65437 25438 65639 25640 65841 25842 66043 26044 66245 26246 66447 26448 66649 26650 66851 26852 67053 27054 67255 27256 67457 27458 67659 27660 67861 27862 68063 28064 68265 28266 68467 28468 28469 28470 28471 28472 28473 28474 28475 28476 28477 28478 28479 28480 28481 28482 28483 28484 28485 28486 28487 28488 28489 28490 28491 28492 28493 28494 28495 28496 28497 28498 28499 28500 28501 148302 28102 28103 28104 28105 28106 28107 147908 107909 67910 27911 147712 107713 67714 27715 27716 27717 27718 27719 27720 27721 27722 27723 27724 27725 27726 27727 27728 27729 67930 27931 68132 28133 68334 28335 68536 28537 68738 28739 68940 28941 69142 29143 69344 29345 69546 29547 69748 109948 70148 110348 70548 30549 70750 30751 70952 30953 71154 31155 71356 31357 71558 31559 71760 31761 71962 31963 72164 32165 72366 32367 72568 32569 72770 32771 72972 32973 73174 33175 73376 33377 73578 33579 73780 33781 
Label: 811262
[3040,66935,]
23606 23607 23608 23609 23610 23611 23612 23613 23614 23615 23616 23617 23618 23619 23620 23621 23622 23623 23624 143425 23225 143026 22826 142627 22427 142228 22028 141829 21629 21630 141431 21231 141032 20832 20833 20834 20835 140636 20436 20437 140238 100239 60240 20241 140042 100043 60044 20045 139846 99847 59848 19849 60050 20051 60252 20253 60454 20455 60656 20657 60858 20859 61060 21061 61262 21263 61464 21465 61666 21667 61868 21869 62070 22071 62272 22273 62474 22475 62676 22677 62878 22879 63080 23081 63282 103482 63682 23683 63884 104084 64284 104484 64684 104884 65084 105284 65484 105684 65884 106084 66284 106484 66684 106884 67084 107284 67484 107684 67884 27885 68086 108286 68486 28487 68688 28689 28690 28691 28692 28693 28694 148495 108496 68497 28498 148299 108300 68301 28302 148103 108104 68105 28106 147907 107908 67909 27910 147711 107712 67713 27714 147515 107516 67517 27518 147319 107320 67321 27322 67523 27524 27525 27526 67727 27728 27729 27730 27731 67932 27933 27934 27935 27936 68137 28138 28139 68340 28341 68542 28543 68744 28745 68946 109146 69346 29347 69548 109748 69948 110148 70348 110548 70748 30749 70950 30951 71152 31153 71354 31355 71556 31557 71758 111958 72158 32159 72360 32361 32362 32363 32364 32365 32366 32367 72568 32569 72770 32771 72972 32973 73174 33175 73376 33377 73578 33579 73780 33781 
Label: 20941
[2260,87062,]
23606 63807 23808 64009 24010 64211 24212 64413 24414 64615 24616 24617 24618 24619 24620 24621 24622 24623 24624 24625 24626 24627 24628 24629 24630 64831 24832 65033 25034 65235 25236 65437 25438 65639 25640 65841 25842 66043 26044 66245 26246 66447 26448 66649 26650 66851 26852 67053 27054 67255 27256 67457 27458 67659 27660 67861 27862 68063 28064 28065 28066 28067 28068 28069 28070 28071 28072 28073 28074 28075 28076 28077 28078 28079 28080 28081 28082 28083 28084 28085 28086 28087 28088 28089 28090 28091 28092 28093 28094 28095 28096 28097 28098 28099 28100 28101 28102 28103 28104 28105 28106 28107 28108 28109 28110 28111 28112 28113 28114 28115 28116 28117 28118 28119 28120 28121 28122 28123 28124 28125 28126 28127 28128 28129 68330 28331 68532 28533 68734 28735 68936 28937 69138 29139 69340 29341 69542 29543 69744 29745 69946 29947 70148 110348 70548 30549 70750 30751 70952 30953 71154 31155 71356 31357 71558 31559 71760 31761 71962 31963 72164 32165 72366 32367 72568 32569 72770 32771 72972 32973 73174 33175 73376 33377 73578 33579 73780 33781 
Label: 640972
[2740,68180,]
23606 23607 23608 23609 23610 23611 23612 23613 23614 23615 23616 23617 23618 23619 23620 23621 23622 23623 23624 143425 23225 143026 22826 142627 22427 142228 22028 141829 21629 21630 141431 21231 141032 20832 20833 20834 20835 140636 20436 20437 20438 20439 20440 20441 20442 20443 20444 20445 20446 20447 20448 20449 20450 20451 20452 20453 20454 20455 60656 20657 60858 20859 61060 21061 61262 21263 61464 21465 61666 21667 61868 21869 62070 22071 62272 22273 62474 22475 62676 22677 62878 22879 63080 23081 63282 103482 63682 23683 63884 104084 64284 104484 64684 104884 65084 105284 65484 105684 65884 106084 66284 106484 66684 106884 67084 27085 67286 27287 67488 27489 67690 27691 67892 27893 68094 28095 28096 28097 28098 28099 28100 28101 28102 28103 28104 28105 28106 28107 147908 107909 67910 27911 147712 107713 67714 27715 27716 27717 27718 27719 27720 27721 27722 27723 27724 27725 27726 27727 27728 27729 67930 27931 68132 28133 68334 28335 68536 28537 68738 28739 68940 28941 69142 29143 69344 29345 69546 29547 69748 109948 70148 110348 70548 30549 70750 30751 70952 30953 71154 31155 71356 31357 71558 31559 71760 31761 71962 31963 72164 32165 72366 32367 72568 32569 72770 32771 72972 32973 73174 33175 73376 33377 73578 33579 73780 33781 
Label: 24742
[2270,86712,]
23606 63807 23808 64009 24010 64211 24212 64413 24414 64615 24616 24617 24618 24619 24620 24621 24622 24623 24624 24625 24626 24627 24628 24629 24630 64831 24832 65033 25034 65235 25236 65437 25438 65639 25640 65841 25842 66043 26044 66245 26246 66447 26448 66649 26650 66851 26852 67053 27054 67255 27256 67457 27458 67659 27660 67861 27862 68063 28064 28065 28066 28067 28068 28069 28070 28071 28072 28073 28074 28075 28076 28077 28078 28079 28080 28081 28082 28083 28084 28085 28086 28087 28088 28089 28090 28091 28092 28093 28094 28095 28096 28097 28098 28099 28100 28101 28102 28103 28104 28105 28106 28107 28108 28109 28110 28111 28112 28113 28114 28115 28116 28117 28118 28119 28120 28121 28122 28123 28124 28125 28126 28127 28128 28129 28130 28131 28132 28133 68334 28335 68536 28537 68738 28739 68940 28941 69142 29143 69344 29345 69546 29547 69748 109948 70148 110348 70548 30549 70750 30751 70952 30953 71154 31155 71356 31357 71558 31559 71760 31761 71962 31963 72164 32165 72366 32367 72568 32569 72770 32771 72972 32973 73174 33175 73376 33377 73578 33579 73780 33781 
Label: 203781
[2450,82439,]
23606 63807 23808 64009 24010 64211 24212 64413 24414 64615 24616 24617 24618 24619 24620 24621 24622 24623 24624 24625 24626 24627 24628 24629 24630 64831 24832 65033 25034 65235 25236 65437 25438 65639 25640 65841 25842 66043 26044 66245 26246 66447 26448 66649 26650 66851 26852 67053 27054 67255 27256 67457 27458 67659 27660 67861 27862 68063 28064 68265 28266 68467 28468 68669 28670 28671 28672 28673 28674 28675 28676 28677 28678 28679 28680 28681 28682 28683 28684 28685 28686 28687 28688 28689 28690 28691 28692 28693 28694 28695 28696 148497 28297 28298 28299 28300 28301 28302 148103 108104 68105 28106 147907 107908 67909 27910 147711 107712 67713 27714 147515 107516 67517 27518 27519 27520 27521 27522 27523 27524 27525 27526 67727 27728 27729 27730 27731 67932 27933 27934 27935 27936 68137 28138 28139 68340 28341 68542 28543 68744 28745 68946 109146 69346 29347 69548 109748 69948 110148 70348 110548 70748 30749 70950 30951 71152 31153 71354 31355 71556 31557 71758 31759 71960 31961 72162 32163 72364 32365 32366 32367 72568 32569 72770 32771 72972 32973 73174 33175 73376 33377 73578 33579 73780 33781 
Label: 770074
[2900,67015,]
23606 23607 23608 23609 23610 23611 23612 23613 23614 23615 23616 23617 23618 23619 23620 23621 23622 23623 23624 143425 23225 143026 22826 142627 22427 142228 22028 141829 21629 21630 141431 21231 141032 20832 20833 20834 20835 140636 20436 20437 20438 20439 20440 140241 20041 20042 20043 20044 20045 20046 20047 20048 20049 20050 20051 60252 20253 60454 20455 60656 20657 60858 20859 61060 21061 61262 21263 61464 21465 61666 21667 61868 21869 62070 22071 62272 22273 62474 22475 62676 22677 62878 22879 63080 23081 63282 103482 63682 23683 63884 104084 64284 104484 64684 104884 65084 105284 65484 105684 65884 106084 66284 106484 66684 106884 67084 107284 67484 107684 67884 27885 68086 28087 68288 28289 68490 28491 28492 28493 28494 28495 28496 28497 28498 28499 148300 108301 68302 28303 148104 108105 68106 28107 147908 107909 67910 27911 147712 107713 67714 27715 147516 107517 67518 27519 27520 27521 27522 27523 27524 27525 27526 67727 27728 27729 27730 27731 67932 27933 27934 27935 68136 28137 68338 28339 68540 28541 68742 28743 68944 28945 69146 109346 69546 29547 69748 109948 70148 110348 70548 30549 70750 30751 70952 30953 71154 31155 71356 31357 71558 31559 71760 31761 71962 31963 72164 32165 72366 32367 72568 32569 72770 32771 72972 32973 73174 33175 73376 33377 73578 33579 73780 33781 
Label: 55939
[2290,85509,]
23606 63807 23808 64009 24010 64211 24212 64413 24414 64615 24616 24617 24618 24619 24620 24621 24622 24623 24624 24625 24626 24627 24628 24629 24630 64831 24832 65033 25034 65235 25236 65437 25438 65639 25640 65841 25842 66043 26044 66245 26246 66447 26448 66649 26650 66851 26852 67053 27054 67255 27256 67457 27458 67659 27660 67861 27862 68063 28064 28065 28066 28067 28068 28069 28070 28071 28072 28073 28074 28075 28076 28077 28078 28079 28080 28081 28082 28083 28084 28085 28086 28087 28088 28089 28090 28091 28092 28093 28094 28095 28096 28097 28098 28099 28100 28101 28102 28103 28104 28105 28106 28107 147908 107909 67910 27911 27912 27913 27914 27915 27916 27917 27918 27919 27920 27921 27922 27923 27924 27925 27926 27927 68128 28129 68330 28331 68532 28533 68734 28735 68936 28937 69138 29139 69340 29341 69542 29543 69744 29745 69946 29947 70148 110348 70548 30549 70750 30751 70952 30953 71154 31155 71356 31357 71558 31559 71760 31761 71962 31963 72164 32165 72366 32367 72568 32569 72770 32771 72972 32973 73174 33175 73376 33377 73578 33579 73780 33781 
Label: 750248
[2860,67078,]
23606 23607 23608 23609 23610 23611 23612 23613 23614 23615 23616 23617 23618 23619 23620 23621 23622 23623 23624 143425 23225 143026 22826 142627 22427 142228 22028 141829 21629 21630 141431 21231 141032 20832 20833 20834 20835 140636 20436 20437 20438 20439 20440 140241 20041 20042 20043 20044 20045 20046 20047 20048 20049 20050 20051 60252 20253 60454 20455 60656 20657 60858 20859 61060 21061 61262 21263 61464 21465 61666 21667 61868 21869 62070 22071 62272 22273 62474 22475 62676 22677 62878 22879 63080 23081 63282 103482 63682 23683 63884 104084 64284 104484 64684 104884 65084 105284 65484 105684 65884 106084 66284 106484 66684 106884 67084 107284 67484 27485 67686 27687 67888 27889 68090 28091 68292 28293 28294 28295 28296 28297 28298 28299 28300 28301 28302 148103 108104 68105 28106 147907 107908 67909 27910 147711 107712 67713 27714 147515 107516 67517 27518 27519 27520 27521 27522 27523 27524 27525 27526 67727 27728 27729 27730 27731 67932 27933 27934 27935 68136 28137 68338 28339 68540 28541 68742 28743 68944 28945 69146 109346 69546 29547 69748 109948 70148 110348 70548 30549 70750 30751 70952 30953 71154 31155 71356 31357 71558 31559 71760 31761 71962 31963 72164 32165 72366 32367 72568 32569 72770 32771 72972 32973 73174 33175 73376 33377 73578 33579 73780 33781 
Label: 99481
[2330,84070,]
23606 63807 23808 64009 24010 64211 24212 64413 24414 64615 24616 24617 24618 24619 24620 24621 24622 24623 24624 24625 24626 24627 24628 24629 24630 64831 24832 65033 25034 65235 25236 65437 25438 65639 25640 65841 25842 66043 26044 66245 26246 66447 26448 66649 26650 66851 26852 67053 27054 67255 27256 67457 27458 67659 27660 67861 27862 68063 28064 68265 28266 28267 28268 28269 28270 28271 28272 28273 28274 28275 28276 28277 28278 28279 28280 28281 28282 28283 28284 28285 28286 28287 28288 28289 28290 28291 28292 28293 28294 28295 28296 28297 28298 28299 28300 28301 28302 28303 28304 28305 148106 27906 27907 27908 27909 27910 147711 107712 67713 27714 27715 27716 27717 27718 27719 27720 27721 27722 27723 27724 27725 67926 27927 68128 28129 68330 28331 68532 28533 68734 28735 68936 28937 69138 29139 69340 29341 69542 29543 69744 29745 69946 29947 70148 110348 70548 30549 70750 30751 70952 30953 71154 31155 71356 31357 71558 31559 71760 31761 71962 31963 72164 32165 72366 32367 72568 32569 72770 32771 72972 32973 73174 33175 73376 33377 73578 33579 73780 33781 
Label: 739561
[2840,67250,]
23606 23607 23608 23609 23610 23611 23612 23613 23614 23615 23616 23617 23618 23619 23620 23621 23622 23623 23624 143425 23225 143026 22826 142627 22427 142228 22028 141829 21629 21630 141431 21231 141032 20832 20833 20834 20835 140636 20436 20437 20438 20439 20440 140241 20041 20042 20043 20044 20045 20046 20047 20048 20049 20050 20051 60252 20253 60454 20455 60656 20657 60858 20859 61060 21061 61262 21263 61464 21465 61666 21667 61868 21869 62070 22071 62272 22273 62474 22475 62676 22677 62878 22879 63080 23081 63282 103482 63682 23683 63884 104084 64284 104484 64684 104884 65084 105284 65484 105684 65884 106084 66284 106484 66684 106884 67084 107284 67484 27485 67686 27687 67888 27889 68090 28091 68292 28293 28294 28295 28296 28297 28298 28299 28300 28301 28302 28303 28304 148105 108106 68107 28108 147909 107910 67911 27912 147713 27513 27514 27515 27516 27517 27518 27519 27520 27521 27522 27523 27524 27525 27526 67727 27728 27729 27730 27731 67932 27933 27934 27935 68136 28137 68338 28339 68540 28541 68742 28743 68944 28945 69146 109346 69546 29547 69748 109948 70148 110348 70548 30549 70750 30751 70952 30953 71154 31155 71356 31357 71558 31559 71760 31761 71962 31963 72164 32165 72366 32367 72568 32569 72770 32771 72972 32973 73174 33175 73376 33377 73578 33579 73780 33781 
Label: 45506
[2280,86650,]
23606 63807 23808 64009 24010 64211 24212 64413 24414 64615 24616 24617 24618 24619 24620 24621 24622 24623 24624 24625 24626 24627 24628 24629 24630 64831 24832 65033 25034 65235 25236 65437 25438 65639 25640 65841 25842 66043 26044 66245 26246 66447 26448 66649 26650 66851 26852 67053 27054 67255 27256 67457 27458 67659 27660 67861 27862 68063 28064 28065 28066 28067 28068 28069 28070 28071 28072 28073 28074 28075 28076 28077 28078 28079 28080 28081 28082 28083 28084 28085 28086 28087 28088 28089 28090 28091 28092 28093 28094 28095 28096 28097 28098 28099 28100 28101 28102 28103 28104 28105 28106 28107 28108 28109 28110 28111 28112 28113 28114 28115 28116 28117 28118 28119 28120 28121 28122 28123 28124 28125 28126 28127 28128 28129 28130 28131 28132 28133 28134 28135 28136 28137 68338 28339 68540 28541 68742 28743 68944 28945 69146 109346 69546 29547 69748 109948 70148 110348 70548 30549 70750 30751 70952 30953 71154 31155 71356 31357 71558 31559 71760 31761 71962 31963 72164 32165 72366 32367 72568 32569 72770 32771 72972 32973 73174 33175 73376 33377 73578 33579 73780 33781 
Label: 174178
[2410,82706,]
23606 63807 23808 64009 24010 64211 24212 64413 24414 64615 24616 24617 24618 24619 24620 24621 24622 24623 24624 24625 24626 24627 24628 24629 24630 64831 24832 65033 25034 65235 25236 65437 25438 65639 25640 65841 25842 66043 26044 66245 26246 66447 26448 66649 26650 66851 26852 67053 27054 67255 27256 67457 27458 67659 27660 67861 27862 68063 28064 68265 28266 68467 28468 28469 28470 28471 28472 28473 28474 28475 28476 28477 28478 28479 28480 28481 28482 28483 28484 28485 28486 28487 28488 28489 28490 28491 28492 28493 28494 28495 28496 28497 28498 28499 28500 28501 148302 28102 28103 28104 28105 28106 147907 107908 67909 27910 147711 107712 67713 27714 147515 107516 67517 27518 27519 27520 27521 27522 27523 27524 27525 27526 67727 27728 27729 27730 27731 67932 27933 27934 27935 68136 28137 68338 28339 68540 28541 68742 28743 68944 28945 69146 109346 69546 29547 69748 109948 70148 110348 70548 30549 70750 30751 70952 30953 71154 31155 71356 31357 71558 31559 71760 31761 71962 31963 72164 32165 72366 32367 72568 32569 72770 32771 72972 32973 73174 33175 73376 33377 73578 33579 73780 33781 
Label: 73548
[2310,84399,]
23606 63807 23808 64009 24010 64211 24212 64413 24414 64615 24616 24617 24618 24619 24620 24621 24622 24623 24624 24625 24626 24627 24628 24629 24630 64831 24832 65033 25034 65235 25236 65437 25438 65639 25640 65841 25842 66043 26044 66245 26246 66447 26448 66649 26650 66851 26852 67053 27054 67255 27256 67457 27458 67659 27660 67861 27862 68063 28064 68265 28266 28267 28268 28269 28270 28271 28272 28273 28274 28275 28276 28277 28278 28279 28280 28281 28282 28283 28284 28285 28286 28287 28288 28289 28290 28291 28292 28293 28294 28295 28296 28297 28298 28299 28300 28301 28302 28303 28304 28305 148106 27906 27907 27908 27909 27910 27911 27912 27913 27914 27915 27916 27917 27918 27919 27920 27921 27922 27923 27924 27925 27926 27927 27928 27929 27930 27931 68132 28133 68334 28335 68536 28537 68738 28739 68940 28941 69142 29143 69344 29345 69546 29547 69748 109948 70148 110348 70548 30549 70750 30751 70952 30953 71154 31155 71356 31357 71558 31559 71760 31761 71962 31963 72164 32165 72366 32367 72568 32569 72770 32771 72972 32973 73174 33175 73376 33377 73578 33579 73780 33781 
Label: 383652
[2580,77187,]
23606 23607 23608 23609 23610 23611 23612 23613 23614 23615 23616 23617 23618 23619 23620 23621 23622 23623 23624 143425 23225 143026 22826 142627 22427 142228 22028 141829 21629 21630 21631 141432 21232 21233 21234 21235 21236 21237 21238 21239 21240 21241 21242 21243 21244 21245 21246 21247 21248 21249 21250 21251 21252 21253 21254 21255 21256 21257 21258 21259 21260 21261 21262 61463 21464 61665 21666 61867 21868 62069 22070 62271 22272 62473 22474 62675 22676 62877 22878 63079 23080 63281 23282 63483 103683 63883 104083 64283 104483 64683 104883 65083 105283 65483 105683 65883 106083 66283 106483 66683 26684 66885 26886 67087 27088 67289 27290 67491 27492 67693 27694 67895 27896 27897 27898 27899 27900 27901 27902 27903 27904 27905 27906 27907 27908 27909 27910 27911 27912 27913 27914 27915 27916 27917 27918 27919 27920 27921 27922 27923 27924 27925 27926 27927 68128 28129 68330 28331 68532 28533 68734 28735 68936 28937 69138 29139 69340 29341 69542 29543 69744 29745 69946 29947 70148 110348 70548 30549 70750 30751 70952 30953 71154 31155 71356 31357 71558 31559 71760 31761 71962 31963 72164 32165 72366 32367 72568 32569 72770 32771 72972 32973 73174 33175 73376 33377 73578 33579 73780 33781 
Label: 731988
[2830,67271,]
23606 23607 23608 23609 23610 23611 23612 23613 23614 23615 23616 23617 23618 23619 23620 23621 23622 23623 23624 143425 23225 143026 22826 142627 22427 142228 22028 141829 21629 21630 141431 21231 141032 20832 20833 20834 20835 140636 20436 20437 20438 20439 20440 140241 20041 20042 20043 20044 20045 20046 20047 20048 20049 20050 20051 60252 20253 60454 20455 60656 20657 60858 20859 61060 21061 61262 21263 61464 21465 61666 21667 61868 21869 62070 22071 62272 22273 62474 22475 62676 22677 62878 22879 63080 23081 63282 103482 63682 23683 63884 104084 64284 104484 64684 104884 65084 105284 65484 105684 65884 106084 66284 106484 66684 106884 67084 107284 67484 27485 67686 27687 67888 27889 68090 28091 28092 28093 28094 28095 28096 28097 28098 28099 28100 28101 28102 28103 28104 28105 28106 147907 107908 67909 27910 147711 107712 67713 27714 147515 107516 67517 27518 27519 27520 27521 27522 27523 27524 27525 27526 67727 27728 27729 27730 27731 67932 27933 27934 27935 68136 28137 68338 28339 68540 28541 68742 28743 68944 28945 69146 109346 69546 29547 69748 109948 70148 110348 70548 30549 70750 30751 70952 30953 71154 31155 71356 31357 71558 31559 71760 31761 71962 31963 72164 32165 72366 32367 72568 32569 72770 32771 72972 32973 73174 33175 73376 33377 73578 33579 73780 33781 
Label: 180927
[2420,82627,]
23606 63807 23808 64009 24010 64211 24212 64413 24414 64615 24616 24617 24618 24619 24620 24621 24622 24623 24624 24625 24626 24627 24628 24629 24630 64831 24832 65033 25034 65235 25236 65437 25438 65639 25640 65841 25842 66043 26044 66245 26246 66447 26448 66649 26650 66851 26852 67053 27054 67255 27256 67457 27458 67659 27660 67861 27862 68063 28064 68265 28266 68467 28468 68669 28670 28671 28672 28673 28674 28675 28676 28677 28678 28679 28680 28681 28682 28683 28684 28685 28686 28687 28688 28689 28690 28691 28692 28693 28694 28695 28696 148497 28297 28298 28299 28300 28301 28302 28303 28304 148105 108106 68107 28108 147909 107910 67911 27912 147713 27513 27514 27515 27516 27517 27518 27519 27520 27521 27522 27523 27524 27525 27526 67727 27728 27729 27730 27731 67932 27933 27934 27935 68136 28137 68338 28339 68540 28541 68742 28743 68944 28945 69146 109346 69546 29547 69748 109948 70148 110348 70548 30549 70750 30751 70952 30953 71154 31155 71356 31357 71558 31559 71760 31761 71962 31963 72164 32165 72366 32367 72568 32569 72770 32771 72972 32973 73174 33175 73376 33377 73578 33579 73780 33781 
Label: 117808
[2350,83318,]
23606 63807 23808 64009 24010 64211 24212 64413 24414 64615 24616 24617 24618 24619 24620 24621 24622 24623 24624 24625 24626 24627 24628 24629 24630 64831 24832 65033 25034 65235 25236 65437 25438 65639 25640 65841 25842 66043 26044 66245 26246 66447 26448 66649 26650 66851 26852 67053 27054 67255 27256 67457 27458 67659 27660 67861 27862 68063 28064 68265 28266 68467 28468 28469 28470 28471 28472 28473 28474 28475 28476 28477 28478 28479 28480 28481 28482 28483 28484 28485 28486 28487 28488 28489 28490 28491 28492 28493 28494 28495 28496 28497 28498 28499 28500 28501 148302 28102 28103 28104 28105 28106 28107 28108 28109 147910 27710 27711 27712 27713 27714 27715 27716 27717 27718 27719 27720 27721 27722 27723 27724 27725 27726 27727 27728 27729 67930 27931 68132 28133 68334 28335 68536 28537 68738 28739 68940 28941 69142 29143 69344 29345 69546 29547 69748 109948 70148 110348 70548 30549 70750 30751 70952 30953 71154 31155 71356 31357 71558 31559 71760 31761 71962 31963 72164 32165 72366 32367 72568 32569 72770 32771 72972 32973 73174 33175 73376 33377 73578 33579 73780 33781 
Label: 290681
[2530,82280,]
23606 63807 23808 64009 24010 64211 24212 64413 24414 64615 24616 24617 24618 24619 24620 24621 24622 24623 24624 24625 24626 24627 24628 24629 24630 64831 24832 65033 25034 65235 25236 65437 25438 65639 25640 65841 25842 66043 26044 66245 26246 66447 26448 66649 26650 66851 26852 67053 27054 67255 27256 67457 27458 67659 27660 67861 27862 68063 28064 68265 28266 68467 28468 68669 28670 68871 28872 69073 29074 69275 29276 29277 29278 29279 29280 29281 29282 29283 29284 29285 29286 29287 149088 28888 28889 28890 148691 28491 28492 28493 28494 28495 28496 28497 28498 28499 148300 108301 68302 28303 148104 108105 68106 28107 147908 107909 67910 27911 147712 107713 67714 27715 147516 107517 67518 27519 27520 27521 27522 27523 27524 27525 27526 67727 27728 27729 27730 27731 67932 27933 27934 27935 27936 68137 28138 28139 68340 28341 68542 28543 68744 28745 68946 109146 69346 29347 69548 109748 69948 110148 70348 110548 70748 30749 70950 30951 71152 31153 71354 31355 71556 31557 71758 111958 72158 32159 72360 32361 32362 32363 32364 32365 32366 32367 72568 32569 72770 32771 72972 32973 73174 33175 73376 33377 73578 33579 73780 33781 
Label: 327257
[2550,81628,]
23606 23607 23608 23609 23610 23611 23612 23613 23614 23615 23616 23617 23618 23619 23620 23621 23622 23623 23624 143425 23225 143026 22826 142627 22427 142228 22028 141829 21629 21630 21631 141432 21232 21233 21234 21235 21236 21237 21238 21239 21240 21241 21242 21243 21244 21245 21246 21247 21248 21249 21250 21251 21252 21253 21254 21255 21256 21257 21258 21259 21260 61461 21462 61663 21664 61865 21866 62067 22068 62269 22270 62471 22472 62673 22674 62875 22876 63077 23078 63279 23280 63481 23482 63683 103883 64083 104283 64483 104683 64883 105083 65283 105483 65683 105883 66083 26084 66285 26286 66487 26488 66689 26690 66891 26892 67093 27094 67295 27296 67497 27498 67699 27700 67901 27902 27903 27904 27905 27906 27907 27908 27909 27910 27911 27912 27913 27914 27915 27916 27917 27918 27919 27920 27921 27922 27923 68124 28125 68326 28327 68528 28529 68730 28731 68932 28933 69134 29135 69336 29337 69538 29539 69740 29741 69942 29943 70144 30145 70346 30347 70548 30549 70750 30751 70952 30953 71154 31155 71356 31357 71558 31559 71760 31761 71962 31963 72164 32165 72366 32367 72568 32569 72770 32771 72972 32973 73174 33175 73376 33377 73578 33579 73780 33781 
