graph_load_time: 5.08205
n_generated: 117039
n_expanded: 52964
n_domCheck: 510947
rt_initHeu: 4.46899
rt_search: 5.60429
N: 12
Label: 19805
[2620,15865,]
32406 32407 32408 32409 32410 32411 32412 32413 32414 32415 32416 32417 32418 32419 32420 32421 32422 32423 32424 32425 32426 32427 32428 32429 32430 32431 32432 32433 32434 32435 32436 32437 32438 32439 32440 32441 32442 32443 32444 32445 32446 32447 152248 32048 32049 32050 32051 32052 32053 32054 32055 32056 32057 32058 32059 32060 32061 32062 32063 32064 32065 32066 32067 32068 32069 32070 32071 32072 32073 32074 32075 32076 32077 32078 32079 32080 32081 151882 31682 151483 31283 151084 30884 150685 30485 150286 30086 149887 29687 149488 29288 149089 28889 148690 28490 148291 28091 147892 27692 147493 27293 147094 26894 146695 26495 146296 26096 145897 25697 145498 25298 145099 24899 144700 24500 144301 24101 143902 23702 143503 23303 143104 22904 142705 22505 142306 22106 141907 21707 141508 21308 141109 20909 140710 20510 140311 20111 139912 19712 139513 19313 139114 18914 138715 18515 138316 18116 137917 17717 137518 17318 137119 16919 136720 16520 136321 16121 135922 15722 135523 15323 135124 14924 134725 14525 134326 14126 133927 13727 133528 13328 133129 12929 132730 12530 12531 12532 12533 12534 12535 12536 12537 12538 12539 12540 12541 12542 12543 12544 12545 12546 12547 12548 12549 12550 12551 12552 12553 12554 12555 12556 12557 12558 12559 132360 12160 131961 11761 131562 11362 
Label: 82067
[2640,11334,]
32406 32407 32408 32409 32410 32411 32412 32413 32414 32415 32416 32417 32418 32419 32420 32421 32422 32423 32424 32425 32426 32427 32428 32429 32430 32431 32432 32433 32434 32435 32436 32437 32438 32439 32440 32441 32442 32443 32444 32445 32446 32447 152248 32048 32049 32050 32051 32052 32053 32054 32055 32056 32057 32058 32059 32060 32061 32062 32063 32064 32065 32066 32067 32068 32069 32070 32071 32072 32073 32074 32075 32076 32077 32078 32079 32080 32081 32082 151883 31683 151484 31284 151085 30885 150686 30486 150287 30087 149888 29688 149489 29289 149090 28890 148691 28491 148292 28092 147893 27693 147494 27294 147095 26895 146696 26496 146297 26097 145898 25698 145499 25299 145100 24900 144701 24501 144302 24102 143903 23703 143504 23304 143105 22905 142706 22506 142307 22107 141908 21708 141509 21309 141108 20908 140709 20509 140310 20110 139911 19711 139512 19312 139113 18913 138714 18514 138315 18115 137916 17716 137517 17317 137118 16918 136719 16519 136320 16120 135921 15721 135522 15322 135123 14923 134724 14524 134325 14125 133926 13726 133527 13327 133128 12928 132729 12529 12530 12531 12532 12533 12534 12535 12536 12537 12538 12539 12540 12541 12542 12543 12544 12545 12546 12547 12548 12549 12550 12551 12552 12553 12554 12555 12556 12557 12558 12559 132360 12160 131961 11761 131562 11362 
Label: 273622
[2820,2718,]
32406 32407 32408 32409 32410 32411 32412 32413 32414 32415 32416 32417 32418 32419 32420 32421 32422 32423 32424 32425 32426 32427 32428 32429 32430 32431 32432 32433 32434 32435 32436 32437 32438 32439 32440 32441 32442 32443 32444 32445 32446 32447 152248 112249 72250 32251 32252 32253 32254 32255 32256 32257 32258 32259 32260 32261 32262 32263 32264 32265 32266 32267 32268 32269 32270 32271 32272 32273 32274 32275 32276 32277 32278 32279 32280 32281 32282 152083 31883 31884 151685 31485 151286 111287 71288 31289 151090 30890 30891 150692 30492 30493 150294 30094 149895 29695 149496 29296 149097 28897 148698 28498 148299 28099 147900 27700 147501 27301 147102 26902 146701 26501 146302 26102 145901 25701 145502 25302 145103 24903 144702 24502 144303 24103 143904 23704 143505 23305 143104 22904 142705 22505 142306 22106 141907 21707 141508 21308 141109 20909 140708 20508 140307 20107 139906 19706 139507 19307 19306 139107 18907 138706 18506 138307 18107 137908 17708 17709 137510 17310 137111 16911 136712 16512 136313 16113 135914 15714 15715 135516 15316 135117 14917 134718 14518 134319 14119 133920 13720 133521 13321 133122 12922 12923 12924 12925 12926 12927 132728 12528 12529 12530 12531 12532 12533 12534 12535 12536 12537 12538 12539 12540 12541 12542 12543 12544 12545 12546 12547 12548 12549 12550 12551 12552 12553 12554 12555 12556 12557 12558 12559 132360 12160 131961 11761 131562 11362 
Label: 139786
[2660,8133,]
32406 32407 32408 32409 32410 32411 32412 32413 32414 32415 32416 32417 32418 32419 32420 32421 32422 32423 32424 32425 32426 32427 32428 32429 32430 32431 32432 32433 32434 32435 32436 32437 32438 32439 32440 32441 32442 32443 32444 32445 32446 32447 152248 32048 32049 32050 32051 32052 32053 32054 32055 32056 32057 32058 32059 32060 32061 32062 32063 32064 32065 32066 32067 32068 32069 32070 32071 32072 32073 32074 32075 32076 32077 32078 32079 32080 32081 32082 151883 31683 31684 151485 31285 151086 30886 150687 30487 150288 30088 149889 29689 149490 29290 149091 28891 148692 28492 148293 28093 147894 27694 147495 27295 147096 26896 146697 26497 146298 26098 145899 25699 145500 25300 145101 24901 144702 24502 144303 24103 143904 23704 143505 23305 143104 22904 142705 22505 142306 22106 141907 21707 141508 21308 141109 20909 140708 20508 140309 20109 139910 19710 139511 19311 139112 18912 138713 18513 138314 18114 137915 17715 137516 17316 137117 16917 136718 16518 136319 16119 135920 15720 135521 15321 135122 14922 134723 14523 134324 14124 133925 13725 133526 13326 133127 12927 132728 12528 12529 12530 12531 12532 12533 12534 12535 12536 12537 12538 12539 12540 12541 12542 12543 12544 12545 12546 12547 12548 12549 12550 12551 12552 12553 12554 12555 12556 12557 12558 12559 132360 12160 131961 11761 131562 11362 
Label: 182803
[2680,5926,]
32406 32407 32408 32409 32410 32411 32412 32413 32414 32415 32416 32417 32418 32419 32420 32421 32422 32423 32424 32425 32426 32427 32428 32429 32430 32431 32432 32433 32434 32435 32436 32437 32438 32439 32440 32441 32442 32443 32444 32445 32446 32447 152248 32048 32049 32050 32051 32052 32053 32054 32055 32056 32057 32058 32059 32060 32061 32062 32063 32064 32065 32066 32067 32068 32069 32070 32071 32072 32073 32074 32075 32076 32077 32078 32079 32080 32081 32082 151883 31683 31684 31685 151486 31286 151087 30887 150688 30488 150289 30089 149890 29690 149491 29291 149092 28892 148693 28493 148294 28094 147895 27695 147496 27296 147097 26897 146698 26498 146299 26099 145900 25700 145501 25301 145102 24902 144703 24503 144304 24104 143903 23703 143504 23304 143105 22905 142706 22506 142307 22107 141908 21708 141509 21309 141108 20908 140709 20509 140308 20108 139909 19709 139510 19310 139111 18911 138712 18512 138313 18113 137914 17714 137515 17315 137116 16916 136717 16517 136318 16118 135919 15719 135520 15320 135121 14921 134722 14522 134323 14123 133924 13724 133525 13325 133126 12926 12927 132728 12528 12529 12530 12531 12532 12533 12534 12535 12536 12537 12538 12539 12540 12541 12542 12543 12544 12545 12546 12547 12548 12549 12550 12551 12552 12553 12554 12555 12556 12557 12558 12559 132360 12160 131961 11761 131562 11362 
Label: 215422
[2700,4491,]
32406 32407 32408 32409 32410 32411 32412 32413 32414 32415 32416 32417 32418 32419 32420 32421 32422 32423 32424 32425 32426 32427 32428 32429 32430 32431 32432 32433 32434 32435 32436 32437 32438 32439 32440 32441 32442 32443 32444 32445 32446 32447 152248 32048 32049 32050 32051 32052 32053 32054 32055 32056 32057 32058 32059 32060 32061 32062 32063 32064 32065 32066 32067 32068 32069 32070 32071 32072 32073 32074 32075 32076 32077 32078 32079 32080 32081 32082 151883 31683 31684 31685 31686 151487 31287 151088 30888 150689 30489 150290 30090 149891 29691 149492 29292 149093 28893 148694 28494 148295 28095 147896 27696 147497 27297 147098 26898 146699 26499 146300 26100 145901 25701 145502 25302 145103 24903 144702 24502 144303 24103 143904 23704 143505 23305 143104 22904 142705 22505 142306 22106 141907 21707 141508 21308 141109 20909 140708 20508 140307 20107 139908 19708 139509 19309 139110 18910 138711 18511 138312 18112 137913 17713 137514 17314 137115 16915 136716 16516 136317 16117 135918 15718 135519 15319 135120 14920 134721 14521 134322 14122 133923 13723 133524 13324 133125 12925 12926 12927 132728 12528 12529 12530 12531 12532 12533 12534 12535 12536 12537 12538 12539 12540 12541 12542 12543 12544 12545 12546 12547 12548 12549 12550 12551 12552 12553 12554 12555 12556 12557 12558 12559 132360 12160 131961 11761 131562 11362 
Label: 236283
[2720,3575,]
32406 32407 32408 32409 32410 32411 32412 32413 32414 32415 32416 32417 32418 32419 32420 32421 32422 32423 32424 32425 32426 32427 32428 32429 32430 32431 32432 32433 32434 32435 32436 32437 32438 32439 32440 32441 32442 32443 32444 32445 32446 32447 152248 32048 32049 32050 32051 32052 32053 32054 32055 32056 32057 32058 32059 32060 32061 32062 32063 32064 32065 32066 32067 32068 32069 32070 32071 32072 32073 32074 32075 32076 32077 32078 32079 32080 32081 32082 151883 31683 31684 31685 31686 151487 31287 31288 151089 30889 150690 30490 150291 30091 149892 29692 149493 29293 149094 28894 148695 28495 148296 28096 147897 27697 147498 27298 147099 26899 146700 26500 146301 26101 145902 25702 145503 25303 145102 24902 144703 24503 144304 24104 143903 23703 143504 23304 143105 22905 142706 22506 142307 22107 141908 21708 141509 21309 141108 20908 140709 20509 140308 20108 139907 19707 139508 19308 139109 18909 138710 18510 138311 18111 137912 17712 137513 17313 137114 16914 136715 16515 136316 16116 135917 15717 135518 15318 135119 14919 134720 14520 134321 14121 133922 13722 133523 13323 133124 12924 12925 12926 12927 132728 12528 12529 12530 12531 12532 12533 12534 12535 12536 12537 12538 12539 12540 12541 12542 12543 12544 12545 12546 12547 12548 12549 12550 12551 12552 12553 12554 12555 12556 12557 12558 12559 132360 12160 131961 11761 131562 11362 
Label: 252138
[2740,3060,]
32406 32407 32408 32409 32410 32411 32412 32413 32414 32415 32416 32417 32418 32419 32420 32421 32422 32423 32424 32425 32426 32427 32428 32429 32430 32431 32432 32433 32434 32435 32436 32437 32438 32439 32440 32441 32442 32443 32444 32445 32446 32447 152248 32048 32049 32050 32051 32052 32053 32054 32055 32056 32057 32058 32059 32060 32061 32062 32063 32064 32065 32066 32067 32068 32069 32070 32071 32072 32073 32074 32075 32076 32077 32078 32079 32080 32081 32082 151883 31683 31684 31685 31686 151487 31287 31288 31289 151090 30890 150691 30491 150292 30092 149893 29693 149494 29294 149095 28895 148696 28496 148297 28097 147898 27698 147499 27299 147100 26900 146701 26501 146302 26102 145901 25701 145502 25302 145103 24903 144702 24502 144303 24103 143904 23704 143505 23305 143104 22904 142705 22505 142306 22106 141907 21707 141508 21308 141109 20909 140708 20508 140307 20107 139906 19706 139507 19307 139108 18908 138709 18509 138310 18110 137911 17711 137512 17312 137113 16913 136714 16514 136315 16115 135916 15716 135517 15317 135118 14918 134719 14519 134320 14120 133921 13721 133522 13322 133123 12923 12924 12925 12926 12927 132728 12528 12529 12530 12531 12532 12533 12534 12535 12536 12537 12538 12539 12540 12541 12542 12543 12544 12545 12546 12547 12548 12549 12550 12551 12552 12553 12554 12555 12556 12557 12558 12559 132360 12160 131961 11761 131562 11362 
Label: 267543
[2780,2737,]
32406 32407 32408 32409 32410 32411 32412 32413 32414 32415 32416 32417 32418 32419 32420 32421 32422 32423 32424 32425 32426 32427 32428 32429 32430 32431 32432 32433 32434 32435 32436 32437 32438 32439 32440 32441 32442 32443 32444 32445 32446 32447 152248 32048 32049 32050 32051 32052 32053 32054 32055 32056 32057 32058 32059 32060 32061 32062 32063 32064 32065 32066 32067 32068 32069 32070 32071 32072 32073 32074 32075 32076 32077 32078 32079 32080 32081 32082 151883 31683 31684 31685 31686 151487 31287 31288 31289 151090 30890 30891 150692 30492 30493 150294 30094 149895 29695 149496 29296 149097 28897 148698 28498 148299 28099 147900 27700 147501 27301 147102 26902 146701 26501 146302 26102 145901 25701 145502 25302 145103 24903 144702 24502 144303 24103 143904 23704 143505 23305 143104 22904 142705 22505 142306 22106 141907 21707 141508 21308 141109 20909 140708 20508 140307 20107 139906 19706 139507 19307 139106 18906 138707 18507 138308 18108 137909 17709 137510 17310 137111 16911 136712 16512 136313 16113 135914 15714 15715 135516 15316 135117 14917 134718 14518 134319 14119 133920 13720 133521 13321 133122 12922 12923 12924 12925 12926 12927 132728 12528 12529 12530 12531 12532 12533 12534 12535 12536 12537 12538 12539 12540 12541 12542 12543 12544 12545 12546 12547 12548 12549 12550 12551 12552 12553 12554 12555 12556 12557 12558 12559 132360 12160 131961 11761 131562 11362 
Label: 261686
[2760,2794,]
32406 32407 32408 32409 32410 32411 32412 32413 32414 32415 32416 32417 32418 32419 32420 32421 32422 32423 32424 32425 32426 32427 32428 32429 32430 32431 32432 32433 32434 32435 32436 32437 32438 32439 32440 32441 32442 32443 32444 32445 32446 32447 152248 32048 32049 32050 32051 32052 32053 32054 32055 32056 32057 32058 32059 32060 32061 32062 32063 32064 32065 32066 32067 32068 32069 32070 32071 32072 32073 32074 32075 32076 32077 32078 32079 32080 32081 32082 151883 31683 31684 31685 31686 151487 31287 31288 31289 151090 30890 30891 150692 30492 150293 30093 149894 29694 149495 29295 149096 28896 148697 28497 148298 28098 147899 27699 147500 27300 147101 26901 146702 26502 146301 26101 145902 25702 145503 25303 145102 24902 144703 24503 144304 24104 143903 23703 143504 23304 143105 22905 142706 22506 142307 22107 141908 21708 141509 21309 141108 20908 140709 20509 140308 20108 139907 19707 139506 19306 139107 18907 138708 18508 138309 18109 137910 17710 137511 17311 137112 16912 136713 16513 136314 16114 135915 15715 135516 15316 135117 14917 134718 14518 134319 14119 133920 13720 133521 13321 133122 12922 12923 12924 12925 12926 12927 132728 12528 12529 12530 12531 12532 12533 12534 12535 12536 12537 12538 12539 12540 12541 12542 12543 12544 12545 12546 12547 12548 12549 12550 12551 12552 12553 12554 12555 12556 12557 12558 12559 132360 12160 131961 11761 131562 11362 
Label: 270846
[2800,2721,]
32406 32407 32408 32409 32410 32411 32412 32413 32414 32415 32416 32417 32418 32419 32420 32421 32422 32423 32424 32425 32426 32427 32428 32429 32430 32431 32432 32433 32434 32435 32436 32437 32438 32439 32440 32441 32442 32443 32444 32445 32446 32447 152248 112249 72250 32251 32252 32253 32254 32255 32256 32257 32258 32259 32260 32261 32262 32263 32264 32265 32266 32267 32268 32269 32270 32271 32272 32273 32274 32275 32276 32277 32278 32279 32280 32281 32282 152083 31883 31884 151685 31485 151286 111287 71288 31289 151090 30890 30891 150692 30492 30493 150294 30094 149895 29695 149496 29296 149097 28897 148698 28498 148299 28099 147900 27700 147501 27301 147102 26902 146701 26501 146302 26102 145901 25701 145502 25302 145103 24903 144702 24502 144303 24103 143904 23704 143505 23305 143104 22904 142705 22505 142306 22106 141907 21707 141508 21308 141109 20909 140708 20508 140307 20107 139906 19706 139507 19307 139106 18906 138707 18507 138308 18108 137909 17709 137510 17310 137111 16911 136712 16512 136313 16113 135914 15714 15715 135516 15316 135117 14917 134718 14518 134319 14119 133920 13720 133521 13321 133122 12922 12923 12924 12925 12926 12927 132728 12528 12529 12530 12531 12532 12533 12534 12535 12536 12537 12538 12539 12540 12541 12542 12543 12544 12545 12546 12547 12548 12549 12550 12551 12552 12553 12554 12555 12556 12557 12558 12559 132360 12160 131961 11761 131562 11362 
Label: 279008
[2840,2716,]
32406 32407 32408 32409 32410 32411 32412 32413 32414 32415 32416 32417 32418 32419 32420 32421 32422 32423 32424 32425 32426 32427 32428 32429 32430 32431 32432 32433 32434 32435 32436 32437 32438 32439 32440 32441 32442 32443 32444 32445 32446 32447 152248 112249 72250 32251 32252 32253 32254 32255 32256 32257 32258 32259 32260 32261 32262 32263 32264 32265 32266 32267 32268 32269 32270 32271 32272 32273 32274 32275 32276 32277 32278 32279 32280 32281 32282 152083 31883 31884 151685 31485 151286 111287 71288 31289 151090 30890 30891 150692 30492 30493 150294 30094 149895 29695 149496 29296 149097 28897 148698 28498 148299 28099 147900 27700 147501 27301 147102 26902 146701 26501 146302 26102 145901 25701 145502 25302 145103 24903 144702 24502 144303 24103 143904 23704 143505 23305 143104 22904 142705 22505 142306 22106 141907 21707 141508 21308 141109 20909 140708 20508 140307 20107 139906 19706 139507 19307 139106 18906 138705 98706 138506 18306 138107 17907 17908 137709 17509 137310 17110 136911 16711 16712 136513 16313 136114 15914 135715 15515 135316 15116 134917 14717 134518 14318 14319 134120 13920 133721 13521 133322 13122 132923 92924 52925 12926 12927 132728 12528 12529 12530 12531 12532 12533 12534 12535 12536 12537 12538 12539 12540 12541 12542 12543 12544 12545 12546 12547 12548 12549 12550 12551 12552 12553 12554 12555 12556 12557 12558 12559 132360 12160 131961 11761 131562 11362 
