graph_load_time: 0.644207
n_generated: 22897
n_expanded: 11735
n_domCheck: 76070
rt_initHeu: 0.63516
rt_search: 1.02327
N: 12
Label: 12816
[218,84650,]
32543 32343 32143 31943 31743 31543 31343 31143 30943 30942 30742 30741 30541 30540 30340 30339 30139 29939 29739 29738 29538 29338 29138 28938 28738 28538 28338 28138 28137 27937 27936 27935 27934 27933 27733 27732 27731 27730 27729 27529 27528 27527 27526 27525 27524 27523 27522 27521 27520 27320 27120 26920 26720 26520 26320 26120 25920 25720 25520 25320 25319 25119 25118 24918 24917 24717 24716 24516 24515 24315 24314 24114 23914 23913 23713 23513 23512 23312 23112 22912 22712 22512 22511 22311 22310 22110 22109 21909 21709 21708 21508 21507 21307 21306 21106 21105 20905 20904 20704 20703 20503 20303 20103 19903 19703 19503 19303 19103 18903 18703 18503 18502 18302 18102 18101 17901 17701 17700 17699 17698 17697 17696 17695 17694 17693 17692 17691 17690 17689 17688 17687 17686 17685 17684 17683 17682 17681 17680 17679 17678 17677 17676 17675 17674 17673 17672 17671 17471 17271 17071 16871 16671 16471 16271 16071 15871 15671 15471 15271 15071 14871 14671 14471 14271 14071 13871 13671 13471 13271 13071 13070 12870 12869 12669 12668 12468 12467 12466 12266 12265 12264 12263 12262 12062 11862 11662 11462 11262 11062 10862 10662 10462 10262 10062 9862 9662 9462 9262 9062 8862 8662 8462 8262 8062 7862 7662 7462 7262 7062 6862 6662 6462 6262 6062 5862 5662 5462 5262 5062 
Label: 25652
[220,71703,]
32543 32343 32143 31943 31743 31543 31343 31143 30943 30942 30742 30741 30541 30540 30340 30339 30139 29939 29739 29738 29538 29338 29138 28938 28738 28538 28338 28138 28137 27937 27936 27935 27934 27933 27733 27732 27731 27730 27729 27529 27528 27527 27526 27525 27524 27523 27522 27521 27520 27320 27120 26920 26720 26520 26320 26120 25920 25720 25520 25320 25319 25119 25118 24918 24917 24717 24716 24516 24515 24315 24314 24114 23914 23913 23713 23513 23512 23312 23112 22912 22712 22512 22511 22311 22310 22110 22109 21909 21709 21708 21508 21507 21307 21306 21106 21105 20905 20904 20704 20703 20503 20303 20103 19903 19703 19503 19303 19103 18903 18703 18503 18502 18302 18102 18101 17901 17701 17700 17699 17698 17697 17696 17695 17694 17693 17692 17691 17690 17689 17688 17687 17686 17685 17684 17683 17682 17681 17680 17679 17678 17677 17676 17675 17674 17673 17672 17671 17471 17271 17071 16871 16671 16471 16271 16071 15871 15671 15471 15271 15071 15072 14872 14672 14472 14272 14072 13872 13672 13472 13272 13271 13071 13070 12870 12869 12669 12668 12468 12467 12466 12266 12265 12264 12263 12262 12062 11862 11662 11462 11262 11062 10862 10662 10462 10262 10062 9862 9662 9462 9262 9062 8862 8662 8462 8262 8062 7862 7662 7462 7262 7062 6862 6662 6462 6262 6062 5862 5662 5462 5262 5062 
Label: 33112
[222,50870,]
32543 32343 32143 31943 31743 31543 31343 31143 30943 30942 30742 30741 30541 30540 30340 30339 30139 29939 29739 29738 29538 29338 29138 28938 28738 28538 28338 28138 28137 27937 27936 27935 27934 27933 27733 27732 27731 27730 27729 27529 27528 27527 27526 27525 27524 27523 27522 27521 27520 27320 27120 26920 26720 26520 26320 26120 25920 25720 25520 25320 25319 25119 25118 24918 24917 24717 24716 24516 24515 24315 24314 24114 23914 23913 23713 23513 23512 23312 23112 22912 22712 22512 22511 22311 22310 22110 22109 21909 21709 21708 21508 21507 21307 21306 21106 21105 20905 20904 20704 20703 20503 20303 20103 19903 19703 19503 19303 19103 18903 18703 18503 18502 18302 18102 18101 17901 17701 17700 17699 17698 17697 17696 17695 17694 17693 17692 17691 17690 17689 17688 17687 17686 17685 17684 17683 17682 17681 17680 17679 17678 17677 17676 17675 17674 17673 17672 17671 17471 17470 17270 17070 17069 16869 16868 16668 16468 16467 16267 16266 16265 16264 16064 16063 16062 16061 15861 15860 15660 15460 15260 15060 14860 14660 14460 14260 14060 13860 13660 13460 13260 13060 12860 12660 12460 12461 12261 12262 12062 11862 11662 11462 11262 11062 10862 10662 10462 10262 10062 9862 9662 9462 9262 9062 8862 8662 8462 8262 8062 7862 7662 7462 7262 7062 6862 6662 6462 6262 6062 5862 5662 5462 5262 5062 
Label: 37076
[224,32608,]
32543 32343 32143 31943 31743 31543 31343 31143 30943 30942 30742 30741 30541 30540 30340 30339 30139 29939 29739 29738 29538 29338 29138 28938 28738 28538 28338 28138 28137 27937 27936 27935 27934 27933 27733 27732 27731 27730 27729 27529 27528 27527 27526 27525 27524 27523 27522 27521 27520 27320 27120 26920 26720 26520 26320 26120 25920 25720 25520 25320 25319 25119 25118 24918 24917 24717 24716 24516 24515 24315 24314 24114 23914 23913 23713 23513 23512 23312 23112 22912 22712 22512 22511 22311 22310 22110 22109 21909 21709 21708 21508 21507 21307 21306 21106 21105 20905 20904 20704 20703 20503 20303 20103 19903 19703 19503 19303 19103 18903 18703 18503 18502 18302 18102 18101 17901 17701 17700 17699 17698 17697 17696 17695 17694 17693 17692 17691 17690 17689 17688 17687 17686 17685 17684 17683 17682 17681 17680 17679 17678 17677 17676 17675 17674 17673 17672 17671 17471 17470 17270 17070 17069 16869 16868 16668 16468 16467 16267 16266 16265 16264 16064 16063 16062 16061 15861 15860 15859 15659 15459 15259 15059 14859 14659 14459 14259 14059 13859 13659 13459 13259 13059 12859 12860 12660 12460 12461 12261 12262 12062 11862 11662 11462 11262 11062 10862 10662 10462 10262 10062 9862 9662 9462 9262 9062 8862 8662 8462 8262 8062 7862 7662 7462 7262 7062 6862 6662 6462 6262 6062 5862 5662 5462 5262 5062 
Label: 44590
[232,26036,]
32543 32343 32143 31943 31743 31543 31343 31143 30943 30942 30742 30741 30541 30540 30340 30339 30139 29939 29739 29738 29538 29338 29138 28938 28738 28538 28338 28138 28137 27937 27936 27935 27934 27933 27733 27732 27731 27730 27729 27529 27528 27527 27526 27525 27524 27523 27522 27521 27520 27320 27120 26920 26720 26520 26320 26120 25920 25720 25520 25320 25319 25119 25118 24918 24917 24717 24716 24516 24515 24315 24314 24114 23914 23913 23713 23513 23512 23312 23112 22912 22712 22512 22511 22311 22310 22110 22109 21909 21709 21708 21508 21507 21307 21306 21106 21105 20905 20904 20704 20703 20503 20303 20103 19903 19703 19503 19303 19103 18903 18703 18503 18502 18302 18102 18101 17901 17701 17700 17500 17499 17498 17497 17496 17495 17494 17493 17492 17491 17490 17489 17488 17487 17486 17485 17685 17684 17683 17883 17882 17881 17880 17879 17878 17877 17876 17875 17874 17873 17872 17672 17671 17471 17470 17270 17070 17069 16869 16868 16668 16468 16467 16267 16266 16265 16264 16064 16063 16062 16061 15861 15860 15859 15659 15459 15458 15258 15058 14858 14658 14458 14258 14058 13858 13658 13458 13258 13058 13059 12859 12860 12660 12460 12461 12261 12262 12062 11862 11662 11462 11262 11062 10862 10662 10462 10262 10062 9862 9662 9462 9262 9062 8862 8662 8462 8262 8062 7862 7662 7462 7262 7062 6862 6662 6462 6262 6263 6063 5863 5663 5463 5263 5063 5062 
Label: 46878
[238,25125,]
32543 32343 32344 32144 31944 31744 31544 31344 31144 31143 30943 30942 30742 30741 30541 30540 30340 30339 30139 29939 29739 29738 29538 29338 29138 28938 28738 28538 28338 28138 28137 27937 27936 27935 27934 27933 27733 27732 27731 27730 27729 27529 27528 27527 27526 27525 27524 27523 27522 27521 27520 27320 27120 26920 26720 26520 26320 26120 25920 25720 25520 25320 25319 25119 25118 24918 24917 24717 24716 24516 24515 24315 24314 24114 23914 23913 23713 23513 23512 23312 23112 22912 22712 22512 22511 22311 22310 22110 22109 21909 21709 21708 21508 21507 21307 21306 21106 21105 20905 20904 20704 20703 20503 20303 20103 19903 19703 19503 19303 19103 18903 18703 18503 18502 18302 18102 18101 17901 17701 17700 17500 17499 17498 17497 17496 17495 17494 17493 17492 17491 17490 17489 17488 17487 17486 17485 17685 17684 17683 17883 17882 18082 18081 18080 18079 18078 18077 18076 18075 18074 18073 17873 17872 17672 17671 17471 17470 17270 17070 17069 16869 16868 16668 16468 16467 16267 16266 16265 16264 16064 16063 16062 16061 15861 15860 15859 15659 15459 15458 15258 15058 14858 14658 14657 14457 14257 14057 13857 13657 13457 13257 13258 13058 13059 12859 12860 12660 12460 12461 12261 12262 12062 11862 11662 11462 11262 11062 10862 10662 10462 10262 10062 9862 9662 9462 9262 9062 8862 8662 8462 8262 8062 7862 7662 7462 7262 7062 6862 6662 6462 6262 6263 6063 5863 5663 5463 5263 5063 5062 
Label: 39736
[226,27915,]
32543 32343 32143 31943 31743 31543 31343 31143 30943 30942 30742 30741 30541 30540 30340 30339 30139 29939 29739 29738 29538 29338 29138 28938 28738 28538 28338 28138 28137 27937 27936 27935 27934 27933 27733 27732 27731 27730 27729 27529 27528 27527 27526 27525 27524 27523 27522 27521 27520 27320 27120 26920 26720 26520 26320 26120 25920 25720 25520 25320 25319 25119 25118 24918 24917 24717 24716 24516 24515 24315 24314 24114 23914 23913 23713 23513 23512 23312 23112 22912 22712 22512 22511 22311 22310 22110 22109 21909 21709 21708 21508 21507 21307 21306 21106 21105 20905 20904 20704 20703 20503 20303 20103 19903 19703 19503 19303 19103 18903 18703 18503 18502 18302 18102 18101 17901 17701 17700 17699 17698 17697 17696 17695 17694 17693 17692 17691 17690 17689 17688 17687 17686 17685 17684 17683 17682 17681 17680 17679 17678 17677 17676 17675 17674 17673 17672 17671 17471 17470 17270 17070 17069 16869 16868 16668 16468 16467 16267 16266 16265 16264 16064 16063 16062 16061 15861 15860 15859 15659 15459 15458 15258 15058 14858 14658 14458 14258 14058 13858 13658 13458 13258 13058 13059 12859 12860 12660 12460 12461 12261 12262 12062 11862 11662 11462 11262 11062 10862 10662 10462 10262 10062 9862 9662 9462 9262 9062 8862 8662 8462 8262 8062 7862 7662 7462 7262 7062 6862 6662 6462 6262 6062 5862 5662 5462 5262 5062 
Label: 46470
[236,25331,]
32543 32343 32344 32144 31944 31744 31544 31344 31144 31143 30943 30942 30742 30741 30541 30540 30340 30339 30139 29939 29739 29738 29538 29338 29138 28938 28738 28538 28338 28138 28137 27937 27936 27935 27934 27933 27733 27732 27731 27730 27729 27529 27528 27527 27526 27525 27524 27523 27522 27521 27520 27320 27120 26920 26720 26520 26320 26120 25920 25720 25520 25320 25319 25119 25118 24918 24917 24717 24716 24516 24515 24315 24314 24114 23914 23913 23713 23513 23512 23312 23112 22912 22712 22512 22511 22311 22310 22110 22109 21909 21709 21708 21508 21507 21307 21306 21106 21105 20905 20904 20704 20703 20503 20303 20103 19903 19703 19503 19303 19103 18903 18703 18503 18502 18302 18102 18101 17901 17701 17700 17500 17499 17498 17497 17496 17495 17494 17493 17492 17491 17490 17489 17488 17487 17486 17485 17685 17684 17683 17883 17882 17881 17880 17879 17878 17877 17876 17875 17874 17873 17872 17672 17671 17471 17470 17270 17070 17069 16869 16868 16668 16468 16467 16267 16266 16265 16264 16064 16063 16062 16061 15861 15860 15859 15659 15459 15458 15258 15058 14858 14658 14657 14457 14257 14057 13857 13657 13457 13257 13258 13058 13059 12859 12860 12660 12460 12461 12261 12262 12062 11862 11662 11462 11262 11062 10862 10662 10462 10262 10062 9862 9662 9462 9262 9062 8862 8662 8462 8262 8062 7862 7662 7462 7262 7062 6862 6662 6462 6262 6263 6063 5863 5663 5463 5263 5063 5062 
Label: 41596
[228,26965,]
32543 32343 32143 31943 31743 31543 31343 31143 30943 30942 30742 30741 30541 30540 30340 30339 30139 29939 29739 29738 29538 29338 29138 28938 28738 28538 28338 28138 28137 27937 27936 27935 27934 27933 27733 27732 27731 27730 27729 27529 27528 27527 27526 27525 27524 27523 27522 27521 27520 27320 27120 26920 26720 26520 26320 26120 25920 25720 25520 25320 25319 25119 25118 24918 24917 24717 24716 24516 24515 24315 24314 24114 23914 23913 23713 23513 23512 23312 23112 22912 22712 22512 22511 22311 22310 22110 22109 21909 21709 21708 21508 21507 21307 21306 21106 21105 20905 20904 20704 20703 20503 20303 20103 19903 19703 19503 19303 19103 18903 18703 18503 18502 18302 18102 18101 17901 17701 17700 17699 17698 17697 17696 17695 17694 17693 17692 17691 17690 17689 17688 17687 17686 17685 17684 17683 17883 17882 17881 17880 17879 17878 17877 17876 17875 17874 17873 17872 17672 17671 17471 17470 17270 17070 17069 16869 16868 16668 16468 16467 16267 16266 16265 16264 16064 16063 16062 16061 15861 15860 15859 15659 15459 15458 15258 15058 14858 14658 14458 14258 14058 13858 13658 13458 13258 13058 13059 12859 12860 12660 12460 12461 12261 12262 12062 11862 11662 11462 11262 11062 10862 10662 10462 10262 10062 9862 9662 9462 9262 9062 8862 8662 8462 8262 8062 7862 7662 7462 7262 7062 6862 6662 6462 6262 6062 5862 5662 5462 5262 5062 
Label: 43206
[230,26460,]
32543 32343 32143 31943 31743 31543 31343 31143 30943 30942 30742 30741 30541 30540 30340 30339 30139 29939 29739 29738 29538 29338 29138 28938 28738 28538 28338 28138 28137 27937 27936 27935 27934 27933 27733 27732 27731 27730 27729 27529 27528 27527 27526 27525 27524 27523 27522 27521 27520 27320 27120 26920 26720 26520 26320 26120 25920 25720 25520 25320 25319 25119 25118 24918 24917 24717 24716 24516 24515 24315 24314 24114 23914 23913 23713 23513 23512 23312 23112 22912 22712 22512 22511 22311 22310 22110 22109 21909 21709 21708 21508 21507 21307 21306 21106 21105 20905 20904 20704 20703 20503 20303 20103 19903 19703 19503 19303 19103 18903 18703 18503 18502 18302 18102 18101 17901 17701 17700 17699 17698 17697 17696 17695 17694 17693 17692 17691 17690 17689 17688 17687 17686 17685 17684 17683 17883 17882 17881 17880 17879 17878 17877 17876 17875 17874 17873 17872 17672 17671 17471 17470 17270 17070 17069 16869 16868 16668 16468 16467 16267 16266 16265 16264 16064 16063 16062 16061 15861 15860 15859 15659 15459 15458 15258 15058 14858 14658 14458 14258 14058 13858 13658 13458 13258 13058 13059 12859 12860 12660 12460 12461 12261 12262 12062 11862 11662 11462 11262 11062 10862 10662 10462 10262 10062 9862 9662 9462 9262 9062 8862 8662 8462 8262 8062 7862 7662 7462 7262 7062 6862 6662 6462 6262 6263 6063 5863 5663 5463 5263 5063 5062 
Label: 45614
[234,25676,]
32543 32343 32143 31943 31743 31543 31343 31143 30943 30942 30742 30741 30541 30540 30340 30339 30139 29939 29739 29738 29538 29338 29138 28938 28738 28538 28338 28138 28137 27937 27936 27935 27934 27933 27733 27732 27731 27730 27729 27529 27528 27527 27526 27525 27524 27523 27522 27521 27520 27320 27120 26920 26720 26520 26320 26120 25920 25720 25520 25320 25319 25119 25118 24918 24917 24717 24716 24516 24515 24315 24314 24114 23914 23913 23713 23513 23512 23312 23112 22912 22712 22512 22511 22311 22310 22110 22109 21909 21709 21708 21508 21507 21307 21306 21106 21105 20905 20904 20704 20703 20503 20303 20103 19903 19703 19503 19303 19103 18903 18703 18503 18502 18302 18102 18101 17901 17701 17700 17500 17499 17498 17497 17496 17495 17494 17493 17492 17491 17490 17489 17488 17487 17486 17485 17685 17684 17683 17883 17882 17881 17880 17879 17878 17877 17876 17875 17874 17873 17872 17672 17671 17471 17470 17270 17070 17069 16869 16868 16668 16468 16467 16267 16266 16265 16264 16064 16063 16062 16061 15861 15860 15859 15659 15459 15458 15258 15058 14858 14658 14657 14457 14257 14057 13857 13657 13457 13257 13258 13058 13059 12859 12860 12660 12460 12461 12261 12262 12062 11862 11662 11462 11262 11062 10862 10662 10462 10262 10062 9862 9662 9462 9262 9062 8862 8662 8462 8262 8062 7862 7662 7462 7262 7062 6862 6662 6462 6262 6263 6063 5863 5663 5463 5263 5063 5062 
Label: 46934
[240,24977,]
32543 32343 32344 32144 31944 31744 31544 31344 31144 31143 30943 30942 30742 30741 30541 30540 30340 30339 30139 29939 29739 29738 29538 29338 29138 28938 28738 28538 28338 28138 28137 27937 27936 27935 27934 27933 27733 27732 27731 27730 27729 27529 27528 27527 27526 27525 27524 27523 27522 27521 27520 27320 27120 26920 26720 26520 26320 26120 25920 25720 25520 25320 25319 25119 25118 24918 24917 24717 24716 24516 24515 24315 24314 24114 23914 23913 23713 23513 23512 23312 23112 22912 22712 22512 22511 22311 22310 22110 22109 21909 21709 21708 21508 21507 21307 21306 21106 21105 20905 20904 20704 20703 20503 20303 20103 19903 19703 19503 19303 19103 18903 18703 18503 18502 18302 18102 18101 17901 17701 17700 17500 17499 17498 17497 17496 17495 17494 17493 17492 17491 17490 17489 17488 17487 17486 17485 17685 17684 17683 17883 17882 18082 18081 18080 18079 18078 18077 18076 18075 18074 18073 17873 17872 17672 17671 17471 17470 17270 17070 17069 16869 16868 16668 16468 16467 16267 16266 16265 16264 16064 16063 16062 16061 15861 15860 15859 15659 15459 15458 15258 15058 14858 14658 14657 14457 14257 14057 13857 13657 13457 13257 13258 13058 13059 12859 12860 12660 12460 12461 12261 12262 12062 11862 11662 11462 11262 11062 10862 10662 10462 10262 10062 9862 9662 9462 9262 9062 8862 8662 8462 8262 8062 7862 7662 7462 7262 7062 6862 6662 6462 6262 6263 6063 6064 5864 5664 5464 5264 5064 5063 5062 
