graph_load_time: 0.319421
n_generated: 116878
n_expanded: 63846
n_domCheck: 466191
rt_initHeu: 0.309389
rt_search: 1.96205
N: 48
Label: 204208
[254,2511034,]
1218 1217 1216 1215 1214 1213 1212 1211 1210 1209 1208 1207 1206 1205 1204 1203 1202 1201 1200 1400 1600 1800 2000 2200 2400 2600 2800 3000 3200 3400 3600 3800 4000 4200 4400 4600 4800 5000 5200 5400 5600 5800 6000 6200 6400 6600 6800 7000 7200 7400 7600 7800 8000 8200 8400 8600 8800 9000 9200 9400 9600 9800 10000 10200 10400 10600 10800 11000 11200 11400 11600 11800 12000 12200 12400 12600 12800 13000 13200 13400 13600 13800 14000 14200 14400 14600 14800 15000 15200 15400 15600 15800 16000 16200 16400 16600 16800 17000 17200 17400 17600 17800 18000 18200 18400 18600 18800 19000 19200 19400 19600 19800 20000 20001 20002 20003 20004 20005 20006 20007 20008 20009 20010 20011 20012 20013 20014 20015 19815 19816 19817 19617 19618 19619 19620 19621 19622 19623 19624 19625 19626 19627 19628 19629 19630 19631 19632 19633 19634 19635 19636 19637 19638 19639 19640 19641 19642 19643 19443 19444 19244 19245 19246 19046 19047 18847 18848 18849 18850 18851 18852 18853 18854 18855 18856 18857 18858 18859 18860 18861 18862 18863 18864 18865 18866 18867 19067 19068 19268 19468 19668 19669 19869 20069 20070 20270 20470 20471 20671 20871 20872 21072 21073 21273 21473 21673 21873 22073 22273 22473 22673 22873 23073 23273 23473 23673 23873 24073 24273 24473 24673 24873 25073 25273 25274 25275 25475 25476 25477 25677 25678 25878 26078 26278 26478 26678 26878 27078 27278 27478 27479 27480 27481 27482 27483 27484 27485 27486 27487 27488 27489 27490 27491 27492 27493 
Label: 96061
[228,3724910,]
1218 1018 818 618 418 218 18 19 20 21 22 23 24 25 26 27 28 29 30 31 32 33 34 35 36 37 38 39 40 41 42 43 44 45 46 47 48 49 50 51 251 451 452 652 852 853 1053 1253 1254 1255 1455 1456 1656 1657 1658 1659 1660 1860 1861 1862 2062 2063 2064 2264 2265 2266 2466 2467 2468 2668 2669 2869 2870 3070 3071 3271 3272 3472 3473 3673 3873 3874 4074 4274 4275 4475 4675 4875 4876 5076 5276 5476 5676 5876 6076 6276 6476 6676 6876 7076 7276 7476 7676 7876 8076 8276 8476 8676 8876 9076 9276 9476 9676 9876 10076 10276 10476 10676 10876 11076 11276 11476 11676 11675 11875 12075 12275 12274 12474 12674 12673 12873 12872 13072 13071 13271 13471 13671 13871 14071 14271 14471 14671 14871 15071 15271 15471 15671 15871 16071 16271 16471 16671 16871 17071 17271 17471 17671 17871 18071 18271 18471 18671 18871 19071 19271 19471 19671 19871 20071 20271 20471 20671 20871 20872 21072 21073 21273 21473 21673 21873 22073 22273 22473 22673 22873 23073 23273 23473 23673 23873 24073 24273 24473 24673 24873 25073 25273 25274 25275 25475 25476 25477 25677 25678 25878 26078 26278 26478 26678 26878 27078 27278 27478 27479 27480 27481 27482 27483 27484 27485 27486 27487 27488 27489 27490 27491 27492 27493 
Label: 233708
[266,2472369,]
1218 1018 1017 1016 1015 1014 1013 1012 1011 1010 1009 1008 1007 1006 1005 1004 1003 1002 1001 1000 1200 1400 1600 1800 2000 2200 2400 2600 2800 3000 3200 3400 3600 3800 4000 4200 4400 4600 4800 5000 5200 5400 5600 5800 6000 6200 6400 6600 6800 7000 7200 7400 7600 7800 8000 8200 8400 8600 8800 9000 9200 9400 9600 9800 10000 10200 10400 10600 10800 11000 11200 11400 11600 11800 12000 12200 12400 12600 12800 13000 13200 13400 13600 13800 14000 14200 14400 14600 14800 15000 15200 15400 15600 15800 16000 16200 16400 16600 16800 17000 17200 17400 17600 17800 18000 18200 18400 18600 18800 19000 19200 19400 19600 19800 20000 20200 20400 20600 20601 20602 20603 20604 20605 20606 20607 20608 20609 20610 20410 20411 20412 20212 20213 20013 20014 20015 19815 19816 19817 19617 19618 19619 19620 19621 19622 19623 19624 19625 19626 19627 19628 19629 19630 19631 19632 19633 19634 19635 19636 19637 19638 19639 19640 19641 19642 19643 19443 19444 19244 19245 19246 19046 19047 18847 18848 18849 18649 18650 18450 18451 18452 18453 18454 18455 18456 18457 18458 18459 18460 18461 18462 18463 18464 18465 18466 18666 18667 18867 19067 19068 19268 19468 19668 19669 19869 20069 20070 20270 20470 20471 20671 20871 20872 21072 21073 21273 21473 21673 21873 22073 22273 22473 22673 22873 23073 23273 23473 23673 23873 24073 24273 24473 24673 24873 25073 25273 25274 25275 25475 25476 25477 25677 25678 25878 26078 26278 26478 26678 26878 27078 27278 27478 27479 27480 27481 27482 27483 27484 27485 27486 27487 27488 27489 27490 27491 27492 27493 
Label: 189042
[250,2553339,]
1218 1217 1216 1215 1214 1213 1212 1211 1210 1209 1208 1207 1206 1205 1204 1203 1202 1201 1200 1400 1600 1800 2000 2200 2400 2600 2800 3000 3200 3400 3600 3800 4000 4200 4400 4600 4800 5000 5200 5400 5600 5800 6000 6200 6400 6600 6800 7000 7200 7400 7600 7800 8000 8200 8400 8600 8800 9000 9200 9400 9600 9800 10000 10200 10400 10600 10800 11000 11200 11400 11600 11800 12000 12200 12400 12600 12800 13000 13200 13400 13600 13800 14000 14200 14400 14600 14800 15000 15200 15400 15600 15800 16000 16200 16400 16600 16800 17000 17200 17400 17600 17800 18000 18200 18400 18600 18800 19000 19200 19400 19600 19800 19801 19802 19803 19804 19805 19806 19807 19808 19809 19810 19811 19812 19813 19814 19815 19816 19817 19617 19618 19619 19620 19621 19622 19623 19624 19625 19626 19627 19628 19629 19630 19631 19632 19633 19634 19635 19636 19637 19638 19639 19640 19641 19642 19643 19443 19444 19244 19245 19246 19046 19047 19048 19049 19050 19051 19052 19053 19054 19055 19056 19057 19058 19059 19060 19061 19062 19063 19064 19065 19066 19067 19068 19268 19468 19668 19669 19869 20069 20070 20270 20470 20471 20671 20871 20872 21072 21073 21273 21473 21673 21873 22073 22273 22473 22673 22873 23073 23273 23473 23673 23873 24073 24273 24473 24673 24873 25073 25273 25274 25275 25475 25476 25477 25677 25678 25878 26078 26278 26478 26678 26878 27078 27278 27478 27479 27480 27481 27482 27483 27484 27485 27486 27487 27488 27489 27490 27491 27492 27493 
Label: 218772
[260,2480736,]
1218 1217 1216 1215 1214 1213 1212 1211 1210 1209 1208 1207 1206 1205 1204 1203 1202 1201 1200 1400 1600 1800 2000 2200 2400 2600 2800 3000 3200 3400 3600 3800 4000 4200 4400 4600 4800 5000 5200 5400 5600 5800 6000 6200 6400 6600 6800 7000 7200 7400 7600 7800 8000 8200 8400 8600 8800 9000 9200 9400 9600 9800 10000 10200 10400 10600 10800 11000 11200 11400 11600 11800 12000 12200 12400 12600 12800 13000 13200 13400 13600 13800 14000 14200 14400 14600 14800 15000 15200 15400 15600 15800 16000 16200 16400 16600 16800 17000 17200 17400 17600 17800 18000 18200 18400 18600 18800 19000 19200 19400 19600 19800 20000 20200 20400 20401 20402 20403 20404 20405 20406 20407 20408 20409 20410 20411 20412 20212 20213 20013 20014 20015 19815 19816 19817 19617 19618 19619 19620 19621 19622 19623 19624 19625 19626 19627 19628 19629 19630 19631 19632 19633 19634 19635 19636 19637 19638 19639 19640 19641 19642 19643 19443 19444 19244 19245 19246 19046 19047 18847 18848 18849 18649 18650 18651 18652 18653 18654 18655 18656 18657 18658 18659 18660 18661 18662 18663 18664 18665 18666 18667 18867 19067 19068 19268 19468 19668 19669 19869 20069 20070 20270 20470 20471 20671 20871 20872 21072 21073 21273 21473 21673 21873 22073 22273 22473 22673 22873 23073 23273 23473 23673 23873 24073 24273 24473 24673 24873 25073 25273 25274 25275 25475 25476 25477 25677 25678 25878 26078 26278 26478 26678 26878 27078 27278 27478 27479 27480 27481 27482 27483 27484 27485 27486 27487 27488 27489 27490 27491 27492 27493 
Label: 181188
[248,2583725,]
1218 1217 1216 1215 1214 1213 1212 1211 1210 1209 1208 1207 1206 1205 1204 1203 1202 1201 1200 1400 1600 1800 2000 2200 2400 2600 2800 3000 3200 3400 3600 3800 4000 4200 4400 4600 4800 5000 5200 5400 5600 5800 6000 6200 6400 6600 6800 7000 7200 7400 7600 7800 8000 8200 8400 8600 8800 9000 9200 9400 9600 9800 10000 10200 10400 10600 10800 11000 11200 11400 11600 11800 12000 12200 12400 12600 12800 13000 13200 13400 13600 13800 14000 14200 14400 14600 14800 15000 15200 15400 15600 15800 16000 16200 16400 16600 16800 17000 17200 17400 17600 17800 18000 18200 18400 18600 18800 19000 19200 19400 19600 19800 19801 19802 19803 19804 19805 19806 19807 19808 19809 19810 19811 19812 19813 19814 19815 19816 19817 19617 19618 19619 19620 19621 19622 19623 19624 19625 19626 19627 19628 19629 19630 19631 19632 19633 19634 19635 19636 19637 19638 19639 19640 19641 19642 19643 19443 19444 19244 19245 19246 19247 19248 19249 19250 19251 19252 19253 19254 19255 19256 19257 19258 19259 19260 19261 19262 19263 19264 19265 19266 19267 19268 19468 19668 19669 19869 20069 20070 20270 20470 20471 20671 20871 20872 21072 21073 21273 21473 21673 21873 22073 22273 22473 22673 22873 23073 23273 23473 23673 23873 24073 24273 24473 24673 24873 25073 25273 25274 25275 25475 25476 25477 25677 25678 25878 26078 26278 26478 26678 26878 27078 27278 27478 27479 27480 27481 27482 27483 27484 27485 27486 27487 27488 27489 27490 27491 27492 27493 
Label: 155818
[242,2720231,]
1218 1217 1216 1215 1214 1213 1212 1211 1210 1209 1208 1207 1206 1205 1204 1203 1202 1201 1200 1400 1600 1800 2000 2200 2400 2600 2800 3000 3200 3400 3600 3800 4000 4200 4400 4600 4800 5000 5200 5400 5600 5800 6000 6200 6400 6600 6800 7000 7200 7400 7600 7800 8000 8200 8400 8600 8800 9000 9200 9400 9600 9800 10000 10200 10400 10600 10800 11000 11200 11400 11600 11800 12000 12200 12400 12600 12800 13000 13200 13400 13600 13800 14000 14200 14400 14600 14800 15000 15200 15400 15600 15800 16000 16200 16400 16600 16800 17000 17200 17400 17600 17800 18000 18200 18400 18600 18800 19000 19200 19400 19600 19601 19602 19603 19604 19605 19606 19607 19608 19609 19610 19611 19612 19613 19614 19615 19616 19617 19618 19619 19620 19621 19622 19623 19624 19625 19626 19627 19628 19629 19630 19631 19632 19633 19634 19635 19636 19637 19638 19639 19640 19641 19642 19643 19644 19645 19646 19647 19648 19649 19650 19651 19652 19653 19654 19655 19656 19657 19658 19659 19660 19661 19662 19663 19664 19665 19666 19667 19668 19669 19869 20069 20070 20270 20470 20471 20671 20871 20872 21072 21073 21273 21473 21673 21873 22073 22273 22473 22673 22873 23073 23273 23473 23673 23873 24073 24273 24473 24673 24873 25073 25273 25274 25275 25475 25476 25477 25677 25678 25878 26078 26278 26478 26678 26878 27078 27278 27478 27479 27480 27481 27482 27483 27484 27485 27486 27487 27488 27489 27490 27491 27492 27493 
Label: 246855
[274,2422713,]
1218 1217 1216 1215 1214 1213 1212 1211 1210 1209 1208 1207 1206 1205 1204 1203 1202 1201 1200 1400 1600 1800 2000 2200 2400 2600 2800 3000 3200 3400 3600 3800 4000 4200 4400 4600 4800 5000 5200 5400 5600 5800 6000 6200 6400 6600 6800 7000 7200 7400 7600 7800 8000 8200 8400 8600 8800 9000 9200 9400 9600 9800 10000 10200 10400 10600 10800 11000 11200 11400 11600 11800 12000 12200 12400 12600 12800 13000 13200 13400 13600 13800 14000 14200 14400 14600 14800 15000 15200 15400 15600 15800 16000 16200 16400 16600 16800 17000 17200 17400 17600 17800 18000 18200 18400 18600 18800 19000 19200 19400 19600 19800 20000 20200 20201 20202 20203 20204 20205 20206 20207 20208 20209 20210 20211 20212 20213 20013 20014 20015 19815 19816 19817 19617 19618 19619 19620 19621 19622 19623 19624 19625 19626 19627 19628 19629 19630 19631 19632 19633 19634 19635 19636 19637 19638 19639 19640 19641 19642 19643 19443 19444 19244 19245 19246 19046 19047 18847 18848 18849 18649 18650 18651 18652 18653 18654 18655 18656 18657 18658 18659 18660 18661 18662 18663 18664 18665 18666 18667 18867 19067 19068 19268 19468 19668 19669 19869 20069 20070 20270 20470 20471 20671 20871 20872 21072 21073 21273 21473 21673 21873 22073 22273 22473 22673 22873 23073 23273 23473 23673 23873 24073 24273 24473 24673 24873 25073 25273 25274 25275 25475 25476 25676 25876 26076 26276 26476 26676 26876 27076 27276 27476 27676 27876 28076 28276 28476 28676 28876 29076 29077 29078 29079 29080 29081 29082 29083 29084 29085 29086 29087 29088 29089 29090 29091 29092 29093 28893 28693 28493 28293 28093 27893 27693 27493 
Label: 213840
[258,2487309,]
1218 1217 1216 1215 1214 1213 1212 1211 1210 1209 1208 1207 1206 1205 1204 1203 1202 1201 1200 1400 1600 1800 2000 2200 2400 2600 2800 3000 3200 3400 3600 3800 4000 4200 4400 4600 4800 5000 5200 5400 5600 5800 6000 6200 6400 6600 6800 7000 7200 7400 7600 7800 8000 8200 8400 8600 8800 9000 9200 9400 9600 9800 10000 10200 10400 10600 10800 11000 11200 11400 11600 11800 12000 12200 12400 12600 12800 13000 13200 13400 13600 13800 14000 14200 14400 14600 14800 15000 15200 15400 15600 15800 16000 16200 16400 16600 16800 17000 17200 17400 17600 17800 18000 18200 18400 18600 18800 19000 19200 19400 19600 19800 20000 20200 20201 20202 20203 20204 20205 20206 20207 20208 20209 20210 20211 20212 20213 20013 20014 20015 19815 19816 19817 19617 19618 19619 19620 19621 19622 19623 19624 19625 19626 19627 19628 19629 19630 19631 19632 19633 19634 19635 19636 19637 19638 19639 19640 19641 19642 19643 19443 19444 19244 19245 19246 19046 19047 18847 18848 18849 18649 18650 18651 18652 18653 18654 18655 18656 18657 18658 18659 18660 18661 18662 18663 18664 18665 18666 18667 18867 19067 19068 19268 19468 19668 19669 19869 20069 20070 20270 20470 20471 20671 20871 20872 21072 21073 21273 21473 21673 21873 22073 22273 22473 22673 22873 23073 23273 23473 23673 23873 24073 24273 24473 24673 24873 25073 25273 25274 25275 25475 25476 25477 25677 25678 25878 26078 26278 26478 26678 26878 27078 27278 27478 27479 27480 27481 27482 27483 27484 27485 27486 27487 27488 27489 27490 27491 27492 27493 
Label: 137164
[238,3067208,]
1218 1217 1216 1215 1214 1213 1212 1211 1210 1209 1208 1207 1206 1205 1204 1203 1202 1402 1602 1802 2002 2202 2402 2602 2802 3002 3202 3402 3602 3802 4002 4202 4402 4602 4802 5002 5202 5402 5602 5802 6002 6202 6402 6602 6802 7002 7202 7402 7602 7802 8002 8202 8402 8602 8802 9002 9202 9402 9602 9802 10002 10202 10402 10602 10802 11002 11202 11402 11602 11802 12002 12202 12402 12602 12802 13002 13202 13402 13602 13802 14002 14202 14402 14602 14802 15002 15202 15402 15602 15802 16002 16202 16402 16602 16802 17002 17202 17402 17602 17802 18002 18202 18402 18602 18802 19002 19202 19402 19403 19404 19405 19406 19407 19408 19409 19410 19411 19412 19413 19414 19415 19416 19417 19418 19419 19420 19421 19422 19423 19424 19425 19426 19427 19428 19429 19430 19431 19432 19433 19434 19435 19436 19437 19438 19439 19440 19441 19442 19443 19444 19445 19446 19447 19448 19449 19450 19451 19452 19453 19454 19455 19456 19457 19458 19459 19460 19461 19462 19463 19464 19465 19466 19467 19468 19668 19669 19869 20069 20070 20270 20470 20471 20671 20871 20872 21072 21073 21273 21473 21673 21873 22073 22273 22473 22673 22873 23073 23273 23473 23673 23873 24073 24273 24473 24673 24873 25073 25273 25274 25275 25475 25476 25477 25677 25678 25878 26078 26278 26478 26678 26878 27078 27278 27478 27479 27480 27481 27482 27483 27484 27485 27486 27487 27488 27489 27490 27491 27492 27493 
Label: 223708
[262,2476443,]
1218 1217 1216 1215 1214 1213 1212 1211 1210 1209 1208 1207 1206 1205 1204 1203 1202 1201 1200 1400 1600 1800 2000 2200 2400 2600 2800 3000 3200 3400 3600 3800 4000 4200 4400 4600 4800 5000 5200 5400 5600 5800 6000 6200 6400 6600 6800 7000 7200 7400 7600 7800 8000 8200 8400 8600 8800 9000 9200 9400 9600 9800 10000 10200 10400 10600 10800 11000 11200 11400 11600 11800 12000 12200 12400 12600 12800 13000 13200 13400 13600 13800 14000 14200 14400 14600 14800 15000 15200 15400 15600 15800 16000 16200 16400 16600 16800 17000 17200 17400 17600 17800 18000 18200 18400 18600 18800 19000 19200 19400 19600 19800 20000 20200 20400 20401 20402 20403 20404 20405 20406 20407 20408 20409 20410 20411 20412 20212 20213 20013 20014 20015 19815 19816 19817 19617 19618 19619 19620 19621 19622 19623 19624 19625 19626 19627 19628 19629 19630 19631 19632 19633 19634 19635 19636 19637 19638 19639 19640 19641 19642 19643 19443 19444 19244 19245 19246 19046 19047 18847 18848 18849 18649 18650 18450 18451 18452 18453 18454 18455 18456 18457 18458 18459 18460 18461 18462 18463 18464 18465 18466 18666 18667 18867 19067 19068 19268 19468 19668 19669 19869 20069 20070 20270 20470 20471 20671 20871 20872 21072 21073 21273 21473 21673 21873 22073 22273 22473 22673 22873 23073 23273 23473 23673 23873 24073 24273 24473 24673 24873 25073 25273 25274 25275 25475 25476 25477 25677 25678 25878 26078 26278 26478 26678 26878 27078 27278 27478 27479 27480 27481 27482 27483 27484 27485 27486 27487 27488 27489 27490 27491 27492 27493 
Label: 208976
[256,2498012,]
1218 1217 1216 1215 1214 1213 1212 1211 1210 1209 1208 1207 1206 1205 1204 1203 1202 1201 1200 1400 1600 1800 2000 2200 2400 2600 2800 3000 3200 3400 3600 3800 4000 4200 4400 4600 4800 5000 5200 5400 5600 5800 6000 6200 6400 6600 6800 7000 7200 7400 7600 7800 8000 8200 8400 8600 8800 9000 9200 9400 9600 9800 10000 10200 10400 10600 10800 11000 11200 11400 11600 11800 12000 12200 12400 12600 12800 13000 13200 13400 13600 13800 14000 14200 14400 14600 14800 15000 15200 15400 15600 15800 16000 16200 16400 16600 16800 17000 17200 17400 17600 17800 18000 18200 18400 18600 18800 19000 19200 19400 19600 19800 20000 20200 20201 20202 20203 20204 20205 20206 20207 20208 20209 20210 20211 20212 20213 20013 20014 20015 19815 19816 19817 19617 19618 19619 19620 19621 19622 19623 19624 19625 19626 19627 19628 19629 19630 19631 19632 19633 19634 19635 19636 19637 19638 19639 19640 19641 19642 19643 19443 19444 19244 19245 19246 19046 19047 18847 18848 18849 18850 18851 18852 18853 18854 18855 18856 18857 18858 18859 18860 18861 18862 18863 18864 18865 18866 18867 19067 19068 19268 19468 19668 19669 19869 20069 20070 20270 20470 20471 20671 20871 20872 21072 21073 21273 21473 21673 21873 22073 22273 22473 22673 22873 23073 23273 23473 23673 23873 24073 24273 24473 24673 24873 25073 25273 25274 25275 25475 25476 25477 25677 25678 25878 26078 26278 26478 26678 26878 27078 27278 27478 27479 27480 27481 27482 27483 27484 27485 27486 27487 27488 27489 27490 27491 27492 27493 
Label: 128037
[236,3287053,]
1218 1217 1216 1215 1214 1213 1212 1211 1210 1209 1208 1207 1206 1205 1204 1203 1403 1603 1803 2003 2203 2403 2603 2803 3003 3203 3403 3603 3803 4003 4203 4403 4603 4803 5003 5203 5403 5603 5803 6003 6203 6403 6603 6803 7003 7203 7403 7603 7803 8003 8203 8403 8603 8803 9003 9203 9403 9603 9803 10003 10203 10403 10603 10803 11003 11203 11403 11603 11803 12003 12203 12403 12603 12803 13003 13203 13403 13603 13803 14003 14203 14403 14603 14803 15003 15203 15403 15603 15803 16003 16203 16403 16603 16803 17003 17203 17403 17603 17803 18003 18203 18403 18603 18803 19003 19203 19403 19404 19405 19406 19407 19408 19409 19410 19411 19412 19413 19414 19415 19416 19417 19418 19419 19420 19421 19422 19423 19424 19425 19426 19427 19428 19429 19430 19431 19432 19433 19434 19435 19436 19437 19438 19439 19440 19441 19442 19443 19444 19445 19446 19447 19448 19449 19450 19451 19452 19453 19454 19455 19456 19457 19458 19459 19460 19461 19462 19463 19464 19465 19466 19467 19468 19668 19669 19869 20069 20070 20270 20470 20471 20671 20871 20872 21072 21073 21273 21473 21673 21873 22073 22273 22473 22673 22873 23073 23273 23473 23673 23873 24073 24273 24473 24673 24873 25073 25273 25274 25275 25475 25476 25477 25677 25678 25878 26078 26278 26478 26678 26878 27078 27278 27478 27479 27480 27481 27482 27483 27484 27485 27486 27487 27488 27489 27490 27491 27492 27493 
Label: 118962
[234,3540502,]
1218 1217 1216 1215 1214 1213 1212 1211 1210 1209 1208 1207 1206 1205 1204 1404 1604 1804 2004 2204 2404 2604 2804 3004 3204 3404 3604 3804 4004 4204 4404 4604 4804 5004 5204 5404 5604 5804 6004 6204 6404 6604 6804 7004 7204 7404 7604 7804 8004 8204 8404 8604 8804 9004 9204 9404 9604 9804 10004 10204 10404 10604 10804 11004 11204 11404 11604 11804 12004 12204 12404 12604 12804 13004 13204 13404 13604 13804 14004 14204 14404 14604 14804 15004 15204 15404 15604 15804 16004 16204 16404 16604 16804 17004 17204 17404 17604 17804 18004 18204 18404 18604 18804 19004 19204 19404 19405 19406 19407 19408 19409 19410 19411 19412 19413 19414 19415 19416 19417 19418 19419 19420 19421 19422 19423 19424 19425 19426 19427 19428 19429 19430 19431 19432 19433 19434 19435 19436 19437 19438 19439 19440 19441 19442 19443 19444 19445 19446 19447 19448 19449 19450 19451 19452 19453 19454 19455 19456 19457 19458 19459 19460 19461 19462 19463 19464 19465 19466 19467 19468 19668 19669 19869 20069 20070 20270 20470 20471 20671 20871 20872 21072 21073 21273 21473 21673 21873 22073 22273 22473 22673 22873 23073 23273 23473 23673 23873 24073 24273 24473 24673 24873 25073 25273 25274 25275 25475 25476 25477 25677 25678 25878 26078 26278 26478 26678 26878 27078 27278 27478 27479 27480 27481 27482 27483 27484 27485 27486 27487 27488 27489 27490 27491 27492 27493 
Label: 146443
[240,2879685,]
1218 1217 1216 1215 1214 1213 1212 1211 1210 1209 1208 1207 1206 1205 1204 1203 1202 1201 1401 1601 1801 2001 2201 2401 2601 2801 3001 3201 3401 3601 3801 4001 4201 4401 4601 4801 5001 5201 5401 5601 5801 6001 6201 6401 6601 6801 7001 7201 7401 7601 7801 8001 8201 8401 8601 8801 9001 9201 9401 9601 9801 10001 10201 10401 10601 10801 11001 11201 11401 11601 11801 12001 12201 12401 12601 12801 13001 13201 13401 13601 13801 14001 14201 14401 14601 14801 15001 15201 15401 15601 15801 16001 16201 16401 16601 16801 17001 17201 17401 17601 17801 18001 18201 18401 18601 18801 19001 19201 19401 19402 19403 19404 19405 19406 19407 19408 19409 19410 19411 19412 19413 19414 19415 19416 19417 19418 19419 19420 19421 19422 19423 19424 19425 19426 19427 19428 19429 19430 19431 19432 19433 19434 19435 19436 19437 19438 19439 19440 19441 19442 19443 19444 19445 19446 19447 19448 19449 19450 19451 19452 19453 19454 19455 19456 19457 19458 19459 19460 19461 19462 19463 19464 19465 19466 19467 19468 19668 19669 19869 20069 20070 20270 20470 20471 20671 20871 20872 21072 21073 21273 21473 21673 21873 22073 22273 22473 22673 22873 23073 23273 23473 23673 23873 24073 24273 24473 24673 24873 25073 25273 25274 25275 25475 25476 25477 25677 25678 25878 26078 26278 26478 26678 26878 27078 27278 27478 27479 27480 27481 27482 27483 27484 27485 27486 27487 27488 27489 27490 27491 27492 27493 
Label: 13217
[206,4188737,]
1218 1219 1220 1221 1222 1422 1423 1424 1624 1625 1626 1627 1827 1828 1829 1830 1831 2031 2231 2431 2631 2831 3031 3231 3431 3631 3831 4031 4231 4431 4631 4831 5031 5231 5431 5631 5831 6031 6231 6431 6631 6831 7031 7231 7431 7631 7632 7633 7634 7635 7636 7637 7638 7639 7640 7641 7642 7643 7644 7645 7646 7647 7648 7649 7650 7651 7652 7653 7654 7655 7855 7856 8056 8057 8257 8258 8458 8459 8460 8660 8661 8861 9061 9261 9461 9661 9861 10061 10261 10461 10661 10861 11061 11261 11461 11661 11861 12061 12261 12461 12661 12861 13061 13261 13461 13661 13861 14061 14261 14461 14661 14861 15061 15261 15461 15661 15861 16061 16261 16461 16661 16861 17061 17261 17461 17661 17861 18061 18261 18262 18462 18463 18464 18465 18466 18666 18667 18867 19067 19068 19268 19468 19668 19669 19869 20069 20070 20270 20470 20471 20671 20871 20872 21072 21073 21273 21473 21673 21873 22073 22273 22473 22673 22873 23073 23273 23473 23673 23873 24073 24273 24473 24673 24873 25073 25273 25274 25275 25475 25476 25477 25677 25678 25878 26078 26278 26478 26678 26878 27078 27278 27478 27479 27480 27481 27482 27483 27484 27485 27486 27487 27488 27489 27490 27491 27492 27493 
Label: 32581
[210,4151424,]
1218 1219 1220 1221 1222 1223 1224 1225 1226 1227 1228 1229 1230 1231 1232 1233 1234 1235 1236 1237 1238 1239 1240 1241 1242 1243 1244 1245 1246 1247 1248 1249 1250 1251 1252 1253 1254 1255 1455 1456 1656 1657 1658 1659 1660 1860 1861 1862 2062 2063 2064 2264 2265 2266 2466 2467 2468 2668 2669 2869 2870 3070 3071 3271 3272 3472 3473 3673 3873 4073 4273 4473 4673 4873 5073 5273 5473 5673 5873 6073 6273 6473 6673 6873 7073 7273 7473 7673 7873 8073 8273 8473 8673 8873 9073 9273 9473 9673 9873 10073 10273 10473 10673 10873 11073 11273 11473 11673 11873 12073 12273 12473 12673 12873 12872 13072 13071 13271 13471 13671 13871 14071 14271 14471 14671 14871 15071 15271 15471 15671 15871 16071 16271 16471 16671 16871 17071 17271 17471 17671 17871 18071 18271 18471 18671 18871 19071 19271 19471 19671 19871 20071 20271 20471 20671 20871 20872 21072 21073 21273 21473 21673 21873 22073 22273 22473 22673 22873 23073 23273 23473 23673 23873 24073 24273 24473 24673 24873 25073 25273 25274 25275 25475 25476 25477 25677 25678 25878 26078 26278 26478 26678 26878 27078 27278 27478 27479 27480 27481 27482 27483 27484 27485 27486 27487 27488 27489 27490 27491 27492 27493 
Label: 87155
[224,3808603,]
1218 1018 818 618 418 218 219 220 221 222 223 224 225 226 227 228 229 230 231 232 233 234 235 236 237 238 239 240 241 242 243 244 245 246 247 248 249 250 251 451 452 652 852 853 1053 1253 1254 1255 1455 1456 1656 1657 1658 1659 1660 1860 1861 1862 2062 2063 2064 2264 2265 2266 2466 2467 2468 2668 2669 2869 2870 3070 3071 3271 3272 3472 3473 3673 3873 3874 4074 4274 4275 4475 4675 4875 5075 5275 5475 5675 5875 6075 6275 6475 6675 6875 7075 7275 7475 7675 7875 8075 8275 8475 8675 8875 9075 9275 9475 9675 9875 10075 10275 10475 10675 10875 11075 11275 11475 11675 11875 12075 12275 12274 12474 12674 12673 12873 12872 13072 13071 13271 13471 13671 13871 14071 14271 14471 14671 14871 15071 15271 15471 15671 15871 16071 16271 16471 16671 16871 17071 17271 17471 17671 17871 18071 18271 18471 18671 18871 19071 19271 19471 19671 19871 20071 20271 20471 20671 20871 20872 21072 21073 21273 21473 21673 21873 22073 22273 22473 22673 22873 23073 23273 23473 23673 23873 24073 24273 24473 24673 24873 25073 25273 25274 25275 25475 25476 25477 25677 25678 25878 26078 26278 26478 26678 26878 27078 27278 27478 27479 27480 27481 27482 27483 27484 27485 27486 27487 27488 27489 27490 27491 27492 27493 
Label: 43105
[212,4083541,]
1218 1219 1220 1221 1222 1223 1224 1225 1226 1227 1228 1229 1230 1231 1232 1233 1234 1235 1236 1237 1238 1239 1240 1241 1242 1243 1244 1245 1246 1247 1248 1249 1250 1251 1252 1253 1254 1255 1455 1456 1656 1657 1658 1659 1660 1860 1861 1862 2062 2063 2064 2264 2265 2266 2466 2467 2468 2668 2669 2869 2870 3070 3071 3271 3272 3472 3473 3673 3873 3874 4074 4274 4474 4674 4874 5074 5274 5474 5674 5874 6074 6274 6474 6674 6874 7074 7274 7474 7674 7874 8074 8274 8474 8674 8874 9074 9274 9474 9674 9874 10074 10274 10474 10674 10874 11074 11274 11474 11674 11874 12074 12274 12474 12674 12673 12873 12872 13072 13071 13271 13471 13671 13871 14071 14271 14471 14671 14871 15071 15271 15471 15671 15871 16071 16271 16471 16671 16871 17071 17271 17471 17671 17871 18071 18271 18471 18671 18871 19071 19271 19471 19671 19871 20071 20271 20471 20671 20871 20872 21072 21073 21273 21473 21673 21873 22073 22273 22473 22673 22873 23073 23273 23473 23673 23873 24073 24273 24473 24673 24873 25073 25273 25274 25275 25475 25476 25477 25677 25678 25878 26078 26278 26478 26678 26878 27078 27278 27478 27479 27480 27481 27482 27483 27484 27485 27486 27487 27488 27489 27490 27491 27492 27493 
Label: 109519
[232,3670091,]
1218 1018 818 618 418 218 18 19 20 21 22 23 24 25 26 27 28 29 30 31 32 33 34 35 36 37 38 39 40 41 42 43 44 45 46 47 48 49 50 51 251 451 452 652 852 853 1053 1253 1254 1255 1455 1456 1656 1657 1658 1659 1660 1860 1861 1862 2062 2063 2064 2264 2265 2266 2466 2467 2468 2668 2669 2869 2870 3070 3071 3271 3272 3472 3473 3673 3873 3874 4074 4274 4275 4475 4675 4875 4876 5076 5276 5277 5477 5677 5877 6077 6277 6477 6677 6877 7077 7277 7477 7677 7877 8077 8277 8477 8677 8877 9077 9277 9477 9677 9877 10077 10277 10477 10677 10877 11077 11277 11276 11476 11676 11675 11875 12075 12275 12274 12474 12674 12673 12873 12872 13072 13071 13271 13270 13470 13670 13870 14070 14270 14470 14670 14870 15070 15270 15470 15670 15870 16070 16270 16470 16670 16870 17070 17270 17470 17670 17870 18070 18270 18470 18670 18870 19070 19270 19470 19670 19870 20070 20270 20470 20471 20671 20871 20872 21072 21073 21273 21473 21673 21873 22073 22273 22473 22673 22873 23073 23273 23473 23673 23873 24073 24273 24473 24673 24873 25073 25273 25274 25275 25475 25476 25477 25677 25678 25878 26078 26278 26478 26678 26878 27078 27278 27478 27479 27480 27481 27482 27483 27484 27485 27486 27487 27488 27489 27490 27491 27492 27493 
Label: 253939
[294,2390071,]
1218 1018 818 618 617 616 615 614 613 612 611 610 609 608 607 606 605 604 603 602 601 600 800 1000 1200 1400 1600 1800 2000 2200 2400 2600 2800 3000 3200 3400 3600 3800 4000 4200 4400 4600 4800 5000 5200 5400 5600 5800 6000 6200 6400 6600 6800 7000 7200 7400 7600 7800 8000 8200 8400 8600 8800 9000 9200 9400 9600 9800 10000 10200 10400 10600 10800 11000 11200 11400 11600 11800 12000 12200 12400 12600 12800 13000 13200 13400 13600 13800 14000 14200 14400 14600 14800 15000 15200 15400 15600 15800 16000 16200 16400 16600 16800 17000 17200 17400 17600 17800 18000 18200 18400 18600 18800 19000 19200 19400 19600 19800 20000 20200 20400 20600 20800 20801 20802 20803 20804 20805 20806 20807 20808 20608 20609 20610 20410 20411 20412 20212 20213 20013 20014 20015 19815 19816 19817 19617 19618 19619 19620 19621 19622 19623 19624 19625 19626 19627 19628 19629 19630 19631 19632 19633 19634 19635 19636 19637 19638 19639 19640 19641 19642 19643 19443 19444 19244 19245 19246 19046 19047 18847 18848 18849 18649 18650 18450 18451 18452 18453 18454 18455 18456 18457 18458 18459 18460 18461 18462 18463 18464 18465 18466 18666 18667 18867 19067 19068 19268 19468 19668 19669 19869 20069 20070 20270 20470 20471 20671 20871 20872 21072 21073 21273 21473 21673 21873 22073 22273 22473 22673 22873 23073 23273 23473 23673 23873 24073 24273 24473 24673 24873 25073 25273 25274 25275 25475 25476 25676 25876 26076 26276 26476 26676 26876 27076 27276 27476 27676 27876 28076 28276 28476 28676 28876 29076 29276 29476 29676 29677 29678 29679 29680 29681 29682 29683 29684 29685 29686 29687 29688 29689 29690 29691 29692 29693 29493 29293 29093 28893 28693 28493 28293 28093 27893 27693 27493 
Label: 82984
[222,3852647,]
1218 1018 818 618 418 419 420 421 422 423 424 425 426 427 428 429 430 431 432 433 434 435 436 437 438 439 440 441 442 443 444 445 446 447 448 449 450 451 452 652 852 853 1053 1253 1254 1255 1455 1456 1656 1657 1658 1659 1660 1860 1861 1862 2062 2063 2064 2264 2265 2266 2466 2467 2468 2668 2669 2869 2870 3070 3071 3271 3272 3472 3473 3673 3873 3874 4074 4274 4275 4475 4675 4875 5075 5275 5475 5675 5875 6075 6275 6475 6675 6875 7075 7275 7475 7675 7875 8075 8275 8475 8675 8875 9075 9275 9475 9675 9875 10075 10275 10475 10675 10875 11075 11275 11475 11675 11875 12075 12275 12274 12474 12674 12673 12873 12872 13072 13071 13271 13471 13671 13871 14071 14271 14471 14671 14871 15071 15271 15471 15671 15871 16071 16271 16471 16671 16871 17071 17271 17471 17671 17871 18071 18271 18471 18671 18871 19071 19271 19471 19671 19871 20071 20271 20471 20671 20871 20872 21072 21073 21273 21473 21673 21873 22073 22273 22473 22673 22873 23073 23273 23473 23673 23873 24073 24273 24473 24673 24873 25073 25273 25274 25275 25475 25476 25477 25677 25678 25878 26078 26278 26478 26678 26878 27078 27278 27478 27479 27480 27481 27482 27483 27484 27485 27486 27487 27488 27489 27490 27491 27492 27493 
Label: 237675
[268,2460813,]
1218 1217 1216 1215 1214 1213 1212 1211 1210 1209 1208 1207 1206 1205 1204 1203 1202 1201 1200 1400 1600 1800 2000 2200 2400 2600 2800 3000 3200 3400 3600 3800 4000 4200 4400 4600 4800 5000 5200 5400 5600 5800 6000 6200 6400 6600 6800 7000 7200 7400 7600 7800 8000 8200 8400 8600 8800 9000 9200 9400 9600 9800 10000 10200 10400 10600 10800 11000 11200 11400 11600 11800 12000 12200 12400 12600 12800 13000 13200 13400 13600 13800 14000 14200 14400 14600 14800 15000 15200 15400 15600 15800 16000 16200 16400 16600 16800 17000 17200 17400 17600 17800 18000 18200 18400 18600 18800 19000 19200 19400 19600 19800 20000 20001 20002 20003 20004 20005 20006 20007 20008 20009 20010 20011 20012 20013 20014 20015 19815 19816 19817 19617 19618 19619 19620 19621 19622 19623 19624 19625 19626 19627 19628 19629 19630 19631 19632 19633 19634 19635 19636 19637 19638 19639 19640 19641 19642 19643 19443 19444 19244 19245 19246 19046 19047 18847 18848 18849 18850 18851 18852 18853 18854 18855 18856 18857 18858 18859 18860 18861 18862 18863 18864 18865 18866 18867 19067 19068 19268 19468 19668 19669 19869 20069 20070 20270 20470 20471 20671 20871 20872 21072 21073 21273 21473 21673 21873 22073 22273 22473 22673 22873 23073 23273 23473 23673 23873 24073 24273 24473 24673 24873 25073 25273 25274 25275 25475 25476 25676 25876 26076 26276 26476 26676 26876 27076 27276 27476 27676 27876 28076 28276 28476 28676 28876 28877 28878 28879 28880 28881 28882 28883 28884 28885 28886 28887 28888 28889 28890 28891 28892 28893 28693 28493 28293 28093 27893 27693 27493 
Label: 253219
[284,2393486,]
1218 1217 1216 1215 1214 1213 1212 1211 1210 1209 1208 1207 1206 1205 1204 1203 1202 1201 1200 1400 1600 1800 2000 2200 2400 2600 2800 3000 3200 3400 3600 3800 4000 4200 4400 4600 4800 5000 5200 5400 5600 5800 6000 6200 6400 6600 6800 7000 7200 7400 7600 7800 8000 8200 8400 8600 8800 9000 9200 9400 9600 9800 10000 10200 10400 10600 10800 11000 11200 11400 11600 11800 12000 12200 12400 12600 12800 13000 13200 13400 13600 13800 14000 14200 14400 14600 14800 15000 15200 15400 15600 15800 16000 16200 16400 16600 16800 17000 17200 17400 17600 17800 18000 18200 18400 18600 18800 19000 19200 19400 19600 19800 20000 20200 20400 20600 20601 20602 20603 20604 20605 20606 20607 20608 20609 20610 20410 20411 20412 20212 20213 20013 20014 20015 19815 19816 19817 19617 19618 19619 19620 19621 19622 19623 19624 19625 19626 19627 19628 19629 19630 19631 19632 19633 19634 19635 19636 19637 19638 19639 19640 19641 19642 19643 19443 19444 19244 19245 19246 19046 19047 18847 18848 18849 18649 18650 18450 18451 18452 18453 18454 18455 18456 18457 18458 18459 18460 18461 18462 18463 18464 18465 18466 18666 18667 18867 19067 19068 19268 19468 19668 19669 19869 20069 20070 20270 20470 20471 20671 20871 20872 21072 21073 21273 21473 21673 21873 22073 22273 22473 22673 22873 23073 23273 23473 23673 23873 24073 24273 24473 24673 24873 25073 25273 25274 25275 25475 25476 25676 25876 26076 26276 26476 26676 26876 27076 27276 27476 27676 27876 28076 28276 28476 28676 28876 29076 29276 29476 29477 29478 29479 29480 29481 29482 29483 29484 29485 29486 29487 29488 29489 29490 29491 29492 29493 29293 29093 28893 28693 28493 28293 28093 27893 27693 27493 
Label: 244247
[272,2433416,]
1218 1217 1216 1215 1214 1213 1212 1211 1210 1209 1208 1207 1206 1205 1204 1203 1202 1201 1200 1400 1600 1800 2000 2200 2400 2600 2800 3000 3200 3400 3600 3800 4000 4200 4400 4600 4800 5000 5200 5400 5600 5800 6000 6200 6400 6600 6800 7000 7200 7400 7600 7800 8000 8200 8400 8600 8800 9000 9200 9400 9600 9800 10000 10200 10400 10600 10800 11000 11200 11400 11600 11800 12000 12200 12400 12600 12800 13000 13200 13400 13600 13800 14000 14200 14400 14600 14800 15000 15200 15400 15600 15800 16000 16200 16400 16600 16800 17000 17200 17400 17600 17800 18000 18200 18400 18600 18800 19000 19200 19400 19600 19800 20000 20200 20201 20202 20203 20204 20205 20206 20207 20208 20209 20210 20211 20212 20213 20013 20014 20015 19815 19816 19817 19617 19618 19619 19620 19621 19622 19623 19624 19625 19626 19627 19628 19629 19630 19631 19632 19633 19634 19635 19636 19637 19638 19639 19640 19641 19642 19643 19443 19444 19244 19245 19246 19046 19047 18847 18848 18849 18850 18851 18852 18853 18854 18855 18856 18857 18858 18859 18860 18861 18862 18863 18864 18865 18866 18867 19067 19068 19268 19468 19668 19669 19869 20069 20070 20270 20470 20471 20671 20871 20872 21072 21073 21273 21473 21673 21873 22073 22273 22473 22673 22873 23073 23273 23473 23673 23873 24073 24273 24473 24673 24873 25073 25273 25274 25275 25475 25476 25676 25876 26076 26276 26476 26676 26876 27076 27276 27476 27676 27876 28076 28276 28476 28676 28876 29076 29077 29078 29079 29080 29081 29082 29083 29084 29085 29086 29087 29088 29089 29090 29091 29092 29093 28893 28693 28493 28293 28093 27893 27693 27493 
Label: 253675
[290,2390717,]
1218 1018 818 817 816 815 814 813 812 811 810 809 808 807 806 805 804 803 802 801 800 1000 1200 1400 1600 1800 2000 2200 2400 2600 2800 3000 3200 3400 3600 3800 4000 4200 4400 4600 4800 5000 5200 5400 5600 5800 6000 6200 6400 6600 6800 7000 7200 7400 7600 7800 8000 8200 8400 8600 8800 9000 9200 9400 9600 9800 10000 10200 10400 10600 10800 11000 11200 11400 11600 11800 12000 12200 12400 12600 12800 13000 13200 13400 13600 13800 14000 14200 14400 14600 14800 15000 15200 15400 15600 15800 16000 16200 16400 16600 16800 17000 17200 17400 17600 17800 18000 18200 18400 18600 18800 19000 19200 19400 19600 19800 20000 20200 20400 20600 20800 20801 20802 20803 20804 20805 20806 20807 20808 20608 20609 20610 20410 20411 20412 20212 20213 20013 20014 20015 19815 19816 19817 19617 19618 19619 19620 19621 19622 19623 19624 19625 19626 19627 19628 19629 19630 19631 19632 19633 19634 19635 19636 19637 19638 19639 19640 19641 19642 19643 19443 19444 19244 19245 19246 19046 19047 18847 18848 18849 18649 18650 18450 18451 18452 18453 18454 18455 18456 18457 18458 18459 18460 18461 18462 18463 18464 18465 18466 18666 18667 18867 19067 19068 19268 19468 19668 19669 19869 20069 20070 20270 20470 20471 20671 20871 20872 21072 21073 21273 21473 21673 21873 22073 22273 22473 22673 22873 23073 23273 23473 23673 23873 24073 24273 24473 24673 24873 25073 25273 25274 25275 25475 25476 25676 25876 26076 26276 26476 26676 26876 27076 27276 27476 27676 27876 28076 28276 28476 28676 28876 29076 29276 29476 29477 29478 29479 29480 29481 29482 29483 29484 29485 29486 29487 29488 29489 29490 29491 29492 29493 29293 29093 28893 28693 28493 28293 28093 27893 27693 27493 
Label: 241167
[270,2446438,]
1218 1217 1216 1215 1214 1213 1212 1211 1210 1209 1208 1207 1206 1205 1204 1203 1202 1201 1200 1400 1600 1800 2000 2200 2400 2600 2800 3000 3200 3400 3600 3800 4000 4200 4400 4600 4800 5000 5200 5400 5600 5800 6000 6200 6400 6600 6800 7000 7200 7400 7600 7800 8000 8200 8400 8600 8800 9000 9200 9400 9600 9800 10000 10200 10400 10600 10800 11000 11200 11400 11600 11800 12000 12200 12400 12600 12800 13000 13200 13400 13600 13800 14000 14200 14400 14600 14800 15000 15200 15400 15600 15800 16000 16200 16400 16600 16800 17000 17200 17400 17600 17800 18000 18200 18400 18600 18800 19000 19200 19400 19600 19800 20000 20001 20002 20003 20004 20005 20006 20007 20008 20009 20010 20011 20012 20013 20014 20015 19815 19816 19817 19617 19618 19619 19620 19621 19622 19623 19624 19625 19626 19627 19628 19629 19630 19631 19632 19633 19634 19635 19636 19637 19638 19639 19640 19641 19642 19643 19443 19444 19244 19245 19246 19046 19047 18847 18848 18849 18850 18851 18852 18853 18854 18855 18856 18857 18858 18859 18860 18861 18862 18863 18864 18865 18866 18867 19067 19068 19268 19468 19668 19669 19869 20069 20070 20270 20470 20471 20671 20871 20872 21072 21073 21273 21473 21673 21873 22073 22273 22473 22673 22873 23073 23273 23473 23673 23873 24073 24273 24473 24673 24873 25073 25273 25274 25275 25475 25476 25676 25876 26076 26276 26476 26676 26876 27076 27276 27476 27676 27876 28076 28276 28476 28676 28876 29076 29077 29078 29079 29080 29081 29082 29083 29084 29085 29086 29087 29088 29089 29090 29091 29092 29093 28893 28693 28493 28293 28093 27893 27693 27493 
Label: 252503
[280,2400595,]
1218 1217 1216 1215 1214 1213 1212 1211 1210 1209 1208 1207 1206 1205 1204 1203 1202 1201 1200 1400 1600 1800 2000 2200 2400 2600 2800 3000 3200 3400 3600 3800 4000 4200 4400 4600 4800 5000 5200 5400 5600 5800 6000 6200 6400 6600 6800 7000 7200 7400 7600 7800 8000 8200 8400 8600 8800 9000 9200 9400 9600 9800 10000 10200 10400 10600 10800 11000 11200 11400 11600 11800 12000 12200 12400 12600 12800 13000 13200 13400 13600 13800 14000 14200 14400 14600 14800 15000 15200 15400 15600 15800 16000 16200 16400 16600 16800 17000 17200 17400 17600 17800 18000 18200 18400 18600 18800 19000 19200 19400 19600 19800 20000 20200 20400 20401 20402 20403 20404 20405 20406 20407 20408 20409 20410 20411 20412 20212 20213 20013 20014 20015 19815 19816 19817 19617 19618 19619 19620 19621 19622 19623 19624 19625 19626 19627 19628 19629 19630 19631 19632 19633 19634 19635 19636 19637 19638 19639 19640 19641 19642 19643 19443 19444 19244 19245 19246 19046 19047 18847 18848 18849 18649 18650 18651 18652 18653 18654 18655 18656 18657 18658 18659 18660 18661 18662 18663 18664 18665 18666 18667 18867 19067 19068 19268 19468 19668 19669 19869 20069 20070 20270 20470 20471 20671 20871 20872 21072 21073 21273 21473 21673 21873 22073 22273 22473 22673 22873 23073 23273 23473 23673 23873 24073 24273 24473 24673 24873 25073 25273 25274 25275 25475 25476 25676 25876 26076 26276 26476 26676 26876 27076 27276 27476 27676 27876 28076 28276 28476 28676 28876 29076 29276 29476 29477 29478 29479 29480 29481 29482 29483 29484 29485 29486 29487 29488 29489 29490 29491 29492 29493 29293 29093 28893 28693 28493 28293 28093 27893 27693 27493 
Label: 249027
[276,2412602,]
1218 1217 1216 1215 1214 1213 1212 1211 1210 1209 1208 1207 1206 1205 1204 1203 1202 1201 1200 1400 1600 1800 2000 2200 2400 2600 2800 3000 3200 3400 3600 3800 4000 4200 4400 4600 4800 5000 5200 5400 5600 5800 6000 6200 6400 6600 6800 7000 7200 7400 7600 7800 8000 8200 8400 8600 8800 9000 9200 9400 9600 9800 10000 10200 10400 10600 10800 11000 11200 11400 11600 11800 12000 12200 12400 12600 12800 13000 13200 13400 13600 13800 14000 14200 14400 14600 14800 15000 15200 15400 15600 15800 16000 16200 16400 16600 16800 17000 17200 17400 17600 17800 18000 18200 18400 18600 18800 19000 19200 19400 19600 19800 20000 20200 20201 20202 20203 20204 20205 20206 20207 20208 20209 20210 20211 20212 20213 20013 20014 20015 19815 19816 19817 19617 19618 19619 19620 19621 19622 19623 19624 19625 19626 19627 19628 19629 19630 19631 19632 19633 19634 19635 19636 19637 19638 19639 19640 19641 19642 19643 19443 19444 19244 19245 19246 19046 19047 18847 18848 18849 18649 18650 18651 18652 18653 18654 18655 18656 18657 18658 18659 18660 18661 18662 18663 18664 18665 18666 18667 18867 19067 19068 19268 19468 19668 19669 19869 20069 20070 20270 20470 20471 20671 20871 20872 21072 21073 21273 21473 21673 21873 22073 22273 22473 22673 22873 23073 23273 23473 23673 23873 24073 24273 24473 24673 24873 25073 25273 25274 25275 25475 25476 25676 25876 26076 26276 26476 26676 26876 27076 27276 27476 27676 27876 28076 28276 28476 28676 28876 29076 29276 29277 29278 29279 29280 29281 29282 29283 29284 29285 29286 29287 29288 29289 29290 29291 29292 29293 29093 28893 28693 28493 28293 28093 27893 27693 27493 
Label: 254071
[296,2389870,]
1218 1018 818 618 617 616 416 415 414 413 412 411 410 409 408 407 406 405 404 403 402 401 400 600 800 1000 1200 1400 1600 1800 2000 2200 2400 2600 2800 3000 3200 3400 3600 3800 4000 4200 4400 4600 4800 5000 5200 5400 5600 5800 6000 6200 6400 6600 6800 7000 7200 7400 7600 7800 8000 8200 8400 8600 8800 9000 9200 9400 9600 9800 10000 10200 10400 10600 10800 11000 11200 11400 11600 11800 12000 12200 12400 12600 12800 13000 13200 13400 13600 13800 14000 14200 14400 14600 14800 15000 15200 15400 15600 15800 16000 16200 16400 16600 16800 17000 17200 17400 17600 17800 18000 18200 18400 18600 18800 19000 19200 19400 19600 19800 20000 20200 20400 20600 20800 20801 20802 20803 20804 20805 20806 20807 20808 20608 20609 20610 20410 20411 20412 20212 20213 20013 20014 20015 19815 19816 19817 19617 19618 19619 19620 19621 19622 19623 19624 19625 19626 19627 19628 19629 19630 19631 19632 19633 19634 19635 19636 19637 19638 19639 19640 19641 19642 19643 19443 19444 19244 19245 19246 19046 19047 18847 18848 18849 18649 18650 18450 18451 18452 18453 18454 18455 18456 18457 18458 18459 18460 18461 18462 18463 18464 18465 18466 18666 18667 18867 19067 19068 19268 19468 19668 19669 19869 20069 20070 20270 20470 20471 20671 20871 20872 21072 21073 21273 21473 21673 21873 22073 22273 22473 22673 22873 23073 23273 23473 23673 23873 24073 24273 24473 24673 24873 25073 25273 25274 25275 25475 25476 25676 25876 26076 26276 26476 26676 26876 27076 27276 27476 27676 27876 28076 28276 28476 28676 28876 29076 29276 29476 29676 29677 29678 29679 29680 29681 29682 29683 29684 29685 29686 29687 29688 29689 29690 29691 29692 29693 29493 29293 29093 28893 28693 28493 28293 28093 27893 27693 27493 
Label: 254199
[298,2389694,]
1218 1018 818 618 617 616 416 415 414 413 412 411 410 409 408 407 406 405 404 403 402 401 400 600 800 1000 1200 1400 1600 1800 2000 2200 2400 2600 2800 3000 3200 3400 3600 3800 4000 4200 4400 4600 4800 5000 5200 5400 5600 5800 6000 6200 6400 6600 6800 7000 7200 7400 7600 7800 8000 8200 8400 8600 8800 9000 9200 9400 9600 9800 10000 10200 10400 10600 10800 11000 11200 11400 11600 11800 12000 12200 12400 12600 12800 13000 13200 13400 13600 13800 14000 14200 14400 14600 14800 15000 15200 15400 15600 15800 16000 16200 16400 16600 16800 17000 17200 17400 17600 17800 18000 18200 18400 18600 18800 19000 19200 19400 19600 19800 20000 20200 20400 20600 20800 20801 20802 20803 20804 20805 20806 20807 20808 20608 20609 20610 20410 20411 20412 20212 20213 20013 20014 20015 19815 19816 19817 19617 19618 19619 19620 19621 19622 19623 19624 19625 19626 19627 19628 19629 19630 19631 19632 19633 19634 19635 19636 19637 19638 19639 19640 19641 19642 19643 19443 19444 19244 19245 19246 19046 19047 18847 18848 18849 18649 18650 18450 18451 18452 18252 18253 18254 18255 18256 18257 18258 18259 18260 18261 18262 18462 18463 18464 18465 18466 18666 18667 18867 19067 19068 19268 19468 19668 19669 19869 20069 20070 20270 20470 20471 20671 20871 20872 21072 21073 21273 21473 21673 21873 22073 22273 22473 22673 22873 23073 23273 23473 23673 23873 24073 24273 24473 24673 24873 25073 25273 25274 25275 25475 25476 25676 25876 26076 26276 26476 26676 26876 27076 27276 27476 27676 27876 28076 28276 28476 28676 28876 29076 29276 29476 29676 29677 29678 29679 29680 29681 29682 29683 29684 29685 29686 29687 29688 29689 29690 29691 29692 29693 29493 29293 29093 28893 28693 28493 28293 28093 27893 27693 27493 
Label: 254435
[302,2389556,]
1218 1018 818 618 617 616 416 415 215 214 14 13 12 11 10 9 8 7 6 5 4 3 2 1 0 200 400 600 800 1000 1200 1400 1600 1800 2000 2200 2400 2600 2800 3000 3200 3400 3600 3800 4000 4200 4400 4600 4800 5000 5200 5400 5600 5800 6000 6200 6400 6600 6800 7000 7200 7400 7600 7800 8000 8200 8400 8600 8800 9000 9200 9400 9600 9800 10000 10200 10400 10600 10800 11000 11200 11400 11600 11800 12000 12200 12400 12600 12800 13000 13200 13400 13600 13800 14000 14200 14400 14600 14800 15000 15200 15400 15600 15800 16000 16200 16400 16600 16800 17000 17200 17400 17600 17800 18000 18200 18400 18600 18800 19000 19200 19400 19600 19800 20000 20200 20400 20600 20800 20801 20802 20803 20804 20805 20806 20807 20808 20608 20609 20610 20410 20411 20412 20212 20213 20013 20014 20015 19815 19816 19817 19617 19618 19619 19620 19621 19622 19623 19624 19625 19626 19627 19628 19629 19630 19631 19632 19633 19634 19635 19636 19637 19638 19639 19640 19641 19642 19643 19443 19444 19244 19245 19246 19046 19047 18847 18848 18849 18649 18650 18450 18451 18452 18252 18253 18254 18255 18256 18257 18258 18259 18260 18261 18262 18462 18463 18464 18465 18466 18666 18667 18867 19067 19068 19268 19468 19668 19669 19869 20069 20070 20270 20470 20471 20671 20871 20872 21072 21073 21273 21473 21673 21873 22073 22273 22473 22673 22873 23073 23273 23473 23673 23873 24073 24273 24473 24673 24873 25073 25273 25274 25275 25475 25476 25676 25876 26076 26276 26476 26676 26876 27076 27276 27476 27676 27876 28076 28276 28476 28676 28876 29076 29276 29476 29676 29677 29678 29679 29680 29681 29682 29683 29684 29685 29686 29687 29688 29689 29690 29691 29692 29693 29493 29293 29093 28893 28693 28493 28293 28093 27893 27693 27493 
Label: 254319
[300,2389602,]
1218 1018 818 618 617 616 416 415 215 214 213 212 211 210 209 208 207 206 205 204 203 202 201 200 400 600 800 1000 1200 1400 1600 1800 2000 2200 2400 2600 2800 3000 3200 3400 3600 3800 4000 4200 4400 4600 4800 5000 5200 5400 5600 5800 6000 6200 6400 6600 6800 7000 7200 7400 7600 7800 8000 8200 8400 8600 8800 9000 9200 9400 9600 9800 10000 10200 10400 10600 10800 11000 11200 11400 11600 11800 12000 12200 12400 12600 12800 13000 13200 13400 13600 13800 14000 14200 14400 14600 14800 15000 15200 15400 15600 15800 16000 16200 16400 16600 16800 17000 17200 17400 17600 17800 18000 18200 18400 18600 18800 19000 19200 19400 19600 19800 20000 20200 20400 20600 20800 20801 20802 20803 20804 20805 20806 20807 20808 20608 20609 20610 20410 20411 20412 20212 20213 20013 20014 20015 19815 19816 19817 19617 19618 19619 19620 19621 19622 19623 19624 19625 19626 19627 19628 19629 19630 19631 19632 19633 19634 19635 19636 19637 19638 19639 19640 19641 19642 19643 19443 19444 19244 19245 19246 19046 19047 18847 18848 18849 18649 18650 18450 18451 18452 18252 18253 18254 18255 18256 18257 18258 18259 18260 18261 18262 18462 18463 18464 18465 18466 18666 18667 18867 19067 19068 19268 19468 19668 19669 19869 20069 20070 20270 20470 20471 20671 20871 20872 21072 21073 21273 21473 21673 21873 22073 22273 22473 22673 22873 23073 23273 23473 23673 23873 24073 24273 24473 24673 24873 25073 25273 25274 25275 25475 25476 25676 25876 26076 26276 26476 26676 26876 27076 27276 27476 27676 27876 28076 28276 28476 28676 28876 29076 29276 29476 29676 29677 29678 29679 29680 29681 29682 29683 29684 29685 29686 29687 29688 29689 29690 29691 29692 29693 29493 29293 29093 28893 28693 28493 28293 28093 27893 27693 27493 
Label: 53549
[214,4029448,]
1218 1219 1220 1221 1222 1223 1224 1225 1226 1227 1228 1229 1230 1231 1232 1233 1234 1235 1236 1237 1238 1239 1240 1241 1242 1243 1244 1245 1246 1247 1248 1249 1250 1251 1252 1253 1254 1255 1455 1456 1656 1657 1658 1659 1660 1860 1861 1862 2062 2063 2064 2264 2265 2266 2466 2467 2468 2668 2669 2869 2870 3070 3071 3271 3272 3472 3473 3673 3873 3874 4074 4274 4275 4475 4675 4875 5075 5275 5475 5675 5875 6075 6275 6475 6675 6875 7075 7275 7475 7675 7875 8075 8275 8475 8675 8875 9075 9275 9475 9675 9875 10075 10275 10475 10675 10875 11075 11275 11475 11675 11875 12075 12275 12274 12474 12674 12673 12873 12872 13072 13071 13271 13471 13671 13871 14071 14271 14471 14671 14871 15071 15271 15471 15671 15871 16071 16271 16471 16671 16871 17071 17271 17471 17671 17871 18071 18271 18471 18671 18871 19071 19271 19471 19671 19871 20071 20271 20471 20671 20871 20872 21072 21073 21273 21473 21673 21873 22073 22273 22473 22673 22873 23073 23273 23473 23673 23873 24073 24273 24473 24673 24873 25073 25273 25274 25275 25475 25476 25477 25677 25678 25878 26078 26278 26478 26678 26878 27078 27278 27478 27479 27480 27481 27482 27483 27484 27485 27486 27487 27488 27489 27490 27491 27492 27493 
Label: 250963
[278,2406029,]
1218 1217 1216 1215 1214 1213 1212 1211 1210 1209 1208 1207 1206 1205 1204 1203 1202 1201 1200 1400 1600 1800 2000 2200 2400 2600 2800 3000 3200 3400 3600 3800 4000 4200 4400 4600 4800 5000 5200 5400 5600 5800 6000 6200 6400 6600 6800 7000 7200 7400 7600 7800 8000 8200 8400 8600 8800 9000 9200 9400 9600 9800 10000 10200 10400 10600 10800 11000 11200 11400 11600 11800 12000 12200 12400 12600 12800 13000 13200 13400 13600 13800 14000 14200 14400 14600 14800 15000 15200 15400 15600 15800 16000 16200 16400 16600 16800 17000 17200 17400 17600 17800 18000 18200 18400 18600 18800 19000 19200 19400 19600 19800 20000 20200 20400 20401 20402 20403 20404 20405 20406 20407 20408 20409 20410 20411 20412 20212 20213 20013 20014 20015 19815 19816 19817 19617 19618 19619 19620 19621 19622 19623 19624 19625 19626 19627 19628 19629 19630 19631 19632 19633 19634 19635 19636 19637 19638 19639 19640 19641 19642 19643 19443 19444 19244 19245 19246 19046 19047 18847 18848 18849 18649 18650 18651 18652 18653 18654 18655 18656 18657 18658 18659 18660 18661 18662 18663 18664 18665 18666 18667 18867 19067 19068 19268 19468 19668 19669 19869 20069 20070 20270 20470 20471 20671 20871 20872 21072 21073 21273 21473 21673 21873 22073 22273 22473 22673 22873 23073 23273 23473 23673 23873 24073 24273 24473 24673 24873 25073 25273 25274 25275 25475 25476 25676 25876 26076 26276 26476 26676 26876 27076 27276 27476 27676 27876 28076 28276 28476 28676 28876 29076 29276 29277 29278 29279 29280 29281 29282 29283 29284 29285 29286 29287 29288 29289 29290 29291 29292 29293 29093 28893 28693 28493 28293 28093 27893 27693 27493 
Label: 78993
[220,3895686,]
1218 1018 818 618 619 620 621 622 623 624 625 626 627 628 629 630 631 632 633 634 635 636 637 638 639 640 641 642 643 644 645 646 647 648 649 650 651 652 852 853 1053 1253 1254 1255 1455 1456 1656 1657 1658 1659 1660 1860 1861 1862 2062 2063 2064 2264 2265 2266 2466 2467 2468 2668 2669 2869 2870 3070 3071 3271 3272 3472 3473 3673 3873 3874 4074 4274 4275 4475 4675 4875 5075 5275 5475 5675 5875 6075 6275 6475 6675 6875 7075 7275 7475 7675 7875 8075 8275 8475 8675 8875 9075 9275 9475 9675 9875 10075 10275 10475 10675 10875 11075 11275 11475 11675 11875 12075 12275 12274 12474 12674 12673 12873 12872 13072 13071 13271 13471 13671 13871 14071 14271 14471 14671 14871 15071 15271 15471 15671 15871 16071 16271 16471 16671 16871 17071 17271 17471 17671 17871 18071 18271 18471 18671 18871 19071 19271 19471 19671 19871 20071 20271 20471 20671 20871 20872 21072 21073 21273 21473 21673 21873 22073 22273 22473 22673 22873 23073 23273 23473 23673 23873 24073 24273 24473 24673 24873 25073 25273 25274 25275 25475 25476 25477 25677 25678 25878 26078 26278 26478 26678 26878 27078 27278 27478 27479 27480 27481 27482 27483 27484 27485 27486 27487 27488 27489 27490 27491 27492 27493 
Label: 75194
[218,3938402,]
1218 1018 818 819 820 821 822 823 824 825 826 827 828 829 830 831 832 833 834 835 836 837 838 839 840 841 842 843 844 845 846 847 848 849 850 851 852 853 1053 1253 1254 1255 1455 1456 1656 1657 1658 1659 1660 1860 1861 1862 2062 2063 2064 2264 2265 2266 2466 2467 2468 2668 2669 2869 2870 3070 3071 3271 3272 3472 3473 3673 3873 3874 4074 4274 4275 4475 4675 4875 5075 5275 5475 5675 5875 6075 6275 6475 6675 6875 7075 7275 7475 7675 7875 8075 8275 8475 8675 8875 9075 9275 9475 9675 9875 10075 10275 10475 10675 10875 11075 11275 11475 11675 11875 12075 12275 12274 12474 12674 12673 12873 12872 13072 13071 13271 13471 13671 13871 14071 14271 14471 14671 14871 15071 15271 15471 15671 15871 16071 16271 16471 16671 16871 17071 17271 17471 17671 17871 18071 18271 18471 18671 18871 19071 19271 19471 19671 19871 20071 20271 20471 20671 20871 20872 21072 21073 21273 21473 21673 21873 22073 22273 22473 22673 22873 23073 23273 23473 23673 23873 24073 24273 24473 24673 24873 25073 25273 25274 25275 25475 25476 25477 25677 25678 25878 26078 26278 26478 26678 26878 27078 27278 27478 27479 27480 27481 27482 27483 27484 27485 27486 27487 27488 27489 27490 27491 27492 27493 
Label: 101092
[230,3692189,]
1218 1018 818 618 418 218 18 19 20 21 22 23 24 25 26 27 28 29 30 31 32 33 34 35 36 37 38 39 40 41 42 43 44 45 46 47 48 49 50 51 251 451 452 652 852 853 1053 1253 1254 1255 1455 1456 1656 1657 1658 1659 1660 1860 1861 1862 2062 2063 2064 2264 2265 2266 2466 2467 2468 2668 2669 2869 2870 3070 3071 3271 3272 3472 3473 3673 3873 3874 4074 4274 4275 4475 4675 4875 4876 5076 5276 5476 5676 5876 6076 6276 6476 6676 6876 7076 7276 7476 7676 7876 8076 8276 8476 8676 8876 9076 9276 9476 9676 9876 10076 10276 10476 10676 10876 11076 11276 11476 11676 11675 11875 12075 12275 12274 12474 12674 12673 12873 12872 13072 13071 13271 13270 13470 13670 13870 14070 14270 14470 14670 14870 15070 15270 15470 15670 15870 16070 16270 16470 16670 16870 17070 17270 17470 17670 17870 18070 18270 18470 18670 18870 19070 19270 19470 19670 19870 20070 20270 20470 20471 20671 20871 20872 21072 21073 21273 21473 21673 21873 22073 22273 22473 22673 22873 23073 23273 23473 23673 23873 24073 24273 24473 24673 24873 25073 25273 25274 25275 25475 25476 25477 25677 25678 25878 26078 26278 26478 26678 26878 27078 27278 27478 27479 27480 27481 27482 27483 27484 27485 27486 27487 27488 27489 27490 27491 27492 27493 
Label: 228692
[264,2473627,]
1218 1217 1216 1215 1214 1213 1212 1211 1210 1209 1208 1207 1206 1205 1204 1203 1202 1201 1200 1400 1600 1800 2000 2200 2400 2600 2800 3000 3200 3400 3600 3800 4000 4200 4400 4600 4800 5000 5200 5400 5600 5800 6000 6200 6400 6600 6800 7000 7200 7400 7600 7800 8000 8200 8400 8600 8800 9000 9200 9400 9600 9800 10000 10200 10400 10600 10800 11000 11200 11400 11600 11800 12000 12200 12400 12600 12800 13000 13200 13400 13600 13800 14000 14200 14400 14600 14800 15000 15200 15400 15600 15800 16000 16200 16400 16600 16800 17000 17200 17400 17600 17800 18000 18200 18400 18600 18800 19000 19200 19400 19600 19800 20000 20200 20400 20600 20601 20602 20603 20604 20605 20606 20607 20608 20609 20610 20410 20411 20412 20212 20213 20013 20014 20015 19815 19816 19817 19617 19618 19619 19620 19621 19622 19623 19624 19625 19626 19627 19628 19629 19630 19631 19632 19633 19634 19635 19636 19637 19638 19639 19640 19641 19642 19643 19443 19444 19244 19245 19246 19046 19047 18847 18848 18849 18649 18650 18450 18451 18452 18453 18454 18455 18456 18457 18458 18459 18460 18461 18462 18463 18464 18465 18466 18666 18667 18867 19067 19068 19268 19468 19668 19669 19869 20069 20070 20270 20470 20471 20671 20871 20872 21072 21073 21273 21473 21673 21873 22073 22273 22473 22673 22873 23073 23273 23473 23673 23873 24073 24273 24473 24673 24873 25073 25273 25274 25275 25475 25476 25477 25677 25678 25878 26078 26278 26478 26678 26878 27078 27278 27478 27479 27480 27481 27482 27483 27484 27485 27486 27487 27488 27489 27490 27491 27492 27493 
Label: 253803
[292,2390313,]
1218 1018 818 618 617 616 615 614 613 612 611 610 609 608 607 606 605 604 603 602 601 600 800 1000 1200 1400 1600 1800 2000 2200 2400 2600 2800 3000 3200 3400 3600 3800 4000 4200 4400 4600 4800 5000 5200 5400 5600 5800 6000 6200 6400 6600 6800 7000 7200 7400 7600 7800 8000 8200 8400 8600 8800 9000 9200 9400 9600 9800 10000 10200 10400 10600 10800 11000 11200 11400 11600 11800 12000 12200 12400 12600 12800 13000 13200 13400 13600 13800 14000 14200 14400 14600 14800 15000 15200 15400 15600 15800 16000 16200 16400 16600 16800 17000 17200 17400 17600 17800 18000 18200 18400 18600 18800 19000 19200 19400 19600 19800 20000 20200 20400 20600 20800 20801 20802 20803 20804 20805 20806 20807 20808 20608 20609 20610 20410 20411 20412 20212 20213 20013 20014 20015 19815 19816 19817 19617 19618 19619 19620 19621 19622 19623 19624 19625 19626 19627 19628 19629 19630 19631 19632 19633 19634 19635 19636 19637 19638 19639 19640 19641 19642 19643 19443 19444 19244 19245 19246 19046 19047 18847 18848 18849 18649 18650 18450 18451 18452 18453 18454 18455 18456 18457 18458 18459 18460 18461 18462 18463 18464 18465 18466 18666 18667 18867 19067 19068 19268 19468 19668 19669 19869 20069 20070 20270 20470 20471 20671 20871 20872 21072 21073 21273 21473 21673 21873 22073 22273 22473 22673 22873 23073 23273 23473 23673 23873 24073 24273 24473 24673 24873 25073 25273 25274 25275 25475 25476 25676 25876 26076 26276 26476 26676 26876 27076 27276 27476 27676 27876 28076 28276 28476 28676 28876 29076 29276 29476 29477 29478 29479 29480 29481 29482 29483 29484 29485 29486 29487 29488 29489 29490 29491 29492 29493 29293 29093 28893 28693 28493 28293 28093 27893 27693 27493 
Label: 196691
[252,2530348,]
1218 1217 1216 1215 1214 1213 1212 1211 1210 1209 1208 1207 1206 1205 1204 1203 1202 1201 1200 1400 1600 1800 2000 2200 2400 2600 2800 3000 3200 3400 3600 3800 4000 4200 4400 4600 4800 5000 5200 5400 5600 5800 6000 6200 6400 6600 6800 7000 7200 7400 7600 7800 8000 8200 8400 8600 8800 9000 9200 9400 9600 9800 10000 10200 10400 10600 10800 11000 11200 11400 11600 11800 12000 12200 12400 12600 12800 13000 13200 13400 13600 13800 14000 14200 14400 14600 14800 15000 15200 15400 15600 15800 16000 16200 16400 16600 16800 17000 17200 17400 17600 17800 18000 18200 18400 18600 18800 19000 19200 19400 19600 19800 20000 20001 20002 20003 20004 20005 20006 20007 20008 20009 20010 20011 20012 20013 20014 20015 19815 19816 19817 19617 19618 19619 19620 19621 19622 19623 19624 19625 19626 19627 19628 19629 19630 19631 19632 19633 19634 19635 19636 19637 19638 19639 19640 19641 19642 19643 19443 19444 19244 19245 19246 19046 19047 19048 19049 19050 19051 19052 19053 19054 19055 19056 19057 19058 19059 19060 19061 19062 19063 19064 19065 19066 19067 19068 19268 19468 19668 19669 19869 20069 20070 20270 20470 20471 20671 20871 20872 21072 21073 21273 21473 21673 21873 22073 22273 22473 22673 22873 23073 23273 23473 23673 23873 24073 24273 24473 24673 24873 25073 25273 25274 25275 25475 25476 25477 25677 25678 25878 26078 26278 26478 26678 26878 27078 27278 27478 27479 27480 27481 27482 27483 27484 27485 27486 27487 27488 27489 27490 27491 27492 27493 
Label: 91466
[226,3763832,]
1218 1018 818 618 418 218 18 19 20 21 22 23 24 25 26 27 28 29 30 31 32 33 34 35 36 37 38 39 40 41 42 43 44 45 46 47 48 49 50 51 251 451 452 652 852 853 1053 1253 1254 1255 1455 1456 1656 1657 1658 1659 1660 1860 1861 1862 2062 2063 2064 2264 2265 2266 2466 2467 2468 2668 2669 2869 2870 3070 3071 3271 3272 3472 3473 3673 3873 3874 4074 4274 4275 4475 4675 4875 5075 5275 5475 5675 5875 6075 6275 6475 6675 6875 7075 7275 7475 7675 7875 8075 8275 8475 8675 8875 9075 9275 9475 9675 9875 10075 10275 10475 10675 10875 11075 11275 11475 11675 11875 12075 12275 12274 12474 12674 12673 12873 12872 13072 13071 13271 13471 13671 13871 14071 14271 14471 14671 14871 15071 15271 15471 15671 15871 16071 16271 16471 16671 16871 17071 17271 17471 17671 17871 18071 18271 18471 18671 18871 19071 19271 19471 19671 19871 20071 20271 20471 20671 20871 20872 21072 21073 21273 21473 21673 21873 22073 22273 22473 22673 22873 23073 23273 23473 23673 23873 24073 24273 24473 24673 24873 25073 25273 25274 25275 25475 25476 25477 25677 25678 25878 26078 26278 26478 26678 26878 27078 27278 27478 27479 27480 27481 27482 27483 27484 27485 27486 27487 27488 27489 27490 27491 27492 27493 
Label: 253539
[288,2391471,]
1218 1018 818 817 816 815 814 813 812 811 810 809 808 807 806 805 804 803 802 801 800 1000 1200 1400 1600 1800 2000 2200 2400 2600 2800 3000 3200 3400 3600 3800 4000 4200 4400 4600 4800 5000 5200 5400 5600 5800 6000 6200 6400 6600 6800 7000 7200 7400 7600 7800 8000 8200 8400 8600 8800 9000 9200 9400 9600 9800 10000 10200 10400 10600 10800 11000 11200 11400 11600 11800 12000 12200 12400 12600 12800 13000 13200 13400 13600 13800 14000 14200 14400 14600 14800 15000 15200 15400 15600 15800 16000 16200 16400 16600 16800 17000 17200 17400 17600 17800 18000 18200 18400 18600 18800 19000 19200 19400 19600 19800 20000 20200 20400 20600 20601 20602 20603 20604 20605 20606 20607 20608 20609 20610 20410 20411 20412 20212 20213 20013 20014 20015 19815 19816 19817 19617 19618 19619 19620 19621 19622 19623 19624 19625 19626 19627 19628 19629 19630 19631 19632 19633 19634 19635 19636 19637 19638 19639 19640 19641 19642 19643 19443 19444 19244 19245 19246 19046 19047 18847 18848 18849 18649 18650 18450 18451 18452 18453 18454 18455 18456 18457 18458 18459 18460 18461 18462 18463 18464 18465 18466 18666 18667 18867 19067 19068 19268 19468 19668 19669 19869 20069 20070 20270 20470 20471 20671 20871 20872 21072 21073 21273 21473 21673 21873 22073 22273 22473 22673 22873 23073 23273 23473 23673 23873 24073 24273 24473 24673 24873 25073 25273 25274 25275 25475 25476 25676 25876 26076 26276 26476 26676 26876 27076 27276 27476 27676 27876 28076 28276 28476 28676 28876 29076 29276 29476 29477 29478 29479 29480 29481 29482 29483 29484 29485 29486 29487 29488 29489 29490 29491 29492 29493 29293 29093 28893 28693 28493 28293 28093 27893 27693 27493 
Label: 164691
[244,2663328,]
1218 1217 1216 1215 1214 1213 1212 1211 1210 1209 1208 1207 1206 1205 1204 1203 1202 1201 1200 1400 1600 1800 2000 2200 2400 2600 2800 3000 3200 3400 3600 3800 4000 4200 4400 4600 4800 5000 5200 5400 5600 5800 6000 6200 6400 6600 6800 7000 7200 7400 7600 7800 8000 8200 8400 8600 8800 9000 9200 9400 9600 9800 10000 10200 10400 10600 10800 11000 11200 11400 11600 11800 12000 12200 12400 12600 12800 13000 13200 13400 13600 13800 14000 14200 14400 14600 14800 15000 15200 15400 15600 15800 16000 16200 16400 16600 16800 17000 17200 17400 17600 17800 18000 18200 18400 18600 18800 19000 19200 19400 19600 19601 19602 19603 19604 19605 19606 19607 19608 19609 19610 19611 19612 19613 19614 19615 19616 19617 19618 19619 19620 19621 19622 19623 19624 19625 19626 19627 19628 19629 19630 19631 19632 19633 19634 19635 19636 19637 19638 19639 19640 19641 19642 19643 19443 19444 19445 19446 19447 19448 19449 19450 19451 19452 19453 19454 19455 19456 19457 19458 19459 19460 19461 19462 19463 19464 19465 19466 19467 19468 19668 19669 19869 20069 20070 20270 20470 20471 20671 20871 20872 21072 21073 21273 21473 21673 21873 22073 22273 22473 22673 22873 23073 23273 23473 23673 23873 24073 24273 24473 24673 24873 25073 25273 25274 25275 25475 25476 25477 25677 25678 25878 26078 26278 26478 26678 26878 27078 27278 27478 27479 27480 27481 27482 27483 27484 27485 27486 27487 27488 27489 27490 27491 27492 27493 
Label: 252955
[282,2396302,]
1218 1217 1216 1215 1214 1213 1212 1211 1210 1209 1208 1207 1206 1205 1204 1203 1202 1201 1200 1400 1600 1800 2000 2200 2400 2600 2800 3000 3200 3400 3600 3800 4000 4200 4400 4600 4800 5000 5200 5400 5600 5800 6000 6200 6400 6600 6800 7000 7200 7400 7600 7800 8000 8200 8400 8600 8800 9000 9200 9400 9600 9800 10000 10200 10400 10600 10800 11000 11200 11400 11600 11800 12000 12200 12400 12600 12800 13000 13200 13400 13600 13800 14000 14200 14400 14600 14800 15000 15200 15400 15600 15800 16000 16200 16400 16600 16800 17000 17200 17400 17600 17800 18000 18200 18400 18600 18800 19000 19200 19400 19600 19800 20000 20200 20400 20401 20402 20403 20404 20405 20406 20407 20408 20409 20410 20411 20412 20212 20213 20013 20014 20015 19815 19816 19817 19617 19618 19619 19620 19621 19622 19623 19624 19625 19626 19627 19628 19629 19630 19631 19632 19633 19634 19635 19636 19637 19638 19639 19640 19641 19642 19643 19443 19444 19244 19245 19246 19046 19047 18847 18848 18849 18649 18650 18450 18451 18452 18453 18454 18455 18456 18457 18458 18459 18460 18461 18462 18463 18464 18465 18466 18666 18667 18867 19067 19068 19268 19468 19668 19669 19869 20069 20070 20270 20470 20471 20671 20871 20872 21072 21073 21273 21473 21673 21873 22073 22273 22473 22673 22873 23073 23273 23473 23673 23873 24073 24273 24473 24673 24873 25073 25273 25274 25275 25475 25476 25676 25876 26076 26276 26476 26676 26876 27076 27276 27476 27676 27876 28076 28276 28476 28676 28876 29076 29276 29476 29477 29478 29479 29480 29481 29482 29483 29484 29485 29486 29487 29488 29489 29490 29491 29492 29493 29293 29093 28893 28693 28493 28293 28093 27893 27693 27493 
Label: 253395
[286,2392228,]
1218 1018 1017 1016 1015 1014 1013 1012 1011 1010 1009 1008 1007 1006 1005 1004 1003 1002 1001 1000 1200 1400 1600 1800 2000 2200 2400 2600 2800 3000 3200 3400 3600 3800 4000 4200 4400 4600 4800 5000 5200 5400 5600 5800 6000 6200 6400 6600 6800 7000 7200 7400 7600 7800 8000 8200 8400 8600 8800 9000 9200 9400 9600 9800 10000 10200 10400 10600 10800 11000 11200 11400 11600 11800 12000 12200 12400 12600 12800 13000 13200 13400 13600 13800 14000 14200 14400 14600 14800 15000 15200 15400 15600 15800 16000 16200 16400 16600 16800 17000 17200 17400 17600 17800 18000 18200 18400 18600 18800 19000 19200 19400 19600 19800 20000 20200 20400 20600 20601 20602 20603 20604 20605 20606 20607 20608 20609 20610 20410 20411 20412 20212 20213 20013 20014 20015 19815 19816 19817 19617 19618 19619 19620 19621 19622 19623 19624 19625 19626 19627 19628 19629 19630 19631 19632 19633 19634 19635 19636 19637 19638 19639 19640 19641 19642 19643 19443 19444 19244 19245 19246 19046 19047 18847 18848 18849 18649 18650 18450 18451 18452 18453 18454 18455 18456 18457 18458 18459 18460 18461 18462 18463 18464 18465 18466 18666 18667 18867 19067 19068 19268 19468 19668 19669 19869 20069 20070 20270 20470 20471 20671 20871 20872 21072 21073 21273 21473 21673 21873 22073 22273 22473 22673 22873 23073 23273 23473 23673 23873 24073 24273 24473 24673 24873 25073 25273 25274 25275 25475 25476 25676 25876 26076 26276 26476 26676 26876 27076 27276 27476 27676 27876 28076 28276 28476 28676 28876 29076 29276 29476 29477 29478 29479 29480 29481 29482 29483 29484 29485 29486 29487 29488 29489 29490 29491 29492 29493 29293 29093 28893 28693 28493 28293 28093 27893 27693 27493 
Label: 64241
[216,3982175,]
1218 1018 1019 1020 1021 1022 1023 1024 1025 1026 1027 1028 1029 1030 1031 1032 1033 1034 1035 1036 1037 1038 1039 1040 1041 1042 1043 1044 1045 1046 1047 1048 1049 1050 1051 1052 1053 1253 1254 1255 1455 1456 1656 1657 1658 1659 1660 1860 1861 1862 2062 2063 2064 2264 2265 2266 2466 2467 2468 2668 2669 2869 2870 3070 3071 3271 3272 3472 3473 3673 3873 3874 4074 4274 4275 4475 4675 4875 5075 5275 5475 5675 5875 6075 6275 6475 6675 6875 7075 7275 7475 7675 7875 8075 8275 8475 8675 8875 9075 9275 9475 9675 9875 10075 10275 10475 10675 10875 11075 11275 11475 11675 11875 12075 12275 12274 12474 12674 12673 12873 12872 13072 13071 13271 13471 13671 13871 14071 14271 14471 14671 14871 15071 15271 15471 15671 15871 16071 16271 16471 16671 16871 17071 17271 17471 17671 17871 18071 18271 18471 18671 18871 19071 19271 19471 19671 19871 20071 20271 20471 20671 20871 20872 21072 21073 21273 21473 21673 21873 22073 22273 22473 22673 22873 23073 23273 23473 23673 23873 24073 24273 24473 24673 24873 25073 25273 25274 25275 25475 25476 25477 25677 25678 25878 26078 26278 26478 26678 26878 27078 27278 27478 27479 27480 27481 27482 27483 27484 27485 27486 27487 27488 27489 27490 27491 27492 27493 
Label: 173078
[246,2620020,]
1218 1217 1216 1215 1214 1213 1212 1211 1210 1209 1208 1207 1206 1205 1204 1203 1202 1201 1200 1400 1600 1800 2000 2200 2400 2600 2800 3000 3200 3400 3600 3800 4000 4200 4400 4600 4800 5000 5200 5400 5600 5800 6000 6200 6400 6600 6800 7000 7200 7400 7600 7800 8000 8200 8400 8600 8800 9000 9200 9400 9600 9800 10000 10200 10400 10600 10800 11000 11200 11400 11600 11800 12000 12200 12400 12600 12800 13000 13200 13400 13600 13800 14000 14200 14400 14600 14800 15000 15200 15400 15600 15800 16000 16200 16400 16600 16800 17000 17200 17400 17600 17800 18000 18200 18400 18600 18800 19000 19200 19400 19600 19601 19602 19603 19604 19605 19606 19607 19608 19609 19610 19611 19612 19613 19614 19615 19616 19617 19618 19619 19620 19621 19622 19623 19624 19625 19626 19627 19628 19629 19630 19631 19632 19633 19634 19635 19636 19637 19638 19639 19640 19641 19642 19643 19443 19444 19244 19245 19246 19247 19248 19249 19250 19251 19252 19253 19254 19255 19256 19257 19258 19259 19260 19261 19262 19263 19264 19265 19266 19267 19268 19468 19668 19669 19869 20069 20070 20270 20470 20471 20671 20871 20872 21072 21073 21273 21473 21673 21873 22073 22273 22473 22673 22873 23073 23273 23473 23673 23873 24073 24273 24473 24673 24873 25073 25273 25274 25275 25475 25476 25477 25677 25678 25878 26078 26278 26478 26678 26878 27078 27278 27478 27479 27480 27481 27482 27483 27484 27485 27486 27487 27488 27489 27490 27491 27492 27493 
