graph_load_time: 0.536533
n_generated: 18484
n_expanded: 9162
n_domCheck: 59472
rt_initHeu: 0.478256
rt_search: 0.404108
N: 14
Label: 36201
[235,939950,]
17443 17243 17043 16843 16643 16443 16243 16043 15843 15643 15644 15645 15646 15647 15648 15649 15650 15651 15652 15653 15654 15655 15656 15657 15658 15659 15660 15661 15662 15663 15664 15665 15666 15866 16066 16266 16466 16666 16866 17066 17266 17466 17666 17866 18066 18266 18265 18465 18665 18865 19065 19265 19465 19665 19865 20065 20265 20465 20665 20865 21065 21265 21465 21466 21666 21866 21867 22067 22068 22268 22269 22469 22470 22670 22671 22871 22872 23072 23073 23273 23274 23474 23674 23874 24074 24274 24474 24674 24874 25074 25274 25474 25674 25874 26074 26274 26474 26674 26874 27074 27274 27474 27475 27675 27676 27876 27877 28077 28078 28278 28478 28678 28878 29078 29278 29478 29678 29878 30078 30278 30478 30678 30679 30879 30880 31080 31280 31281 31481 31482 31483 31484 31485 31486 31487 31488 31489 31490 31491 31492 31493 31494 31495 31496 31497 31498 31499 31500 31501 31502 31503 31504 31505 31506 31507 31508 31509 31510 31511 31512 31513 31514 31515 31516 31517 31518 31519 31520 31521 31522 31523 31524 31525 31526 31326 31327 31328 31329 31129 31130 31131 31132 30932 30933 30934 30935 30735 30736 30536 30537 30337 30338 30138 30139 30140 30141 30142 30143 30144 30145 30146 30147 30148 30149 30150 30151 30152 30153 30154 30155 30156 30157 30158 30159 30160 30161 30162 30163 30164 30165 30166 30167 30168 30169 30170 30171 30172 30173 30174 30175 30176 30177 30178 30179 30180 30181 
Label: 36641
[237,939760,]
17443 17243 17043 16843 16643 16443 16243 16043 15843 15643 15443 15444 15445 15446 15447 15448 15449 15450 15451 15452 15453 15454 15455 15456 15457 15458 15459 15460 15461 15462 15463 15464 15465 15466 15666 15866 16066 16266 16466 16666 16866 17066 17266 17466 17666 17866 18066 18266 18265 18465 18665 18865 19065 19265 19465 19665 19865 20065 20265 20465 20665 20865 21065 21265 21465 21466 21666 21866 21867 22067 22068 22268 22269 22469 22470 22670 22671 22871 22872 23072 23073 23273 23274 23474 23674 23874 24074 24274 24474 24674 24874 25074 25274 25474 25674 25874 26074 26274 26474 26674 26874 27074 27274 27474 27475 27675 27676 27876 27877 28077 28078 28278 28478 28678 28878 29078 29278 29478 29678 29878 30078 30278 30478 30678 30679 30879 30880 31080 31280 31281 31481 31482 31483 31484 31485 31486 31487 31488 31489 31490 31491 31492 31493 31494 31495 31496 31497 31498 31499 31500 31501 31502 31503 31504 31505 31506 31507 31508 31509 31510 31511 31512 31513 31514 31515 31516 31517 31518 31519 31520 31521 31522 31523 31524 31525 31526 31326 31327 31328 31329 31129 31130 31131 31132 30932 30933 30934 30935 30735 30736 30536 30537 30337 30338 30138 30139 30140 30141 30142 30143 30144 30145 30146 30147 30148 30149 30150 30151 30152 30153 30154 30155 30156 30157 30158 30159 30160 30161 30162 30163 30164 30165 30166 30167 30168 30169 30170 30171 30172 30173 30174 30175 30176 30177 30178 30179 30180 30181 
Label: 9841
[203,1100879,]
17443 17444 17445 17446 17447 17448 17449 17450 17451 17452 17453 17454 17455 17456 17457 17458 17459 17460 17461 17462 17463 17464 17664 17864 18064 18264 18464 18664 18864 19064 19264 19464 19664 19864 20064 20264 20464 20664 20864 21064 21264 21265 21465 21466 21666 21866 21867 22067 22068 22268 22269 22469 22470 22471 22472 22473 22474 22475 22476 22477 22478 22479 22480 22481 22482 22483 22484 22485 22486 22286 22287 22288 22289 22290 22291 22292 22293 22294 22295 22296 22297 22298 22299 22300 22301 22302 22303 22304 22305 22306 22307 22308 22309 22509 22709 22710 22910 23110 23111 23311 23511 23711 23712 23912 23913 24113 24313 24314 24514 24515 24516 24716 24717 24917 24918 24919 25119 25120 25320 25321 25322 25522 25523 25723 25724 25924 26124 26125 26325 26326 26526 26527 26727 26728 26928 27128 27129 27329 27330 27530 27730 27731 27931 27932 28132 28332 28333 28533 28534 28734 28934 28935 29135 29335 29535 29735 29736 29936 30136 30137 30138 30139 30140 30141 30142 30143 30144 30145 30146 30147 30148 30149 30150 30151 30152 30153 30154 30155 30156 30157 30158 30159 30160 30161 30162 30163 30164 30165 30166 30167 30168 30169 30170 30171 30172 30173 30174 30175 30176 30177 30178 30179 30180 30181 
Label: 7441
[201,1111444,]
17443 17444 17445 17446 17447 17448 17449 17450 17451 17452 17453 17454 17455 17456 17457 17458 17459 17460 17461 17462 17463 17464 17664 17864 18064 18264 18464 18664 18864 19064 19264 19464 19664 19864 20064 20264 20464 20664 20864 21064 21264 21265 21465 21466 21666 21866 21867 22067 22068 22268 22269 22270 22271 22272 22273 22274 22275 22276 22277 22278 22279 22280 22281 22282 22283 22284 22285 22286 22287 22288 22289 22290 22291 22292 22293 22294 22295 22296 22297 22298 22299 22300 22301 22302 22303 22304 22305 22306 22307 22308 22309 22509 22709 22710 22910 23110 23111 23311 23511 23711 23712 23912 23913 24113 24313 24314 24514 24515 24516 24716 24717 24917 24918 24919 25119 25120 25320 25321 25322 25522 25523 25723 25724 25924 26124 26125 26325 26326 26526 26527 26727 26728 26928 27128 27129 27329 27330 27530 27730 27731 27931 27932 28132 28332 28333 28533 28534 28734 28934 28935 29135 29335 29535 29735 29736 29936 30136 30137 30138 30139 30140 30141 30142 30143 30144 30145 30146 30147 30148 30149 30150 30151 30152 30153 30154 30155 30156 30157 30158 30159 30160 30161 30162 30163 30164 30165 30166 30167 30168 30169 30170 30171 30172 30173 30174 30175 30176 30177 30178 30179 30180 30181 
Label: 12081
[205,1092475,]
17443 17444 17445 17446 17447 17448 17449 17450 17451 17452 17453 17454 17455 17456 17457 17458 17459 17460 17461 17462 17463 17464 17664 17864 18064 18264 18464 18664 18864 19064 19264 19464 19664 19864 20064 20264 20464 20664 20864 21064 21264 21265 21465 21466 21666 21866 21867 22067 22068 22268 22269 22469 22470 22471 22472 22473 22474 22475 22476 22477 22478 22479 22480 22481 22482 22483 22484 22485 22486 22286 22287 22087 22088 22089 22090 22091 22092 22093 22094 22095 22096 22097 22098 22099 22100 22101 22102 22103 22104 22105 22106 22107 22108 22308 22309 22509 22709 22710 22910 23110 23111 23311 23511 23711 23712 23912 23913 24113 24313 24314 24514 24515 24516 24716 24717 24917 24918 24919 25119 25120 25320 25321 25322 25522 25523 25723 25724 25924 26124 26125 26325 26326 26526 26527 26727 26728 26928 27128 27129 27329 27330 27530 27730 27731 27931 27932 28132 28332 28333 28533 28534 28734 28934 28935 29135 29335 29535 29735 29736 29936 30136 30137 30138 30139 30140 30141 30142 30143 30144 30145 30146 30147 30148 30149 30150 30151 30152 30153 30154 30155 30156 30157 30158 30159 30160 30161 30162 30163 30164 30165 30166 30167 30168 30169 30170 30171 30172 30173 30174 30175 30176 30177 30178 30179 30180 30181 
Label: 14809
[209,1011602,]
17443 17444 17445 17446 17447 17448 17449 17450 17451 17452 17453 17454 17455 17456 17457 17458 17459 17460 17461 17462 17463 17464 17664 17864 18064 18264 18464 18664 18864 19064 19264 19464 19664 19864 20064 20264 20464 20664 20864 21064 21264 21265 21465 21466 21666 21866 21867 22067 22068 22268 22269 22469 22470 22670 22671 22871 22872 23072 23073 23273 23274 23474 23674 23874 24074 24274 24474 24674 24874 25074 25274 25474 25674 25874 26074 26274 26474 26674 26874 27074 27274 27474 27475 27675 27676 27876 27877 28077 28078 28278 28478 28678 28878 29078 29278 29478 29678 29878 30078 30278 30478 30678 30679 30879 30880 30881 30882 30883 30884 30885 30886 30887 30888 30889 30890 30891 30892 30893 30894 30895 30896 30897 30898 30899 30900 30901 30902 30903 30904 30905 30906 30907 30908 30909 30910 30911 30912 30913 30914 30915 30916 30917 30918 30919 30920 30921 30922 30923 30924 30925 30926 30927 30928 30929 30930 30931 30932 30933 30934 30935 30735 30736 30536 30537 30337 30338 30138 30139 30140 30141 30142 30143 30144 30145 30146 30147 30148 30149 30150 30151 30152 30153 30154 30155 30156 30157 30158 30159 30160 30161 30162 30163 30164 30165 30166 30167 30168 30169 30170 30171 30172 30173 30174 30175 30176 30177 30178 30179 30180 30181 
Label: 16433
[211,975211,]
17443 17444 17445 17446 17447 17448 17449 17450 17451 17452 17453 17454 17455 17456 17457 17458 17459 17460 17461 17462 17463 17464 17664 17864 18064 18264 18464 18664 18864 19064 19264 19464 19664 19864 20064 20264 20464 20664 20864 21064 21264 21265 21465 21466 21666 21866 21867 22067 22068 22268 22269 22469 22470 22670 22671 22871 22872 23072 23073 23273 23274 23474 23674 23874 24074 24274 24474 24674 24874 25074 25274 25474 25674 25874 26074 26274 26474 26674 26874 27074 27274 27474 27475 27675 27676 27876 27877 28077 28078 28278 28478 28678 28878 29078 29278 29478 29678 29878 30078 30278 30478 30678 30679 30879 30880 31080 31081 31082 31083 31084 31085 31086 31087 31088 31089 31090 31091 31092 31093 31094 31095 31096 31097 31098 31099 31100 31101 31102 31103 31104 31105 31106 31107 31108 31109 31110 31111 31112 31113 31114 31115 31116 31117 31118 31119 31120 31121 31122 31123 31124 31125 31126 31127 31128 31129 31130 31131 31132 30932 30933 30934 30935 30735 30736 30536 30537 30337 30338 30138 30139 30140 30141 30142 30143 30144 30145 30146 30147 30148 30149 30150 30151 30152 30153 30154 30155 30156 30157 30158 30159 30160 30161 30162 30163 30164 30165 30166 30167 30168 30169 30170 30171 30172 30173 30174 30175 30176 30177 30178 30179 30180 30181 
Label: 18973
[213,955309,]
17443 17444 17445 17446 17447 17448 17449 17450 17451 17452 17453 17454 17455 17456 17457 17458 17459 17460 17461 17462 17463 17464 17664 17864 18064 18264 18464 18664 18864 19064 19264 19464 19664 19864 20064 20264 20464 20664 20864 21064 21264 21265 21465 21466 21666 21866 21867 22067 22068 22268 22269 22469 22470 22670 22671 22871 22872 23072 23073 23273 23274 23474 23674 23874 24074 24274 24474 24674 24874 25074 25274 25474 25674 25874 26074 26274 26474 26674 26874 27074 27274 27474 27475 27675 27676 27876 27877 28077 28078 28278 28478 28678 28878 29078 29278 29478 29678 29878 30078 30278 30478 30678 30679 30879 30880 31080 31280 31281 31282 31283 31284 31285 31286 31287 31288 31289 31290 31291 31292 31293 31294 31295 31296 31297 31298 31299 31300 31301 31302 31303 31304 31305 31306 31307 31308 31309 31310 31311 31312 31313 31314 31315 31316 31317 31318 31319 31320 31321 31322 31323 31324 31325 31326 31327 31328 31329 31129 31130 31131 31132 30932 30933 30934 30935 30735 30736 30536 30537 30337 30338 30138 30139 30140 30141 30142 30143 30144 30145 30146 30147 30148 30149 30150 30151 30152 30153 30154 30155 30156 30157 30158 30159 30160 30161 30162 30163 30164 30165 30166 30167 30168 30169 30170 30171 30172 30173 30174 30175 30176 30177 30178 30179 30180 30181 
Label: 21577
[215,951426,]
17443 17444 17445 17446 17447 17448 17449 17450 17451 17452 17453 17454 17455 17456 17457 17458 17459 17460 17461 17462 17463 17464 17664 17864 18064 18264 18464 18664 18864 19064 19264 19464 19664 19864 20064 20264 20464 20664 20864 21064 21264 21265 21465 21466 21666 21866 21867 22067 22068 22268 22269 22469 22470 22670 22671 22871 22872 23072 23073 23273 23274 23474 23674 23874 24074 24274 24474 24674 24874 25074 25274 25474 25674 25874 26074 26274 26474 26674 26874 27074 27274 27474 27475 27675 27676 27876 27877 28077 28078 28278 28478 28678 28878 29078 29278 29478 29678 29878 30078 30278 30478 30678 30679 30879 30880 31080 31280 31281 31481 31482 31483 31484 31485 31486 31487 31488 31489 31490 31491 31492 31493 31494 31495 31496 31497 31498 31499 31500 31501 31502 31503 31504 31505 31506 31507 31508 31509 31510 31511 31512 31513 31514 31515 31516 31517 31518 31519 31520 31521 31522 31523 31524 31525 31526 31326 31327 31328 31329 31129 31130 31131 31132 30932 30933 30934 30935 30735 30736 30536 30537 30337 30338 30138 30139 30140 30141 30142 30143 30144 30145 30146 30147 30148 30149 30150 30151 30152 30153 30154 30155 30156 30157 30158 30159 30160 30161 30162 30163 30164 30165 30166 30167 30168 30169 30170 30171 30172 30173 30174 30175 30176 30177 30178 30179 30180 30181 
Label: 34733
[229,944555,]
17443 17243 17043 16843 16643 16443 16243 16043 16044 16045 16046 16047 16048 16049 16050 16051 16052 16053 16054 16055 16056 16057 16058 16059 16060 16061 16062 16063 16064 16065 16265 16465 16665 16865 17065 17265 17465 17665 17865 18065 18265 18465 18665 18865 19065 19265 19465 19665 19865 20065 20265 20465 20665 20865 21065 21265 21465 21466 21666 21866 21867 22067 22068 22268 22269 22469 22470 22670 22671 22871 22872 23072 23073 23273 23274 23474 23674 23874 24074 24274 24474 24674 24874 25074 25274 25474 25674 25874 26074 26274 26474 26674 26874 27074 27274 27474 27475 27675 27676 27876 27877 28077 28078 28278 28478 28678 28878 29078 29278 29478 29678 29878 30078 30278 30478 30678 30679 30879 30880 31080 31280 31281 31481 31482 31483 31484 31485 31486 31487 31488 31489 31490 31491 31492 31493 31494 31495 31496 31497 31498 31499 31500 31501 31502 31503 31504 31505 31506 31507 31508 31509 31510 31511 31512 31513 31514 31515 31516 31517 31518 31519 31520 31521 31522 31523 31524 31525 31526 31326 31327 31328 31329 31129 31130 31131 31132 30932 30933 30934 30935 30735 30736 30536 30537 30337 30338 30138 30139 30140 30141 30142 30143 30144 30145 30146 30147 30148 30149 30150 30151 30152 30153 30154 30155 30156 30157 30158 30159 30160 30161 30162 30163 30164 30165 30166 30167 30168 30169 30170 30171 30172 30173 30174 30175 30176 30177 30178 30179 30180 30181 
Label: 33981
[227,947948,]
17443 17243 17043 16843 16643 16443 16243 16244 16245 16246 16247 16248 16249 16250 16251 16252 16253 16254 16255 16256 16257 16258 16259 16260 16261 16262 16263 16264 16265 16465 16665 16865 17065 17265 17465 17665 17865 18065 18265 18465 18665 18865 19065 19265 19465 19665 19865 20065 20265 20465 20665 20865 21065 21265 21465 21466 21666 21866 21867 22067 22068 22268 22269 22469 22470 22670 22671 22871 22872 23072 23073 23273 23274 23474 23674 23874 24074 24274 24474 24674 24874 25074 25274 25474 25674 25874 26074 26274 26474 26674 26874 27074 27274 27474 27475 27675 27676 27876 27877 28077 28078 28278 28478 28678 28878 29078 29278 29478 29678 29878 30078 30278 30478 30678 30679 30879 30880 31080 31280 31281 31481 31482 31483 31484 31485 31486 31487 31488 31489 31490 31491 31492 31493 31494 31495 31496 31497 31498 31499 31500 31501 31502 31503 31504 31505 31506 31507 31508 31509 31510 31511 31512 31513 31514 31515 31516 31517 31518 31519 31520 31521 31522 31523 31524 31525 31526 31326 31327 31328 31329 31129 31130 31131 31132 30932 30933 30934 30935 30735 30736 30536 30537 30337 30338 30138 30139 30140 30141 30142 30143 30144 30145 30146 30147 30148 30149 30150 30151 30152 30153 30154 30155 30156 30157 30158 30159 30160 30161 30162 30163 30164 30165 30166 30167 30168 30169 30170 30171 30172 30173 30174 30175 30176 30177 30178 30179 30180 30181 
Label: 13709
[207,1063224,]
17443 17444 17445 17446 17447 17448 17449 17450 17451 17452 17453 17454 17455 17456 17457 17458 17459 17460 17461 17462 17463 17464 17664 17864 18064 18264 18464 18664 18864 19064 19264 19464 19664 19864 20064 20264 20464 20664 20864 21064 21264 21265 21465 21466 21666 21866 21867 22067 22068 22268 22269 22469 22470 22670 22671 22871 22872 23072 23073 23273 23274 23474 23674 23874 24074 24274 24474 24674 24874 25074 25274 25474 25674 25874 26074 26274 26474 26674 26874 27074 27274 27474 27475 27675 27676 27876 27877 28077 28078 28278 28478 28678 28878 29078 29278 29478 29678 29878 30078 30278 30478 30678 30679 30680 30681 30682 30683 30684 30685 30686 30687 30688 30689 30690 30691 30692 30693 30694 30695 30696 30697 30698 30699 30700 30701 30702 30703 30704 30705 30706 30707 30708 30709 30710 30711 30712 30713 30714 30715 30716 30717 30718 30719 30720 30721 30722 30723 30724 30725 30726 30727 30728 30729 30730 30731 30732 30733 30734 30735 30736 30536 30537 30337 30338 30138 30139 30140 30141 30142 30143 30144 30145 30146 30147 30148 30149 30150 30151 30152 30153 30154 30155 30156 30157 30158 30159 30160 30161 30162 30163 30164 30165 30166 30167 30168 30169 30170 30171 30172 30173 30174 30175 30176 30177 30178 30179 30180 30181 
Label: 35749
[233,940186,]
17443 17243 17043 16843 16643 16443 16243 16043 15843 15643 15644 15645 15646 15647 15648 15649 15650 15651 15652 15653 15654 15655 15656 15657 15658 15659 15660 15661 15662 15663 15664 15665 15865 16065 16265 16465 16665 16865 17065 17265 17465 17665 17865 18065 18265 18465 18665 18865 19065 19265 19465 19665 19865 20065 20265 20465 20665 20865 21065 21265 21465 21466 21666 21866 21867 22067 22068 22268 22269 22469 22470 22670 22671 22871 22872 23072 23073 23273 23274 23474 23674 23874 24074 24274 24474 24674 24874 25074 25274 25474 25674 25874 26074 26274 26474 26674 26874 27074 27274 27474 27475 27675 27676 27876 27877 28077 28078 28278 28478 28678 28878 29078 29278 29478 29678 29878 30078 30278 30478 30678 30679 30879 30880 31080 31280 31281 31481 31482 31483 31484 31485 31486 31487 31488 31489 31490 31491 31492 31493 31494 31495 31496 31497 31498 31499 31500 31501 31502 31503 31504 31505 31506 31507 31508 31509 31510 31511 31512 31513 31514 31515 31516 31517 31518 31519 31520 31521 31522 31523 31524 31525 31526 31326 31327 31328 31329 31129 31130 31131 31132 30932 30933 30934 30935 30735 30736 30536 30537 30337 30338 30138 30139 30140 30141 30142 30143 30144 30145 30146 30147 30148 30149 30150 30151 30152 30153 30154 30155 30156 30157 30158 30159 30160 30161 30162 30163 30164 30165 30166 30167 30168 30169 30170 30171 30172 30173 30174 30175 30176 30177 30178 30179 30180 30181 
Label: 35285
[231,941824,]
17443 17243 17043 16843 16643 16443 16243 16043 15843 15844 15845 15846 15847 15848 15849 15850 15851 15852 15853 15854 15855 15856 15857 15858 15859 15860 15861 15862 15863 15864 15865 16065 16265 16465 16665 16865 17065 17265 17465 17665 17865 18065 18265 18465 18665 18865 19065 19265 19465 19665 19865 20065 20265 20465 20665 20865 21065 21265 21465 21466 21666 21866 21867 22067 22068 22268 22269 22469 22470 22670 22671 22871 22872 23072 23073 23273 23274 23474 23674 23874 24074 24274 24474 24674 24874 25074 25274 25474 25674 25874 26074 26274 26474 26674 26874 27074 27274 27474 27475 27675 27676 27876 27877 28077 28078 28278 28478 28678 28878 29078 29278 29478 29678 29878 30078 30278 30478 30678 30679 30879 30880 31080 31280 31281 31481 31482 31483 31484 31485 31486 31487 31488 31489 31490 31491 31492 31493 31494 31495 31496 31497 31498 31499 31500 31501 31502 31503 31504 31505 31506 31507 31508 31509 31510 31511 31512 31513 31514 31515 31516 31517 31518 31519 31520 31521 31522 31523 31524 31525 31526 31326 31327 31328 31329 31129 31130 31131 31132 30932 30933 30934 30935 30735 30736 30536 30537 30337 30338 30138 30139 30140 30141 30142 30143 30144 30145 30146 30147 30148 30149 30150 30151 30152 30153 30154 30155 30156 30157 30158 30159 30160 30161 30162 30163 30164 30165 30166 30167 30168 30169 30170 30171 30172 30173 30174 30175 30176 30177 30178 30179 30180 30181 
