graph_load_time: 3.67638
n_generated: 1525896
n_expanded: 730644
n_domCheck: 8207781
rt_initHeu: 3.74317
rt_search: 60.0094
N: 53
Label: 591723
[2640,176532,]
33787 153588 33388 153189 113190 73191 33192 152993 112994 72995 32996 32997 152798 32598 152399 32199 151998 31798 151599 31399 151198 30998 150799 30599 150398 30198 149999 29799 149598 29398 149199 28999 148798 28598 148399 28199 147998 27798 147599 27399 147198 26998 146799 26599 146398 26198 145999 25799 25798 25797 145596 25595 145394 25393 145192 25191 144990 24989 144788 24787 144586 24585 144384 24383 144182 23982 143781 23581 143380 23180 142979 22779 142578 22378 142177 21977 141776 21576 141375 21175 140974 20774 140573 20373 140172 19972 139771 19571 139370 19170 138969 18968 138767 18766 138565 18564 138363 18362 138161 18160 18159 137958 17957 137756 17755 137554 17553 137352 17351 137150 17149 136948 16947 136746 16745 136544 16543 136342 16341 136140 16139 135938 15937 135736 15536 135335 15135 134934 14734 134533 14333 134132 13932 133731 13531 133332 13132 132931 12731 132532 12332 132131 11931 131730 11530 131329 11129 130928 10728 130527 10327 130126 9926 129725 9525 129324 9124 128923 8723 128522 8322 128121 7921 127720 7520 127319 7318 127117 6917 126716 6715 126514 6513 126312 6311 6310 6309 6308 6307 6306 
Label: 402392
[2500,191000,]
33787 33788 153589 33389 153190 32990 32991 32992 32993 32994 152795 32595 152396 32196 151997 31797 151598 31398 151199 30999 150798 30598 150399 30199 149998 29798 149599 29399 149198 28998 148799 28599 148398 28198 147999 27799 147598 27398 147197 26997 146796 26596 146395 26195 145994 25794 145593 25393 145192 25191 144990 24989 144788 24787 144586 24585 144384 24383 144182 23982 143781 23581 143380 23180 142979 22779 142578 22378 142177 21977 141776 21576 141375 21175 140974 20774 140573 20373 140172 19972 139771 19571 139370 19170 138969 18968 138767 18766 138565 18564 138363 18362 138161 18160 137959 17958 137757 17756 137555 17554 137353 17352 137151 17150 136949 16948 136747 16746 136545 16544 136343 16342 136141 16140 135939 15739 135538 15338 135137 14937 134736 14536 134335 14135 133934 13734 133533 13333 133132 12932 132731 12531 132330 12130 131929 11729 131528 11328 131127 10927 130726 10526 130325 10125 129924 9724 129523 9323 129122 8922 128721 8521 128320 8120 127919 7719 127518 7318 127117 6917 126716 6715 126514 6513 126312 6311 6310 6309 6308 6307 6306 
Label: 192470
[2320,248134,]
33787 153588 33388 153189 32989 152788 32588 152387 32187 151986 31985 151784 31584 151383 31183 150982 30782 150581 30381 150180 29980 149779 29579 149378 29178 148979 28779 148578 28378 148177 27977 147776 27576 147375 27175 146974 26774 146573 26373 146172 25972 145771 25571 145370 25170 144969 24769 144568 24368 144167 23967 143766 23566 143367 23167 142968 22768 142569 22369 142170 21970 141769 21569 141368 21168 140967 20767 140566 20366 140165 19965 139764 19564 139363 19163 138962 18762 138561 18361 138160 18159 18158 18157 137956 17955 137754 17753 137552 17551 137350 17349 137148 17147 136946 16945 136744 16743 136542 16541 136340 16140 135939 15739 135538 15338 135137 14937 134736 14536 134335 14135 133934 13734 133533 13333 133132 12932 132731 12531 132330 12130 131929 11729 131528 11328 131127 10927 130726 10526 130325 10125 129924 9724 129523 9323 129122 8922 128721 8521 128320 8120 127919 7719 127518 7318 127117 6917 126716 6715 126514 6513 126312 6311 6310 6309 6308 6307 6306 
Label: 232472
[2340,228106,]
33787 153588 33388 153189 32989 152790 32590 152389 32189 151988 31987 151786 31785 151584 31384 151183 30983 150782 30582 150381 30181 149980 29780 149579 29379 149178 28978 148777 28577 148378 28178 147977 27777 147576 27376 147175 26975 146774 26574 146373 26173 145972 25772 145571 25371 145170 24970 144769 24569 144368 24168 143967 23767 143568 23368 143169 22969 142770 22570 142371 22171 141970 21770 141569 21369 141168 20968 140767 20567 140366 20166 139965 19765 139564 19364 139163 18963 138762 18562 138361 18161 18160 137959 17958 137757 17756 137555 17554 137353 17352 137151 17150 136949 16948 136747 16746 136545 16544 136343 16342 136141 16140 135939 15739 135538 15338 135137 14937 134736 14536 134335 14135 133934 13734 133533 13333 133132 12932 132731 12531 132330 12130 131929 11729 131528 11328 131127 10927 130726 10526 130325 10125 129924 9724 129523 9323 129122 8922 128721 8521 128320 8120 127919 7719 127518 7318 127117 6917 126716 6715 126514 6513 126312 6311 6310 6309 6308 6307 6306 
Label: 562656
[2600,176551,]
33787 153588 33388 153189 113190 73191 33192 152993 112994 72995 32996 32997 152798 32598 152399 32199 151998 31798 151599 31399 151198 30998 150799 30599 150398 30198 149999 29799 149598 29398 149199 28999 148798 28598 148399 28199 147998 27798 147599 27399 147198 26998 146799 26599 146398 26198 145997 25797 145596 25595 145394 25393 145192 25191 144990 24989 144788 24787 144586 24585 144384 24383 144182 23982 143781 23581 143380 23180 142979 22779 142578 22378 142177 21977 141776 21576 141375 21175 140974 20774 140573 20373 140172 19972 139771 19571 139370 19170 138969 18968 138767 18766 138565 18564 138363 18362 138161 18160 18159 137958 17957 137756 17755 137554 17553 137352 17351 137150 17149 136948 16947 136746 16745 136544 16543 136342 16341 136140 16139 135938 15738 135537 15337 135136 14936 134735 14535 134334 14134 133933 13733 133532 13332 133131 12931 132732 12532 132331 12131 131930 11730 131529 11329 131128 10928 130727 10527 130326 10126 129925 9725 129524 9324 129123 8923 128722 8522 128321 8121 127920 7720 127519 7319 7318 127117 6917 126716 6715 126514 6513 126312 6311 6310 6309 6308 6307 6306 
Label: 580887
[2620,176534,]
33787 153588 33388 153189 113190 73191 33192 152993 112994 72995 32996 32997 152798 32598 152399 32199 151998 31798 151599 31399 151198 30998 150799 30599 150398 30198 149999 29799 149598 29398 149199 28999 148798 28598 148399 28199 147998 27798 147599 27399 147198 26998 146799 26599 146398 26198 145997 25797 145596 25595 145394 25393 145192 25191 144990 24989 144788 24787 144586 24585 144384 24383 144182 23982 143781 23581 143380 23180 142979 22779 142578 22378 142177 21977 141776 21576 141375 21175 140974 20774 140573 20373 140172 19972 139771 19571 139370 19170 138969 18968 138767 18766 138565 18564 138363 18362 138161 18160 18159 137958 17957 137756 17755 137554 17553 137352 17351 137150 17149 136948 16947 136746 16745 136544 16543 136342 16341 136140 16139 135938 15937 135736 15536 135335 15135 134934 14734 134533 14333 134132 13932 133731 13531 133332 13132 132931 12731 132532 12332 132131 11931 131730 11530 131329 11129 130928 10728 130527 10327 130126 9926 129725 9525 129324 9124 128923 8723 128522 8322 128121 7921 127720 7520 127319 7318 127117 6917 126716 6715 126514 6513 126312 6311 6310 6309 6308 6307 6306 
Label: 85228
[2260,263024,]
33787 153588 33388 153189 32989 152790 32590 152389 32189 32188 151987 31986 151785 31784 151583 31582 31581 151380 31180 150979 30779 150578 30378 150177 29977 149778 29578 149377 29177 148976 28776 148575 28375 148174 27974 147773 27573 147372 27172 146971 26771 146570 26370 146169 25969 145768 25568 145367 25167 144966 24766 144565 24365 144164 23964 143763 23563 143362 23162 23161 23160 142959 22759 142558 22557 142356 22156 141955 21755 141554 21354 141153 20953 140752 20552 140351 20151 139950 19750 139549 19349 139148 18948 138747 18547 18546 138345 18145 137944 17744 137543 17343 137142 16942 136741 16541 136340 16140 135939 15739 135538 15338 135137 14937 134736 14536 134335 14135 133934 13734 133533 13333 133132 12932 132731 12531 132330 12130 131929 11729 131528 11328 131127 10927 130726 10526 130325 10125 129924 9724 129523 9323 129122 8922 128721 8521 128320 8120 127919 7719 127518 7318 127117 6917 126716 6715 126514 6513 126312 6311 6310 6309 6308 6307 6306 
Label: 3019829
[3660,172375,]
33787 33788 153589 33389 153190 113191 73192 33193 33194 73395 33396 73597 33598 73799 113999 74199 114399 74599 114799 74999 115199 75399 115599 75799 115999 76199 116399 76599 116799 156798 36797 36796 36795 36794 36793 36792 36791 36790 36789 36788 36787 36786 36785 36784 36783 36782 36781 76980 117180 77380 117580 157579 37578 77777 117977 157976 37975 37974 37973 37972 37971 37970 37969 37968 37967 37966 37965 37964 37963 37962 37961 37960 37959 37958 37957 157756 37755 157554 37354 157153 36953 156752 36552 156351 36151 155950 35750 155549 35548 155347 35346 155145 34945 34944 154743 34543 154342 34142 153941 33741 153542 33342 153143 32943 152744 32544 32545 152346 32146 151947 31747 31748 151549 31349 151150 30950 150751 30551 150352 30152 149953 29753 149554 29354 149155 28955 148756 28556 148357 28157 147958 27758 27759 147560 27360 147161 26961 146762 26562 146363 26163 145964 25764 145565 25365 145166 24966 144767 24567 144366 24166 143967 23767 143568 23368 143169 22969 142770 22570 142371 22171 141972 21772 141571 21371 141170 20970 140769 20569 140368 20168 139967 19767 139566 19366 139165 18965 138764 18564 138363 18362 138161 18160 137959 17958 137757 17756 137555 17554 137353 17352 137151 17150 136949 16948 136747 16746 136545 16544 136343 16342 136141 16140 135939 15739 135538 15338 135137 14937 134736 14536 134335 14135 133934 13734 133533 13333 133132 12932 132731 12531 132330 12130 131929 11729 131528 11328 131127 10927 130726 10526 130325 10125 129924 9724 129523 9323 129122 8922 128721 8521 128320 8120 127919 7719 127518 7318 127117 6917 126716 6715 126514 6513 126312 6311 6310 6309 6308 6307 6306 
Label: 503748
[2560,176864,]
33787 153588 33388 153189 113190 73191 33192 152993 112994 72995 32996 152797 32597 152398 32198 151999 31799 151598 31398 151199 30999 150798 30598 150399 30199 149998 29798 149599 29399 149198 28998 148799 28599 148398 28198 147999 27799 147598 27398 147199 26999 146798 26598 146397 26197 145996 25796 145595 25594 145393 25392 25391 25390 145189 25188 144987 24986 144785 24784 144583 24383 144182 23982 143781 23581 143380 23180 142979 22779 142578 22378 142177 21977 141776 21576 141375 21175 140974 20774 140573 20373 140172 19972 139771 19571 139370 19170 138969 18968 138767 18766 138565 18564 138363 18362 138161 18160 137959 17958 137757 17756 137555 17554 137353 17352 137151 17150 136949 16948 136747 16746 136545 16544 136343 16342 136141 16140 135939 15739 135538 15338 135137 14937 134736 14536 134335 14135 133934 13734 133533 13333 133132 12932 132731 12531 132330 12130 131929 11729 131528 11328 131127 10927 130726 10526 130325 10125 129924 9724 129523 9323 129122 8922 128721 8521 128320 8120 127919 7719 127518 7318 127117 6917 126716 6715 126514 6513 126312 6311 6310 6309 6308 6307 6306 
Label: 486381
[2550,177712,]
33787 33788 153589 33389 153190 113191 73192 33193 152994 32794 32795 32796 32797 152598 32398 152199 31999 151798 31598 151399 31199 150998 30798 150599 30399 150198 29998 149799 29599 149398 29198 148999 28799 148598 28398 148199 27999 147798 27598 147399 27199 146998 26798 146597 26397 146196 25996 145795 25595 145394 25393 145192 25191 144990 24989 144788 24787 144586 24585 144384 24383 144182 23982 143781 23581 143380 23180 142979 22779 142578 22378 142177 21977 141776 21576 141375 21175 140974 20774 140573 20373 140172 19972 139771 19571 139370 19170 138969 18968 138767 18766 138565 18564 138363 18362 138161 18160 137959 17958 137757 17756 137555 17554 137353 17352 137151 17150 136949 16948 136747 16746 136545 16544 136343 16342 136141 16140 135939 15739 135538 15338 135137 14937 134736 14536 134335 14135 133934 13734 133533 13333 133132 12932 132731 12531 132330 12130 131929 11729 131528 11328 131127 10927 130726 10526 130325 10125 129924 9724 129523 9323 129122 8922 128721 8521 128320 8120 127919 7719 127518 7318 127117 6917 126716 6715 126514 6513 126312 6311 6310 6309 6308 6307 6306 
Label: 435596
[2520,184138,]
33787 153588 33388 153189 113190 73191 33192 152993 112994 72995 32795 152596 32396 152197 31997 151798 31598 151399 31199 150998 30798 150599 30399 150198 29998 149799 29599 149398 29198 148999 28799 148598 28398 148199 27999 147798 27598 147397 27197 146996 26796 146595 26395 146194 25994 145793 25593 145392 25391 25390 145189 25188 144987 24986 144785 24784 144583 24383 144182 23982 143781 23581 143380 23180 142979 22779 142578 22378 142177 21977 141776 21576 141375 21175 140974 20774 140573 20373 140172 19972 139771 19571 139370 19170 138969 18968 138767 18766 138565 18564 138363 18362 138161 18160 137959 17958 137757 17756 137555 17554 137353 17352 137151 17150 136949 16948 136747 16746 136545 16544 136343 16342 136141 16140 135939 15739 135538 15338 135137 14937 134736 14536 134335 14135 133934 13734 133533 13333 133132 12932 132731 12531 132330 12130 131929 11729 131528 11328 131127 10927 130726 10526 130325 10125 129924 9724 129523 9323 129122 8922 128721 8521 128320 8120 127919 7719 127518 7318 127117 6917 126716 6715 126514 6513 126312 6311 6310 6309 6308 6307 6306 
Label: 538717
[2580,176628,]
33787 153588 33388 153189 113190 73191 33192 152993 112994 72995 32996 32997 152798 32598 152399 32199 151998 31798 151599 31399 151198 30998 150799 30599 150398 30198 149999 29799 149598 29398 149199 28999 148798 28598 148399 28199 147998 27798 147599 27399 147198 26998 146799 26599 146398 26198 145997 25797 145596 25595 145394 25393 145192 25191 144990 24989 144788 24787 144586 24585 144384 24383 144182 23982 143781 23581 143380 23180 142979 22779 142578 22378 142177 21977 141776 21576 141375 21175 140974 20774 140573 20373 140172 19972 139771 19571 139370 19170 138969 18968 138767 18766 138565 18564 138363 18362 138161 18160 137959 17958 137757 17756 137555 17554 137353 17352 137151 17150 136949 16948 136747 16746 136545 16544 136343 16342 136141 16140 135939 15739 135538 15338 135137 14937 134736 14536 134335 14135 133934 13734 133533 13333 133132 12932 132731 12531 132330 12130 131929 11729 131528 11328 131127 10927 130726 10526 130325 10125 129924 9724 129523 9323 129122 8922 128721 8521 128320 8120 127919 7719 127518 7318 127117 6917 126716 6715 126514 6513 126312 6311 6310 6309 6308 6307 6306 
Label: 418918
[2510,184643,]
33787 33788 153589 33389 153190 113191 73192 33193 152994 32794 32795 152596 32396 152197 31997 151798 31598 151399 31199 150998 30798 150599 30399 150198 29998 149799 29599 149398 29198 148999 28799 148598 28398 148199 27999 147798 27598 147397 27197 146996 26796 146595 26395 146194 25994 145793 25593 145392 25391 25390 145189 25188 144987 24986 144785 24784 144583 24383 144182 23982 143781 23581 143380 23180 142979 22779 142578 22378 142177 21977 141776 21576 141375 21175 140974 20774 140573 20373 140172 19972 139771 19571 139370 19170 138969 18968 138767 18766 138565 18564 138363 18362 138161 18160 137959 17958 137757 17756 137555 17554 137353 17352 137151 17150 136949 16948 136747 16746 136545 16544 136343 16342 136141 16140 135939 15739 135538 15338 135137 14937 134736 14536 134335 14135 133934 13734 133533 13333 133132 12932 132731 12531 132330 12130 131929 11729 131528 11328 131127 10927 130726 10526 130325 10125 129924 9724 129523 9323 129122 8922 128721 8521 128320 8120 127919 7719 127518 7318 127117 6917 126716 6715 126514 6513 126312 6311 6310 6309 6308 6307 6306 
Label: 363244
[2460,200276,]
33787 33788 153589 33389 153190 32990 152791 32591 152390 32389 152188 32187 151986 31985 151784 31783 151582 31581 151380 31379 151178 30978 150777 30577 150378 30178 149977 29777 149578 29378 149179 28979 148778 28578 148377 28177 147976 27776 147577 27377 147176 26976 146775 26575 146374 26174 145973 25773 145572 25372 145171 24971 144770 24570 144369 24169 143968 23768 143567 23367 143168 22968 142769 22569 142370 22170 141971 21771 141572 21372 141173 20973 140772 20572 140371 20171 139970 19770 139569 19369 139168 18968 138767 18766 138565 18564 138363 18362 138161 18160 137959 17958 137757 17756 137555 17554 137353 17352 137151 17150 136949 16948 136747 16746 136545 16544 136343 16342 136141 16140 135939 15739 135538 15338 135137 14937 134736 14536 134335 14135 133934 13734 133533 13333 133132 12932 132731 12531 132330 12130 131929 11729 131528 11328 131127 10927 130726 10526 130325 10125 129924 9724 129523 9323 129122 8922 128721 8521 128320 8120 127919 7719 127518 7318 127117 6917 126716 6715 126514 6513 126312 6311 6310 6309 6308 6307 6306 
Label: 39275
[2220,281537,]
33787 153588 33388 153189 32989 152788 32588 152387 32187 151986 31985 151784 31783 151582 31382 151181 30981 150780 30580 150379 30179 149978 29778 149577 29377 149176 28976 148775 28575 148374 28174 147973 27773 147572 27372 147171 26971 146770 26570 146369 26169 145968 25768 145567 25367 145166 24966 144765 24565 144364 24164 143963 23763 143562 23362 143161 23160 142959 22759 142558 22557 142356 22156 141955 21755 141554 21354 141153 20953 140752 20552 140351 20151 139950 19750 139549 19349 139148 18948 138747 18547 18546 138345 18145 137944 17744 137543 17343 137142 16942 136741 16541 136340 16140 135939 15739 135538 15338 135137 14937 134736 14536 134335 14135 133934 13734 133533 13333 133132 12932 132731 12531 132330 12130 131929 11729 131528 11328 131127 10927 130726 10526 130325 10125 129924 9724 129523 9323 129122 8922 128721 8521 128320 8120 127919 7719 127518 7318 127117 6917 126716 6715 126514 6513 126312 6311 6310 6309 6308 6307 6306 
Label: 316457
[2400,203154,]
33787 153588 33388 153189 32989 152790 32590 152389 32189 32188 151987 31986 151785 31784 151583 31582 31581 151380 31180 150979 30779 150578 30378 150177 29977 149778 29578 149379 29179 148978 28778 148577 28377 148178 27978 147777 27577 147376 27176 146975 26775 146574 26374 146173 25973 145772 25572 145371 25171 144970 24770 144569 24369 144168 23968 143767 23567 143368 23168 142969 22769 142570 22370 142171 21971 141772 21572 141371 21171 140970 20770 140569 20369 140168 19968 139767 19567 139366 19166 138965 18765 138564 18364 18363 18362 138161 18160 137959 17958 137757 17756 137555 17554 137353 17352 137151 17150 136949 16948 136747 16746 136545 16544 136343 16342 136141 16140 135939 15739 135538 15338 135137 14937 134736 14536 134335 14135 133934 13734 133533 13333 133132 12932 132731 12531 132330 12130 131929 11729 131528 11328 131127 10927 130726 10526 130325 10125 129924 9724 129523 9323 129122 8922 128721 8521 128320 8120 127919 7719 127518 7318 127117 6917 126716 6715 126514 6513 126312 6311 6310 6309 6308 6307 6306 
Label: 3847430
[3870,163413,]
33787 153588 33388 153189 113190 73191 33192 152993 112994 72995 32996 73197 33198 73399 113599 73799 113999 74199 114399 74599 114799 74999 115199 75399 115599 75799 115999 76199 116399 76599 116799 156798 36797 36796 36795 36794 36793 36792 36791 36790 36789 36788 36787 36786 36785 36784 36783 36782 76981 117181 157180 37179 77378 117578 77778 117978 157977 37976 78175 118375 158374 38373 38372 38371 38370 38369 38368 38367 38366 38365 38364 38363 38362 38361 38360 38359 38358 38357 158156 37956 157755 37555 157354 37154 156953 36753 156552 36352 156151 35951 35950 155749 35549 155348 35347 155146 35145 154944 34943 154742 34741 154540 34340 154139 33939 153740 33540 153341 33141 33142 152943 32743 32744 152545 32345 152146 31946 31947 151748 31548 31549 151350 31150 150951 30751 150552 30352 150153 29953 149752 29552 149353 29153 148954 28754 148555 28355 148156 27956 27957 27958 147759 27559 27560 27561 147362 27162 27163 146964 26764 146565 26365 146166 25966 145767 25567 145368 25168 144967 24767 144566 24366 144167 23967 143768 23568 143369 23169 142970 22770 142571 22371 142172 21972 141773 21573 141372 21172 140973 20773 140572 20372 140171 19971 139770 19570 139369 19169 138968 18768 18767 18766 138565 18564 138363 18362 138161 18160 137959 17958 137757 17756 137555 17554 137353 17352 137151 17150 136949 16948 136747 16746 136545 16544 136343 16342 136141 16140 135939 15739 135538 15338 135137 14937 134736 14536 134335 14135 133934 13734 133533 13333 133132 12932 132731 12531 132330 12130 131929 11729 131528 11328 131127 10927 130726 10526 130325 10125 129924 9724 129523 9323 129122 8922 128721 8521 128320 8120 127919 7719 127518 7318 127117 6917 126716 6715 126514 6513 126312 6311 6310 6309 6308 6307 6306 
Label: 2831019
[3630,175182,]
33787 33788 153589 33389 153190 113191 73192 33193 33194 33195 33196 33197 33198 73399 113599 73799 113999 74199 114399 74599 114799 74999 115199 75399 115599 75799 115999 76199 116399 76599 116799 156798 36797 36796 36795 36794 36793 36792 36791 36790 36789 36788 36787 36786 36785 36784 36783 36782 36781 76980 117180 77380 117580 157579 37578 77777 117977 157976 37975 37974 37973 37972 37971 37970 37969 37968 37967 37966 37965 37964 37963 37962 37961 37960 157759 37758 157557 37357 157156 36956 156755 36555 156354 36154 155955 35755 155556 35356 155157 34957 34958 154759 34559 34560 154361 34161 153962 33762 153563 33363 153164 32964 152765 32565 152366 32166 32167 32168 32169 151970 31770 31771 151572 31372 151173 30973 150774 30574 150375 30175 149976 29776 149577 29377 149178 28978 148777 28577 148378 28178 147977 27777 147576 27376 147175 26975 146774 26574 146373 26173 145972 25772 145571 25371 145170 24970 144769 24569 144368 24168 143967 23767 143568 23368 143169 22969 142770 22570 142371 22171 141972 21772 141571 21371 141170 20970 140769 20569 140368 20168 139967 19767 139566 19366 139165 18965 138764 18564 138363 18362 138161 18160 137959 17958 137757 17756 137555 17554 137353 17352 137151 17150 136949 16948 136747 16746 136545 16544 136343 16342 136141 16140 135939 15739 135538 15338 135137 14937 134736 14536 134335 14135 133934 13734 133533 13333 133132 12932 132731 12531 132330 12130 131929 11729 131528 11328 131127 10927 130726 10526 130325 10125 129924 9724 129523 9323 129122 8922 128721 8521 128320 8120 127919 7719 127518 7318 127117 6917 126716 6715 126514 6513 126312 6311 6310 6309 6308 6307 6306 
Label: 3632534
[3800,164717,]
33787 153588 33388 153189 113190 73191 33192 152993 112994 72995 32996 73197 33198 73399 113599 73799 113999 74199 114399 74599 114799 74999 115199 75399 115599 75799 115999 76199 116399 76599 116799 156798 36797 36796 36795 36794 36793 36792 36791 36790 36789 36788 36787 36786 36785 36784 36783 36782 76981 117181 157180 37179 77378 117578 77778 117978 157977 37976 78175 118174 158173 38172 38171 38170 38169 38168 38167 38166 38165 38164 38163 38162 38161 38160 38159 38158 157957 37956 157755 37555 157354 37154 156953 36753 156552 36352 156151 35951 35950 155749 35549 155348 35347 155146 35145 154944 34744 154543 34343 154142 33942 153741 33541 153342 33142 152943 32743 32744 152545 32345 152146 31946 31947 151748 31548 31549 151350 31150 150951 30751 150552 30352 150153 29953 149752 29552 149353 29153 148954 28754 148555 28355 148156 27956 27957 27958 147759 27559 27560 27561 147362 27162 146963 106964 146764 26564 146365 26165 145966 25766 145567 25367 145168 24968 144767 24567 144366 24166 143967 23767 143568 23368 143169 22969 142770 22570 142371 22171 141972 21772 141573 21373 141172 20972 140771 20571 140370 20170 139969 19769 139568 19368 139167 18967 138766 18566 18565 18564 138363 18362 138161 18160 137959 17958 137757 17756 137555 17554 137353 17352 137151 17150 136949 16948 136747 16746 136545 16544 136343 16342 136141 16140 135939 15739 135538 15338 135137 14937 134736 14536 134335 14135 133934 13734 133533 13333 133132 12932 132731 12531 132330 12130 131929 11729 131528 11328 131127 10927 130726 10526 130325 10125 129924 9724 129523 9323 129122 8922 128721 8521 128320 8120 127919 7719 127518 7318 127117 6917 126716 6715 126514 6513 126312 6311 6310 6309 6308 6307 6306 
Label: 469143
[2540,178340,]
33787 33788 153589 33389 153190 113191 73192 33193 152994 112995 72996 32796 152597 32397 152198 31998 151799 31599 151398 31198 150999 30799 150598 30398 150199 29999 149798 29598 149399 29199 148998 28798 148599 28399 148198 27998 147799 27599 147398 27198 146997 26797 146596 26396 146195 25995 145794 25594 145393 25392 25391 25390 145189 25188 144987 24986 144785 24784 144583 24383 144182 23982 143781 23581 143380 23180 142979 22779 142578 22378 142177 21977 141776 21576 141375 21175 140974 20774 140573 20373 140172 19972 139771 19571 139370 19170 138969 18968 138767 18766 138565 18564 138363 18362 138161 18160 137959 17958 137757 17756 137555 17554 137353 17352 137151 17150 136949 16948 136747 16746 136545 16544 136343 16342 136141 16140 135939 15739 135538 15338 135137 14937 134736 14536 134335 14135 133934 13734 133533 13333 133132 12932 132731 12531 132330 12130 131929 11729 131528 11328 131127 10927 130726 10526 130325 10125 129924 9724 129523 9323 129122 8922 128721 8521 128320 8120 127919 7719 127518 7318 127117 6917 126716 6715 126514 6513 126312 6311 6310 6309 6308 6307 6306 
Label: 3599034
[3790,164760,]
33787 153588 33388 153189 113190 73191 33192 152993 112994 72995 32996 73197 33198 73399 113599 73799 113999 74199 114399 74599 114799 74999 115199 75399 115599 75799 115999 76199 116399 76599 116799 156798 36797 36796 36795 36794 36793 36792 36791 36790 36789 36788 36787 36786 36785 36784 36783 36782 76981 117181 157180 37179 77378 117578 77778 117978 157977 37976 78175 118174 158173 38172 38171 38170 38169 38168 38167 38166 38165 38164 38163 38162 38161 38160 38159 38158 157957 37956 157755 37555 157354 37154 156953 36753 156552 36352 156151 35951 35950 155749 35549 155348 35347 155146 35145 154944 34744 154543 34343 154142 33942 153741 33541 153342 33142 152943 32743 32744 152545 32345 152146 31946 31947 151748 31548 31549 151350 31150 150951 30751 150552 30352 150153 29953 149752 29552 149353 29153 148954 28754 148555 28355 148156 27956 27957 27958 147759 27559 27560 27561 147362 27162 27163 146964 26764 146565 26365 146166 25966 145767 25567 145368 25168 144967 24767 144566 24366 144167 23967 143768 23568 143369 23169 142970 22770 142571 22371 142172 21972 141773 21573 141372 21172 140971 20771 140570 20370 140169 19969 139768 19568 139367 19167 138966 18766 138565 18564 138363 18362 138161 18160 137959 17958 137757 17756 137555 17554 137353 17352 137151 17150 136949 16948 136747 16746 136545 16544 136343 16342 136141 16140 135939 15739 135538 15338 135137 14937 134736 14536 134335 14135 133934 13734 133533 13333 133132 12932 132731 12531 132330 12130 131929 11729 131528 11328 131127 10927 130726 10526 130325 10125 129924 9724 129523 9323 129122 8922 128721 8521 128320 8120 127919 7719 127518 7318 127117 6917 126716 6715 126514 6513 126312 6311 6310 6309 6308 6307 6306 
Label: 11465
[2180,452862,]
33787 153586 33386 153185 32985 152784 32584 152383 32183 151982 31782 151581 31381 151180 30980 150779 30579 150378 30178 149977 29777 149576 29376 149175 28975 148774 28574 148373 28173 147972 27772 147571 27371 147170 26970 146769 26569 146368 26168 145967 25767 145566 25366 145165 24965 144764 24564 144363 24163 143962 23762 143561 23361 23360 143159 22959 22958 142757 22557 142356 22156 141955 21755 141554 21354 141153 20953 140752 20552 140351 20151 139950 19750 139549 19349 139148 18948 138747 18547 18546 138345 18145 137944 17744 137543 17343 137142 16942 136741 16541 136340 16140 135939 15739 135538 15338 135137 14937 134736 14536 134335 14135 133934 13734 133533 13333 133132 12932 132731 12531 132330 12130 131929 11729 131528 11328 131127 10927 130726 10526 130325 10125 129924 9724 129523 9323 129122 8922 128721 8521 128320 8120 127919 7719 127518 7318 127117 6917 126716 6715 126514 6513 126312 6311 6310 6309 6308 6307 6306 
Label: 3695838
[3820,164138,]
33787 153588 33388 153189 113190 73191 33192 152993 112994 72995 32996 73197 33198 73399 113599 73799 113999 74199 114399 74599 114799 74999 115199 75399 115599 75799 115999 76199 116399 76599 116799 156798 36797 36796 36795 36794 36793 36792 36791 36790 36789 36788 36787 36786 36785 36784 36783 36782 76981 117181 157180 37179 77378 117578 77778 117978 157977 37976 78175 118375 158374 38373 38372 38371 38370 38369 38368 38367 38366 38365 38364 38363 38362 38361 38360 38359 38358 38357 158156 37956 157755 37555 157354 37154 156953 36753 156552 36352 156151 35951 35950 155749 35549 155348 35347 155146 35145 154944 34744 154543 34343 154142 33942 153741 33541 153342 33142 152943 32743 32744 152545 32345 152146 31946 31947 151748 31548 31549 151350 31150 150951 30751 150552 30352 150153 29953 149752 29552 149353 29153 148954 28754 148555 28355 148156 27956 27957 27958 147759 27559 27560 27561 147362 27162 146963 106964 146764 26564 146365 26165 145966 25766 145567 25367 145168 24968 144767 24567 144366 24166 143967 23767 143568 23368 143169 22969 142770 22570 142371 22171 141972 21772 141573 21373 141172 20972 140771 20571 140370 20170 139969 19769 139568 19368 139167 18967 138766 18566 18565 18564 138363 18362 138161 18160 137959 17958 137757 17756 137555 17554 137353 17352 137151 17150 136949 16948 136747 16746 136545 16544 136343 16342 136141 16140 135939 15739 135538 15338 135137 14937 134736 14536 134335 14135 133934 13734 133533 13333 133132 12932 132731 12531 132330 12130 131929 11729 131528 11328 131127 10927 130726 10526 130325 10125 129924 9724 129523 9323 129122 8922 128721 8521 128320 8120 127919 7719 127518 7318 127117 6917 126716 6715 126514 6513 126312 6311 6310 6309 6308 6307 6306 
Label: 3786934
[3850,163515,]
33787 153588 33388 153189 113190 73191 33192 152993 112994 72995 32996 73197 33198 73399 113599 73799 113999 74199 114399 74599 114799 74999 115199 75399 115599 75799 115999 76199 116399 76599 116799 156798 36797 36796 36795 36794 36793 36792 36791 36790 36789 36788 36787 36786 36785 36784 36783 36782 76981 117181 157180 37179 77378 117578 77778 117978 157977 37976 78175 118375 158374 38373 38372 38371 38370 38369 38368 38367 38366 38365 38364 38363 38362 38361 38360 38359 38358 158157 38156 157955 37755 157554 37354 157153 36953 156752 36552 156351 36151 155950 35750 155549 35548 155347 35346 155145 35144 154943 34743 154542 34342 154141 33941 153740 33540 153341 33141 33142 152943 32743 32744 152545 32345 152146 31946 31947 151748 31548 31549 151350 31150 150951 30751 150552 30352 150153 29953 149752 29552 149353 29153 148954 28754 148555 28355 148156 27956 27957 27958 147759 27559 27560 27561 147362 27162 27163 146964 26764 146565 26365 146166 25966 145767 25567 145368 25168 144967 24767 144566 24366 144167 23967 143768 23568 143369 23169 142970 22770 142571 22371 142172 21972 141773 21573 141372 21172 140973 20773 140572 20372 140171 19971 139770 19570 139369 19169 138968 18768 18767 18766 138565 18564 138363 18362 138161 18160 137959 17958 137757 17756 137555 17554 137353 17352 137151 17150 136949 16948 136747 16746 136545 16544 136343 16342 136141 16140 135939 15739 135538 15338 135137 14937 134736 14536 134335 14135 133934 13734 133533 13333 133132 12932 132731 12531 132330 12130 131929 11729 131528 11328 131127 10927 130726 10526 130325 10125 129924 9724 129523 9323 129122 8922 128721 8521 128320 8120 127919 7719 127518 7318 127117 6917 126716 6715 126514 6513 126312 6311 6310 6309 6308 6307 6306 
Label: 3329177
[3720,167058,]
33787 33788 153589 33389 153190 113191 73192 33193 33194 33195 33196 33197 33198 73399 113599 73799 113999 74199 114399 74599 114799 74999 115199 75399 115599 75799 115999 76199 116399 76599 116799 156798 36797 36796 36795 36794 36793 36792 36791 36790 36789 36788 36787 36786 36785 36784 36783 36782 76981 117181 157180 37179 77378 117578 77778 117978 157977 37976 78175 118174 158173 38172 38171 38170 38169 38168 38167 38166 38165 38164 38163 38162 38161 38160 38159 38158 38157 38156 157955 37755 157554 37354 157153 36953 156752 36552 156351 36151 155950 35750 155549 35548 155347 35346 155145 34945 34944 154743 34543 154342 34142 153941 33741 153542 33342 153143 32943 152744 32544 32545 152346 32146 151947 31747 31748 151549 31349 151150 30950 150751 30551 150352 30152 149953 29753 149554 29354 149155 28955 148756 28556 148357 28157 147958 27758 27759 147560 27360 27361 147162 26962 146763 26563 146364 26164 145965 25765 145566 25366 145167 24967 144768 24568 144367 24167 143966 23766 143567 23367 143168 22968 142769 22569 142370 22170 141971 21771 141572 21372 141171 20971 140770 20570 140369 20169 139968 19768 139567 19367 139166 18966 138765 18565 18564 138363 18362 138161 18160 137959 17958 137757 17756 137555 17554 137353 17352 137151 17150 136949 16948 136747 16746 136545 16544 136343 16342 136141 16140 135939 15739 135538 15338 135137 14937 134736 14536 134335 14135 133934 13734 133533 13333 133132 12932 132731 12531 132330 12130 131929 11729 131528 11328 131127 10927 130726 10526 130325 10125 129924 9724 129523 9323 129122 8922 128721 8521 128320 8120 127919 7719 127518 7318 127117 6917 126716 6715 126514 6513 126312 6311 6310 6309 6308 6307 6306 
Label: 2958659
[3650,172797,]
33787 33788 153589 33389 153190 113191 73192 33193 33194 33195 33196 33197 33198 73399 113599 73799 113999 74199 114399 74599 114799 74999 115199 75399 115599 75799 115999 76199 116399 76599 116799 156798 36797 36796 36795 36794 36793 36792 36791 36790 36789 36788 36787 36786 36785 36784 36783 36782 36781 76980 117180 77380 117580 157579 37578 77777 117977 157976 37975 37974 37973 37972 37971 37970 37969 37968 37967 37966 37965 37964 37963 37962 37961 37960 37959 37958 37957 37956 157755 37555 157354 37154 156953 36753 156552 36352 156151 35951 35950 155749 35549 155348 35347 155146 34946 154745 34545 154344 34144 153943 33743 153542 33342 153143 32943 152744 32544 32545 152346 32146 151947 31747 31748 151549 31349 151150 30950 150751 30551 150352 30152 149953 29753 149554 29354 149155 28955 148756 28556 148357 28157 147958 27758 27759 147560 27360 147161 26961 146762 26562 146363 26163 145964 25764 145565 25365 145166 24966 144767 24567 144366 24166 143967 23767 143568 23368 143169 22969 142770 22570 142371 22171 141972 21772 141571 21371 141170 20970 140769 20569 140368 20168 139967 19767 139566 19366 139165 18965 138764 18564 138363 18362 138161 18160 137959 17958 137757 17756 137555 17554 137353 17352 137151 17150 136949 16948 136747 16746 136545 16544 136343 16342 136141 16140 135939 15739 135538 15338 135137 14937 134736 14536 134335 14135 133934 13734 133533 13333 133132 12932 132731 12531 132330 12130 131929 11729 131528 11328 131127 10927 130726 10526 130325 10125 129924 9724 129523 9323 129122 8922 128721 8521 128320 8120 127919 7719 127518 7318 127117 6917 126716 6715 126514 6513 126312 6311 6310 6309 6308 6307 6306 
Label: 24120
[2200,362299,]
33787 153588 33388 153187 32987 152786 32586 152385 32185 151984 31784 151583 31582 151381 31181 150980 30780 150579 30379 150178 29978 149777 29577 149376 29176 148975 28775 148574 28374 148173 27973 147772 27572 147371 27171 146970 26770 146569 26369 146168 25968 145767 25567 145366 25166 144965 24765 144564 24364 144163 23963 143762 23562 143361 23161 23160 142959 22759 142558 22557 142356 22156 141955 21755 141554 21354 141153 20953 140752 20552 140351 20151 139950 19750 139549 19349 139148 18948 138747 18547 18546 138345 18145 137944 17744 137543 17343 137142 16942 136741 16541 136340 16140 135939 15739 135538 15338 135137 14937 134736 14536 134335 14135 133934 13734 133533 13333 133132 12932 132731 12531 132330 12130 131929 11729 131528 11328 131127 10927 130726 10526 130325 10125 129924 9724 129523 9323 129122 8922 128721 8521 128320 8120 127919 7719 127518 7318 127117 6917 126716 6715 126514 6513 126312 6311 6310 6309 6308 6307 6306 
Label: 3284849
[3710,167293,]
33787 33788 153589 33389 153190 113191 73192 33193 33194 33195 33196 73397 33398 73599 113799 73999 114199 74399 114599 74799 114999 75199 115399 75599 115799 75999 116199 76399 116599 156598 36597 36596 36595 36594 36593 36592 36591 36590 36589 36588 36587 36586 36585 36584 36583 76782 116982 156981 36980 77179 117379 77579 117779 157778 37777 77976 118176 158175 38174 38173 38172 38171 38170 38169 38168 38167 38166 38165 38164 38163 38162 38161 38160 38159 38158 38157 38156 157955 37755 157554 37354 157153 36953 156752 36552 156351 36151 155950 35750 155549 35548 155347 35346 155145 34945 34944 154743 34543 154342 34142 153941 33741 153542 33342 153143 32943 152744 32544 32545 152346 32146 151947 31747 31748 151549 31349 151150 30950 150751 30551 150352 30152 149953 29753 149554 29354 149155 28955 148756 28556 148357 28157 147958 27758 27759 147560 27360 27361 147162 26962 146763 26563 146364 26164 145965 25765 145566 25366 145167 24967 144768 24568 144367 24167 143966 23766 143567 23367 143168 22968 142769 22569 142370 22170 141971 21771 141572 21372 141171 20971 140770 20570 140369 20169 139968 19768 139567 19367 139166 18966 138765 18565 18564 138363 18362 138161 18160 137959 17958 137757 17756 137555 17554 137353 17352 137151 17150 136949 16948 136747 16746 136545 16544 136343 16342 136141 16140 135939 15739 135538 15338 135137 14937 134736 14536 134335 14135 133934 13734 133533 13333 133132 12932 132731 12531 132330 12130 131929 11729 131528 11328 131127 10927 130726 10526 130325 10125 129924 9724 129523 9323 129122 8922 128721 8521 128320 8120 127919 7719 127518 7318 127117 6917 126716 6715 126514 6513 126312 6311 6310 6309 6308 6307 6306 
Label: 3453641
[3750,165944,]
33787 153588 33388 153189 113190 73191 33192 152993 112994 72995 32996 73197 33198 73399 113599 73799 113999 74199 114399 74599 114799 74999 115199 75399 115599 75799 115999 76199 116399 76599 116799 156798 36797 36796 36795 36794 36793 36792 36791 36790 36789 36788 36787 36786 36785 36784 36783 36782 76981 117181 157180 37179 77378 117578 77778 117978 157977 37976 78175 118174 158173 38172 38171 38170 38169 38168 38167 38166 38165 38164 38163 38162 38161 38160 38159 38158 38157 38156 157955 37755 157554 37354 157153 36953 156752 36552 156351 36151 155950 35750 155549 35548 155347 35346 155145 34945 34944 154743 34543 154342 34142 153941 33741 153542 33342 153143 32943 152744 32544 32545 152346 32146 151947 31747 31748 151549 31349 151150 30950 150751 30551 150352 30152 149953 29753 149554 29354 149155 28955 148756 28556 148357 28157 147958 27758 27759 147560 27360 27361 147162 26962 146763 26563 146364 26164 145965 25765 145566 25366 145167 24967 144768 24568 144367 24167 143966 23766 143567 23367 143168 22968 142769 22569 142370 22170 141971 21771 141572 21372 141171 20971 140770 20570 140369 20169 139968 19768 139567 19367 139166 18966 138765 18565 18564 138363 18362 138161 18160 137959 17958 137757 17756 137555 17554 137353 17352 137151 17150 136949 16948 136747 16746 136545 16544 136343 16342 136141 16140 135939 15739 135538 15338 135137 14937 134736 14536 134335 14135 133934 13734 133533 13333 133132 12932 132731 12531 132330 12130 131929 11729 131528 11328 131127 10927 130726 10526 130325 10125 129924 9724 129523 9323 129122 8922 128721 8521 128320 8120 127919 7719 127518 7318 127117 6917 126716 6715 126514 6513 126312 6311 6310 6309 6308 6307 6306 
Label: 3529041
[3770,165338,]
33787 153588 33388 153189 113190 73191 33192 152993 112994 72995 32996 73197 33198 73399 113599 73799 113999 74199 114399 74599 114799 74999 115199 75399 115599 75799 115999 76199 116399 76599 116799 156798 36797 36796 36795 36794 36793 36792 36791 36790 36789 36788 36787 36786 36785 36784 36783 36782 76981 117181 157180 37179 77378 117578 77778 117978 157977 37976 78175 118174 158173 38172 38171 38170 38169 38168 38167 38166 38165 38164 38163 38162 38161 38160 38159 38158 38157 38156 157955 37755 157554 37354 157153 36953 156752 36552 156351 36151 155950 35750 155549 35548 155347 35346 155145 34945 34944 154743 34543 154342 34142 153941 33741 153542 33342 153143 32943 152744 32544 32545 152346 32146 151947 31747 31748 151549 31349 151150 30950 150751 30551 150352 30152 149953 29753 149554 29354 149155 28955 148756 28556 148357 28157 147958 27758 27759 147560 27360 27361 27362 147163 26963 146764 26564 146365 26165 145966 25766 145567 25367 145168 24968 144767 24567 144366 24166 143967 23767 143568 23368 143169 22969 142770 22570 142371 22171 141972 21772 141573 21373 141172 20972 140771 20571 140370 20170 139969 19769 139568 19368 139167 18967 138766 18566 18565 18564 138363 18362 138161 18160 137959 17958 137757 17756 137555 17554 137353 17352 137151 17150 136949 16948 136747 16746 136545 16544 136343 16342 136141 16140 135939 15739 135538 15338 135137 14937 134736 14536 134335 14135 133934 13734 133533 13333 133132 12932 132731 12531 132330 12130 131929 11729 131528 11328 131127 10927 130726 10526 130325 10125 129924 9724 129523 9323 129122 8922 128721 8521 128320 8120 127919 7719 127518 7318 127117 6917 126716 6715 126514 6513 126312 6311 6310 6309 6308 6307 6306 
Label: 3240027
[3700,168569,]
33787 33788 153589 33389 153190 113191 73192 33193 33194 33195 33196 33197 33198 73399 113599 73799 113999 74199 114399 74599 114799 74999 115199 75399 115599 75799 115999 76199 116399 76599 116799 156798 36797 36796 36795 36794 36793 36792 36791 36790 36789 36788 36787 36786 36785 36784 36783 36782 36781 76980 117180 77380 117580 157579 37578 77777 117977 157976 37975 37974 37973 37972 37971 37970 37969 37968 37967 37966 37965 37964 37963 37962 37961 37960 37959 37958 37957 157756 37755 157554 37354 157153 36953 156752 36552 156351 36151 155950 35750 155549 35548 155347 35346 155145 34945 34944 154743 34543 154342 34142 153941 33741 153542 33342 153143 32943 152744 32544 32545 152346 32146 151947 31747 31748 151549 31349 151150 30950 150751 30551 150352 30152 149953 29753 149554 29354 149155 28955 148756 28556 148357 28157 147958 27758 147559 107560 67561 27361 147162 26962 146763 26563 146364 26164 145965 25765 145566 25366 145167 24967 144768 24568 144367 24167 143966 23766 143567 23367 143168 22968 142769 22569 142370 22170 141971 21771 141572 21372 141171 20971 140770 20570 140369 20169 139968 19768 139567 19367 139166 18966 138765 18565 18564 138363 18362 138161 18160 137959 17958 137757 17756 137555 17554 137353 17352 137151 17150 136949 16948 136747 16746 136545 16544 136343 16342 136141 16140 135939 15739 135538 15338 135137 14937 134736 14536 134335 14135 133934 13734 133533 13333 133132 12932 132731 12531 132330 12130 131929 11729 131528 11328 131127 10927 130726 10526 130325 10125 129924 9724 129523 9323 129122 8922 128721 8521 128320 8120 127919 7719 127518 7318 127117 6917 126716 6715 126514 6513 126312 6311 6310 6309 6308 6307 6306 
Label: 150309
[2300,260589,]
33787 33788 153589 33389 153190 32990 152791 32591 152390 32389 152188 32187 151986 31985 151784 31783 151582 31581 151380 31379 151178 30978 150777 30577 150378 30178 149977 29777 149578 29378 149177 28977 148776 28576 148375 28175 147974 27774 147573 27373 147172 26972 146771 26571 146370 26170 145969 25769 145568 25368 145167 24967 144766 24566 144365 24165 143964 23764 23763 143562 23362 143161 23160 142959 22759 142558 22557 142356 22156 141955 21755 141554 21354 141153 20953 140752 20552 140351 20151 139950 19750 139549 19349 139148 18948 138747 18547 18546 138345 18145 137944 17744 137543 17343 137142 16942 136741 16541 136340 16140 135939 15739 135538 15338 135137 14937 134736 14536 134335 14135 133934 13734 133533 13333 133132 12932 132731 12531 132330 12130 131929 11729 131528 11328 131127 10927 130726 10526 130325 10125 129924 9724 129523 9323 129122 8922 128721 8521 128320 8120 127919 7719 127518 7318 127117 6917 126716 6715 126514 6513 126312 6311 6310 6309 6308 6307 6306 
Label: 3565008
[3780,165295,]
33787 33788 153589 33389 153190 113191 73192 33193 33194 33195 33196 33197 33198 73399 113599 73799 113999 74199 114399 74599 114799 74999 115199 75399 115599 75799 115999 76199 116399 76599 116799 156798 36797 36796 36795 36794 36793 36792 36791 36790 36789 36788 36787 36786 36785 36784 36783 36782 76981 117181 157180 37179 77378 117578 77778 117978 157977 37976 78175 118375 158374 38373 38372 38371 38370 38369 38368 38367 38366 38365 38364 38363 38362 38361 38360 38359 38358 38357 158156 37956 157755 37555 157354 37154 156953 36753 156552 36352 156151 35951 35950 155749 35549 155348 35347 155146 35145 154944 34744 154543 34343 154142 33942 153741 33541 153342 33142 152943 32743 32744 152545 32345 152146 31946 31947 151748 31548 31549 151350 31150 150951 30751 150552 30352 150153 29953 149752 29552 149353 29153 148954 28754 148555 28355 148156 27956 27957 27958 147759 27559 27560 27561 147362 27162 27163 146964 26764 146565 26365 146166 25966 145767 25567 145368 25168 144967 24767 144566 24366 144167 23967 143768 23568 143369 23169 142970 22770 142571 22371 142172 21972 141773 21573 141372 21172 140971 20771 140570 20370 140169 19969 139768 19568 139367 19167 138966 18766 138565 18564 138363 18362 138161 18160 137959 17958 137757 17756 137555 17554 137353 17352 137151 17150 136949 16948 136747 16746 136545 16544 136343 16342 136141 16140 135939 15739 135538 15338 135137 14937 134736 14536 134335 14135 133934 13734 133533 13333 133132 12932 132731 12531 132330 12130 131929 11729 131528 11328 131127 10927 130726 10526 130325 10125 129924 9724 129523 9323 129122 8922 128721 8521 128320 8120 127919 7719 127518 7318 127117 6917 126716 6715 126514 6513 126312 6311 6310 6309 6308 6307 6306 
Label: 115168
[2280,261211,]
33787 33788 153589 33389 153190 32990 152791 32591 152390 32389 152188 32187 151986 31985 151784 31783 151582 31581 151380 31180 150979 30779 150578 30378 150177 29977 149778 29578 149377 29177 148976 28776 148575 28375 148174 27974 147773 27573 147372 27172 146971 26771 146570 26370 146169 25969 145768 25568 145367 25167 144966 24766 144565 24365 144164 23964 143763 23563 143362 23162 23161 23160 142959 22759 142558 22557 142356 22156 141955 21755 141554 21354 141153 20953 140752 20552 140351 20151 139950 19750 139549 19349 139148 18948 138747 18547 18546 138345 18145 137944 17744 137543 17343 137142 16942 136741 16541 136340 16140 135939 15739 135538 15338 135137 14937 134736 14536 134335 14135 133934 13734 133533 13333 133132 12932 132731 12531 132330 12130 131929 11729 131528 11328 131127 10927 130726 10526 130325 10125 129924 9724 129523 9323 129122 8922 128721 8521 128320 8120 127919 7719 127518 7318 127117 6917 126716 6715 126514 6513 126312 6311 6310 6309 6308 6307 6306 
Label: 3077925
[3670,170599,]
33787 33788 153589 33389 153190 113191 73192 33193 33194 33195 33196 33197 33198 73399 113599 73799 113999 74199 114399 74599 114799 74999 115199 75399 115599 75799 115999 76199 116399 76599 116799 156798 36797 36796 36795 36794 36793 36792 36791 36790 36789 36788 36787 36786 36785 36784 36783 36782 36781 76980 117180 77380 117580 157579 37578 77777 117977 157976 37975 37974 37973 37972 37971 37970 37969 37968 37967 37966 37965 37964 37963 37962 37961 37960 37959 37958 37957 157756 37755 157554 37354 157153 36953 156752 36552 156351 36151 155950 35750 155549 35548 155347 35346 155145 34945 34944 154743 34543 154342 34142 153941 33741 153542 33342 153143 32943 152744 32544 32545 152346 32146 151947 31747 31748 151549 31349 151150 30950 150751 30551 150352 30152 149953 29753 149554 29354 149155 28955 148756 28556 148357 28157 147958 27758 27759 147560 27360 147161 26961 146762 26562 146363 26163 145964 25764 145565 25365 145166 24966 144767 24567 144366 24166 143967 23767 143568 23368 143169 22969 142770 22570 142371 22171 141972 21772 141571 21371 141170 20970 140769 20569 140368 20168 139967 19767 139566 19366 139165 18965 138764 18564 138363 18362 138161 18160 137959 17958 137757 17756 137555 17554 137353 17352 137151 17150 136949 16948 136747 16746 136545 16544 136343 16342 136141 16140 135939 15739 135538 15338 135137 14937 134736 14536 134335 14135 133934 13734 133533 13333 133132 12932 132731 12531 132330 12130 131929 11729 131528 11328 131127 10927 130726 10526 130325 10125 129924 9724 129523 9323 129122 8922 128721 8521 128320 8120 127919 7719 127518 7318 127117 6917 126716 6715 126514 6513 126312 6311 6310 6309 6308 6307 6306 
Label: 3492795
[3760,165874,]
33787 33788 153589 33389 153190 113191 73192 33193 33194 33195 33196 33197 33198 73399 113599 73799 113999 74199 114399 74599 114799 74999 115199 75399 115599 75799 115999 76199 116399 76599 116799 156798 36797 36796 36795 36794 36793 36792 36791 36790 36789 36788 36787 36786 36785 36784 36783 36782 76981 117181 157180 37179 77378 117578 77778 117978 157977 37976 78175 118174 158173 38172 38171 38170 38169 38168 38167 38166 38165 38164 38163 38162 38161 38160 38159 38158 157957 37956 157755 37555 157354 37154 156953 36753 156552 36352 156151 35951 35950 155749 35549 155348 35347 155146 35145 154944 34744 154543 34343 154142 33942 153741 33541 153342 33142 152943 32743 32744 152545 32345 152146 31946 31947 151748 31548 31549 151350 31150 150951 30751 150552 30352 150153 29953 149752 29552 149353 29153 148954 28754 148555 28355 148156 27956 27957 27958 147759 27559 27560 27561 147362 27162 27163 146964 26764 146565 26365 146166 25966 145767 25567 145368 25168 144967 24767 144566 24366 144167 23967 143768 23568 143369 23169 142970 22770 142571 22371 142172 21972 141773 21573 141372 21172 140971 20771 140570 20370 140169 19969 139768 19568 139367 19167 138966 18766 138565 18564 138363 18362 138161 18160 137959 17958 137757 17756 137555 17554 137353 17352 137151 17150 136949 16948 136747 16746 136545 16544 136343 16342 136141 16140 135939 15739 135538 15338 135137 14937 134736 14536 134335 14135 133934 13734 133533 13333 133132 12932 132731 12531 132330 12130 131929 11729 131528 11328 131127 10927 130726 10526 130325 10125 129924 9724 129523 9323 129122 8922 128721 8521 128320 8120 127919 7719 127518 7318 127117 6917 126716 6715 126514 6513 126312 6311 6310 6309 6308 6307 6306 
Label: 3726140
[3830,163692,]
33787 153588 33388 153189 113190 73191 33192 152993 112994 72995 32996 73197 33198 73399 113599 73799 113999 74199 114399 74599 114799 74999 115199 75399 115599 75799 115999 76199 116399 76599 116799 156798 36797 36796 36795 36794 36793 36792 36791 36790 36789 36788 36787 36786 36785 36784 36783 36782 76981 117181 157180 37179 77378 117578 77778 117978 157977 37976 78175 118375 158374 38373 38372 38371 38370 38369 38368 38367 38366 38365 38364 38363 38362 38361 38360 38359 38358 38357 158156 37956 157755 37555 157354 37154 156953 36753 156552 36352 156151 35951 35950 155749 35549 155348 35347 155146 35145 154944 34943 154742 34542 154341 34141 153940 33740 153541 33341 153142 32942 32943 152744 32544 32545 152346 32146 151947 31747 31748 151549 31349 151150 30950 150751 30551 150352 30152 149953 29753 149552 29352 149153 28953 148754 28554 148355 28155 28156 28157 147958 27758 27759 147560 27360 27361 27362 147163 26963 146764 26564 146365 26165 145966 25766 145567 25367 145168 24968 144767 24567 144366 24166 143967 23767 143568 23368 143169 22969 142770 22570 142371 22171 141972 21772 141573 21373 141172 20972 140771 20571 140370 20170 139969 19769 139568 19368 139167 18967 138766 18566 18565 18564 138363 18362 138161 18160 137959 17958 137757 17756 137555 17554 137353 17352 137151 17150 136949 16948 136747 16746 136545 16544 136343 16342 136141 16140 135939 15739 135538 15338 135137 14937 134736 14536 134335 14135 133934 13734 133533 13333 133132 12932 132731 12531 132330 12130 131929 11729 131528 11328 131127 10927 130726 10526 130325 10125 129924 9724 129523 9323 129122 8922 128721 8521 128320 8120 127919 7719 127518 7318 127117 6917 126716 6715 126514 6513 126312 6311 6310 6309 6308 6307 6306 
Label: 3372258
[3730,166687,]
33787 33788 153589 33389 153190 113191 73192 33193 33194 33195 33196 73397 33398 73599 113799 73999 114199 74399 114599 74799 114999 75199 115399 75599 115799 75999 116199 76399 116599 156598 36597 36596 36595 36594 36593 36592 36591 36590 36589 36588 36587 36586 36585 36584 36583 76782 116982 156981 36980 77179 117379 77579 117779 157778 37777 77976 118176 158175 38174 38173 38172 38171 38170 38169 38168 38167 38166 38165 38164 38163 38162 38161 38160 38159 38158 38157 38156 157955 37755 157554 37354 157153 36953 156752 36552 156351 36151 155950 35750 155549 35548 155347 35346 155145 34945 34944 154743 34543 154342 34142 153941 33741 153542 33342 153143 32943 152744 32544 32545 152346 32146 151947 31747 31748 151549 31349 151150 30950 150751 30551 150352 30152 149953 29753 149554 29354 149155 28955 148756 28556 148357 28157 147958 27758 27759 147560 27360 27361 27362 147163 26963 146764 26564 146365 26165 145966 25766 145567 25367 145168 24968 144767 24567 144366 24166 143967 23767 143568 23368 143169 22969 142770 22570 142371 22171 141972 21772 141573 21373 141172 20972 140771 20571 140370 20170 139969 19769 139568 19368 139167 18967 138766 18566 18565 18564 138363 18362 138161 18160 137959 17958 137757 17756 137555 17554 137353 17352 137151 17150 136949 16948 136747 16746 136545 16544 136343 16342 136141 16140 135939 15739 135538 15338 135137 14937 134736 14536 134335 14135 133934 13734 133533 13333 133132 12932 132731 12531 132330 12130 131929 11729 131528 11328 131127 10927 130726 10526 130325 10125 129924 9724 129523 9323 129122 8922 128721 8521 128320 8120 127919 7719 127518 7318 127117 6917 126716 6715 126514 6513 126312 6311 6310 6309 6308 6307 6306 
Label: 3664511
[3810,164181,]
33787 153588 33388 153189 113190 73191 33192 152993 112994 72995 32996 73197 33198 73399 113599 73799 113999 74199 114399 74599 114799 74999 115199 75399 115599 75799 115999 76199 116399 76599 116799 156798 36797 36796 36795 36794 36793 36792 36791 36790 36789 36788 36787 36786 36785 36784 36783 36782 76981 117181 157180 37179 77378 117578 77778 117978 157977 37976 78175 118375 158374 38373 38372 38371 38370 38369 38368 38367 38366 38365 38364 38363 38362 38361 38360 38359 38358 38357 158156 37956 157755 37555 157354 37154 156953 36753 156552 36352 156151 35951 35950 155749 35549 155348 35347 155146 35145 154944 34744 154543 34343 154142 33942 153741 33541 153342 33142 152943 32743 32744 152545 32345 152146 31946 31947 151748 31548 31549 151350 31150 150951 30751 150552 30352 150153 29953 149752 29552 149353 29153 148954 28754 148555 28355 148156 27956 27957 27958 147759 27559 27560 27561 147362 27162 27163 146964 26764 146565 26365 146166 25966 145767 25567 145368 25168 144967 24767 144566 24366 144167 23967 143768 23568 143369 23169 142970 22770 142571 22371 142172 21972 141773 21573 141372 21172 140971 20771 140570 20370 140169 19969 139768 19568 139367 19167 138966 18766 138565 18564 138363 18362 138161 18160 137959 17958 137757 17756 137555 17554 137353 17352 137151 17150 136949 16948 136747 16746 136545 16544 136343 16342 136141 16140 135939 15739 135538 15338 135137 14937 134736 14536 134335 14135 133934 13734 133533 13333 133132 12932 132731 12531 132330 12130 131929 11729 131528 11328 131127 10927 130726 10526 130325 10125 129924 9724 129523 9323 129122 8922 128721 8521 128320 8120 127919 7719 127518 7318 127117 6917 126716 6715 126514 6513 126312 6311 6310 6309 6308 6307 6306 
Label: 3816785
[3860,163459,]
33787 153588 33388 153189 113190 73191 33192 152993 112994 72995 32996 73197 33198 73399 113599 73799 113999 74199 114399 74599 114799 74999 115199 75399 115599 75799 115999 76199 116399 76599 116799 156798 36797 36796 36795 36794 36793 36792 36791 36790 36789 36788 36787 36786 36785 36784 36783 36782 76981 117181 157180 37179 77378 117578 77778 117978 157977 37976 78175 118375 158374 38373 38372 38371 38370 38369 38368 38367 38366 38365 38364 38363 38362 38361 38360 38359 38358 38357 158156 37956 157755 37555 157354 37154 156953 36753 156552 36352 156151 35951 35950 155749 35549 155348 35347 155146 35145 154944 34943 154742 34542 154341 34141 153940 33740 153541 33341 153142 32942 32943 152744 32544 32545 152346 32146 151947 31747 31748 151549 31349 151150 111151 150951 30751 150552 30352 150153 29953 149752 29552 149353 29153 148954 28754 148555 28355 148156 27956 27957 27958 147759 27559 27560 27561 147362 27162 27163 146964 26764 146565 26365 146166 25966 145767 25567 145368 25168 144967 24767 144566 24366 144167 23967 143768 23568 143369 23169 142970 22770 142571 22371 142172 21972 141773 21573 141372 21172 140973 20773 140572 20372 140171 19971 139770 19570 139369 19169 138968 18768 18767 18766 138565 18564 138363 18362 138161 18160 137959 17958 137757 17756 137555 17554 137353 17352 137151 17150 136949 16948 136747 16746 136545 16544 136343 16342 136141 16140 135939 15739 135538 15338 135137 14937 134736 14536 134335 14135 133934 13734 133533 13333 133132 12932 132731 12531 132330 12130 131929 11729 131528 11328 131127 10927 130726 10526 130325 10125 129924 9724 129523 9323 129122 8922 128721 8521 128320 8120 127919 7719 127518 7318 127117 6917 126716 6715 126514 6513 126312 6311 6310 6309 6308 6307 6306 
Label: 2896432
[3640,174481,]
33787 33788 153589 33389 153190 113191 73192 33193 33194 33195 33196 73397 33398 73599 113799 73999 114199 74399 114599 74799 114999 75199 115399 75599 115799 75999 116199 76399 116599 156598 36597 36596 36595 36594 36593 36592 36591 36590 36589 36588 36587 36586 36585 36584 76783 116983 156982 36981 77180 117380 157379 37378 77577 117777 157776 37775 37774 37773 37772 37771 37770 37769 37768 37767 37766 37765 37764 37763 37762 37761 37760 37759 37758 37757 37756 37755 157554 37354 157153 36953 156752 36552 156351 36151 155950 35750 155549 35548 155347 35346 155145 34945 34944 154743 34543 154342 34142 153941 33741 153542 33342 153143 32943 152744 32544 32545 152346 32146 151947 31747 31748 151549 31349 151150 30950 150751 30551 150352 30152 149953 29753 149554 29354 149155 28955 148756 28556 148357 28157 147958 27758 27759 147560 27360 147161 26961 146762 26562 146363 26163 145964 25764 145565 25365 145166 24966 144767 24567 144366 24166 143967 23767 143568 23368 143169 22969 142770 22570 142371 22171 141972 21772 141571 21371 141170 20970 140769 20569 140368 20168 139967 19767 139566 19366 139165 18965 138764 18564 138363 18362 138161 18160 137959 17958 137757 17756 137555 17554 137353 17352 137151 17150 136949 16948 136747 16746 136545 16544 136343 16342 136141 16140 135939 15739 135538 15338 135137 14937 134736 14536 134335 14135 133934 13734 133533 13333 133132 12932 132731 12531 132330 12130 131929 11729 131528 11328 131127 10927 130726 10526 130325 10125 129924 9724 129523 9323 129122 8922 128721 8521 128320 8120 127919 7719 127518 7318 127117 6917 126716 6715 126514 6513 126312 6311 6310 6309 6308 6307 6306 
Label: 293666
[2380,205498,]
33787 153588 33388 153189 32989 152790 32590 152389 32189 32188 151987 31986 151785 31784 151583 31582 151381 31181 150980 30780 150579 30379 150178 29978 149779 29579 149378 29178 148979 28779 148578 28378 148177 27977 147776 27576 147375 27175 146974 26774 146573 26373 146172 25972 145771 25571 145370 25170 144969 24769 144568 24368 144167 23967 143768 23568 143369 23169 142970 22770 142571 22371 142172 21972 141771 21571 141370 21170 140969 20769 140568 20368 140167 19967 139766 19566 139365 19165 138964 18764 138563 18363 18362 138161 18160 137959 17958 137757 17756 137555 17554 137353 17352 137151 17150 136949 16948 136747 16746 136545 16544 136343 16342 136141 16140 135939 15739 135538 15338 135137 14937 134736 14536 134335 14135 133934 13734 133533 13333 133132 12932 132731 12531 132330 12130 131929 11729 131528 11328 131127 10927 130726 10526 130325 10125 129924 9724 129523 9323 129122 8922 128721 8521 128320 8120 127919 7719 127518 7318 127117 6917 126716 6715 126514 6513 126312 6311 6310 6309 6308 6307 6306 
Label: 3756128
[3840,163648,]
33787 153588 33388 153189 113190 73191 33192 152993 112994 72995 32996 73197 33198 73399 113599 73799 113999 74199 114399 74599 114799 74999 115199 75399 115599 75799 115999 76199 116399 76599 116799 156798 36797 36796 36795 36794 36793 36792 36791 36790 36789 36788 36787 36786 36785 36784 36783 36782 76981 117181 157180 37179 77378 117578 77778 117978 157977 37976 78175 118375 158374 38373 38372 38371 38370 38369 38368 38367 38366 38365 38364 38363 38362 38361 38360 38359 38358 38357 158156 37956 157755 37555 157354 37154 156953 36753 156552 36352 156151 35951 35950 155749 35549 155348 35347 155146 35145 154944 34943 154742 34542 154341 34141 153940 33740 153541 33341 153142 32942 32943 152744 32544 32545 152346 32146 151947 31747 31748 151549 31349 151150 111151 150951 30751 150552 30352 150153 29953 149752 29552 149353 29153 148954 28754 148555 28355 148156 27956 27957 27958 147759 27559 27560 27561 147362 27162 27163 146964 26764 146565 26365 146166 25966 145767 25567 145368 25168 144967 24767 144566 24366 144167 23967 143768 23568 143369 23169 142970 22770 142571 22371 142172 21972 141773 21573 141372 21172 140971 20771 140570 20370 140169 19969 139768 19568 139367 19167 138966 18766 138565 18564 138363 18362 138161 18160 137959 17958 137757 17756 137555 17554 137353 17352 137151 17150 136949 16948 136747 16746 136545 16544 136343 16342 136141 16140 135939 15739 135538 15338 135137 14937 134736 14536 134335 14135 133934 13734 133533 13333 133132 12932 132731 12531 132330 12130 131929 11729 131528 11328 131127 10927 130726 10526 130325 10125 129924 9724 129523 9323 129122 8922 128721 8521 128320 8120 127919 7719 127518 7318 127117 6917 126716 6715 126514 6513 126312 6311 6310 6309 6308 6307 6306 
Label: 349114
[2440,200631,]
33787 33788 153589 33389 153190 32990 152791 32591 152390 32389 152188 32187 151986 31985 151784 31783 151582 31581 151380 31180 150979 30779 150578 30378 150177 29977 149778 29578 149379 29179 148978 28778 148577 28377 148178 27978 147777 27577 147376 27176 146975 26775 146574 26374 146173 25973 145772 25572 145371 25171 144970 24770 144569 24369 144168 23968 143767 23567 143368 23168 142969 22769 142570 22370 142171 21971 141772 21572 141373 21173 140972 20772 140571 20371 140170 19970 139769 19569 139368 19168 138967 18767 18766 138565 18564 138363 18362 138161 18160 137959 17958 137757 17756 137555 17554 137353 17352 137151 17150 136949 16948 136747 16746 136545 16544 136343 16342 136141 16140 135939 15739 135538 15338 135137 14937 134736 14536 134335 14135 133934 13734 133533 13333 133132 12932 132731 12531 132330 12130 131929 11729 131528 11328 131127 10927 130726 10526 130325 10125 129924 9724 129523 9323 129122 8922 128721 8521 128320 8120 127919 7719 127518 7318 127117 6917 126716 6715 126514 6513 126312 6311 6310 6309 6308 6307 6306 
Label: 3135623
[3680,170364,]
33787 33788 153589 33389 153190 113191 73192 33193 33194 73395 33396 73597 33598 73799 113999 74199 114399 74599 114799 74999 115199 75399 115599 75799 115999 76199 116399 76599 116799 156798 36797 36796 36795 36794 36793 36792 36791 36790 36789 36788 36787 36786 36785 36784 36783 36782 36781 76980 117180 77380 117580 157579 37578 77777 117977 157976 37975 37974 37973 37972 37971 37970 37969 37968 37967 37966 37965 37964 37963 37962 37961 37960 37959 37958 37957 157756 37755 157554 37354 157153 36953 156752 36552 156351 36151 155950 35750 155549 35548 155347 35346 155145 34945 34944 154743 34543 154342 34142 153941 33741 153542 33342 153143 32943 152744 32544 32545 152346 32146 151947 31747 31748 151549 31349 151150 30950 150751 30551 150352 30152 149953 29753 149554 29354 149155 28955 148756 28556 148357 28157 147958 27758 27759 147560 27360 27361 147162 26962 146763 26563 146364 26164 145965 25765 145566 25366 145167 24967 144768 24568 144367 24167 143966 23766 143567 23367 143168 22968 142769 22569 142370 22170 141971 21771 141572 21372 141171 20971 140770 20570 140369 20169 139968 19768 139567 19367 139166 18966 138765 18565 18564 138363 18362 138161 18160 137959 17958 137757 17756 137555 17554 137353 17352 137151 17150 136949 16948 136747 16746 136545 16544 136343 16342 136141 16140 135939 15739 135538 15338 135137 14937 134736 14536 134335 14135 133934 13734 133533 13333 133132 12932 132731 12531 132330 12130 131929 11729 131528 11328 131127 10927 130726 10526 130325 10125 129924 9724 129523 9323 129122 8922 128721 8521 128320 8120 127919 7719 127518 7318 127117 6917 126716 6715 126514 6513 126312 6311 6310 6309 6308 6307 6306 
Label: 265509
[2360,212260,]
33787 153588 33388 153189 32989 152790 32590 152389 32189 32188 151987 31986 151785 31784 151583 31383 151182 30982 150781 30581 150380 30180 149979 29779 149578 29378 149179 28979 148778 28578 148377 28177 147976 27776 147577 27377 147176 26976 146775 26575 146374 26174 145973 25773 145572 25372 145171 24971 144770 24570 144369 24169 143968 23768 143567 23367 143168 22968 142769 22569 142370 22170 141971 21771 141570 21370 141169 20969 140768 20568 140367 20167 139966 19766 139565 19365 139164 18964 138763 18563 138362 18361 138160 18159 18158 18157 137956 17955 137754 17753 137552 17551 137350 17349 137148 17147 136946 16945 136744 16743 136542 16541 136340 16140 135939 15739 135538 15338 135137 14937 134736 14536 134335 14135 133934 13734 133533 13333 133132 12932 132731 12531 132330 12130 131929 11729 131528 11328 131127 10927 130726 10526 130325 10125 129924 9724 129523 9323 129122 8922 128721 8521 128320 8120 127919 7719 127518 7318 127117 6917 126716 6715 126514 6513 126312 6311 6310 6309 6308 6307 6306 
Label: 520941
[2570,176824,]
33787 153588 33388 153189 113190 73191 33192 152993 112994 72995 32996 152797 112798 152598 32398 152199 31999 151798 31598 151399 31199 150998 30798 150599 30399 150198 29998 149799 29599 149398 29198 148999 28799 148598 28398 148199 27999 147798 27598 147399 27199 146998 26798 146597 26397 146196 25996 145795 25595 145394 25393 145192 25191 144990 24989 144788 24787 144586 24585 144384 24383 144182 23982 143781 23581 143380 23180 142979 22779 142578 22378 142177 21977 141776 21576 141375 21175 140974 20774 140573 20373 140172 19972 139771 19571 139370 19170 138969 18968 138767 18766 138565 18564 138363 18362 138161 18160 137959 17958 137757 17756 137555 17554 137353 17352 137151 17150 136949 16948 136747 16746 136545 16544 136343 16342 136141 16140 135939 15739 135538 15338 135137 14937 134736 14536 134335 14135 133934 13734 133533 13333 133132 12932 132731 12531 132330 12130 131929 11729 131528 11328 131127 10927 130726 10526 130325 10125 129924 9724 129523 9323 129122 8922 128721 8521 128320 8120 127919 7719 127518 7318 127117 6917 126716 6715 126514 6513 126312 6311 6310 6309 6308 6307 6306 
Label: 3414007
[3740,166452,]
33787 33788 153589 33389 153190 113191 73192 33193 33194 33195 33196 33197 33198 73399 113599 73799 113999 74199 114399 74599 114799 74999 115199 75399 115599 75799 115999 76199 116399 76599 116799 156798 36797 36796 36795 36794 36793 36792 36791 36790 36789 36788 36787 36786 36785 36784 36783 36782 76981 117181 157180 37179 77378 117578 77778 117978 157977 37976 78175 118174 158173 38172 38171 38170 38169 38168 38167 38166 38165 38164 38163 38162 38161 38160 38159 38158 38157 38156 157955 37755 157554 37354 157153 36953 156752 36552 156351 36151 155950 35750 155549 35548 155347 35346 155145 34945 34944 154743 34543 154342 34142 153941 33741 153542 33342 153143 32943 152744 32544 32545 152346 32146 151947 31747 31748 151549 31349 151150 30950 150751 30551 150352 30152 149953 29753 149554 29354 149155 28955 148756 28556 148357 28157 147958 27758 27759 147560 27360 27361 27362 147163 26963 146764 26564 146365 26165 145966 25766 145567 25367 145168 24968 144767 24567 144366 24166 143967 23767 143568 23368 143169 22969 142770 22570 142371 22171 141972 21772 141573 21373 141172 20972 140771 20571 140370 20170 139969 19769 139568 19368 139167 18967 138766 18566 18565 18564 138363 18362 138161 18160 137959 17958 137757 17756 137555 17554 137353 17352 137151 17150 136949 16948 136747 16746 136545 16544 136343 16342 136141 16140 135939 15739 135538 15338 135137 14937 134736 14536 134335 14135 133934 13734 133533 13333 133132 12932 132731 12531 132330 12130 131929 11729 131528 11328 131127 10927 130726 10526 130325 10125 129924 9724 129523 9323 129122 8922 128721 8521 128320 8120 127919 7719 127518 7318 127117 6917 126716 6715 126514 6513 126312 6311 6310 6309 6308 6307 6306 
Label: 333794
[2420,201341,]
33787 33788 153589 33389 153190 32990 152791 32591 152390 32389 152188 32187 151986 31985 151784 31783 151582 31581 151380 31180 150979 30779 150578 30378 150177 29977 149778 29578 149379 29179 148978 28778 148577 28377 148178 27978 147777 27577 147376 27176 146975 26775 146574 26374 146173 25973 145772 25572 145371 25171 144970 24770 144569 24369 144168 23968 143767 23567 143368 23168 142969 22769 142570 22370 142171 21971 141772 21572 141371 21171 140970 20770 140569 20369 140168 19968 139767 19567 139366 19166 138965 18765 138564 18364 18363 18362 138161 18160 137959 17958 137757 17756 137555 17554 137353 17352 137151 17150 136949 16948 136747 16746 136545 16544 136343 16342 136141 16140 135939 15739 135538 15338 135137 14937 134736 14536 134335 14135 133934 13734 133533 13333 133132 12932 132731 12531 132330 12130 131929 11729 131528 11328 131127 10927 130726 10526 130325 10125 129924 9724 129523 9323 129122 8922 128721 8521 128320 8120 127919 7719 127518 7318 127117 6917 126716 6715 126514 6513 126312 6311 6310 6309 6308 6307 6306 
Label: 379549
[2480,200199,]
33787 33788 153589 33389 153190 32990 152791 32591 152390 32389 152188 32187 151986 31985 151784 31783 151582 31581 151380 31379 151178 30978 150777 30577 150378 30178 149977 29777 149578 29378 149179 28979 148778 28578 148377 28177 147976 27776 147577 27377 147176 26976 146775 26575 146374 26174 145973 25773 145572 25372 145171 24971 144770 24570 144369 24169 143968 23768 143567 23367 143168 22968 142769 22569 142370 22170 141971 21771 141572 21372 141173 20973 140772 20572 140371 20171 139970 19770 139569 19369 139168 18968 138767 18766 138565 18564 138363 18362 138161 18160 18159 137958 17957 137756 17755 137554 17553 137352 17351 137150 17149 136948 16947 136746 16745 136544 16543 136342 16341 136140 16139 135938 15738 135537 15337 135136 14936 134735 14535 134334 14134 133933 13733 133532 13332 133131 12931 132732 12532 132331 12131 131930 11730 131529 11329 131128 10928 130727 10527 130326 10126 129925 9725 129524 9324 129123 8923 128722 8522 128321 8121 127920 7720 127519 7319 7318 127117 6917 126716 6715 126514 6513 126312 6311 6310 6309 6308 6307 6306 
Label: 3187893
[3690,168588,]
33787 33788 153589 33389 153190 113191 73192 33193 33194 33195 33196 33197 33198 73399 113599 73799 113999 74199 114399 74599 114799 74999 115199 75399 115599 75799 115999 76199 116399 76599 116799 156798 36797 36796 36795 36794 36793 36792 36791 36790 36789 36788 36787 36786 36785 36784 36783 36782 36781 76980 117180 77380 117580 157579 37578 77777 117977 157976 37975 37974 37973 37972 37971 37970 37969 37968 37967 37966 37965 37964 37963 37962 37961 37960 37959 37958 37957 157756 37755 157554 37354 157153 36953 156752 36552 156351 36151 155950 35750 155549 35548 155347 35346 155145 34945 34944 154743 34543 154342 34142 153941 33741 153542 33342 153143 32943 152744 32544 32545 152346 32146 151947 31747 31748 151549 31349 151150 30950 150751 30551 150352 30152 149953 29753 149554 29354 149155 28955 148756 28556 148357 28157 147958 27758 27759 147560 27360 27361 147162 26962 146763 26563 146364 26164 145965 25765 145566 25366 145167 24967 144768 24568 144367 24167 143966 23766 143567 23367 143168 22968 142769 22569 142370 22170 141971 21771 141572 21372 141171 20971 140770 20570 140369 20169 139968 19768 139567 19367 139166 18966 138765 18565 18564 138363 18362 138161 18160 137959 17958 137757 17756 137555 17554 137353 17352 137151 17150 136949 16948 136747 16746 136545 16544 136343 16342 136141 16140 135939 15739 135538 15338 135137 14937 134736 14536 134335 14135 133934 13734 133533 13333 133132 12932 132731 12531 132330 12130 131929 11729 131528 11328 131127 10927 130726 10526 130325 10125 129924 9724 129523 9323 129122 8922 128721 8521 128320 8120 127919 7719 127518 7318 127117 6917 126716 6715 126514 6513 126312 6311 6310 6309 6308 6307 6306 
Label: 59064
[2240,264875,]
33787 153588 33388 153189 32989 152790 32590 152389 32189 32188 151987 31986 151785 31784 151583 31582 151381 31181 150980 30780 150579 30379 150178 29978 149777 29577 149376 29176 148975 28775 148574 28374 148173 27973 147772 27572 147371 27171 146970 26770 146569 26369 146168 25968 145767 25567 145366 25166 144965 24765 144564 24364 144163 23963 143762 23562 143361 23161 23160 142959 22759 142558 22557 142356 22156 141955 21755 141554 21354 141153 20953 140752 20552 140351 20151 139950 19750 139549 19349 139148 18948 138747 18547 18546 138345 18145 137944 17744 137543 17343 137142 16942 136741 16541 136340 16140 135939 15739 135538 15338 135137 14937 134736 14536 134335 14135 133934 13734 133533 13333 133132 12932 132731 12531 132330 12130 131929 11729 131528 11328 131127 10927 130726 10526 130325 10125 129924 9724 129523 9323 129122 8922 128721 8521 128320 8120 127919 7719 127518 7318 127117 6917 126716 6715 126514 6513 126312 6311 6310 6309 6308 6307 6306 
Label: 452420
[2530,178908,]
33787 33788 153589 33389 153190 113191 73192 33193 152994 32794 32795 32796 152597 32397 152198 31998 151799 31599 151398 31198 150999 30799 150598 30398 150199 29999 149798 29598 149399 29199 148998 28798 148599 28399 148198 27998 147799 27599 147398 27198 146997 26797 146596 26396 146195 25995 145794 25594 145393 25392 25391 25390 145189 25188 144987 24986 144785 24784 144583 24383 144182 23982 143781 23581 143380 23180 142979 22779 142578 22378 142177 21977 141776 21576 141375 21175 140974 20774 140573 20373 140172 19972 139771 19571 139370 19170 138969 18968 138767 18766 138565 18564 138363 18362 138161 18160 137959 17958 137757 17756 137555 17554 137353 17352 137151 17150 136949 16948 136747 16746 136545 16544 136343 16342 136141 16140 135939 15739 135538 15338 135137 14937 134736 14536 134335 14135 133934 13734 133533 13333 133132 12932 132731 12531 132330 12130 131929 11729 131528 11328 131127 10927 130726 10526 130325 10125 129924 9724 129523 9323 129122 8922 128721 8521 128320 8120 127919 7719 127518 7318 127117 6917 126716 6715 126514 6513 126312 6311 6310 6309 6308 6307 6306 
