graph_load_time: 0.296361
n_generated: 45206
n_expanded: 24780
n_domCheck: 167822
rt_initHeu: 0.288742
rt_search: 0.615323
N: 36
Label: 98322
[273,1176504,]
7418 7419 7420 7421 7422 7423 7424 7425 7426 7427 7428 7429 7229 7029 7030 6830 6831 6631 6632 6432 6433 6233 6234 6034 6035 5835 5836 5636 5637 5638 5639 5640 5641 5642 5643 5644 5645 5646 5647 5648 5649 5650 5651 5652 5653 5654 5655 5656 5657 5658 5659 5660 5661 5662 5663 5664 5665 5666 5667 5668 5669 5670 5671 5672 5673 5674 5675 5676 5876 5877 6077 6277 6278 6478 6678 6679 6879 7079 7080 7280 7480 7481 7681 7881 7882 8082 8282 8482 8483 8683 8883 8884 9084 9284 9484 9684 9884 10084 10284 10484 10684 10884 11084 11284 11484 11684 11884 12084 12284 12484 12684 12884 13084 13284 13484 13684 13685 13885 14085 14086 14286 14287 14487 14488 14688 14888 14889 15089 15090 15290 15291 15491 15492 15692 15693 15893 15894 15895 16095 16096 16097 16098 16099 16100 16101 16102 16103 16104 16105 16106 16107 16108 16109 16110 16111 16112 16113 16114 16115 16116 16316 16317 16318 16518 16519 16520 16521 16522 16722 16723 16724 16725 16925 16926 16927 17127 17128 17129 17329 17330 17530 17531 17731 17732 17932 17933 18133 18134 18334 18335 18535 18735 18736 18936 18937 19137 19138 19338 19339 19340 19341 19342 19343 19344 19345 19346 19347 19348 19349 19350 19351 19352 19353 19354 19355 19356 19357 19358 19359 19360 19361 19362 19363 19364 19365 19366 19367 19368 19369 19370 19371 19372 19373 19374 19375 19376 19377 19378 19379 19380 19381 19382 19383 19384 19385 19386 19387 19388 19389 19390 19391 19392 19393 19193 18993 18793 18593 18393 18193 17993 17793 17593 17592 17591 17590 17589 17588 17587 17586 17585 17584 17583 17582 17581 
Label: 96176
[249,1181785,]
7418 7419 7420 7421 7422 7423 7424 7425 7426 7427 7428 7429 7229 7029 7030 6830 6831 6631 6632 6432 6433 6233 6234 6034 6035 5835 5836 5636 5637 5638 5639 5640 5641 5642 5643 5644 5645 5646 5647 5648 5649 5650 5651 5652 5653 5654 5655 5656 5657 5658 5659 5660 5661 5662 5663 5664 5665 5666 5667 5668 5669 5670 5671 5672 5673 5674 5675 5676 5876 5877 6077 6277 6278 6478 6678 6679 6879 7079 7080 7280 7480 7481 7681 7881 7882 8082 8282 8482 8483 8683 8883 8884 9084 9284 9484 9684 9884 10084 10284 10484 10684 10884 11084 11284 11484 11684 11884 12084 12284 12484 12684 12884 13084 13284 13484 13684 13685 13885 14085 14086 14286 14287 14487 14488 14688 14888 14889 15089 15090 15290 15291 15491 15492 15692 15693 15893 15894 15895 16095 16096 16097 16098 16099 16100 16101 16102 16103 16104 16105 16106 16107 16108 16109 16110 16111 16112 16113 16114 16115 16116 16316 16317 16318 16518 16519 16520 16521 16522 16722 16723 16724 16725 16925 16926 16927 17127 17128 17129 17329 17330 17530 17531 17731 17732 17932 17933 18133 18134 18334 18335 18535 18735 18736 18936 18937 19137 19138 19338 19339 19340 19341 19342 19343 19344 19345 19346 19347 19348 19349 19350 19351 19352 19353 19354 19355 19356 19357 19358 19359 19360 19361 19362 19363 19364 19365 19366 19367 19368 19369 19370 19371 19372 19373 19374 19375 19376 19377 19378 19379 19380 19381 19181 18981 18781 18581 18381 18181 17981 17781 17581 
Label: 98418
[275,1176420,]
7418 7419 7420 7421 7422 7423 7424 7425 7426 7427 7428 7429 7229 7029 7030 6830 6831 6631 6632 6432 6433 6233 6234 6034 6035 5835 5836 5636 5637 5638 5639 5640 5641 5642 5643 5644 5645 5646 5647 5648 5649 5650 5651 5652 5653 5654 5655 5656 5657 5658 5659 5660 5661 5662 5663 5664 5665 5666 5667 5668 5669 5670 5671 5672 5673 5674 5675 5676 5876 5877 6077 6277 6278 6478 6678 6679 6879 7079 7080 7280 7480 7481 7681 7881 7882 8082 8282 8482 8483 8683 8883 8884 9084 9284 9484 9684 9884 10084 10284 10484 10684 10884 11084 11284 11484 11684 11884 12084 12284 12484 12684 12884 13084 13284 13484 13684 13685 13885 14085 14086 14286 14287 14487 14488 14688 14888 14889 15089 15090 15290 15291 15491 15492 15692 15693 15893 15894 15895 16095 16096 16097 16098 16099 16100 16101 16102 16103 16104 16105 16106 16107 16108 16109 16110 16111 16112 16113 16114 16115 16116 16316 16317 16318 16518 16519 16520 16521 16522 16722 16723 16724 16725 16925 16926 16927 17127 17128 17129 17329 17330 17530 17531 17731 17732 17932 17933 18133 18134 18334 18335 18535 18735 18736 18936 18937 19137 19138 19338 19339 19340 19341 19342 19343 19344 19345 19346 19347 19348 19349 19350 19351 19352 19353 19354 19355 19356 19357 19358 19359 19360 19361 19362 19363 19364 19365 19366 19367 19368 19369 19370 19371 19372 19373 19374 19375 19376 19377 19378 19379 19380 19381 19382 19383 19384 19385 19386 19387 19388 19389 19390 19391 19392 19393 19394 19194 18994 18794 18594 18394 18194 17994 17794 17594 17593 17592 17591 17590 17589 17588 17587 17586 17585 17584 17583 17582 17581 
Label: 95516
[247,1183413,]
7418 7419 7420 7421 7422 7423 7424 7425 7426 7427 7428 7429 7229 7029 7030 6830 6831 6631 6632 6432 6433 6233 6234 6034 6035 5835 5836 5837 5838 5839 5840 5841 5842 5843 5844 5845 5846 5847 5848 5849 5850 5851 5852 5853 5854 5855 5856 5857 5858 5859 5860 5861 5862 5863 5864 5865 5866 5867 5868 5869 5870 5871 5872 5873 5874 5875 5876 5877 6077 6277 6278 6478 6678 6679 6879 7079 7080 7280 7480 7481 7681 7881 7882 8082 8282 8482 8483 8683 8883 8884 9084 9284 9484 9684 9884 10084 10284 10484 10684 10884 11084 11284 11484 11684 11884 12084 12284 12484 12684 12884 13084 13284 13484 13684 13685 13885 14085 14086 14286 14287 14487 14488 14688 14888 14889 15089 15090 15290 15291 15491 15492 15692 15693 15893 15894 15895 16095 16096 16097 16098 16099 16100 16101 16102 16103 16104 16105 16106 16107 16108 16109 16110 16111 16112 16113 16114 16115 16116 16316 16317 16318 16518 16519 16520 16521 16522 16722 16723 16724 16725 16925 16926 16927 17127 17128 17129 17329 17330 17530 17531 17731 17732 17932 17933 18133 18134 18334 18335 18535 18735 18736 18936 18937 19137 19138 19338 19339 19340 19341 19342 19343 19344 19345 19346 19347 19348 19349 19350 19351 19352 19353 19354 19355 19356 19357 19358 19359 19360 19361 19362 19363 19364 19365 19366 19367 19368 19369 19370 19371 19372 19373 19374 19375 19376 19377 19378 19379 19380 19381 19181 18981 18781 18581 18381 18181 17981 17781 17581 
Label: 98230
[271,1176633,]
7418 7419 7420 7421 7422 7423 7424 7425 7426 7427 7428 7429 7229 7029 7030 6830 6831 6631 6632 6432 6433 6233 6234 6034 6035 5835 5836 5636 5637 5638 5639 5640 5641 5642 5643 5644 5645 5646 5647 5648 5649 5650 5651 5652 5653 5654 5655 5656 5657 5658 5659 5660 5661 5662 5663 5664 5665 5666 5667 5668 5669 5670 5671 5672 5673 5674 5675 5676 5876 5877 6077 6277 6278 6478 6678 6679 6879 7079 7080 7280 7480 7481 7681 7881 7882 8082 8282 8482 8483 8683 8883 8884 9084 9284 9484 9684 9884 10084 10284 10484 10684 10884 11084 11284 11484 11684 11884 12084 12284 12484 12684 12884 13084 13284 13484 13684 13685 13885 14085 14086 14286 14287 14487 14488 14688 14888 14889 15089 15090 15290 15291 15491 15492 15692 15693 15893 15894 15895 16095 16096 16097 16098 16099 16100 16101 16102 16103 16104 16105 16106 16107 16108 16109 16110 16111 16112 16113 16114 16115 16116 16316 16317 16318 16518 16519 16520 16521 16522 16722 16723 16724 16725 16925 16926 16927 17127 17128 17129 17329 17330 17530 17531 17731 17732 17932 17933 18133 18134 18334 18335 18535 18735 18736 18936 18937 19137 19138 19338 19339 19340 19341 19342 19343 19344 19345 19346 19347 19348 19349 19350 19351 19352 19353 19354 19355 19356 19357 19358 19359 19360 19361 19362 19363 19364 19365 19366 19367 19368 19369 19370 19371 19372 19373 19374 19375 19376 19377 19378 19379 19380 19381 19382 19383 19384 19385 19386 19387 19388 19389 19390 19391 19392 19192 18992 18792 18592 18392 18192 17992 17792 17592 17591 17590 17589 17588 17587 17586 17585 17584 17583 17582 17581 
Label: 94772
[245,1186710,]
7418 7419 7420 7421 7422 7423 7424 7425 7426 7427 7428 7429 7229 7029 7030 6830 6831 6631 6632 6432 6433 6233 6234 6034 6035 5835 5836 5837 5838 5839 5840 5841 5842 5843 5844 5845 5846 5847 5848 5849 5850 5851 5852 5853 5854 5855 5856 5857 5858 5859 5860 5861 5862 5863 5864 5865 5866 5867 5868 5869 5870 5871 5872 5873 5874 5875 5876 5877 6077 6277 6278 6478 6678 6679 6879 7079 7080 7280 7480 7481 7681 7881 7882 8082 8282 8482 8483 8683 8883 8884 9084 9284 9484 9684 9884 10084 10284 10484 10684 10884 11084 11284 11484 11684 11884 12084 12284 12484 12684 12884 13084 13284 13484 13684 13685 13885 14085 14086 14286 14287 14487 14488 14688 14888 14889 15089 15090 15290 15291 15491 15492 15692 15693 15893 15894 15895 16095 16096 16097 16098 16099 16100 16101 16102 16103 16104 16105 16106 16107 16108 16109 16110 16111 16112 16113 16114 16115 16116 16316 16317 16318 16518 16519 16520 16521 16522 16722 16723 16724 16725 16925 16926 16927 17127 17128 17129 17329 17330 17530 17531 17731 17732 17932 17933 18133 18134 18334 18335 18535 18735 18736 18936 18937 19137 19138 19139 19140 19141 19142 19143 19144 19145 19146 19147 19148 19149 19150 19151 19152 19153 19154 19155 19156 19157 19158 19159 19160 19161 19162 19163 19164 19165 19166 19167 19168 19169 19170 19171 19172 19173 19174 19175 19176 19177 19178 19179 19180 19181 18981 18781 18581 18381 18181 17981 17781 17581 
Label: 97902
[263,1178025,]
7418 7419 7420 7421 7422 7423 7424 7425 7426 7427 7428 7429 7229 7029 7030 6830 6831 6631 6632 6432 6433 6233 6234 6034 6035 5835 5836 5636 5637 5638 5639 5640 5641 5642 5643 5644 5645 5646 5647 5648 5649 5650 5651 5652 5653 5654 5655 5656 5657 5658 5659 5660 5661 5662 5663 5664 5665 5666 5667 5668 5669 5670 5671 5672 5673 5674 5675 5676 5876 5877 6077 6277 6278 6478 6678 6679 6879 7079 7080 7280 7480 7481 7681 7881 7882 8082 8282 8482 8483 8683 8883 8884 9084 9284 9484 9684 9884 10084 10284 10484 10684 10884 11084 11284 11484 11684 11884 12084 12284 12484 12684 12884 13084 13284 13484 13684 13685 13885 14085 14086 14286 14287 14487 14488 14688 14888 14889 15089 15090 15290 15291 15491 15492 15692 15693 15893 15894 15895 16095 16096 16097 16098 16099 16100 16101 16102 16103 16104 16105 16106 16107 16108 16109 16110 16111 16112 16113 16114 16115 16116 16316 16317 16318 16518 16519 16520 16521 16522 16722 16723 16724 16725 16925 16926 16927 17127 17128 17129 17329 17330 17530 17531 17731 17732 17932 17933 18133 18134 18334 18335 18535 18735 18736 18936 18937 19137 19138 19338 19339 19340 19341 19342 19343 19344 19345 19346 19347 19348 19349 19350 19351 19352 19353 19354 19355 19356 19357 19358 19359 19360 19361 19362 19363 19364 19365 19366 19367 19368 19369 19370 19371 19372 19373 19374 19375 19376 19377 19378 19379 19380 19381 19382 19383 19384 19385 19386 19387 19388 19188 18988 18788 18588 18388 18188 17988 17788 17588 17587 17586 17585 17584 17583 17582 17581 
Label: 83324
[233,1237936,]
7418 7618 7818 8018 8218 8418 8618 8619 8819 8820 9020 9021 9221 9421 9621 9821 10021 10221 10421 10621 10821 11021 11221 11421 11621 11821 12021 12221 12421 12621 12622 12822 13022 13023 13223 13224 13424 13425 13426 13626 13627 13628 13828 13829 13830 14030 14031 14032 14033 14233 14234 14235 14236 14237 14238 14239 14240 14241 14242 14442 14443 14444 14445 14645 14646 14647 14847 14848 14849 14850 15050 15051 15052 15053 15054 15055 15056 15057 15058 15059 15060 15061 15062 15063 15064 15065 15066 15067 15068 15069 15070 15071 15072 15073 15074 14874 14875 14876 14877 14878 14879 14880 14881 14882 14883 14884 14885 14886 14887 14888 14889 15089 15090 15290 15291 15491 15492 15692 15693 15893 15894 15895 16095 16096 16097 16098 16099 16100 16101 16102 16103 16104 16105 16106 16107 16108 16109 16110 16111 16112 16113 16114 16115 16116 16316 16317 16318 16518 16519 16520 16521 16522 16722 16723 16724 16725 16925 16926 16927 17127 17128 17129 17329 17330 17530 17531 17731 17732 17932 17933 18133 18134 18334 18335 18535 18735 18736 18936 18937 19137 19138 19338 19339 19340 19341 19342 19343 19344 19345 19346 19347 19348 19349 19350 19351 19352 19353 19354 19355 19356 19357 19358 19359 19360 19361 19362 19363 19364 19365 19366 19367 19368 19369 19370 19371 19372 19373 19374 19375 19376 19377 19378 19379 19380 19381 19181 18981 18781 18581 18381 18181 17981 17781 17581 
Label: 33932
[219,1347252,]
7418 7618 7818 8018 8218 8418 8618 8619 8819 8820 9020 9021 9221 9421 9621 9821 10021 10221 10421 10621 10821 11021 11221 11421 11621 11821 12021 12221 12421 12621 12622 12822 13022 13023 13223 13224 13424 13425 13426 13626 13627 13628 13828 13829 13830 14030 14031 14032 14033 14233 14234 14235 14236 14237 14238 14239 14240 14241 14242 14442 14443 14444 14445 14645 14646 14647 14847 14848 14849 14850 15050 15051 15052 15053 15054 15055 15056 15057 15058 15059 15060 15061 15062 15063 15064 15065 15066 15067 15068 15069 15070 15071 15072 15073 15074 15075 15076 15077 15078 15079 15080 15081 15082 15083 15084 15085 15086 15087 15088 15089 15090 15290 15291 15491 15492 15692 15693 15893 15894 15895 16095 16096 16097 16098 16099 16100 16101 16102 16103 16104 16105 16106 16107 16108 16109 16110 16111 16112 16113 16114 16115 16116 16316 16317 16318 16518 16519 16520 16521 16522 16722 16723 16724 16725 16925 16926 16927 17127 17128 17129 17329 17330 17530 17531 17731 17732 17932 17933 18133 18134 18135 18136 18137 18138 18139 18140 18141 18142 18143 18144 18145 18146 18147 18148 18149 18150 18151 18152 18153 18154 18155 18156 18157 18158 18159 18160 18161 18162 18163 18164 18165 18166 18167 18168 18169 18170 18171 18172 18173 18174 18175 18176 18177 18178 18179 18180 18181 17981 17781 17581 
Label: 56948
[225,1268110,]
7418 7618 7818 8018 8218 8418 8618 8619 8819 8820 9020 9021 9221 9421 9621 9821 10021 10221 10421 10621 10821 11021 11221 11421 11621 11821 12021 12221 12421 12621 12622 12822 13022 13023 13223 13224 13424 13425 13426 13626 13627 13628 13828 13829 13830 14030 14031 14032 14033 14233 14234 14235 14236 14237 14238 14239 14240 14241 14242 14442 14443 14444 14445 14645 14646 14647 14847 14848 14849 14850 15050 15051 15052 15053 15054 15055 15056 15057 15058 15059 15060 15061 15062 15063 15064 15065 15066 15067 15068 15069 15070 15071 15072 15073 15074 15075 15076 15077 15078 15079 15080 15081 15082 15083 15084 15085 15086 15087 15088 15089 15090 15290 15291 15491 15492 15692 15693 15893 15894 15895 16095 16096 16097 16098 16099 16100 16101 16102 16103 16104 16105 16106 16107 16108 16109 16110 16111 16112 16113 16114 16115 16116 16316 16317 16318 16518 16519 16520 16521 16522 16722 16723 16724 16725 16925 16926 16927 17127 17128 17129 17329 17330 17530 17531 17731 17732 17932 17933 18133 18134 18334 18335 18535 18735 18736 18737 18738 18739 18740 18741 18742 18743 18744 18745 18746 18747 18748 18749 18750 18751 18752 18753 18754 18755 18756 18757 18758 18759 18760 18761 18762 18763 18764 18765 18766 18767 18768 18769 18770 18771 18772 18773 18774 18775 18776 18777 18778 18779 18780 18781 18581 18381 18181 17981 17781 17581 
Label: 72448
[229,1241878,]
7418 7618 7818 8018 8218 8418 8618 8619 8819 8820 9020 9021 9221 9421 9621 9821 10021 10221 10421 10621 10821 11021 11221 11421 11621 11821 12021 12221 12421 12621 12622 12822 13022 13023 13223 13224 13424 13425 13426 13626 13627 13628 13828 13829 13830 14030 14031 14032 14033 14233 14234 14235 14236 14237 14238 14239 14240 14241 14242 14442 14443 14444 14445 14645 14646 14647 14847 14848 14849 14850 15050 15051 15052 15053 15054 15055 15056 15057 15058 15059 15060 15061 15062 15063 15064 15065 15066 15067 15068 15069 15070 15071 15072 15073 15074 15075 15076 15077 15078 15079 15080 15081 15082 15083 15084 15085 15086 15087 15088 15089 15090 15290 15291 15491 15492 15692 15693 15893 15894 15895 16095 16096 16097 16098 16099 16100 16101 16102 16103 16104 16105 16106 16107 16108 16109 16110 16111 16112 16113 16114 16115 16116 16316 16317 16318 16518 16519 16520 16521 16522 16722 16723 16724 16725 16925 16926 16927 17127 17128 17129 17329 17330 17530 17531 17731 17732 17932 17933 18133 18134 18334 18335 18535 18735 18736 18936 18937 19137 19138 19139 19140 19141 19142 19143 19144 19145 19146 19147 19148 19149 19150 19151 19152 19153 19154 19155 19156 19157 19158 19159 19160 19161 19162 19163 19164 19165 19166 19167 19168 19169 19170 19171 19172 19173 19174 19175 19176 19177 19178 19179 19180 19181 18981 18781 18581 18381 18181 17981 17781 17581 
Label: 98998
[285,1176281,]
7418 7419 7420 7421 7422 7423 7424 7425 7426 7427 7428 7429 7229 7029 7030 6830 6831 6631 6632 6432 6433 6233 6234 6034 6035 5835 5836 5636 5637 5638 5639 5640 5641 5642 5643 5644 5645 5646 5647 5648 5649 5650 5651 5652 5653 5654 5655 5656 5657 5658 5659 5660 5661 5662 5663 5664 5665 5666 5667 5668 5669 5670 5671 5672 5673 5674 5675 5676 5876 5877 6077 6277 6278 6478 6678 6679 6879 7079 7080 7280 7480 7481 7681 7881 7882 8082 8282 8482 8483 8683 8883 8884 9084 9284 9484 9684 9884 10084 10284 10484 10684 10884 11084 11284 11484 11684 11884 12084 12284 12484 12684 12884 13084 13284 13484 13684 13685 13885 14085 14086 14286 14287 14487 14488 14688 14888 14889 15089 15090 15290 15291 15491 15492 15692 15693 15893 15894 15895 16095 16096 16097 16098 16099 16100 16101 16102 16103 16104 16105 16106 16107 16108 16109 16110 16111 16112 16113 16114 16115 16116 16316 16317 16318 16518 16519 16520 16521 16522 16722 16723 16724 16725 16925 16926 16927 17127 17128 17129 17329 17330 17530 17531 17731 17732 17932 17933 18133 18134 18334 18335 18535 18735 18736 18936 18937 19137 19138 19338 19538 19539 19540 19541 19542 19543 19544 19545 19546 19547 19548 19549 19550 19551 19552 19553 19554 19555 19556 19557 19558 19559 19560 19561 19562 19563 19564 19565 19566 19567 19568 19569 19570 19571 19572 19573 19574 19575 19576 19577 19578 19579 19580 19581 19582 19583 19584 19585 19586 19587 19588 19589 19590 19591 19592 19593 19594 19595 19596 19597 19598 19398 19198 18998 18798 18598 18398 18198 17998 17798 17598 17597 17596 17595 17594 17593 17592 17591 17590 17589 17588 17587 17586 17585 17584 17583 17582 17581 
Label: 97590
[257,1180324,]
7418 7419 7420 7421 7422 7423 7424 7425 7426 7427 7428 7429 7229 7029 7030 6830 6831 6631 6632 6432 6433 6233 6234 6034 6035 5835 5836 5636 5637 5638 5639 5640 5641 5642 5643 5644 5645 5646 5647 5648 5649 5650 5651 5652 5653 5654 5655 5656 5657 5658 5659 5660 5661 5662 5663 5664 5665 5666 5667 5668 5669 5670 5671 5672 5673 5674 5675 5676 5876 5877 6077 6277 6278 6478 6678 6679 6879 7079 7080 7280 7480 7481 7681 7881 7882 8082 8282 8482 8483 8683 8883 8884 9084 9284 9484 9684 9884 10084 10284 10484 10684 10884 11084 11284 11484 11684 11884 12084 12284 12484 12684 12884 13084 13284 13484 13684 13685 13885 14085 14086 14286 14287 14487 14488 14688 14888 14889 15089 15090 15290 15291 15491 15492 15692 15693 15893 15894 15895 16095 16096 16097 16098 16099 16100 16101 16102 16103 16104 16105 16106 16107 16108 16109 16110 16111 16112 16113 16114 16115 16116 16316 16317 16318 16518 16519 16520 16521 16522 16722 16723 16724 16725 16925 16926 16927 17127 17128 17129 17329 17330 17530 17531 17731 17732 17932 17933 18133 18134 18334 18335 18535 18735 18736 18936 18937 19137 19138 19338 19339 19340 19341 19342 19343 19344 19345 19346 19347 19348 19349 19350 19351 19352 19353 19354 19355 19356 19357 19358 19359 19360 19361 19362 19363 19364 19365 19366 19367 19368 19369 19370 19371 19372 19373 19374 19375 19376 19377 19378 19379 19380 19381 19382 19383 19384 19385 19185 18985 18785 18585 18385 18185 17985 17785 17585 17584 17583 17582 17581 
Label: 98534
[277,1176369,]
7418 7419 7420 7421 7422 7423 7424 7425 7426 7427 7428 7429 7229 7029 7030 6830 6831 6631 6632 6432 6433 6233 6234 6034 6035 5835 5836 5636 5637 5638 5639 5640 5641 5642 5643 5644 5645 5646 5647 5648 5649 5650 5651 5652 5653 5654 5655 5656 5657 5658 5659 5660 5661 5662 5663 5664 5665 5666 5667 5668 5669 5670 5671 5672 5673 5674 5675 5676 5876 5877 6077 6277 6278 6478 6678 6679 6879 7079 7080 7280 7480 7481 7681 7881 7882 8082 8282 8482 8483 8683 8883 8884 9084 9284 9484 9684 9884 10084 10284 10484 10684 10884 11084 11284 11484 11684 11884 12084 12284 12484 12684 12884 13084 13284 13484 13684 13685 13885 14085 14086 14286 14287 14487 14488 14688 14888 14889 15089 15090 15290 15291 15491 15492 15692 15693 15893 15894 15895 16095 16096 16097 16098 16099 16100 16101 16102 16103 16104 16105 16106 16107 16108 16109 16110 16111 16112 16113 16114 16115 16116 16316 16317 16318 16518 16519 16520 16521 16522 16722 16723 16724 16725 16925 16926 16927 17127 17128 17129 17329 17330 17530 17531 17731 17732 17932 17933 18133 18134 18334 18335 18535 18735 18736 18936 18937 19137 19138 19338 19339 19340 19341 19342 19343 19344 19345 19346 19347 19348 19349 19350 19351 19352 19353 19354 19355 19356 19357 19358 19359 19360 19361 19362 19363 19364 19365 19366 19367 19368 19369 19370 19371 19372 19373 19374 19375 19376 19377 19378 19379 19380 19381 19382 19383 19384 19385 19386 19387 19388 19389 19390 19391 19392 19393 19394 19395 19195 18995 18795 18595 18395 18195 17995 17795 17595 17594 17593 17592 17591 17590 17589 17588 17587 17586 17585 17584 17583 17582 17581 
Label: 64884
[227,1251790,]
7418 7618 7818 8018 8218 8418 8618 8619 8819 8820 9020 9021 9221 9421 9621 9821 10021 10221 10421 10621 10821 11021 11221 11421 11621 11821 12021 12221 12421 12621 12622 12822 13022 13023 13223 13224 13424 13425 13426 13626 13627 13628 13828 13829 13830 14030 14031 14032 14033 14233 14234 14235 14236 14237 14238 14239 14240 14241 14242 14442 14443 14444 14445 14645 14646 14647 14847 14848 14849 14850 15050 15051 15052 15053 15054 15055 15056 15057 15058 15059 15060 15061 15062 15063 15064 15065 15066 15067 15068 15069 15070 15071 15072 15073 15074 15075 15076 15077 15078 15079 15080 15081 15082 15083 15084 15085 15086 15087 15088 15089 15090 15290 15291 15491 15492 15692 15693 15893 15894 15895 16095 16096 16097 16098 16099 16100 16101 16102 16103 16104 16105 16106 16107 16108 16109 16110 16111 16112 16113 16114 16115 16116 16316 16317 16318 16518 16519 16520 16521 16522 16722 16723 16724 16725 16925 16926 16927 17127 17128 17129 17329 17330 17530 17531 17731 17732 17932 17933 18133 18134 18334 18335 18535 18735 18736 18936 18937 18938 18939 18940 18941 18942 18943 18944 18945 18946 18947 18948 18949 18950 18951 18952 18953 18954 18955 18956 18957 18958 18959 18960 18961 18962 18963 18964 18965 18966 18967 18968 18969 18970 18971 18972 18973 18974 18975 18976 18977 18978 18979 18980 18981 18781 18581 18381 18181 17981 17781 17581 
Label: 98142
[269,1176832,]
7418 7419 7420 7421 7422 7423 7424 7425 7426 7427 7428 7429 7229 7029 7030 6830 6831 6631 6632 6432 6433 6233 6234 6034 6035 5835 5836 5636 5637 5638 5639 5640 5641 5642 5643 5644 5645 5646 5647 5648 5649 5650 5651 5652 5653 5654 5655 5656 5657 5658 5659 5660 5661 5662 5663 5664 5665 5666 5667 5668 5669 5670 5671 5672 5673 5674 5675 5676 5876 5877 6077 6277 6278 6478 6678 6679 6879 7079 7080 7280 7480 7481 7681 7881 7882 8082 8282 8482 8483 8683 8883 8884 9084 9284 9484 9684 9884 10084 10284 10484 10684 10884 11084 11284 11484 11684 11884 12084 12284 12484 12684 12884 13084 13284 13484 13684 13685 13885 14085 14086 14286 14287 14487 14488 14688 14888 14889 15089 15090 15290 15291 15491 15492 15692 15693 15893 15894 15895 16095 16096 16097 16098 16099 16100 16101 16102 16103 16104 16105 16106 16107 16108 16109 16110 16111 16112 16113 16114 16115 16116 16316 16317 16318 16518 16519 16520 16521 16522 16722 16723 16724 16725 16925 16926 16927 17127 17128 17129 17329 17330 17530 17531 17731 17732 17932 17933 18133 18134 18334 18335 18535 18735 18736 18936 18937 19137 19138 19338 19339 19340 19341 19342 19343 19344 19345 19346 19347 19348 19349 19350 19351 19352 19353 19354 19355 19356 19357 19358 19359 19360 19361 19362 19363 19364 19365 19366 19367 19368 19369 19370 19371 19372 19373 19374 19375 19376 19377 19378 19379 19380 19381 19382 19383 19384 19385 19386 19387 19388 19389 19390 19391 19191 18991 18791 18591 18391 18191 17991 17791 17591 17590 17589 17588 17587 17586 17585 17584 17583 17582 17581 
Label: 41620
[221,1316911,]
7418 7618 7818 8018 8218 8418 8618 8619 8819 8820 9020 9021 9221 9421 9621 9821 10021 10221 10421 10621 10821 11021 11221 11421 11621 11821 12021 12221 12421 12621 12622 12822 13022 13023 13223 13224 13424 13425 13426 13626 13627 13628 13828 13829 13830 14030 14031 14032 14033 14233 14234 14235 14236 14237 14238 14239 14240 14241 14242 14442 14443 14444 14445 14645 14646 14647 14847 14848 14849 14850 15050 15051 15052 15053 15054 15055 15056 15057 15058 15059 15060 15061 15062 15063 15064 15065 15066 15067 15068 15069 15070 15071 15072 15073 15074 15075 15076 15077 15078 15079 15080 15081 15082 15083 15084 15085 15086 15087 15088 15089 15090 15290 15291 15491 15492 15692 15693 15893 15894 15895 16095 16096 16097 16098 16099 16100 16101 16102 16103 16104 16105 16106 16107 16108 16109 16110 16111 16112 16113 16114 16115 16116 16316 16317 16318 16518 16519 16520 16521 16522 16722 16723 16724 16725 16925 16926 16927 17127 17128 17129 17329 17330 17530 17531 17731 17732 17932 17933 18133 18134 18334 18335 18336 18337 18338 18339 18340 18341 18342 18343 18344 18345 18346 18347 18348 18349 18350 18351 18352 18353 18354 18355 18356 18357 18358 18359 18360 18361 18362 18363 18364 18365 18366 18367 18368 18369 18370 18371 18372 18373 18374 18375 18376 18377 18378 18379 18380 18381 18181 17981 17781 17581 
Label: 12769
[213,1449750,]
7418 7618 7818 8018 8218 8418 8618 8619 8819 8820 9020 9021 9221 9421 9621 9821 10021 10221 10421 10621 10821 11021 11221 11421 11621 11821 12021 12221 12421 12621 12622 12822 13022 13023 13223 13224 13424 13425 13426 13626 13627 13628 13828 13829 13830 14030 14031 14032 14033 14233 14234 14235 14236 14237 14238 14239 14240 14241 14242 14442 14443 14444 14445 14645 14646 14647 14847 14848 14849 14850 15050 15051 15052 15053 15054 15055 15056 15057 15058 15059 15060 15061 15062 15063 15064 15065 15066 15067 15068 15069 15070 15071 15072 15073 15074 15075 15076 15077 15078 15079 15080 15081 15082 15083 15084 15085 15086 15087 15088 15089 15090 15290 15291 15491 15492 15692 15693 15893 15894 15895 16095 16096 16097 16098 16099 16100 16101 16102 16103 16104 16105 16106 16107 16108 16109 16110 16111 16112 16113 16114 16115 16116 16316 16317 16318 16518 16519 16520 16521 16522 16722 16723 16724 16725 16925 16926 16927 17127 17128 17129 17329 17330 17530 17531 17532 17533 17534 17535 17536 17537 17538 17539 17540 17541 17542 17543 17544 17545 17546 17547 17548 17549 17550 17551 17552 17553 17554 17555 17556 17557 17558 17559 17560 17561 17562 17563 17564 17565 17566 17567 17568 17569 17570 17571 17572 17573 17574 17575 17576 17577 17578 17579 17580 17581 
Label: 80136
[231,1238581,]
7418 7618 7818 8018 8218 8418 8618 8619 8819 8820 9020 9021 9221 9421 9621 9821 10021 10221 10421 10621 10821 11021 11221 11421 11621 11821 12021 12221 12421 12621 12622 12822 13022 13023 13223 13224 13424 13425 13426 13626 13627 13628 13828 13829 13830 14030 14031 14032 14033 14233 14234 14235 14236 14237 14238 14239 14240 14241 14242 14442 14443 14444 14445 14645 14646 14647 14847 14848 14849 14850 15050 15051 15052 15053 15054 15055 15056 15057 15058 15059 15060 15061 15062 15063 15064 15065 15066 15067 15068 15069 15070 15071 15072 15073 15074 15075 15076 15077 15078 15079 15080 15081 15082 15083 15084 15085 15086 15087 15088 15089 15090 15290 15291 15491 15492 15692 15693 15893 15894 15895 16095 16096 16097 16098 16099 16100 16101 16102 16103 16104 16105 16106 16107 16108 16109 16110 16111 16112 16113 16114 16115 16116 16316 16317 16318 16518 16519 16520 16521 16522 16722 16723 16724 16725 16925 16926 16927 17127 17128 17129 17329 17330 17530 17531 17731 17732 17932 17933 18133 18134 18334 18335 18535 18735 18736 18936 18937 19137 19138 19338 19339 19340 19341 19342 19343 19344 19345 19346 19347 19348 19349 19350 19351 19352 19353 19354 19355 19356 19357 19358 19359 19360 19361 19362 19363 19364 19365 19366 19367 19368 19369 19370 19371 19372 19373 19374 19375 19376 19377 19378 19379 19380 19381 19181 18981 18781 18581 18381 18181 17981 17781 17581 
Label: 97822
[261,1178680,]
7418 7419 7420 7421 7422 7423 7424 7425 7426 7427 7428 7429 7229 7029 7030 6830 6831 6631 6632 6432 6433 6233 6234 6034 6035 5835 5836 5636 5637 5638 5639 5640 5641 5642 5643 5644 5645 5646 5647 5648 5649 5650 5651 5652 5653 5654 5655 5656 5657 5658 5659 5660 5661 5662 5663 5664 5665 5666 5667 5668 5669 5670 5671 5672 5673 5674 5675 5676 5876 5877 6077 6277 6278 6478 6678 6679 6879 7079 7080 7280 7480 7481 7681 7881 7882 8082 8282 8482 8483 8683 8883 8884 9084 9284 9484 9684 9884 10084 10284 10484 10684 10884 11084 11284 11484 11684 11884 12084 12284 12484 12684 12884 13084 13284 13484 13684 13685 13885 14085 14086 14286 14287 14487 14488 14688 14888 14889 15089 15090 15290 15291 15491 15492 15692 15693 15893 15894 15895 16095 16096 16097 16098 16099 16100 16101 16102 16103 16104 16105 16106 16107 16108 16109 16110 16111 16112 16113 16114 16115 16116 16316 16317 16318 16518 16519 16520 16521 16522 16722 16723 16724 16725 16925 16926 16927 17127 17128 17129 17329 17330 17530 17531 17731 17732 17932 17933 18133 18134 18334 18335 18535 18735 18736 18936 18937 19137 19138 19338 19339 19340 19341 19342 19343 19344 19345 19346 19347 19348 19349 19350 19351 19352 19353 19354 19355 19356 19357 19358 19359 19360 19361 19362 19363 19364 19365 19366 19367 19368 19369 19370 19371 19372 19373 19374 19375 19376 19377 19378 19379 19380 19381 19382 19383 19384 19385 19386 19387 19187 18987 18787 18587 18387 18187 17987 17787 17587 17586 17585 17584 17583 17582 17581 
Label: 98058
[267,1177115,]
7418 7419 7420 7421 7422 7423 7424 7425 7426 7427 7428 7429 7229 7029 7030 6830 6831 6631 6632 6432 6433 6233 6234 6034 6035 5835 5836 5636 5637 5638 5639 5640 5641 5642 5643 5644 5645 5646 5647 5648 5649 5650 5651 5652 5653 5654 5655 5656 5657 5658 5659 5660 5661 5662 5663 5664 5665 5666 5667 5668 5669 5670 5671 5672 5673 5674 5675 5676 5876 5877 6077 6277 6278 6478 6678 6679 6879 7079 7080 7280 7480 7481 7681 7881 7882 8082 8282 8482 8483 8683 8883 8884 9084 9284 9484 9684 9884 10084 10284 10484 10684 10884 11084 11284 11484 11684 11884 12084 12284 12484 12684 12884 13084 13284 13484 13684 13685 13885 14085 14086 14286 14287 14487 14488 14688 14888 14889 15089 15090 15290 15291 15491 15492 15692 15693 15893 15894 15895 16095 16096 16097 16098 16099 16100 16101 16102 16103 16104 16105 16106 16107 16108 16109 16110 16111 16112 16113 16114 16115 16116 16316 16317 16318 16518 16519 16520 16521 16522 16722 16723 16724 16725 16925 16926 16927 17127 17128 17129 17329 17330 17530 17531 17731 17732 17932 17933 18133 18134 18334 18335 18535 18735 18736 18936 18937 19137 19138 19338 19339 19340 19341 19342 19343 19344 19345 19346 19347 19348 19349 19350 19351 19352 19353 19354 19355 19356 19357 19358 19359 19360 19361 19362 19363 19364 19365 19366 19367 19368 19369 19370 19371 19372 19373 19374 19375 19376 19377 19378 19379 19380 19381 19382 19383 19384 19385 19386 19387 19388 19389 19390 19190 18990 18790 18590 18390 18190 17990 17790 17590 17589 17588 17587 17586 17585 17584 17583 17582 17581 
Label: 86384
[235,1237586,]
7418 7618 7818 8018 8218 8418 8618 8619 8819 8820 9020 9021 9221 9421 9621 9821 10021 10221 10421 10621 10821 11021 11221 11421 11621 11821 12021 12221 12421 12621 12622 12822 13022 13023 13223 13224 13424 13425 13426 13626 13627 13628 13828 13829 13830 14030 14031 14032 14033 14233 14234 14235 14236 14237 14238 14239 14240 14241 14242 14442 14443 14444 14445 14645 14646 14647 14847 14848 14849 14850 15050 15051 15052 15053 15054 15055 15056 15057 15058 15059 15060 15061 15062 15063 15064 15065 15066 15067 15068 15069 15070 15071 15072 15073 15074 14874 14875 14675 14676 14677 14678 14679 14680 14681 14682 14683 14684 14685 14686 14687 14688 14888 14889 15089 15090 15290 15291 15491 15492 15692 15693 15893 15894 15895 16095 16096 16097 16098 16099 16100 16101 16102 16103 16104 16105 16106 16107 16108 16109 16110 16111 16112 16113 16114 16115 16116 16316 16317 16318 16518 16519 16520 16521 16522 16722 16723 16724 16725 16925 16926 16927 17127 17128 17129 17329 17330 17530 17531 17731 17732 17932 17933 18133 18134 18334 18335 18535 18735 18736 18936 18937 19137 19138 19338 19339 19340 19341 19342 19343 19344 19345 19346 19347 19348 19349 19350 19351 19352 19353 19354 19355 19356 19357 19358 19359 19360 19361 19362 19363 19364 19365 19366 19367 19368 19369 19370 19371 19372 19373 19374 19375 19376 19377 19378 19379 19380 19381 19181 18981 18781 18581 18381 18181 17981 17781 17581 
Label: 98778
[281,1176313,]
7418 7419 7420 7421 7422 7423 7424 7425 7426 7427 7428 7429 7229 7029 7030 6830 6831 6631 6632 6432 6433 6233 6234 6034 6035 5835 5836 5636 5637 5638 5639 5640 5641 5642 5643 5644 5645 5646 5647 5648 5649 5650 5651 5652 5653 5654 5655 5656 5657 5658 5659 5660 5661 5662 5663 5664 5665 5666 5667 5668 5669 5670 5671 5672 5673 5674 5675 5676 5876 5877 6077 6277 6278 6478 6678 6679 6879 7079 7080 7280 7480 7481 7681 7881 7882 8082 8282 8482 8483 8683 8883 8884 9084 9284 9484 9684 9884 10084 10284 10484 10684 10884 11084 11284 11484 11684 11884 12084 12284 12484 12684 12884 13084 13284 13484 13684 13685 13885 14085 14086 14286 14287 14487 14488 14688 14888 14889 15089 15090 15290 15291 15491 15492 15692 15693 15893 15894 15895 16095 16096 16097 16098 16099 16100 16101 16102 16103 16104 16105 16106 16107 16108 16109 16110 16111 16112 16113 16114 16115 16116 16316 16317 16318 16518 16519 16520 16521 16522 16722 16723 16724 16725 16925 16926 16927 17127 17128 17129 17329 17330 17530 17531 17731 17732 17932 17933 18133 18134 18334 18335 18535 18735 18736 18936 18937 19137 19138 19338 19538 19539 19540 19541 19542 19543 19544 19545 19546 19547 19548 19549 19550 19551 19552 19553 19554 19555 19556 19557 19558 19559 19560 19561 19562 19563 19564 19565 19566 19567 19568 19569 19570 19571 19572 19573 19574 19575 19576 19577 19578 19579 19580 19581 19582 19583 19584 19585 19586 19587 19588 19589 19590 19591 19592 19593 19594 19595 19596 19396 19196 18996 18796 18596 18396 18196 17996 17796 17596 17595 17594 17593 17592 17591 17590 17589 17588 17587 17586 17585 17584 17583 17582 17581 
Label: 99103
[287,1176275,]
7418 7419 7420 7421 7422 7423 7424 7425 7426 7427 7428 7429 7229 7029 7030 6830 6831 6631 6632 6432 6433 6233 6234 6034 6035 5835 5836 5636 5637 5638 5639 5640 5641 5642 5643 5644 5645 5646 5647 5648 5649 5650 5651 5652 5653 5654 5655 5656 5657 5658 5659 5660 5661 5662 5663 5664 5665 5666 5667 5668 5669 5670 5671 5672 5673 5674 5675 5676 5876 5877 6077 6277 6278 6478 6678 6679 6879 7079 7080 7280 7480 7481 7681 7881 7882 8082 8282 8482 8483 8683 8883 8884 9084 9284 9484 9684 9884 10084 10284 10484 10684 10884 11084 11284 11484 11684 11884 12084 12284 12484 12684 12884 13084 13284 13484 13684 13685 13885 14085 14086 14286 14287 14487 14488 14688 14888 14889 15089 15090 15290 15291 15491 15492 15692 15693 15893 15894 15895 16095 16096 16097 16098 16099 16100 16101 16102 16103 16104 16105 16106 16107 16108 16109 16110 16111 16112 16113 16114 16115 16116 16316 16317 16318 16518 16519 16520 16521 16522 16722 16723 16724 16725 16925 16926 16927 17127 17128 17129 17329 17330 17530 17531 17731 17732 17932 17933 18133 18134 18334 18335 18535 18735 18736 18936 18937 19137 19138 19338 19538 19539 19540 19541 19542 19543 19544 19545 19546 19547 19548 19549 19550 19551 19552 19553 19554 19555 19556 19557 19558 19559 19560 19561 19562 19563 19564 19565 19566 19567 19568 19569 19570 19571 19572 19573 19574 19575 19576 19577 19578 19579 19580 19581 19582 19583 19584 19585 19586 19587 19588 19589 19590 19591 19592 19593 19594 19595 19596 19597 19598 19599 19399 19199 18999 18799 18599 18399 18199 17999 17799 17599 17598 17597 17596 17595 17594 17593 17592 17591 17590 17589 17588 17587 17586 17585 17584 17583 17582 17581 
Label: 98658
[279,1176336,]
7418 7419 7420 7421 7422 7423 7424 7425 7426 7427 7428 7429 7229 7029 7030 6830 6831 6631 6632 6432 6433 6233 6234 6034 6035 5835 5836 5636 5637 5638 5639 5640 5641 5642 5643 5644 5645 5646 5647 5648 5649 5650 5651 5652 5653 5654 5655 5656 5657 5658 5659 5660 5661 5662 5663 5664 5665 5666 5667 5668 5669 5670 5671 5672 5673 5674 5675 5676 5876 5877 6077 6277 6278 6478 6678 6679 6879 7079 7080 7280 7480 7481 7681 7881 7882 8082 8282 8482 8483 8683 8883 8884 9084 9284 9484 9684 9884 10084 10284 10484 10684 10884 11084 11284 11484 11684 11884 12084 12284 12484 12684 12884 13084 13284 13484 13684 13685 13885 14085 14086 14286 14287 14487 14488 14688 14888 14889 15089 15090 15290 15291 15491 15492 15692 15693 15893 15894 15895 16095 16096 16097 16098 16099 16100 16101 16102 16103 16104 16105 16106 16107 16108 16109 16110 16111 16112 16113 16114 16115 16116 16316 16317 16318 16518 16519 16520 16521 16522 16722 16723 16724 16725 16925 16926 16927 17127 17128 17129 17329 17330 17530 17531 17731 17732 17932 17933 18133 18134 18334 18335 18535 18735 18736 18936 18937 19137 19138 19338 19339 19340 19341 19342 19343 19344 19345 19346 19347 19348 19349 19350 19351 19352 19353 19354 19355 19356 19357 19358 19359 19360 19361 19362 19363 19364 19365 19366 19367 19368 19369 19370 19371 19372 19373 19374 19375 19376 19377 19378 19379 19380 19381 19382 19383 19384 19385 19386 19387 19388 19389 19390 19391 19392 19393 19394 19395 19396 19196 18996 18796 18596 18396 18196 17996 17796 17596 17595 17594 17593 17592 17591 17590 17589 17588 17587 17586 17585 17584 17583 17582 17581 
Label: 27268
[217,1380080,]
7418 7618 7818 8018 8218 8418 8618 8619 8819 8820 9020 9021 9221 9421 9621 9821 10021 10221 10421 10621 10821 11021 11221 11421 11621 11821 12021 12221 12421 12621 12622 12822 13022 13023 13223 13224 13424 13425 13426 13626 13627 13628 13828 13829 13830 14030 14031 14032 14033 14233 14234 14235 14236 14237 14238 14239 14240 14241 14242 14442 14443 14444 14445 14645 14646 14647 14847 14848 14849 14850 15050 15051 15052 15053 15054 15055 15056 15057 15058 15059 15060 15061 15062 15063 15064 15065 15066 15067 15068 15069 15070 15071 15072 15073 15074 15075 15076 15077 15078 15079 15080 15081 15082 15083 15084 15085 15086 15087 15088 15089 15090 15290 15291 15491 15492 15692 15693 15893 15894 15895 16095 16096 16097 16098 16099 16100 16101 16102 16103 16104 16105 16106 16107 16108 16109 16110 16111 16112 16113 16114 16115 16116 16316 16317 16318 16518 16519 16520 16521 16522 16722 16723 16724 16725 16925 16926 16927 17127 17128 17129 17329 17330 17530 17531 17731 17732 17932 17933 17934 17935 17936 17937 17938 17939 17940 17941 17942 17943 17944 17945 17946 17947 17948 17949 17950 17951 17952 17953 17954 17955 17956 17957 17958 17959 17960 17961 17962 17963 17964 17965 17966 17967 17968 17969 17970 17971 17972 17973 17974 17975 17976 17977 17978 17979 17980 17981 17781 17581 
Label: 97390
[255,1181173,]
7418 7419 7420 7421 7422 7423 7424 7425 7426 7427 7428 7429 7229 7029 7030 6830 6831 6631 6632 6432 6433 6233 6234 6034 6035 5835 5836 5636 5637 5638 5639 5640 5641 5642 5643 5644 5645 5646 5647 5648 5649 5650 5651 5652 5653 5654 5655 5656 5657 5658 5659 5660 5661 5662 5663 5664 5665 5666 5667 5668 5669 5670 5671 5672 5673 5674 5675 5676 5876 5877 6077 6277 6278 6478 6678 6679 6879 7079 7080 7280 7480 7481 7681 7881 7882 8082 8282 8482 8483 8683 8883 8884 9084 9284 9484 9684 9884 10084 10284 10484 10684 10884 11084 11284 11484 11684 11884 12084 12284 12484 12684 12884 13084 13284 13484 13684 13685 13885 14085 14086 14286 14287 14487 14488 14688 14888 14889 15089 15090 15290 15291 15491 15492 15692 15693 15893 15894 15895 16095 16096 16097 16098 16099 16100 16101 16102 16103 16104 16105 16106 16107 16108 16109 16110 16111 16112 16113 16114 16115 16116 16316 16317 16318 16518 16519 16520 16521 16522 16722 16723 16724 16725 16925 16926 16927 17127 17128 17129 17329 17330 17530 17531 17731 17732 17932 17933 18133 18134 18334 18335 18535 18735 18736 18936 18937 19137 19138 19338 19339 19340 19341 19342 19343 19344 19345 19346 19347 19348 19349 19350 19351 19352 19353 19354 19355 19356 19357 19358 19359 19360 19361 19362 19363 19364 19365 19366 19367 19368 19369 19370 19371 19372 19373 19374 19375 19376 19377 19378 19379 19380 19381 19382 19383 19384 19184 18984 18784 18584 18384 18184 17984 17784 17584 17583 17582 17581 
Label: 20200
[215,1414480,]
7418 7618 7818 8018 8218 8418 8618 8619 8819 8820 9020 9021 9221 9421 9621 9821 10021 10221 10421 10621 10821 11021 11221 11421 11621 11821 12021 12221 12421 12621 12622 12822 13022 13023 13223 13224 13424 13425 13426 13626 13627 13628 13828 13829 13830 14030 14031 14032 14033 14233 14234 14235 14236 14237 14238 14239 14240 14241 14242 14442 14443 14444 14445 14645 14646 14647 14847 14848 14849 14850 15050 15051 15052 15053 15054 15055 15056 15057 15058 15059 15060 15061 15062 15063 15064 15065 15066 15067 15068 15069 15070 15071 15072 15073 15074 15075 15076 15077 15078 15079 15080 15081 15082 15083 15084 15085 15086 15087 15088 15089 15090 15290 15291 15491 15492 15692 15693 15893 15894 15895 16095 16096 16097 16098 16099 16100 16101 16102 16103 16104 16105 16106 16107 16108 16109 16110 16111 16112 16113 16114 16115 16116 16316 16317 16318 16518 16519 16520 16521 16522 16722 16723 16724 16725 16925 16926 16927 17127 17128 17129 17329 17330 17530 17531 17731 17732 17733 17734 17735 17736 17737 17738 17739 17740 17741 17742 17743 17744 17745 17746 17747 17748 17749 17750 17751 17752 17753 17754 17755 17756 17757 17758 17759 17760 17761 17762 17763 17764 17765 17766 17767 17768 17769 17770 17771 17772 17773 17774 17775 17776 17777 17778 17779 17780 17781 17581 
Label: 91424
[239,1227298,]
7418 7419 7420 7421 7422 7423 7424 7425 7426 7427 7428 7429 7229 7029 7030 6830 6831 6631 6632 6432 6433 6233 6234 6034 6035 6036 6037 6038 6039 6040 6041 6042 6043 6044 6045 6046 6047 6048 6049 6050 6051 6052 6053 6054 6055 6056 6057 6058 6059 6060 6061 6062 6063 6064 6065 6066 6067 6068 6069 6070 6071 6072 6073 6074 6075 6076 6077 6277 6278 6478 6678 6679 6879 7079 7080 7280 7480 7481 7681 7881 7882 8082 8282 8482 8483 8683 8883 8884 9084 9284 9484 9684 9884 10084 10284 10484 10684 10884 11084 11284 11484 11684 11884 12084 12284 12484 12684 12884 13084 13284 13484 13684 13685 13885 14085 14086 14286 14287 14487 14488 14688 14888 14889 15089 15090 15290 15291 15491 15492 15692 15693 15893 15894 15895 16095 16096 16097 16098 16099 16100 16101 16102 16103 16104 16105 16106 16107 16108 16109 16110 16111 16112 16113 16114 16115 16116 16316 16317 16318 16518 16519 16520 16521 16522 16722 16723 16724 16725 16925 16926 16927 17127 17128 17129 17329 17330 17530 17531 17731 17732 17932 17933 18133 18134 18334 18335 18535 18735 18736 18737 18738 18739 18740 18741 18742 18743 18744 18745 18746 18747 18748 18749 18750 18751 18752 18753 18754 18755 18756 18757 18758 18759 18760 18761 18762 18763 18764 18765 18766 18767 18768 18769 18770 18771 18772 18773 18774 18775 18776 18777 18778 18779 18780 18781 18581 18381 18181 17981 17781 17581 
Label: 97978
[265,1177506,]
7418 7419 7420 7421 7422 7423 7424 7425 7426 7427 7428 7429 7229 7029 7030 6830 6831 6631 6632 6432 6433 6233 6234 6034 6035 5835 5836 5636 5637 5638 5639 5640 5641 5642 5643 5644 5645 5646 5647 5648 5649 5650 5651 5652 5653 5654 5655 5656 5657 5658 5659 5660 5661 5662 5663 5664 5665 5666 5667 5668 5669 5670 5671 5672 5673 5674 5675 5676 5876 5877 6077 6277 6278 6478 6678 6679 6879 7079 7080 7280 7480 7481 7681 7881 7882 8082 8282 8482 8483 8683 8883 8884 9084 9284 9484 9684 9884 10084 10284 10484 10684 10884 11084 11284 11484 11684 11884 12084 12284 12484 12684 12884 13084 13284 13484 13684 13685 13885 14085 14086 14286 14287 14487 14488 14688 14888 14889 15089 15090 15290 15291 15491 15492 15692 15693 15893 15894 15895 16095 16096 16097 16098 16099 16100 16101 16102 16103 16104 16105 16106 16107 16108 16109 16110 16111 16112 16113 16114 16115 16116 16316 16317 16318 16518 16519 16520 16521 16522 16722 16723 16724 16725 16925 16926 16927 17127 17128 17129 17329 17330 17530 17531 17731 17732 17932 17933 18133 18134 18334 18335 18535 18735 18736 18936 18937 19137 19138 19338 19339 19340 19341 19342 19343 19344 19345 19346 19347 19348 19349 19350 19351 19352 19353 19354 19355 19356 19357 19358 19359 19360 19361 19362 19363 19364 19365 19366 19367 19368 19369 19370 19371 19372 19373 19374 19375 19376 19377 19378 19379 19380 19381 19382 19383 19384 19385 19386 19387 19388 19389 19189 18989 18789 18589 18389 18189 17989 17789 17589 17588 17587 17586 17585 17584 17583 17582 17581 
Label: 98886
[283,1176292,]
7418 7419 7420 7421 7422 7423 7424 7425 7426 7427 7428 7429 7229 7029 7030 6830 6831 6631 6632 6432 6433 6233 6234 6034 6035 5835 5836 5636 5637 5638 5639 5640 5641 5642 5643 5644 5645 5646 5647 5648 5649 5650 5651 5652 5653 5654 5655 5656 5657 5658 5659 5660 5661 5662 5663 5664 5665 5666 5667 5668 5669 5670 5671 5672 5673 5674 5675 5676 5876 5877 6077 6277 6278 6478 6678 6679 6879 7079 7080 7280 7480 7481 7681 7881 7882 8082 8282 8482 8483 8683 8883 8884 9084 9284 9484 9684 9884 10084 10284 10484 10684 10884 11084 11284 11484 11684 11884 12084 12284 12484 12684 12884 13084 13284 13484 13684 13685 13885 14085 14086 14286 14287 14487 14488 14688 14888 14889 15089 15090 15290 15291 15491 15492 15692 15693 15893 15894 15895 16095 16096 16097 16098 16099 16100 16101 16102 16103 16104 16105 16106 16107 16108 16109 16110 16111 16112 16113 16114 16115 16116 16316 16317 16318 16518 16519 16520 16521 16522 16722 16723 16724 16725 16925 16926 16927 17127 17128 17129 17329 17330 17530 17531 17731 17732 17932 17933 18133 18134 18334 18335 18535 18735 18736 18936 18937 19137 19138 19338 19538 19539 19540 19541 19542 19543 19544 19545 19546 19547 19548 19549 19550 19551 19552 19553 19554 19555 19556 19557 19558 19559 19560 19561 19562 19563 19564 19565 19566 19567 19568 19569 19570 19571 19572 19573 19574 19575 19576 19577 19578 19579 19580 19581 19582 19583 19584 19585 19586 19587 19588 19589 19590 19591 19592 19593 19594 19595 19596 19597 19397 19197 18997 18797 18597 18397 18197 17997 17797 17597 17596 17595 17594 17593 17592 17591 17590 17589 17588 17587 17586 17585 17584 17583 17582 17581 
Label: 49208
[223,1290158,]
7418 7618 7818 8018 8218 8418 8618 8619 8819 8820 9020 9021 9221 9421 9621 9821 10021 10221 10421 10621 10821 11021 11221 11421 11621 11821 12021 12221 12421 12621 12622 12822 13022 13023 13223 13224 13424 13425 13426 13626 13627 13628 13828 13829 13830 14030 14031 14032 14033 14233 14234 14235 14236 14237 14238 14239 14240 14241 14242 14442 14443 14444 14445 14645 14646 14647 14847 14848 14849 14850 15050 15051 15052 15053 15054 15055 15056 15057 15058 15059 15060 15061 15062 15063 15064 15065 15066 15067 15068 15069 15070 15071 15072 15073 15074 15075 15076 15077 15078 15079 15080 15081 15082 15083 15084 15085 15086 15087 15088 15089 15090 15290 15291 15491 15492 15692 15693 15893 15894 15895 16095 16096 16097 16098 16099 16100 16101 16102 16103 16104 16105 16106 16107 16108 16109 16110 16111 16112 16113 16114 16115 16116 16316 16317 16318 16518 16519 16520 16521 16522 16722 16723 16724 16725 16925 16926 16927 17127 17128 17129 17329 17330 17530 17531 17731 17732 17932 17933 18133 18134 18334 18335 18535 18536 18537 18538 18539 18540 18541 18542 18543 18544 18545 18546 18547 18548 18549 18550 18551 18552 18553 18554 18555 18556 18557 18558 18559 18560 18561 18562 18563 18564 18565 18566 18567 18568 18569 18570 18571 18572 18573 18574 18575 18576 18577 18578 18579 18580 18581 18381 18181 17981 17781 17581 
Label: 89360
[237,1237422,]
7418 7618 7818 8018 8218 8418 8618 8619 8819 8820 9020 9021 9221 9421 9621 9821 10021 10221 10421 10621 10821 11021 11221 11421 11621 11821 12021 12221 12421 12621 12622 12822 13022 13023 13223 13224 13424 13425 13426 13626 13627 13628 13828 13829 13830 14030 14031 14032 14033 14233 14234 14235 14236 14237 14238 14239 14240 14241 14242 14442 14443 14444 14445 14645 14646 14647 14847 14848 14849 14850 15050 15051 15052 15053 15054 15055 15056 15057 15058 15059 15060 15061 15062 15063 15064 15065 15066 15067 15068 15069 15070 15071 15072 15073 15074 14874 14875 14675 14676 14476 14477 14478 14479 14480 14481 14482 14483 14484 14485 14486 14487 14488 14688 14888 14889 15089 15090 15290 15291 15491 15492 15692 15693 15893 15894 15895 16095 16096 16097 16098 16099 16100 16101 16102 16103 16104 16105 16106 16107 16108 16109 16110 16111 16112 16113 16114 16115 16116 16316 16317 16318 16518 16519 16520 16521 16522 16722 16723 16724 16725 16925 16926 16927 17127 17128 17129 17329 17330 17530 17531 17731 17732 17932 17933 18133 18134 18334 18335 18535 18735 18736 18936 18937 19137 19138 19338 19339 19340 19341 19342 19343 19344 19345 19346 19347 19348 19349 19350 19351 19352 19353 19354 19355 19356 19357 19358 19359 19360 19361 19362 19363 19364 19365 19366 19367 19368 19369 19370 19371 19372 19373 19374 19375 19376 19377 19378 19379 19380 19381 19181 18981 18781 18581 18381 18181 17981 17781 17581 
Label: 97738
[259,1179461,]
7418 7419 7420 7421 7422 7423 7424 7425 7426 7427 7428 7429 7229 7029 7030 6830 6831 6631 6632 6432 6433 6233 6234 6034 6035 5835 5836 5636 5637 5638 5639 5640 5641 5642 5643 5644 5645 5646 5647 5648 5649 5650 5651 5652 5653 5654 5655 5656 5657 5658 5659 5660 5661 5662 5663 5664 5665 5666 5667 5668 5669 5670 5671 5672 5673 5674 5675 5676 5876 5877 6077 6277 6278 6478 6678 6679 6879 7079 7080 7280 7480 7481 7681 7881 7882 8082 8282 8482 8483 8683 8883 8884 9084 9284 9484 9684 9884 10084 10284 10484 10684 10884 11084 11284 11484 11684 11884 12084 12284 12484 12684 12884 13084 13284 13484 13684 13685 13885 14085 14086 14286 14287 14487 14488 14688 14888 14889 15089 15090 15290 15291 15491 15492 15692 15693 15893 15894 15895 16095 16096 16097 16098 16099 16100 16101 16102 16103 16104 16105 16106 16107 16108 16109 16110 16111 16112 16113 16114 16115 16116 16316 16317 16318 16518 16519 16520 16521 16522 16722 16723 16724 16725 16925 16926 16927 17127 17128 17129 17329 17330 17530 17531 17731 17732 17932 17933 18133 18134 18334 18335 18535 18735 18736 18936 18937 19137 19138 19338 19339 19340 19341 19342 19343 19344 19345 19346 19347 19348 19349 19350 19351 19352 19353 19354 19355 19356 19357 19358 19359 19360 19361 19362 19363 19364 19365 19366 19367 19368 19369 19370 19371 19372 19373 19374 19375 19376 19377 19378 19379 19380 19381 19382 19383 19384 19385 19386 19186 18986 18786 18586 18386 18186 17986 17786 17586 17585 17584 17583 17582 17581 
Label: 92900
[241,1210978,]
7418 7419 7420 7421 7422 7423 7424 7425 7426 7427 7428 7429 7229 7029 7030 6830 6831 6631 6632 6432 6433 6233 6234 6034 6035 6036 6037 6038 6039 6040 6041 6042 6043 6044 6045 6046 6047 6048 6049 6050 6051 6052 6053 6054 6055 6056 6057 6058 6059 6060 6061 6062 6063 6064 6065 6066 6067 6068 6069 6070 6071 6072 6073 6074 6075 6076 6077 6277 6278 6478 6678 6679 6879 7079 7080 7280 7480 7481 7681 7881 7882 8082 8282 8482 8483 8683 8883 8884 9084 9284 9484 9684 9884 10084 10284 10484 10684 10884 11084 11284 11484 11684 11884 12084 12284 12484 12684 12884 13084 13284 13484 13684 13685 13885 14085 14086 14286 14287 14487 14488 14688 14888 14889 15089 15090 15290 15291 15491 15492 15692 15693 15893 15894 15895 16095 16096 16097 16098 16099 16100 16101 16102 16103 16104 16105 16106 16107 16108 16109 16110 16111 16112 16113 16114 16115 16116 16316 16317 16318 16518 16519 16520 16521 16522 16722 16723 16724 16725 16925 16926 16927 17127 17128 17129 17329 17330 17530 17531 17731 17732 17932 17933 18133 18134 18334 18335 18535 18735 18736 18936 18937 18938 18939 18940 18941 18942 18943 18944 18945 18946 18947 18948 18949 18950 18951 18952 18953 18954 18955 18956 18957 18958 18959 18960 18961 18962 18963 18964 18965 18966 18967 18968 18969 18970 18971 18972 18973 18974 18975 18976 18977 18978 18979 18980 18981 18781 18581 18381 18181 17981 17781 17581 
Label: 94016
[243,1196622,]
7418 7419 7420 7421 7422 7423 7424 7425 7426 7427 7428 7429 7229 7029 7030 6830 6831 6631 6632 6432 6433 6233 6234 6034 6035 5835 5836 5837 5838 5839 5840 5841 5842 5843 5844 5845 5846 5847 5848 5849 5850 5851 5852 5853 5854 5855 5856 5857 5858 5859 5860 5861 5862 5863 5864 5865 5866 5867 5868 5869 5870 5871 5872 5873 5874 5875 5876 5877 6077 6277 6278 6478 6678 6679 6879 7079 7080 7280 7480 7481 7681 7881 7882 8082 8282 8482 8483 8683 8883 8884 9084 9284 9484 9684 9884 10084 10284 10484 10684 10884 11084 11284 11484 11684 11884 12084 12284 12484 12684 12884 13084 13284 13484 13684 13685 13885 14085 14086 14286 14287 14487 14488 14688 14888 14889 15089 15090 15290 15291 15491 15492 15692 15693 15893 15894 15895 16095 16096 16097 16098 16099 16100 16101 16102 16103 16104 16105 16106 16107 16108 16109 16110 16111 16112 16113 16114 16115 16116 16316 16317 16318 16518 16519 16520 16521 16522 16722 16723 16724 16725 16925 16926 16927 17127 17128 17129 17329 17330 17530 17531 17731 17732 17932 17933 18133 18134 18334 18335 18535 18735 18736 18936 18937 18938 18939 18940 18941 18942 18943 18944 18945 18946 18947 18948 18949 18950 18951 18952 18953 18954 18955 18956 18957 18958 18959 18960 18961 18962 18963 18964 18965 18966 18967 18968 18969 18970 18971 18972 18973 18974 18975 18976 18977 18978 18979 18980 18981 18781 18581 18381 18181 17981 17781 17581 
