graph_load_time: 0.674253
n_generated: 64856
n_expanded: 30848
n_domCheck: 228910
rt_initHeu: 0.925158
rt_search: 1.94642
N: 31
Label: 120375
[276,505602,]
37475 37675 37875 38075 38275 38475 38675 38875 39075 39275 39475 39675 39676 39677 39678 39679 39680 39681 39682 39683 39684 39685 39686 39687 39688 39689 39489 39289 39089 38889 38689 38690 38490 38290 38090 37890 37690 37691 37491 37291 37091 36891 36691 36692 36492 36493 36494 36495 36496 36497 36297 36298 36299 36300 36301 36101 36102 36103 36104 36105 36106 36107 36108 36109 36110 36111 36112 36113 36313 36314 36514 36515 36715 36716 36916 36917 37117 37118 37318 37319 37519 37520 37521 37721 37722 37723 37724 37725 37726 37526 37527 37528 37529 37329 37330 37331 37332 37333 37133 37134 37135 36935 36936 36937 36737 36738 36538 36539 36339 36139 35939 35739 35539 35339 35139 34939 34739 34539 34339 34139 34138 33938 33937 33936 33935 33735 33734 33534 33533 33333 33332 33132 32932 32732 32532 32531 32331 32131 32130 31930 31730 31729 31529 31329 31129 30929 30729 30529 30329 30129 29929 29729 29529 29530 29330 29331 29131 29132 28932 28933 28934 28935 28735 28736 28536 28537 28337 28137 28138 27938 27738 27538 27539 27339 27139 27140 26940 26941 26741 26742 26542 26543 26343 26344 26144 26145 25945 25946 25947 25948 25748 25749 25750 25751 25752 25753 25754 25755 25756 25757 25758 25759 25760 25761 25762 25763 25764 25765 25766 25767 25768 25769 25770 25570 25370 25170 24970 24770 24570 24370 24170 23970 23770 23570 23571 23371 23171 23172 22972 22772 22572 22573 22373 22173 21973 21974 21774 21574 21374 21174 20974 20774 20574 20374 20174 19974 19774 19775 19575 19375 19376 19176 18976 18977 18777 18778 18578 18378 18379 18380 18180 18181 18182 17982 17782 17783 17583 17383 17384 17184 16984 16985 16785 16786 16586 16587 16387 
Label: 24264
[228,566741,]
37475 37675 37875 38075 38275 38475 38476 38477 38478 38479 38480 38481 38482 38483 38484 38485 38486 38487 38488 38489 38490 38290 38090 37890 37690 37691 37491 37291 37091 36891 36691 36692 36492 36493 36494 36495 36496 36497 36297 36298 36299 36300 36301 36101 36102 36103 36104 36105 36106 36107 36108 36109 36110 36111 36112 36113 36114 35914 35714 35715 35515 35315 35316 35116 34916 34716 34717 34517 34317 34318 34118 34119 33919 33920 33921 33922 33923 33924 33925 33926 33927 33928 33929 33729 33529 33329 33129 32929 32729 32529 32329 32129 31929 31729 31529 31329 31129 30929 30729 30529 30329 30129 29929 29729 29529 29530 29330 29331 29131 29132 28932 28933 28934 28935 28735 28736 28536 28537 28337 28137 28138 27938 27738 27538 27539 27339 27139 27140 26940 26941 26741 26742 26542 26543 26343 26344 26144 26145 25945 25946 25947 25948 25748 25749 25750 25751 25752 25753 25754 25755 25756 25757 25758 25759 25760 25761 25762 25763 25764 25765 25766 25767 25768 25769 25770 25570 25370 25170 24970 24770 24570 24370 24170 23970 23770 23570 23571 23371 23171 23172 22972 22772 22572 22573 22373 22173 21973 21974 21774 21574 21374 21174 20974 20774 20574 20374 20174 19974 19774 19775 19575 19375 19376 19176 18976 18977 18777 18778 18578 18378 18379 18380 18180 18181 18182 17982 17782 17783 17583 17383 17384 17184 16984 16985 16785 16786 16586 16587 16387 
Label: 67055
[244,537070,]
37475 37675 37875 38075 38275 38475 38675 38875 39075 39275 39475 39675 39676 39677 39678 39679 39680 39681 39682 39683 39684 39685 39686 39687 39688 39689 39489 39289 39089 38889 38689 38690 38490 38290 38090 37890 37690 37691 37491 37291 37091 36891 36691 36692 36492 36493 36494 36495 36496 36497 36297 36298 36299 36300 36301 36101 36102 36103 36104 36105 36106 36107 36108 36109 36110 36111 36112 36113 36114 35914 35714 35715 35515 35315 35316 35116 34916 34716 34717 34517 34317 34318 34118 34119 33919 33920 33921 33922 33923 33924 33925 33926 33927 33928 33929 33930 33931 33731 33531 33331 33131 32931 32731 32531 32331 32131 32130 31930 31730 31729 31529 31329 31129 30929 30729 30529 30329 30129 29929 29729 29529 29530 29330 29331 29131 29132 28932 28933 28934 28935 28735 28736 28536 28537 28337 28137 28138 27938 27738 27538 27539 27339 27139 27140 26940 26941 26741 26742 26542 26543 26343 26344 26144 26145 25945 25946 25947 25948 25748 25749 25750 25751 25752 25753 25754 25755 25756 25757 25758 25759 25760 25761 25762 25763 25764 25765 25766 25767 25768 25769 25770 25570 25370 25170 24970 24770 24570 24370 24170 23970 23770 23570 23571 23371 23171 23172 22972 22772 22572 22573 22373 22173 21973 21974 21774 21574 21374 21174 20974 20774 20574 20374 20174 19974 19774 19775 19575 19375 19376 19176 18976 18977 18777 18778 18578 18378 18379 18380 18180 18181 18182 17982 17782 17783 17583 17383 17384 17184 16984 16985 16785 16786 16586 16587 16387 
Label: 15928
[224,623710,]
37475 37675 37875 38075 38076 38077 38078 38079 38080 38081 38082 38083 38084 38085 38086 38087 38088 38089 38090 37890 37690 37691 37491 37291 37091 36891 36691 36692 36492 36493 36494 36495 36496 36497 36297 36298 36299 36300 36301 36101 36102 36103 36104 36105 36106 36107 36108 36109 36110 36111 36112 36113 36114 35914 35714 35715 35515 35315 35316 35116 34916 34716 34717 34517 34317 34318 34118 34119 33919 33920 33921 33922 33923 33924 33925 33926 33927 33928 33929 33729 33529 33329 33129 32929 32729 32529 32329 32129 31929 31729 31529 31329 31129 30929 30729 30529 30329 30129 29929 29729 29529 29530 29330 29331 29131 29132 28932 28933 28934 28935 28735 28736 28536 28537 28337 28137 28138 27938 27738 27538 27539 27339 27139 27140 26940 26941 26741 26742 26542 26543 26343 26344 26144 26145 25945 25946 25947 25948 25748 25749 25750 25751 25752 25753 25754 25755 25756 25757 25758 25759 25760 25761 25762 25763 25764 25765 25766 25767 25768 25769 25770 25570 25370 25170 24970 24770 24570 24370 24170 23970 23770 23570 23571 23371 23171 23172 22972 22772 22572 22573 22373 22173 21973 21974 21774 21574 21374 21174 20974 20774 20574 20374 20174 19974 19774 19775 19575 19375 19376 19176 18976 18977 18777 18778 18578 18378 18379 18380 18180 18181 18182 17982 17782 17783 17583 17383 17384 17184 16984 16985 16785 16786 16586 16587 16387 
Label: 61696
[242,537204,]
37475 37675 37875 38075 38275 38475 38675 38875 39075 39275 39475 39476 39477 39478 39479 39480 39481 39482 39483 39484 39485 39486 39487 39488 39489 39289 39089 38889 38689 38690 38490 38290 38090 37890 37690 37691 37491 37291 37091 36891 36691 36692 36492 36493 36494 36495 36496 36497 36297 36298 36299 36300 36301 36101 36102 36103 36104 36105 36106 36107 36108 36109 36110 36111 36112 36113 36114 35914 35714 35715 35515 35315 35316 35116 34916 34716 34717 34517 34317 34318 34118 34119 33919 33920 33921 33922 33923 33924 33925 33926 33927 33928 33929 33930 33931 33731 33531 33331 33131 32931 32731 32531 32331 32131 32130 31930 31730 31729 31529 31329 31129 30929 30729 30529 30329 30129 29929 29729 29529 29530 29330 29331 29131 29132 28932 28933 28934 28935 28735 28736 28536 28537 28337 28137 28138 27938 27738 27538 27539 27339 27139 27140 26940 26941 26741 26742 26542 26543 26343 26344 26144 26145 25945 25946 25947 25948 25748 25749 25750 25751 25752 25753 25754 25755 25756 25757 25758 25759 25760 25761 25762 25763 25764 25765 25766 25767 25768 25769 25770 25570 25370 25170 24970 24770 24570 24370 24170 23970 23770 23570 23571 23371 23171 23172 22972 22772 22572 22573 22373 22173 21973 21974 21774 21574 21374 21174 20974 20774 20574 20374 20174 19974 19774 19775 19575 19375 19376 19176 18976 18977 18777 18778 18578 18378 18379 18380 18180 18181 18182 17982 17782 17783 17583 17383 17384 17184 16984 16985 16785 16786 16586 16587 16387 
Label: 92262
[254,520166,]
37475 37675 37875 38075 38275 38475 38675 38875 38876 38877 38878 38879 38880 38881 38882 38883 38884 38885 38886 38887 38888 38889 38689 38690 38490 38290 38090 37890 37690 37691 37491 37291 37091 36891 36691 36692 36492 36493 36494 36495 36496 36497 36297 36298 36299 36300 36301 36302 36303 36304 36305 36306 36307 36308 36309 36310 36311 36312 36313 36314 36514 36515 36715 36716 36916 36917 37117 37118 37318 37319 37320 37321 37322 37323 37324 37325 37326 37327 37328 37329 37330 37331 37332 37333 37133 37134 37135 36935 36735 36535 36335 36135 35935 35735 35535 35335 35135 34935 34735 34535 34335 34135 33935 33735 33734 33534 33533 33333 33332 33132 32932 32732 32532 32531 32331 32131 32130 31930 31730 31729 31529 31329 31129 30929 30729 30529 30329 30129 29929 29729 29529 29530 29330 29331 29131 29132 28932 28933 28934 28935 28735 28736 28536 28537 28337 28137 28138 27938 27738 27538 27539 27339 27139 27140 26940 26941 26741 26742 26542 26543 26343 26344 26144 26145 25945 25946 25947 25948 25748 25749 25750 25751 25752 25753 25754 25755 25756 25757 25758 25759 25760 25761 25762 25763 25764 25765 25766 25767 25768 25769 25770 25570 25370 25170 24970 24770 24570 24370 24170 23970 23770 23570 23571 23371 23171 23172 22972 22772 22572 22573 22373 22173 21973 21974 21774 21574 21374 21174 20974 20774 20574 20374 20174 19974 19774 19775 19575 19375 19376 19176 18976 18977 18777 18778 18578 18378 18379 18380 18180 18181 18182 17982 17782 17783 17583 17383 17384 17184 16984 16985 16785 16786 16586 16587 16387 
Label: 48228
[238,538735,]
37475 37675 37875 38075 38275 38475 38675 38875 39075 39275 39276 39277 39278 39279 39280 39281 39282 39283 39284 39285 39286 39287 39288 39289 39089 38889 38689 38690 38490 38290 38090 37890 37690 37691 37491 37291 37091 36891 36691 36692 36492 36493 36494 36495 36496 36497 36297 36298 36299 36300 36301 36101 36102 36103 36104 36105 36106 36107 36108 36109 36110 36111 36112 36113 36114 35914 35714 35715 35515 35315 35316 35116 34916 34716 34717 34517 34317 34318 34118 34119 33919 33920 33921 33922 33923 33924 33925 33926 33927 33928 33929 33930 33730 33530 33330 33130 32930 32730 32530 32330 32130 31930 31730 31729 31529 31329 31129 30929 30729 30529 30329 30129 29929 29729 29529 29530 29330 29331 29131 29132 28932 28933 28934 28935 28735 28736 28536 28537 28337 28137 28138 27938 27738 27538 27539 27339 27139 27140 26940 26941 26741 26742 26542 26543 26343 26344 26144 26145 25945 25946 25947 25948 25748 25749 25750 25751 25752 25753 25754 25755 25756 25757 25758 25759 25760 25761 25762 25763 25764 25765 25766 25767 25768 25769 25770 25570 25370 25170 24970 24770 24570 24370 24170 23970 23770 23570 23571 23371 23171 23172 22972 22772 22572 22573 22373 22173 21973 21974 21774 21574 21374 21174 20974 20774 20574 20374 20174 19974 19774 19775 19575 19375 19376 19176 18976 18977 18777 18778 18578 18378 18379 18380 18180 18181 18182 17982 17782 17783 17583 17383 17384 17184 16984 16985 16785 16786 16586 16587 16387 
Label: 3924
[218,768417,]
37475 37476 37477 37478 37479 37480 37481 37482 37483 37484 37485 37486 37487 37488 37489 37490 37491 37291 37091 36891 36691 36692 36492 36493 36494 36495 36496 36497 36297 36298 36299 36300 36301 36101 36102 36103 36104 36105 36106 36107 36108 36109 36110 36111 36112 36113 36114 35914 35714 35715 35515 35315 35316 35116 34916 34716 34717 34517 34317 34318 34118 34119 33919 33920 33921 33922 33923 33924 33925 33926 33927 33928 33929 33729 33529 33329 33129 32929 32729 32529 32329 32129 31929 31729 31529 31329 31129 30929 30729 30529 30329 30129 29929 29729 29529 29530 29330 29331 29131 29132 28932 28933 28934 28935 28735 28736 28536 28537 28337 28137 28138 27938 27738 27538 27539 27339 27139 27140 26940 26941 26741 26742 26542 26543 26343 26344 26144 26145 25945 25946 25947 25948 25748 25749 25750 25751 25752 25753 25754 25755 25756 25757 25758 25759 25760 25761 25762 25763 25764 25765 25766 25767 25768 25769 25770 25570 25370 25170 24970 24770 24570 24370 24170 23970 23770 23570 23571 23371 23171 23172 22972 22772 22572 22573 22373 22173 21973 21974 21774 21574 21374 21174 20974 20774 20574 20374 20174 19974 19774 19775 19575 19375 19376 19176 18976 18977 18777 18778 18578 18378 18379 18380 18180 18181 18182 17982 17782 17783 17583 17383 17384 17184 16984 16985 16785 16786 16586 16587 16387 
Label: 7868
[220,723428,]
37475 37675 37676 37677 37678 37679 37680 37681 37682 37683 37684 37685 37686 37687 37688 37689 37690 37691 37491 37291 37091 36891 36691 36692 36492 36493 36494 36495 36496 36497 36297 36298 36299 36300 36301 36101 36102 36103 36104 36105 36106 36107 36108 36109 36110 36111 36112 36113 36114 35914 35714 35715 35515 35315 35316 35116 34916 34716 34717 34517 34317 34318 34118 34119 33919 33920 33921 33922 33923 33924 33925 33926 33927 33928 33929 33729 33529 33329 33129 32929 32729 32529 32329 32129 31929 31729 31529 31329 31129 30929 30729 30529 30329 30129 29929 29729 29529 29530 29330 29331 29131 29132 28932 28933 28934 28935 28735 28736 28536 28537 28337 28137 28138 27938 27738 27538 27539 27339 27139 27140 26940 26941 26741 26742 26542 26543 26343 26344 26144 26145 25945 25946 25947 25948 25748 25749 25750 25751 25752 25753 25754 25755 25756 25757 25758 25759 25760 25761 25762 25763 25764 25765 25766 25767 25768 25769 25770 25570 25370 25170 24970 24770 24570 24370 24170 23970 23770 23570 23571 23371 23171 23172 22972 22772 22572 22573 22373 22173 21973 21974 21774 21574 21374 21174 20974 20774 20574 20374 20174 19974 19774 19775 19575 19375 19376 19176 18976 18977 18777 18778 18578 18378 18379 18380 18180 18181 18182 17982 17782 17783 17583 17383 17384 17184 16984 16985 16785 16786 16586 16587 16387 
Label: 20048
[226,588956,]
37475 37675 37875 38075 38275 38276 38277 38278 38279 38280 38281 38282 38283 38284 38285 38286 38287 38288 38289 38290 38090 37890 37690 37691 37491 37291 37091 36891 36691 36692 36492 36493 36494 36495 36496 36497 36297 36298 36299 36300 36301 36101 36102 36103 36104 36105 36106 36107 36108 36109 36110 36111 36112 36113 36114 35914 35714 35715 35515 35315 35316 35116 34916 34716 34717 34517 34317 34318 34118 34119 33919 33920 33921 33922 33923 33924 33925 33926 33927 33928 33929 33729 33529 33329 33129 32929 32729 32529 32329 32129 31929 31729 31529 31329 31129 30929 30729 30529 30329 30129 29929 29729 29529 29530 29330 29331 29131 29132 28932 28933 28934 28935 28735 28736 28536 28537 28337 28137 28138 27938 27738 27538 27539 27339 27139 27140 26940 26941 26741 26742 26542 26543 26343 26344 26144 26145 25945 25946 25947 25948 25748 25749 25750 25751 25752 25753 25754 25755 25756 25757 25758 25759 25760 25761 25762 25763 25764 25765 25766 25767 25768 25769 25770 25570 25370 25170 24970 24770 24570 24370 24170 23970 23770 23570 23571 23371 23171 23172 22972 22772 22572 22573 22373 22173 21973 21974 21774 21574 21374 21174 20974 20774 20574 20374 20174 19974 19774 19775 19575 19375 19376 19176 18976 18977 18777 18778 18578 18378 18379 18380 18180 18181 18182 17982 17782 17783 17583 17383 17384 17184 16984 16985 16785 16786 16586 16587 16387 
Label: 121882
[278,505563,]
37475 37675 37875 38075 38275 38475 38675 38875 39075 39275 39475 39675 39875 39876 39877 39878 39879 39880 39881 39882 39883 39884 39885 39886 39887 39888 39889 39689 39489 39289 39089 38889 38689 38690 38490 38290 38090 37890 37690 37691 37491 37291 37091 36891 36691 36692 36492 36493 36494 36495 36496 36497 36297 36298 36299 36300 36301 36101 36102 36103 36104 36105 36106 36107 36108 36109 36110 36111 36112 36113 36313 36314 36514 36515 36715 36716 36916 36917 37117 37118 37318 37319 37519 37520 37521 37721 37722 37723 37724 37725 37726 37526 37527 37528 37529 37329 37330 37331 37332 37333 37133 37134 37135 36935 36936 36937 36737 36738 36538 36539 36339 36139 35939 35739 35539 35339 35139 34939 34739 34539 34339 34139 34138 33938 33937 33936 33935 33735 33734 33534 33533 33333 33332 33132 32932 32732 32532 32531 32331 32131 32130 31930 31730 31729 31529 31329 31129 30929 30729 30529 30329 30129 29929 29729 29529 29530 29330 29331 29131 29132 28932 28933 28934 28935 28735 28736 28536 28537 28337 28137 28138 27938 27738 27538 27539 27339 27139 27140 26940 26941 26741 26742 26542 26543 26343 26344 26144 26145 25945 25946 25947 25948 25748 25749 25750 25751 25752 25753 25754 25755 25756 25757 25758 25759 25760 25761 25762 25763 25764 25765 25766 25767 25768 25769 25770 25570 25370 25170 24970 24770 24570 24370 24170 23970 23770 23570 23571 23371 23171 23172 22972 22772 22572 22573 22373 22173 21973 21974 21774 21574 21374 21174 20974 20774 20574 20374 20174 19974 19774 19775 19575 19375 19376 19176 18976 18977 18777 18778 18578 18378 18379 18380 18180 18181 18182 17982 17782 17783 17583 17383 17384 17184 16984 16985 16785 16786 16586 16587 16387 
Label: 33064
[232,548005,]
37475 37675 37875 38075 38275 38475 38675 38875 38876 38877 38878 38879 38880 38881 38882 38883 38884 38885 38886 38887 38888 38889 38689 38690 38490 38290 38090 37890 37690 37691 37491 37291 37091 36891 36691 36692 36492 36493 36494 36495 36496 36497 36297 36298 36299 36300 36301 36101 36102 36103 36104 36105 36106 36107 36108 36109 36110 36111 36112 36113 36114 35914 35714 35715 35515 35315 35316 35116 34916 34716 34717 34517 34317 34318 34118 34119 33919 33920 33921 33922 33923 33924 33925 33926 33927 33928 33929 33729 33529 33329 33129 32929 32729 32529 32329 32129 31929 31729 31529 31329 31129 30929 30729 30529 30329 30129 29929 29729 29529 29530 29330 29331 29131 29132 28932 28933 28934 28935 28735 28736 28536 28537 28337 28137 28138 27938 27738 27538 27539 27339 27139 27140 26940 26941 26741 26742 26542 26543 26343 26344 26144 26145 25945 25946 25947 25948 25748 25749 25750 25751 25752 25753 25754 25755 25756 25757 25758 25759 25760 25761 25762 25763 25764 25765 25766 25767 25768 25769 25770 25570 25370 25170 24970 24770 24570 24370 24170 23970 23770 23570 23571 23371 23171 23172 22972 22772 22572 22573 22373 22173 21973 21974 21774 21574 21374 21174 20974 20774 20574 20374 20174 19974 19774 19775 19575 19375 19376 19176 18976 18977 18777 18778 18578 18378 18379 18380 18180 18181 18182 17982 17782 17783 17583 17383 17384 17184 16984 16985 16785 16786 16586 16587 16387 
Label: 54776
[240,537611,]
37475 37675 37875 38075 38275 38475 38675 38875 39075 39275 39276 39277 39278 39279 39280 39281 39282 39283 39284 39285 39286 39287 39288 39289 39089 38889 38689 38690 38490 38290 38090 37890 37690 37691 37491 37291 37091 36891 36691 36692 36492 36493 36494 36495 36496 36497 36297 36298 36299 36300 36301 36101 36102 36103 36104 36105 36106 36107 36108 36109 36110 36111 36112 36113 36114 35914 35714 35715 35515 35315 35316 35116 34916 34716 34717 34517 34317 34318 34118 34119 33919 33920 33921 33922 33923 33924 33925 33926 33927 33928 33929 33930 33931 33731 33531 33331 33131 32931 32731 32531 32331 32131 32130 31930 31730 31729 31529 31329 31129 30929 30729 30529 30329 30129 29929 29729 29529 29530 29330 29331 29131 29132 28932 28933 28934 28935 28735 28736 28536 28537 28337 28137 28138 27938 27738 27538 27539 27339 27139 27140 26940 26941 26741 26742 26542 26543 26343 26344 26144 26145 25945 25946 25947 25948 25748 25749 25750 25751 25752 25753 25754 25755 25756 25757 25758 25759 25760 25761 25762 25763 25764 25765 25766 25767 25768 25769 25770 25570 25370 25170 24970 24770 24570 24370 24170 23970 23770 23570 23571 23371 23171 23172 22972 22772 22572 22573 22373 22173 21973 21974 21774 21574 21374 21174 20974 20774 20574 20374 20174 19974 19774 19775 19575 19375 19376 19176 18976 18977 18777 18778 18578 18378 18379 18380 18180 18181 18182 17982 17782 17783 17583 17383 17384 17184 16984 16985 16785 16786 16586 16587 16387 
Label: 106914
[262,507897,]
37475 37675 37875 38075 38275 38475 38675 38875 39075 39076 39077 39078 39079 39080 39081 39082 39083 39084 39085 39086 39087 39088 39089 38889 38689 38690 38490 38290 38090 37890 37690 37691 37491 37291 37091 36891 36691 36692 36492 36493 36494 36495 36496 36497 36297 36298 36299 36300 36301 36302 36303 36304 36305 36306 36307 36308 36309 36310 36311 36312 36313 36314 36514 36515 36715 36716 36916 36917 37117 37118 37318 37319 37519 37520 37521 37522 37523 37524 37525 37526 37527 37528 37529 37329 37330 37331 37332 37333 37133 37134 37135 36935 36936 36937 36737 36537 36337 36137 35937 35737 35537 35337 35137 34937 34737 34537 34337 34137 33937 33936 33935 33735 33734 33534 33533 33333 33332 33132 32932 32732 32532 32531 32331 32131 32130 31930 31730 31729 31529 31329 31129 30929 30729 30529 30329 30129 29929 29729 29529 29530 29330 29331 29131 29132 28932 28933 28934 28935 28735 28736 28536 28537 28337 28137 28138 27938 27738 27538 27539 27339 27139 27140 26940 26941 26741 26742 26542 26543 26343 26344 26144 26145 25945 25946 25947 25948 25748 25749 25750 25751 25752 25753 25754 25755 25756 25757 25758 25759 25760 25761 25762 25763 25764 25765 25766 25767 25768 25769 25770 25570 25370 25170 24970 24770 24570 24370 24170 23970 23770 23570 23571 23371 23171 23172 22972 22772 22572 22573 22373 22173 21973 21974 21774 21574 21374 21174 20974 20774 20574 20374 20174 19974 19774 19775 19575 19375 19376 19176 18976 18977 18777 18778 18578 18378 18379 18380 18180 18181 18182 17982 17782 17783 17583 17383 17384 17184 16984 16985 16785 16786 16586 16587 16387 
Label: 115266
[270,505909,]
37475 37675 37875 38075 38275 38475 38675 38875 39075 39275 39475 39476 39477 39478 39479 39480 39481 39482 39483 39484 39485 39486 39487 39488 39489 39289 39089 38889 38689 38690 38490 38290 38090 37890 37690 37691 37491 37291 37091 36891 36691 36692 36492 36493 36494 36495 36496 36497 36297 36298 36299 36300 36301 36302 36303 36304 36305 36306 36307 36308 36309 36310 36311 36312 36313 36314 36514 36515 36715 36716 36916 36917 37117 37118 37318 37319 37519 37520 37521 37721 37722 37723 37724 37725 37726 37526 37527 37528 37529 37329 37330 37331 37332 37333 37133 37134 37135 36935 36936 36937 36737 36738 36538 36338 36138 35938 35738 35538 35338 35138 34938 34738 34538 34338 34138 33938 33937 33936 33935 33735 33734 33534 33533 33333 33332 33132 32932 32732 32532 32531 32331 32131 32130 31930 31730 31729 31529 31329 31129 30929 30729 30529 30329 30129 29929 29729 29529 29530 29330 29331 29131 29132 28932 28933 28934 28935 28735 28736 28536 28537 28337 28137 28138 27938 27738 27538 27539 27339 27139 27140 26940 26941 26741 26742 26542 26543 26343 26344 26144 26145 25945 25946 25947 25948 25748 25749 25750 25751 25752 25753 25754 25755 25756 25757 25758 25759 25760 25761 25762 25763 25764 25765 25766 25767 25768 25769 25770 25570 25370 25170 24970 24770 24570 24370 24170 23970 23770 23570 23571 23371 23171 23172 22972 22772 22572 22573 22373 22173 21973 21974 21774 21574 21374 21174 20974 20774 20574 20374 20174 19974 19774 19775 19575 19375 19376 19176 18976 18977 18777 18778 18578 18378 18379 18380 18180 18181 18182 17982 17782 17783 17583 17383 17384 17184 16984 16985 16785 16786 16586 16587 16387 
Label: 42128
[236,539864,]
37475 37675 37875 38075 38275 38475 38675 38875 39075 39076 39077 39078 39079 39080 39081 39082 39083 39084 39085 39086 39087 39088 39089 38889 38689 38690 38490 38290 38090 37890 37690 37691 37491 37291 37091 36891 36691 36692 36492 36493 36494 36495 36496 36497 36297 36298 36299 36300 36301 36101 36102 36103 36104 36105 36106 36107 36108 36109 36110 36111 36112 36113 36114 35914 35714 35715 35515 35315 35316 35116 34916 34716 34717 34517 34317 34318 34118 34119 33919 33920 33921 33922 33923 33924 33925 33926 33927 33928 33929 33930 33730 33530 33330 33130 32930 32730 32530 32330 32130 31930 31730 31729 31529 31329 31129 30929 30729 30529 30329 30129 29929 29729 29529 29530 29330 29331 29131 29132 28932 28933 28934 28935 28735 28736 28536 28537 28337 28137 28138 27938 27738 27538 27539 27339 27139 27140 26940 26941 26741 26742 26542 26543 26343 26344 26144 26145 25945 25946 25947 25948 25748 25749 25750 25751 25752 25753 25754 25755 25756 25757 25758 25759 25760 25761 25762 25763 25764 25765 25766 25767 25768 25769 25770 25570 25370 25170 24970 24770 24570 24370 24170 23970 23770 23570 23571 23371 23171 23172 22972 22772 22572 22573 22373 22173 21973 21974 21774 21574 21374 21174 20974 20774 20574 20374 20174 19974 19774 19775 19575 19375 19376 19176 18976 18977 18777 18778 18578 18378 18379 18380 18180 18181 18182 17982 17782 17783 17583 17383 17384 17184 16984 16985 16785 16786 16586 16587 16387 
Label: 72522
[246,536944,]
37475 37675 37875 38075 38275 38475 38675 38875 39075 39275 39475 39675 39676 39677 39678 39679 39680 39681 39682 39683 39684 39685 39686 39687 39688 39689 39489 39289 39089 38889 38689 38690 38490 38290 38090 37890 37690 37691 37491 37291 37091 36891 36691 36692 36492 36493 36494 36495 36496 36497 36297 36298 36299 36300 36301 36101 36102 36103 36104 36105 36106 36107 36108 36109 36110 36111 36112 36113 36114 35914 35714 35715 35515 35315 35316 35116 34916 34716 34717 34517 34317 34318 34118 34119 33919 33920 33921 33922 33923 33924 33925 33926 33927 33928 33929 33930 33931 33932 33732 33532 33332 33132 32932 32732 32532 32531 32331 32131 32130 31930 31730 31729 31529 31329 31129 30929 30729 30529 30329 30129 29929 29729 29529 29530 29330 29331 29131 29132 28932 28933 28934 28935 28735 28736 28536 28537 28337 28137 28138 27938 27738 27538 27539 27339 27139 27140 26940 26941 26741 26742 26542 26543 26343 26344 26144 26145 25945 25946 25947 25948 25748 25749 25750 25751 25752 25753 25754 25755 25756 25757 25758 25759 25760 25761 25762 25763 25764 25765 25766 25767 25768 25769 25770 25570 25370 25170 24970 24770 24570 24370 24170 23970 23770 23570 23571 23371 23171 23172 22972 22772 22572 22573 22373 22173 21973 21974 21774 21574 21374 21174 20974 20774 20574 20374 20174 19974 19774 19775 19575 19375 19376 19176 18976 18977 18777 18778 18578 18378 18379 18380 18180 18181 18182 17982 17782 17783 17583 17383 17384 17184 16984 16985 16785 16786 16586 16587 16387 
Label: 109265
[264,506768,]
37475 37675 37875 38075 38275 38475 38675 38875 39075 39275 39276 39277 39278 39279 39280 39281 39282 39283 39284 39285 39286 39287 39288 39289 39089 38889 38689 38690 38490 38290 38090 37890 37690 37691 37491 37291 37091 36891 36691 36692 36492 36493 36494 36495 36496 36497 36297 36298 36299 36300 36301 36302 36303 36304 36305 36306 36307 36308 36309 36310 36311 36312 36313 36314 36514 36515 36715 36716 36916 36917 37117 37118 37318 37319 37519 37520 37521 37522 37523 37524 37525 37526 37527 37528 37529 37329 37330 37331 37332 37333 37133 37134 37135 36935 36936 36937 36737 36537 36337 36137 35937 35737 35537 35337 35137 34937 34737 34537 34337 34137 33937 33936 33935 33735 33734 33534 33533 33333 33332 33132 32932 32732 32532 32531 32331 32131 32130 31930 31730 31729 31529 31329 31129 30929 30729 30529 30329 30129 29929 29729 29529 29530 29330 29331 29131 29132 28932 28933 28934 28935 28735 28736 28536 28537 28337 28137 28138 27938 27738 27538 27539 27339 27139 27140 26940 26941 26741 26742 26542 26543 26343 26344 26144 26145 25945 25946 25947 25948 25748 25749 25750 25751 25752 25753 25754 25755 25756 25757 25758 25759 25760 25761 25762 25763 25764 25765 25766 25767 25768 25769 25770 25570 25370 25170 24970 24770 24570 24370 24170 23970 23770 23570 23571 23371 23171 23172 22972 22772 22572 22573 22373 22173 21973 21974 21774 21574 21374 21174 20974 20774 20574 20374 20174 19974 19774 19775 19575 19375 19376 19176 18976 18977 18777 18778 18578 18378 18379 18380 18180 18181 18182 17982 17782 17783 17583 17383 17384 17184 16984 16985 16785 16786 16586 16587 16387 
Label: 96749
[256,514401,]
37475 37675 37875 38075 38275 38475 38675 38875 38876 38877 38878 38879 38880 38881 38882 38883 38884 38885 38886 38887 38888 38889 38689 38690 38490 38290 38090 37890 37690 37691 37491 37291 37091 36891 36691 36692 36492 36493 36494 36495 36496 36497 36297 36298 36299 36300 36301 36302 36303 36304 36305 36306 36307 36308 36309 36310 36311 36312 36313 36314 36514 36515 36715 36716 36916 36917 37117 37118 37318 37319 37320 37321 37322 37323 37324 37325 37326 37327 37328 37329 37330 37331 37332 37333 37133 37134 37135 36935 36936 36736 36536 36336 36136 35936 35736 35536 35336 35136 34936 34736 34536 34336 34136 33936 33935 33735 33734 33534 33533 33333 33332 33132 32932 32732 32532 32531 32331 32131 32130 31930 31730 31729 31529 31329 31129 30929 30729 30529 30329 30129 29929 29729 29529 29530 29330 29331 29131 29132 28932 28933 28934 28935 28735 28736 28536 28537 28337 28137 28138 27938 27738 27538 27539 27339 27139 27140 26940 26941 26741 26742 26542 26543 26343 26344 26144 26145 25945 25946 25947 25948 25748 25749 25750 25751 25752 25753 25754 25755 25756 25757 25758 25759 25760 25761 25762 25763 25764 25765 25766 25767 25768 25769 25770 25570 25370 25170 24970 24770 24570 24370 24170 23970 23770 23570 23571 23371 23171 23172 22972 22772 22572 22573 22373 22173 21973 21974 21774 21574 21374 21174 20974 20774 20574 20374 20174 19974 19774 19775 19575 19375 19376 19176 18976 18977 18777 18778 18578 18378 18379 18380 18180 18181 18182 17982 17782 17783 17583 17383 17384 17184 16984 16985 16785 16786 16586 16587 16387 
Label: 118760
[274,505651,]
37475 37675 37875 38075 38275 38475 38675 38875 39075 39275 39475 39675 39676 39677 39678 39679 39680 39681 39682 39683 39684 39685 39686 39687 39688 39689 39489 39289 39089 38889 38689 38690 38490 38290 38090 37890 37690 37691 37491 37291 37091 36891 36691 36692 36492 36493 36494 36495 36496 36497 36297 36298 36299 36300 36301 36101 36102 36103 36104 36105 36106 36107 36108 36109 36110 36111 36112 36113 36313 36314 36514 36515 36715 36716 36916 36917 37117 37118 37318 37319 37519 37520 37521 37721 37722 37723 37724 37725 37726 37526 37527 37528 37529 37329 37330 37331 37332 37333 37133 37134 37135 36935 36936 36937 36737 36738 36538 36338 36138 35938 35738 35538 35338 35138 34938 34738 34538 34338 34138 33938 33937 33936 33935 33735 33734 33534 33533 33333 33332 33132 32932 32732 32532 32531 32331 32131 32130 31930 31730 31729 31529 31329 31129 30929 30729 30529 30329 30129 29929 29729 29529 29530 29330 29331 29131 29132 28932 28933 28934 28935 28735 28736 28536 28537 28337 28137 28138 27938 27738 27538 27539 27339 27139 27140 26940 26941 26741 26742 26542 26543 26343 26344 26144 26145 25945 25946 25947 25948 25748 25749 25750 25751 25752 25753 25754 25755 25756 25757 25758 25759 25760 25761 25762 25763 25764 25765 25766 25767 25768 25769 25770 25570 25370 25170 24970 24770 24570 24370 24170 23970 23770 23570 23571 23371 23171 23172 22972 22772 22572 22573 22373 22173 21973 21974 21774 21574 21374 21174 20974 20774 20574 20374 20174 19974 19774 19775 19575 19375 19376 19176 18976 18977 18777 18778 18578 18378 18379 18380 18180 18181 18182 17982 17782 17783 17583 17383 17384 17184 16984 16985 16785 16786 16586 16587 16387 
Label: 37556
[234,542658,]
37475 37675 37875 38075 38275 38475 38675 38875 38876 38877 38878 38879 38880 38881 38882 38883 38884 38885 38886 38887 38888 38889 38689 38690 38490 38290 38090 37890 37690 37691 37491 37291 37091 36891 36691 36692 36492 36493 36494 36495 36496 36497 36297 36298 36299 36300 36301 36101 36102 36103 36104 36105 36106 36107 36108 36109 36110 36111 36112 36113 36114 35914 35714 35715 35515 35315 35316 35116 34916 34716 34717 34517 34317 34318 34118 34119 33919 33920 33921 33922 33923 33924 33925 33926 33927 33928 33929 33930 33730 33530 33330 33130 32930 32730 32530 32330 32130 31930 31730 31729 31529 31329 31129 30929 30729 30529 30329 30129 29929 29729 29529 29530 29330 29331 29131 29132 28932 28933 28934 28935 28735 28736 28536 28537 28337 28137 28138 27938 27738 27538 27539 27339 27139 27140 26940 26941 26741 26742 26542 26543 26343 26344 26144 26145 25945 25946 25947 25948 25748 25749 25750 25751 25752 25753 25754 25755 25756 25757 25758 25759 25760 25761 25762 25763 25764 25765 25766 25767 25768 25769 25770 25570 25370 25170 24970 24770 24570 24370 24170 23970 23770 23570 23571 23371 23171 23172 22972 22772 22572 22573 22373 22173 21973 21974 21774 21574 21374 21174 20974 20774 20574 20374 20174 19974 19774 19775 19575 19375 19376 19176 18976 18977 18777 18778 18578 18378 18379 18380 18180 18181 18182 17982 17782 17783 17583 17383 17384 17184 16984 16985 16785 16786 16586 16587 16387 
Label: 123342
[280,505558,]
37475 37675 37875 38075 38275 38475 38675 38875 39075 39275 39475 39675 39875 39876 39877 39878 39879 39880 39881 39882 39883 39884 39885 39886 39887 39888 39889 39689 39489 39289 39089 38889 38689 38690 38490 38290 38090 37890 37690 37691 37491 37291 37091 36891 36691 36692 36492 36493 36494 36495 36496 36497 36297 36298 36299 36300 36301 36101 36102 36103 36104 36105 36106 36107 36108 36109 36110 36111 36112 36113 36313 36314 36514 36515 36715 36716 36916 36917 37117 37118 37318 37319 37519 37520 37521 37721 37722 37723 37724 37725 37726 37526 37527 37528 37529 37329 37330 37331 37332 37333 37133 37134 37135 36935 36936 36937 36737 36738 36538 36539 36540 36340 36140 35940 35740 35540 35340 35140 34940 34740 34540 34340 34140 34139 34138 33938 33937 33936 33935 33735 33734 33534 33533 33333 33332 33132 32932 32732 32532 32531 32331 32131 32130 31930 31730 31729 31529 31329 31129 30929 30729 30529 30329 30129 29929 29729 29529 29530 29330 29331 29131 29132 28932 28933 28934 28935 28735 28736 28536 28537 28337 28137 28138 27938 27738 27538 27539 27339 27139 27140 26940 26941 26741 26742 26542 26543 26343 26344 26144 26145 25945 25946 25947 25948 25748 25749 25750 25751 25752 25753 25754 25755 25756 25757 25758 25759 25760 25761 25762 25763 25764 25765 25766 25767 25768 25769 25770 25570 25370 25170 24970 24770 24570 24370 24170 23970 23770 23570 23571 23371 23171 23172 22972 22772 22572 22573 22373 22173 21973 21974 21774 21574 21374 21174 20974 20774 20574 20374 20174 19974 19774 19775 19575 19375 19376 19176 18976 18977 18777 18778 18578 18378 18379 18380 18180 18181 18182 17982 17782 17783 17583 17383 17384 17184 16984 16985 16785 16786 16586 16587 16387 
Label: 78089
[248,536905,]
37475 37675 37875 38075 38275 38475 38675 38875 39075 39275 39475 39675 39875 39876 39877 39878 39879 39880 39881 39882 39883 39884 39885 39886 39887 39888 39889 39689 39489 39289 39089 38889 38689 38690 38490 38290 38090 37890 37690 37691 37491 37291 37091 36891 36691 36692 36492 36493 36494 36495 36496 36497 36297 36298 36299 36300 36301 36101 36102 36103 36104 36105 36106 36107 36108 36109 36110 36111 36112 36113 36114 35914 35714 35715 35515 35315 35316 35116 34916 34716 34717 34517 34317 34318 34118 34119 33919 33920 33921 33922 33923 33924 33925 33926 33927 33928 33929 33930 33931 33932 33732 33532 33332 33132 32932 32732 32532 32531 32331 32131 32130 31930 31730 31729 31529 31329 31129 30929 30729 30529 30329 30129 29929 29729 29529 29530 29330 29331 29131 29132 28932 28933 28934 28935 28735 28736 28536 28537 28337 28137 28138 27938 27738 27538 27539 27339 27139 27140 26940 26941 26741 26742 26542 26543 26343 26344 26144 26145 25945 25946 25947 25948 25748 25749 25750 25751 25752 25753 25754 25755 25756 25757 25758 25759 25760 25761 25762 25763 25764 25765 25766 25767 25768 25769 25770 25570 25370 25170 24970 24770 24570 24370 24170 23970 23770 23570 23571 23371 23171 23172 22972 22772 22572 22573 22373 22173 21973 21974 21774 21574 21374 21174 20974 20774 20574 20374 20174 19974 19774 19775 19575 19375 19376 19176 18976 18977 18777 18778 18578 18378 18379 18380 18180 18181 18182 17982 17782 17783 17583 17383 17384 17184 16984 16985 16785 16786 16586 16587 16387 
Label: 11868
[222,670653,]
37475 37675 37875 37876 37877 37878 37879 37880 37881 37882 37883 37884 37885 37886 37887 37888 37889 37890 37690 37691 37491 37291 37091 36891 36691 36692 36492 36493 36494 36495 36496 36497 36297 36298 36299 36300 36301 36101 36102 36103 36104 36105 36106 36107 36108 36109 36110 36111 36112 36113 36114 35914 35714 35715 35515 35315 35316 35116 34916 34716 34717 34517 34317 34318 34118 34119 33919 33920 33921 33922 33923 33924 33925 33926 33927 33928 33929 33729 33529 33329 33129 32929 32729 32529 32329 32129 31929 31729 31529 31329 31129 30929 30729 30529 30329 30129 29929 29729 29529 29530 29330 29331 29131 29132 28932 28933 28934 28935 28735 28736 28536 28537 28337 28137 28138 27938 27738 27538 27539 27339 27139 27140 26940 26941 26741 26742 26542 26543 26343 26344 26144 26145 25945 25946 25947 25948 25748 25749 25750 25751 25752 25753 25754 25755 25756 25757 25758 25759 25760 25761 25762 25763 25764 25765 25766 25767 25768 25769 25770 25570 25370 25170 24970 24770 24570 24370 24170 23970 23770 23570 23571 23371 23171 23172 22972 22772 22572 22573 22373 22173 21973 21974 21774 21574 21374 21174 20974 20774 20574 20374 20174 19974 19774 19775 19575 19375 19376 19176 18976 18977 18777 18778 18578 18378 18379 18380 18180 18181 18182 17982 17782 17783 17583 17383 17384 17184 16984 16985 16785 16786 16586 16587 16387 
Label: 117065
[272,505775,]
37475 37675 37875 38075 38275 38475 38675 38875 39075 39275 39475 39675 39676 39677 39678 39679 39680 39681 39682 39683 39684 39685 39686 39687 39688 39689 39489 39289 39089 38889 38689 38690 38490 38290 38090 37890 37690 37691 37491 37291 37091 36891 36691 36692 36492 36493 36494 36495 36496 36497 36297 36298 36299 36300 36301 36302 36303 36304 36305 36306 36307 36308 36309 36310 36311 36312 36313 36314 36514 36515 36715 36716 36916 36917 37117 37118 37318 37319 37519 37520 37521 37721 37722 37723 37724 37725 37726 37526 37527 37528 37529 37329 37330 37331 37332 37333 37133 37134 37135 36935 36936 36937 36737 36738 36538 36338 36138 35938 35738 35538 35338 35138 34938 34738 34538 34338 34138 33938 33937 33936 33935 33735 33734 33534 33533 33333 33332 33132 32932 32732 32532 32531 32331 32131 32130 31930 31730 31729 31529 31329 31129 30929 30729 30529 30329 30129 29929 29729 29529 29530 29330 29331 29131 29132 28932 28933 28934 28935 28735 28736 28536 28537 28337 28137 28138 27938 27738 27538 27539 27339 27139 27140 26940 26941 26741 26742 26542 26543 26343 26344 26144 26145 25945 25946 25947 25948 25748 25749 25750 25751 25752 25753 25754 25755 25756 25757 25758 25759 25760 25761 25762 25763 25764 25765 25766 25767 25768 25769 25770 25570 25370 25170 24970 24770 24570 24370 24170 23970 23770 23570 23571 23371 23171 23172 22972 22772 22572 22573 22373 22173 21973 21974 21774 21574 21374 21174 20974 20774 20574 20374 20174 19974 19774 19775 19575 19375 19376 19176 18976 18977 18777 18778 18578 18378 18379 18380 18180 18181 18182 17982 17782 17783 17583 17383 17384 17184 16984 16985 16785 16786 16586 16587 16387 
Label: 87379
[252,526410,]
37475 37675 37875 38075 38275 38475 38675 38676 38677 38678 38679 38680 38681 38682 38683 38684 38685 38686 38687 38688 38689 38690 38490 38290 38090 37890 37690 37691 37491 37291 37091 36891 36691 36692 36492 36493 36494 36495 36496 36497 36297 36298 36299 36300 36301 36302 36303 36304 36305 36306 36307 36308 36309 36310 36311 36312 36313 36314 36514 36515 36715 36716 36916 36917 37117 37118 37318 37319 37320 37321 37322 37323 37324 37325 37326 37327 37328 37329 37330 37331 37332 37333 37133 37134 37135 36935 36735 36535 36335 36135 35935 35735 35535 35335 35135 34935 34735 34535 34335 34135 33935 33735 33734 33534 33533 33333 33332 33132 32932 32732 32532 32531 32331 32131 32130 31930 31730 31729 31529 31329 31129 30929 30729 30529 30329 30129 29929 29729 29529 29530 29330 29331 29131 29132 28932 28933 28934 28935 28735 28736 28536 28537 28337 28137 28138 27938 27738 27538 27539 27339 27139 27140 26940 26941 26741 26742 26542 26543 26343 26344 26144 26145 25945 25946 25947 25948 25748 25749 25750 25751 25752 25753 25754 25755 25756 25757 25758 25759 25760 25761 25762 25763 25764 25765 25766 25767 25768 25769 25770 25570 25370 25170 24970 24770 24570 24370 24170 23970 23770 23570 23571 23371 23171 23172 22972 22772 22572 22573 22373 22173 21973 21974 21774 21574 21374 21174 20974 20774 20574 20374 20174 19974 19774 19775 19575 19375 19376 19176 18976 18977 18777 18778 18578 18378 18379 18380 18180 18181 18182 17982 17782 17783 17583 17383 17384 17184 16984 16985 16785 16786 16586 16587 16387 
Label: 111420
[266,506361,]
37475 37675 37875 38075 38275 38475 38675 38875 39075 39275 39475 39476 39477 39478 39479 39480 39481 39482 39483 39484 39485 39486 39487 39488 39489 39289 39089 38889 38689 38690 38490 38290 38090 37890 37690 37691 37491 37291 37091 36891 36691 36692 36492 36493 36494 36495 36496 36497 36297 36298 36299 36300 36301 36302 36303 36304 36305 36306 36307 36308 36309 36310 36311 36312 36313 36314 36514 36515 36715 36716 36916 36917 37117 37118 37318 37319 37519 37520 37521 37522 37523 37524 37525 37526 37527 37528 37529 37329 37330 37331 37332 37333 37133 37134 37135 36935 36936 36937 36737 36537 36337 36137 35937 35737 35537 35337 35137 34937 34737 34537 34337 34137 33937 33936 33935 33735 33734 33534 33533 33333 33332 33132 32932 32732 32532 32531 32331 32131 32130 31930 31730 31729 31529 31329 31129 30929 30729 30529 30329 30129 29929 29729 29529 29530 29330 29331 29131 29132 28932 28933 28934 28935 28735 28736 28536 28537 28337 28137 28138 27938 27738 27538 27539 27339 27139 27140 26940 26941 26741 26742 26542 26543 26343 26344 26144 26145 25945 25946 25947 25948 25748 25749 25750 25751 25752 25753 25754 25755 25756 25757 25758 25759 25760 25761 25762 25763 25764 25765 25766 25767 25768 25769 25770 25570 25370 25170 24970 24770 24570 24370 24170 23970 23770 23570 23571 23371 23171 23172 22972 22772 22572 22573 22373 22173 21973 21974 21774 21574 21374 21174 20974 20774 20574 20374 20174 19974 19774 19775 19575 19375 19376 19176 18976 18977 18777 18778 18578 18378 18379 18380 18180 18181 18182 17982 17782 17783 17583 17383 17384 17184 16984 16985 16785 16786 16586 16587 16387 
Label: 28584
[230,554249,]
37475 37675 37875 38075 38275 38475 38675 38676 38677 38678 38679 38680 38681 38682 38683 38684 38685 38686 38687 38688 38689 38690 38490 38290 38090 37890 37690 37691 37491 37291 37091 36891 36691 36692 36492 36493 36494 36495 36496 36497 36297 36298 36299 36300 36301 36101 36102 36103 36104 36105 36106 36107 36108 36109 36110 36111 36112 36113 36114 35914 35714 35715 35515 35315 35316 35116 34916 34716 34717 34517 34317 34318 34118 34119 33919 33920 33921 33922 33923 33924 33925 33926 33927 33928 33929 33729 33529 33329 33129 32929 32729 32529 32329 32129 31929 31729 31529 31329 31129 30929 30729 30529 30329 30129 29929 29729 29529 29530 29330 29331 29131 29132 28932 28933 28934 28935 28735 28736 28536 28537 28337 28137 28138 27938 27738 27538 27539 27339 27139 27140 26940 26941 26741 26742 26542 26543 26343 26344 26144 26145 25945 25946 25947 25948 25748 25749 25750 25751 25752 25753 25754 25755 25756 25757 25758 25759 25760 25761 25762 25763 25764 25765 25766 25767 25768 25769 25770 25570 25370 25170 24970 24770 24570 24370 24170 23970 23770 23570 23571 23371 23171 23172 22972 22772 22572 22573 22373 22173 21973 21974 21774 21574 21374 21174 20974 20774 20574 20374 20174 19974 19774 19775 19575 19375 19376 19176 18976 18977 18777 18778 18578 18378 18379 18380 18180 18181 18182 17982 17782 17783 17583 17383 17384 17184 16984 16985 16785 16786 16586 16587 16387 
Label: 101024
[258,511607,]
37475 37675 37875 38075 38275 38475 38675 38875 39075 39076 39077 39078 39079 39080 39081 39082 39083 39084 39085 39086 39087 39088 39089 38889 38689 38690 38490 38290 38090 37890 37690 37691 37491 37291 37091 36891 36691 36692 36492 36493 36494 36495 36496 36497 36297 36298 36299 36300 36301 36302 36303 36304 36305 36306 36307 36308 36309 36310 36311 36312 36313 36314 36514 36515 36715 36716 36916 36917 37117 37118 37318 37319 37320 37321 37322 37323 37324 37325 37326 37327 37328 37329 37330 37331 37332 37333 37133 37134 37135 36935 36936 36736 36536 36336 36136 35936 35736 35536 35336 35136 34936 34736 34536 34336 34136 33936 33935 33735 33734 33534 33533 33333 33332 33132 32932 32732 32532 32531 32331 32131 32130 31930 31730 31729 31529 31329 31129 30929 30729 30529 30329 30129 29929 29729 29529 29530 29330 29331 29131 29132 28932 28933 28934 28935 28735 28736 28536 28537 28337 28137 28138 27938 27738 27538 27539 27339 27139 27140 26940 26941 26741 26742 26542 26543 26343 26344 26144 26145 25945 25946 25947 25948 25748 25749 25750 25751 25752 25753 25754 25755 25756 25757 25758 25759 25760 25761 25762 25763 25764 25765 25766 25767 25768 25769 25770 25570 25370 25170 24970 24770 24570 24370 24170 23970 23770 23570 23571 23371 23171 23172 22972 22772 22572 22573 22373 22173 21973 21974 21774 21574 21374 21174 20974 20774 20574 20374 20174 19974 19774 19775 19575 19375 19376 19176 18976 18977 18777 18778 18578 18378 18379 18380 18180 18181 18182 17982 17782 17783 17583 17383 17384 17184 16984 16985 16785 16786 16586 16587 16387 
Label: 104207
[260,509376,]
37475 37675 37875 38075 38275 38475 38675 38875 39075 39076 39077 39078 39079 39080 39081 39082 39083 39084 39085 39086 39087 39088 39089 38889 38689 38690 38490 38290 38090 37890 37690 37691 37491 37291 37091 36891 36691 36692 36492 36493 36494 36495 36496 36497 36297 36298 36299 36300 36301 36302 36303 36304 36305 36306 36307 36308 36309 36310 36311 36312 36313 36314 36514 36515 36715 36716 36916 36917 37117 37118 37318 37319 37519 37520 37521 37522 37523 37524 37525 37526 37527 37528 37529 37329 37330 37331 37332 37333 37133 37134 37135 36935 36936 36736 36536 36336 36136 35936 35736 35536 35336 35136 34936 34736 34536 34336 34136 33936 33935 33735 33734 33534 33533 33333 33332 33132 32932 32732 32532 32531 32331 32131 32130 31930 31730 31729 31529 31329 31129 30929 30729 30529 30329 30129 29929 29729 29529 29530 29330 29331 29131 29132 28932 28933 28934 28935 28735 28736 28536 28537 28337 28137 28138 27938 27738 27538 27539 27339 27139 27140 26940 26941 26741 26742 26542 26543 26343 26344 26144 26145 25945 25946 25947 25948 25748 25749 25750 25751 25752 25753 25754 25755 25756 25757 25758 25759 25760 25761 25762 25763 25764 25765 25766 25767 25768 25769 25770 25570 25370 25170 24970 24770 24570 24370 24170 23970 23770 23570 23571 23371 23171 23172 22972 22772 22572 22573 22373 22173 21973 21974 21774 21574 21374 21174 20974 20774 20574 20374 20174 19974 19774 19775 19575 19375 19376 19176 18976 18977 18777 18778 18578 18378 18379 18380 18180 18181 18182 17982 17782 17783 17583 17383 17384 17184 16984 16985 16785 16786 16586 16587 16387 
Label: 113375
[268,506056,]
37475 37675 37875 38075 38275 38475 38675 38875 39075 39275 39475 39476 39477 39478 39479 39480 39481 39482 39483 39484 39485 39486 39487 39488 39489 39289 39089 38889 38689 38690 38490 38290 38090 37890 37690 37691 37491 37291 37091 36891 36691 36692 36492 36493 36494 36495 36496 36497 36297 36298 36299 36300 36301 36302 36303 36304 36305 36306 36307 36308 36309 36310 36311 36312 36313 36314 36514 36515 36715 36716 36916 36917 37117 37118 37318 37319 37519 37520 37521 37522 37523 37524 37525 37526 37527 37528 37529 37329 37330 37331 37332 37333 37133 37134 37135 36935 36936 36937 36737 36738 36538 36338 36138 35938 35738 35538 35338 35138 34938 34738 34538 34338 34138 33938 33937 33936 33935 33735 33734 33534 33533 33333 33332 33132 32932 32732 32532 32531 32331 32131 32130 31930 31730 31729 31529 31329 31129 30929 30729 30529 30329 30129 29929 29729 29529 29530 29330 29331 29131 29132 28932 28933 28934 28935 28735 28736 28536 28537 28337 28137 28138 27938 27738 27538 27539 27339 27139 27140 26940 26941 26741 26742 26542 26543 26343 26344 26144 26145 25945 25946 25947 25948 25748 25749 25750 25751 25752 25753 25754 25755 25756 25757 25758 25759 25760 25761 25762 25763 25764 25765 25766 25767 25768 25769 25770 25570 25370 25170 24970 24770 24570 24370 24170 23970 23770 23570 23571 23371 23171 23172 22972 22772 22572 22573 22373 22173 21973 21974 21774 21574 21374 21174 20974 20774 20574 20374 20174 19974 19774 19775 19575 19375 19376 19176 18976 18977 18777 18778 18578 18378 18379 18380 18180 18181 18182 17982 17782 17783 17583 17383 17384 17184 16984 16985 16785 16786 16586 16587 16387 
