0.1  0.1   -1.3905135086735858   0.0   1.604798373605515e-20   0.0   0.0
0.10069346726745752  0.09639966662063675   -1.3805146393229506   0.03666510233668003   0.09998869350635038   0.3666510233668003   0.9998869350635037
0.10222409897555522  0.08922823408091171   -1.36051690060392   0.07332958345556102   0.19997738719030586   0.36664481118881   0.9998869368395548
0.10484160432123278  0.07854494282908615   -1.3305203129410192   0.10999274803639673   0.29996587662900615   0.366631645808357   0.9998848943870032
0.10889823091887803  0.06445200475936799   -1.2905249345574739   0.14665166988126446   0.3999537838354549   0.3665892184486773   0.999879072064487
0.11430277753113993  0.04868710414773194   -1.2405308809475588   0.1666556975860331   0.4999405360991507   0.20004027704768654   0.9998675226369583
0.12047435129149618  0.03368412347408665   -1.180538353327161   0.16222754136498868   0.5999252762039788   -0.04428156221044445   0.9998474010482817
0.1260523264361504  0.022432727279632258   -1.1105476824937202   0.12558173555058166   0.6999067083344092   -0.36645805814407006   0.999814321304302
0.13062637038834932  0.01480616462717377   -1.0305594165599357   0.08893049868775159   0.799882659337845   -0.36651236862830083   0.9997595100343584
0.1337074520792297  0.010582348253562612   -0.9405745497467871   0.052281630754849394   0.8998486681314841   -0.36648867932902196   0.9996600879363924
0.134751144194926  0.009416575886043239   -0.8405953596797051   0.01564710339084611   0.9997919006708215   -0.36634527364003283   0.9994323253933737
0.13475322746506185  0.009414709160225134   -0.7306315819891412   2.797262901279922e-05   1.0996377769056385   -0.1561913076183331   0.9984587623481682
0.13475556930150492  0.009413058214024035   -0.6140599606159546   2.8652785702247122e-05   1.1657162137318662   6.801566894479049e-06   0.6607843682622769
0.13506174301875795  0.009246371592792792   -0.49854785611822083   0.003486069058897748   1.1551210449773375   0.03457416273195501   -0.10595168754528397
0.13876855233427327  0.007715438821394327   -0.39166752721480524   0.040105099990067054   1.068803289034156   0.36619030931169316   -0.8631775594318148
0.14611187966293843  0.005485848374518109   -0.2947757500484813   0.07674342305156982   0.9689177716632398   0.36638323061502753   -0.9988551737091637
0.15720597868086383  0.0031458166746042788   -0.2078787246611165   0.1133820009420076   0.8689702538736475   0.3663857789043778   -0.999475177895924
0.17207787181315032  0.0011867085306801355   -0.13097809996293994   0.15000376997187118   0.769006246981766   0.36621769029863566   -0.9996400689188131
0.1887071505856995  0.00011973507594589591   -0.06407450985096755   0.1666347337286744   0.6690359011197238   0.16630963756803227   -0.9997034586204239
0.2053709515932485  2.84951381592576e-07   -0.007168117204765501   0.16664229125628632   0.5690639264620205   7.557527611938923e-05   -0.9997197465770318
0.22202145096258352  0.0006623461634045975   0.03974130827864788   0.1666365669043536   0.46909425483413375   -5.7243519327155404e-05   -0.9996967162788675
0.238635182197932  0.0019383664070664712   0.07665466440200709   0.16662661648807162   0.3691335612335921   -9.950416282001824e-05   -0.9996069360054164
0.25520688613719206  0.003660917791260638   0.10357338360512   0.16660989007909405   0.26918719203112923   -0.0001672640897756442   -0.9994636920246287
0.27174396096444514  0.0056633378187080936   0.12050007402382983   0.16657866904513688   0.16926690418709822   -0.00031221033957182156   -0.9992028784403101
0.2882614240719261  0.00777979862131004   0.12744030535496212   0.16652507133640435   0.0694023133113228   -0.0005359770873251201   -0.9986459087577542
0.3042521185192109  0.00977949638539477   0.12440800706900071   0.16115244337400286   -0.03032298285961381   -0.053726279624015064   -0.9972529617093661
0.31867293074847824  0.011413861130851495   0.11285221691546472   0.14513131070619498   -0.11555790153536002   -0.16021132667807883   -0.8523491867574622
0.33183045835964686  0.012669840343795287   0.0951687217657226   0.13217337728227097   -0.1768349514974214   -0.12957933423924023   -0.6127704996206136
0.3444931725457836  0.01360144585819916   0.07343845229603504   0.1269693740215558   -0.21730269469687544   -0.05204003260715113   -0.4046774319945403
0.3573161646889858  0.014236011305072283   0.04944619790682852   0.12838683764739822   -0.23992254389206524   0.014174636258423858   -0.22619849195189815
0.37059553869410783  0.01456423400105621   0.024711698114368866   0.13283429681602216   -0.24734499792459652   0.04447459168623927   -0.07422454032531299
0.3842608921292364  0.014571051602674065   0.0004988967965328334   0.13665355135768542   -0.2421280131783603   0.03819254541663278   0.052169847462362334
0.39805064164412823  0.01426522877292845   -0.022173912963625864   0.13793140298229978   -0.226728097601587   0.012778516246143533   0.1539991557677331
0.4116780198023684  0.013685450061312563   -0.04251949768373534   0.1363970596538377   -0.2034558472010948   -0.015343433284620855   0.2327225040049218
0.42493293852734904  0.012889688574010754   -0.05996321304556796   0.1327878408403864   -0.17443715361832615   -0.03609218813451319   0.29018693582768634
0.4377170288665194  0.011940357266655046   -0.07412276078171635   0.12819289985455282   -0.141595477361484   -0.04594940985833562   0.32841676256842167
0.4500409807246955  0.010892919532052701   -0.08478826559958696   0.1236838369434401   -0.10665504817870596   -0.04509062911112719   0.3494042918277805
0.46201064265605846  0.009789755880563689   -0.09190368354247656   0.12020390043300812   -0.07115417942889607   -0.03479936510431968   0.3550086874980989
0.4738089494941222  0.008658981879396838   -0.09555020544097986   0.1185237082135119   -0.0364652189850329   -0.016801922194962248   0.34688960443863165
0.48566152670473395  0.007518445988357618   -0.09593145840821408   0.11907325839677961   -0.003812529672342463   0.00549550183267718   0.32652689312690436
0.49777059372152455  0.006384645029763398   -0.09336020054832365   0.12162031435201694   0.025712578598904513   0.025470559552373276   0.2952510827124698
0.5102259594635301  0.005282662400006708   -0.08824475623970486   0.1250401941310909   0.051154443086187926   0.034198797790739574   0.2544186448728341
0.5229449974360995  0.004249236776933932   -0.08107220839776483   0.12760951981184124   0.07172547841940023   0.025693256807503537   0.20571035333212306
0.5357112313824118  0.003323531060995837   -0.0723853539513579   0.12799752350904983   0.08686854446406946   0.0038800369720856757   0.15143066044669223
0.5483172191802052  0.002531483176804209   -0.0627485993931388   0.1263084590235192   0.09636754558219075   -0.016890644855306173   0.094990011181213
0.560708240366776  0.00187756199165662   -0.052724881585735954   0.12408264139775274   0.10023717807402854   -0.022258176257664644   0.038696324918377885
0.5730110667951069  0.0013503482916633596   -0.04282685250055456   0.12314117605865853   0.09898029085181398   -0.00941465339094224   -0.012568872222145656
0.5854336125448671  0.0009339446867470653   -0.033507443864909434   0.1242952271276215   0.0931940863564512   0.011540510689629774   -0.057862044953627755
0.5981214712462859  0.0006149990303617075   -0.025132570236648055   0.12691866874455263   0.08374873628261383   0.0262344161693112   -0.09445350073837379
0.611049357648965  0.00038267338710611906   -0.017968957243471296   0.12929973783619456   0.07163612993176761   0.02381069091641947   -0.12112606350846211
0.6240552241694923  0.00022436007137798864   -0.01217185315187475   0.13006830015638213   0.05797104091596545   0.007685623201875616   -0.13665089015802165
0.6369241037378585  0.0001242924633850099   -0.007775781152164147   0.12869268622236335   0.04396071999710603   -0.01375613934018795   -0.14010320918859412
0.6494831200526574  6.539678421967413e-05   -0.004689479331813263   0.12559154410086956   0.030863018203508834   -0.031011421214937475   -0.130977017935972
0.6616704208583057  3.2555321811280534e-05   -0.002694721615531204   0.12187345054974351   0.01994757716282059   -0.03718093551126066   -0.10915441040688241
0.6735626254618501  1.5327094051995075e-05   -0.0014486982255834642   0.1189221708279798   0.012460233899477398   -0.029512797217637   -0.07487343263343194
0.685356377542996  9.594834131626294e-06   -0.00048604205261213395   0.11793753474205529   0.009626561729713302   -0.0098463608592453   -0.028336721697640965
0.697304780019949  1.8750497521147996e-05   0.0007662665879183797   0.11948405984792464   0.012523086405305136   0.01546525105869349   0.028965246755918342
0.7096288783379314  5.5757277510782686e-05   0.0030027891540207346   0.12324153879802917   0.022365225661023547   0.0375747895010453   0.0984213925571841
0.7224400433970124  0.00014350078293598036   0.006848880104438396   0.12811465532629604   0.038460909504176605   0.04873116528266879   0.16095683843153064
0.7357072882534219  0.00031383358567771625   0.012837891128380803   0.13268338228414617   0.05989011023942408   0.045687269578501055   0.21429200735247472
0.7492707409946351  0.0006042190844390917   0.021406138186088806   0.13566560875955913   0.08568247057707999   0.029822264754129694   0.2579236033765592
0.7629346510416396  0.001053820126860717   0.032892406821634954   0.13671304943931875   0.11486268635546155   0.010474406797596154   0.29180215778381546
0.7765185092654439  0.001700119259185538   0.047542613075812167   0.13599224493067796   0.14650206254177206   -0.007208045086407648   0.3163937618631052
0.7898698302246276  0.002576084257937425   0.06551496792839055   0.13380025636529294   0.1797235485257839   -0.021919885653850276   0.3322148598401182
0.8028596325663723  0.003707567636137009   0.08688620848403694   0.13038988439013777   0.21371240555646384   -0.03410371975155164   0.3398885703067998
0.8153736914626907  0.005110708445290868   0.11165878810817831   0.12592476888636292   0.24772579624141372   -0.04465115503774874   0.3401339068494989
0.8273049894121158  0.006789279891827904   0.13976909057087017   0.12048795494118349   0.2811030246269187   -0.054368139451794126   0.3337722838550499
0.8385533724920443  0.00873283505006117   0.17109596363221308   0.11415057098670972   0.31326873061342897   -0.06337383954473767   0.32165705986510235
0.8490374341747183  0.010917869543947177   0.205473545784993   0.10709338219777273   0.34377582152779906   -0.07057188788936995   0.305070909143701
0.858716814809583  0.013314171241542199   0.24268810316233633   0.09971593217760608   0.3721455737734332   -0.07377450020166665   0.28369752245634144
0.867613693439879  0.015896632292249503   0.28250273597866477   0.09264100303895692   0.3981463281632846   -0.07074929138649153   0.2600075438985137
0.8758203259276726  0.01865866784239572   0.3246529769334126   0.08658963977865938   0.4215024095474786   -0.06051363260297533   0.23356081384193972
0.8834849123161687  0.021621370327001614   0.3688531253109776   0.08217267825683411   0.4420014837756491   -0.04416961521825267   0.20499074228170538
0.8907715483777172  0.024830177501289307   0.4148158133276304   0.0796187845770209   0.45962688016652803   -0.025538936798132128   0.1762539639087891
0.8978356571870257  0.028349813181017917   0.4622402177995471   0.07892367742811296   0.4742440447191676   -0.0069510714890793825   0.14617164552639597
0.9048050298610341  0.032255822616026705   0.5108335035144994   0.07989309430457145   0.4859328571495228   0.00969416876458491   0.11688812430355172
0.9117581130298139  0.036617945008248005   0.5602983234939014   0.08208134825689022   0.4946481997940193   0.02188253952318759   0.08715342644496542
0.9187165699015534  0.041484964227000605   0.6103496545074437   0.0849164283937835   0.5005133101354249   0.028350801368932758   0.0586511034140559
0.9256403322973451  0.0468665143590125   0.6607192635205437   0.08769239849424677   0.5036960901309985   0.02775970100463285   0.031827799955734745
0.9324371294138364  0.052722121140677244   0.7111466596883235   0.08971319959973723   0.5042739616777986   0.020208011054904534   0.0057787154680027045
0.9389819003592115  0.05896007564346519   0.7614003435651197   0.09041355158729095   0.5025368387679615   0.007003519875537271   -0.01737122909837176
0.9451490597314979  0.0654548156650185   0.8112637608213036   0.08956310773457327   0.4986341725618388   -0.008504438527176856   -0.03902666206122666
0.9508484821378526  0.07208245864483212   0.8605557254004895   0.087412280163562   0.49291964579185993   -0.021508275710112528   -0.05714526769978874
0.9560533739485116  0.07876571332715754   0.909119059062215   0.08470938077302316   0.48563333661725533   -0.02702899390538862   -0.07286309174604619
0.9608058189782167  0.08550817348496437   0.9568205614203728   0.08249030412113974   0.47701502358157666   -0.0221907665188341   -0.08618313035678671
0.9651994541186674  0.092404828447494   1.0035662419043958   0.08177278240318556   0.46745680484023105   -0.007175217179541857   -0.09558218741345641
0.9693393434490735  0.09960998036965499   1.0492826349964761   0.08309807331667307   0.4571639309208027   0.013252909134875202   -0.10292873919428332
0.9732989384359519  0.10727428505370658   1.0939349188246685   0.086267003396483   0.44652283828192346   0.03168930079809914   -0.10641092638879225
0.9770980006385248  0.11548673897458511   1.1375156866705811   0.09048606136945689   0.435807678459128   0.04219057972973894   -0.10715159822795467
0.9807029822035686  0.12423825582156808   1.18005096584081   0.09464932076213325   0.42535279170229023   0.04163259392676364   -0.1045488675683776
0.9840569380015066  0.13344951223383308   1.221602730602193   0.09802870201477568   0.4155176476138279   0.033793812526424286   -0.09835144088462303
0.9871176134820707  0.14305308388805138   1.2622714468258938   0.10079500132200579   0.40668716223700635   0.0276629930723012   -0.08830485376821559
0.9898816995116736  0.1530952166531406   1.3021987272734141   0.1041559417655684   0.3992728044752032   0.033609404435626045   -0.07414357761803132
0.992380552090425  0.16380490149254565   1.3415709361025987   0.10997345751121712   0.39372208829184385   0.05817515745648714   -0.0555071618335944
0.9946463764381236  0.1755756103572535   1.3806256361208076   0.119868072126124   0.3905470001820922   0.09894614614906883   -0.031750881097516004
0.9966650518834805  0.18883076281911748   1.419663966678694   0.13407987072672223   0.39038330557886275   0.1421179860059821   -0.0016369460322942524
0.9983403314548839  0.20376328553633588   1.4590735105688513   0.15026203657032128   0.39409543890157206   0.16182165843599097   0.03712133322709243
0.9995073282740368  0.2200735186237627   1.4993680727230012   0.16351929089318645   0.4029456215415008   0.13257254322865114   0.08850182639928797
0.9999990300167322  0.23670981774145938   1.5412489714541397   0.16643563889301055   0.41880898731138516   0.029163479998241242   0.1586336576988436
0.9997511901411318  0.2533540538822996   1.585685658964259   0.1664608126004403   0.4443668751011935   0.0002517370742975766   0.25557887789808337
0.99869999883761  0.2699632037978142   1.6340019163774353   0.16642381562523942   0.4831625741317621   -0.00036996975200897066   0.38795699030568637
0.9967845095213934  0.28639513090001895   1.6868437592621597   0.16543195810142353   0.5284184288472441   -0.009918575238158957   0.4525585471548194
0.9941106700191331  0.30165540094241927   1.7442513144967706   0.15492748608650103   0.5740755523461086   -0.10504472014922508   0.45657123498864505
0.9908759704165587  0.3151669277108142   1.8057767146382868   0.1389333067093514   0.6152540014151626   -0.15994179377149617   0.41178449069053996
0.9873077108186517  0.32670925556623426   1.870622296131859   0.12081299966479621   0.6484558149357229   -0.18120307044555176   0.33201813520560425
0.983607938667281  0.3363343868163664   1.9377709044287483   0.10311714966693343   0.6714860829688936   -0.17695849997862778   0.23030268033170542
0.9799319514435355  0.344238984788699   2.0060903184672085   0.08717542725639205   0.6831941403846038   -0.1594172241054138   0.11708057415710332
0.9763983723036366  0.35065200813593056   2.0744073596457997   0.0732209327925187   0.6831704117859102   -0.13954494463873338   -0.0002372859869368895
0.9730685743039718  0.35583827882603636   2.1415560474506683   0.061631938465070785   0.6714868780486826   -0.11588994327447928   -0.1168353373722772
0.969907582981432  0.3601229346790021   2.206409181928418   0.05324485131871941   0.6485313447774999   -0.08387087146351377   -0.22955533271182704
0.9667476409514867  0.3638967925511979   2.2678851736414587   0.049221171128031434   0.6147599171304061   -0.04023680190687974   -0.3377142764709364
0.9632931154055848  0.36757407911037976   2.3249698015209708   0.05045412092746014   0.5708462787951198   0.012329497994286993   -0.43913638335286337
0.9591897835045565  0.3715123647662771   2.3767156198526385   0.05687479810728436   0.5174581833166797   0.06420677179824225   -0.5338809547844006
0.9541464309190613  0.37592974816522046   2.422263147343096   0.06704377778353672   0.4554752749045748   0.10168979676252356   -0.6198290841210504
0.9480660353037015  0.3808541456161869   2.4608556278478346   0.07824378639506945   0.3859248050473863   0.11200008611532719   -0.6955046985718841
0.9411340985165175  0.3861208054458725   2.491869637903449   0.08705713835357717   0.3101401005561385   0.08813351958507742   -0.7578470449124777
0.9338315049414375  0.3914088857888346   2.514850170966899   0.09016189141562127   0.22980533063450054   0.031047530620440907   -0.80334769921638
0.9268591763992171  0.3963033005910018   2.5295410247251944   0.08518724174213933   0.1469085375829571   -0.04974649673481941   -0.8289679305154345
0.9209893378751729  0.40036833069628774   2.5358987812065648   0.07139991180333145   0.06357756481370568   -0.13787329938807877   -0.8333097276925144
0.9168124669560289  0.40327216420322937   2.5340836781086953   0.05087091478559099   -0.01815103097869823   -0.20528997017740458   -0.8172859579240387
0.9144571088240177  0.4049436074137756   2.524429856991118   0.02888154139950323   -0.09653821117576487   -0.21989373386087768   -0.7838718019706665
0.9133326923939529  0.40577068597383575   2.507395756510895   0.013958406974689553   -0.1703410048022334   -0.14923134424813678   -0.7380279362646853
0.9119745958706376  0.4068205482582019   2.4835085700071566   0.01716577112388458   -0.23887186503738364   0.032073641491950265   -0.6853086023515025
0.9081372131374174  0.40997651741729113   2.4533252125335796   0.0496846531379047   -0.30183357473577366   0.3251888201402011   -0.6296170969839004
0.901682067960304  0.41568589842707326   2.417424327108586   0.08617768317404997   -0.35900885424993473   0.3649303003614529   -0.5717527951416105
0.8928292335792741  0.42418743053571434   2.376434600918801   0.12273904218796973   -0.4098972618978494   0.3656135901391973   -0.5088840764791466
0.8818526125976156  0.43573070463469854   2.331037464820723   0.15929010801027974   -0.4539713609807829   0.36551065822310047   -0.4407409908293349
0.8709761987678207  0.44835527381774626   2.281944760675752   0.1666361679991799   -0.4909270414497094   0.07346059988900142   -0.3695568046892655
0.8607715741864754  0.4615308672776348   2.229799987639821   0.1666525204929265   -0.5214477303593111   0.00016352493746593275   -0.30520688909601656
0.8513032361459104  0.4752458187167334   2.1750273059132437   0.1666581285828096   -0.5477268172657715   5.608089883101525e-05   -0.2627908690646055
0.8426361256989622  0.4894809222327516   2.117701248825145   0.166660425899897   -0.5732605708809815   2.2973170873743474e-05   -0.2553375361520987
0.8348413706022306  0.5042118772125317   2.0574841967698543   0.16666110573086046   -0.602170520552915   6.798309634854245e-06   -0.289099496719335
0.8280005919436435  0.5194092875088834   1.9937566247092435   0.1666605929340929   -0.6372757206061049   -5.127967675267757e-06   -0.3510520005318997
0.8222059851485788  0.5350353310929968   1.925906163280827   0.1666585449360532   -0.6785046142841643   -2.0479980397351794e-05   -0.4122889367805931
0.8175547349969476  0.5510384478346193   1.8536500090164558   0.16665349483855574   -0.7225615426437123   -5.050097497446566e-05   -0.4405692835954798
0.8141390688519887  0.5673487468512521   1.7772307998011598   0.16664112014319718   -0.7641920921529595   -0.00012374695358580585   -0.41630549509247183
0.8120350607044188  0.583875473607267   1.6974245706662068   0.1666011847355879   -0.7980622913495323   -0.00039935407609248104   -0.33870199196572864
0.8113146366425475  0.6000106056274545   1.6154160977595955   0.16151207265644477   -0.8200847290661127   -0.05089112079143154   -0.22022437716580476
0.8117998690635607  0.6127194967110339   1.5326343155985702   0.1271815092993819   -0.8278178216102526   -0.34330563357062843   -0.07733092544139802
0.8129610928101069  0.6223342881796617   1.4506037486096555   0.0968466083942746   -0.8203056698891479   -0.3033490090510733   0.07512151721104715
0.8145865915019395  0.6303551541833232   1.3708455869516258   0.08183919442775789   -0.7975816165802955   -0.15007413966516717   0.2272405330885239
0.8167938496794578  0.6381494579791352   1.2948332669003932   0.08100812324923404   -0.7601232005123255   -0.00831071178523843   0.37458416067969974
0.8197926486179608  0.6464462985386101   1.2239677288254085   0.08822151571068965   -0.7086553807498476   0.0721339246145561   0.5146781976247794
0.823674773536744  0.6553479861882877   1.1595522328889494   0.09711381822246563   -0.6441549593645882   0.08892302511775997   0.6450042138525922
0.8283469030466948  0.6645907074475759   1.1027640996741614   0.10356480600795268   -0.5678813321478816   0.06450987785487045   0.7627362721670681
0.8335940205609637  0.6738369227050238   1.054625732266542   0.1063130936411927   -0.48138367407619304   0.027482876332400066   0.8649765807168848
0.8391929638771451  0.6828712069826346   1.0159855510397613   0.1062856804402613   -0.386401812267807   -0.0002741320093140219   0.9498186180838606
0.8449980814195847  0.6916646226215313   0.9873074192285201   0.10536771245497037   -0.28678131811241364   -0.009179679852909055   0.9962049415539338
0.8509574028801618  0.7003343914678979   0.9685986367276349   0.1052038041707237   -0.18708782500885074   -0.0016390828424669743   0.9969349310356292
0.857059410793107  0.7090476842677287   0.9598621979219805   0.1063747958800518   -0.08736438805654494   0.011709917093281258   0.9972343695230578
0.863251246910398  0.7179125601453055   0.9610989877902086   0.1081317986663643   0.01236789868228064   0.017570027863124824   0.9973228673882558
0.8693901373989859  0.726914925865279   0.9723081382593106   0.10896263808619265   0.11209150469102042   0.008308394198283534   0.9972360600873977
0.8752536389567698  0.7359172799706798   0.9934868365486529   0.10743511062830466   0.21178698289342168   -0.015275274578879778   0.9969547820240128
0.8806012555702102  0.7447143677672349   1.0245992868778644   0.10294938423547725   0.31112450329211405   -0.04485726392827415   0.993375203986923
0.8852664073973163  0.7531397014800121   1.0651128168787354   0.09630674417797228   0.4051353000087117   -0.06642640057504968   0.9401079671659766
0.8892163478478337  0.7611770736526141   1.1140146990787791   0.08955522374688724   0.48901882200043745   -0.06751520431085062   0.8388352199172575
0.8925589510926382  0.7690664305211141   1.1700399071704872   0.08568252345182704   0.5602520809170805   -0.038727002950601885   0.7123325891664294
0.8954876989490005  0.777369688330329   1.231697964911539   0.08804638223824676   0.6165805774105171   0.023638587864197196   0.5632849649343667
0.8981761386207956  0.7869521358795306   1.2972695541964954   0.09952437334747913   0.6557158928495661   0.11477991109232372   0.391353154390492
0.9006554329776935  0.7988170164801143   1.3647996945531717   0.12121150612637963   0.6753014035667616   0.21687132778900498   0.19585510717195417
0.902719947371521  0.8136030530340502   1.4320672641399432   0.14929470742684134   0.6726756958677151   0.280832013004617   -0.026257076990464104
0.9039554869945507  0.8302110614453689   1.4965389102597824   0.16653903492890595   0.6447164611983928   0.17244327502064635   -0.2795923466932254
0.9042131234331365  0.8468719979268948   1.555334056322748   0.16662928343359523   0.587951460629654   0.0009024850468928965   -0.5676500056873877
0.9036385983250735  0.8635268996183434   1.6052785106694532   0.16664808113255422   0.4994445434670521   0.0001879769895897393   -0.8850691716260185
0.9025478282359788  0.8781510603293836   1.6452453233667848   0.146647828449521   0.39966812697331516   -0.20000252683033187   -0.9977641649373693
0.9014012970605869  0.8890903126491293   1.675223980217794   0.10999171562040973   0.2997865685100923   -0.3665611282911132   -0.9988155846322289
0.9004913258826341  0.8963665631385849   1.6952108432571797   0.0733293043264492   0.19986863039386005   -0.3666241129396052   -0.9991793811623221
0.9  0.9   1.7052045027777294   0.03666505768280882   0.09993659520549651   -0.36664246643640386   -0.9993203518836353
0.9  0.9   1.7052045027777294   0.0   -1.4342678197887176e-20   -0.36665057682808816   -0.999365952054965
