0.1  0.1   -1.5563596429258284   1.6523746137394706e-27   1.7938496705045564e-19   0.0   0.0010952049434961816
0.10008959217920475  0.09633442942206122   -1.5463596550028227   0.03666665299754713   0.09999987923005958   0.3666665299754713   0.9999987923005959
0.10041535354392857  0.0890083385495951   -1.5263596791570941   0.07333329935191682   0.1999997584572843   0.36666646354369686   0.9999987922722472
0.10123339982647687  0.07803880579392666   -1.4963597155994943   0.10999993118092141   0.2999996355760005   0.3666663182900458   0.9999987711871616
0.1029081400799922  0.06346808478663715   -1.4563597649198619   0.14666651478405504   0.3999995067963223   0.3666658360313361   0.9999987122032181
0.10563641222437875  0.0470262517326789   -1.4063598282616026   0.16666653625370403   0.49999936658259414   0.20000021469649024   0.9999985978627188
0.1087799568292168  0.03325582796959368   -1.346359907558581   0.14124674980244692   0.5999992070302153   -0.2541978645125711   0.9999984044762119
0.11181488397304509  0.02324784396638402   -1.2763600058818838   0.10458036458955713   0.6999990167669711   -0.3666638521288979   0.9999980973675574
0.11429882139382454  0.01692699947375877   -1.1963601280700498   0.06791393097907053   0.799998778118342   -0.36666433610486604   0.9999976135137099
0.11569846026368295  0.014133230673024987   -1.1063602823134198   0.03124761283357838   0.8999984575662981   -0.3666631814549215   0.9999967944795599
0.11569847567341164  0.014133206334684146   -1.0063604850417052   2.880650228492648e-07   0.9999979727171466   -0.31247324768555534   0.9999951515084855
0.11569848923573932  0.014133189371156762   -0.8963607860844022   2.171860937398568e-07   1.0999969895730308   -7.087892910941302e-07   0.9999901685588407
0.11569850506455268  0.014133173819861478   -0.7765546364905158   2.2189955329188442e-07   1.1980614959388642   4.7134595520291104e-08   0.9806450636583361
0.11569852862016335  0.014133155777150505   -0.6536389895119019   2.967163987042294e-07   1.2291564697861386   7.481684541234557e-07   0.31094973847274276
0.11753979399717775  0.01304291955086543   -0.5345996739654021   0.021398301843128416   1.1903931554649996   0.2139800512672971   -0.38763314321139297
0.12282918320269863  0.010647667700597845   -0.4252139204625716   0.05806450688130551   1.0938575350283037   0.36666205038177097   -0.9653562043669563
0.13180385062298336  0.007615395968947209   -0.3258280674327557   0.09473084353012559   0.9938585302981594   0.36666336648820075   -0.9999900473014433
0.14457797837274025  0.004537481850494838   -0.23644216197934848   0.13139706811329097   0.8938590545340723   0.36666224583165374   -0.9999947576408692
0.16103948072285726  0.0019306311184130159   -0.15705621822634547   0.16666635244172293   0.79385943753003   0.3526928432843197   -0.9999961700404244
0.17764211711883593  0.00047133330750798397   -0.08767024124389002   0.1666664589526095   0.6938597698245548   1.0651088656368208e-06   -0.9999966770547528
0.19430209975114196  0.0   -0.028284230778696292   0.16666648828331784   0.5938601046519371   2.933070832295164e-07   -0.9999966517261759
0.21096503712895814  0.0003516633127606326   0.021101819465481324   0.16666647959166292   0.49386050244177626   -8.691654929836066e-08   -0.9999960221016091
0.2276011994517064  0.0013591794552249405   0.060487933440327595   0.16666642901502704   0.3938611397484627   -5.057663585470625e-07   -0.9999936269331346
0.24420056989458933  0.0028550640612847074   0.08987418149154965   0.16666636428948886   0.29386248051222047   -6.472553815926879e-07   -0.9999865923624218
0.2607676005255038  0.004674401048478118   0.1093784357250995   0.16666628063249828   0.19504254233549861   -8.365699060955587e-07   -0.9881993817672192
0.2773094092701674  0.006710245567686675   0.12245686484691594   0.166666163168026   0.13078429121816426   -1.1746447227206128e-06   -0.6425825111733434
0.2938295397979362  0.008914955561066227   0.13267202188466323   0.16666597097473523   0.1021515703774728   -1.9219329076081085e-06   -0.2863272084069146
0.31032601696813544  0.011289905281087196   0.14298462782532725   0.16666557688965503   0.10312605940664032   -3.940850802261689e-06   0.009744890291675204
0.32679067187313576  0.013875366382834773   0.15575903073517888   0.1666641743895423   0.12774402909851618   -1.4025001127195385e-05   0.24617969691875868
0.3427209212885213  0.016655425118494785   0.17277450700408595   0.16171010265601052   0.17015476268907068   -0.04954071733531782   0.4241073359055448
0.3575827306994615  0.01959426186097044   0.19522559185650137   0.15149592085798372   0.22451084852415437   -0.10214181798026781   0.5435608583508366
0.3711267253041432  0.02267741051501365   0.22382536652804866   0.13890485789727217   0.285997746715473   -0.12591062960711571   0.6148689819131868
0.38311193038155816  0.025851116826647175   0.25886071645874553   0.1239828828912386   0.3503534993069688   -0.14921975006033555   0.6435575259149584
0.39325981712450087  0.028993038111429132   0.30025288755126983   0.10623148060127041   0.4139217109252431   -0.1775140228996818   0.6356821161827424
0.40134619005574496  0.03192303233635297   0.3476231431576657   0.08600830968067212   0.4737025560639584   -0.20223170920598305   0.5978084513871534
0.4073246344922593  0.03445320709769903   0.400358815045651   0.06491808854507179   0.5273567188798528   -0.21090221135600323   0.5365416281589449
0.4114083261367876  0.0364645770051701   0.45765953758489086   0.04552158427853844   0.5730072253923988   -0.19396504266533351   0.4565050651254592
0.4140755682092596  0.03798661878945205   0.518553364933536   0.030709593722924474   0.60893827348645   -0.14811990555613974   0.3593104809405112
0.41598085679080943  0.03924042460454954   0.5820247027122449   0.02280823009564949   0.6347133777870917   -0.07901363627274982   0.25775104300641666
0.4177963026069797  0.0406120048055823   0.6470156437545517   0.022753188258616452   0.6499094104230657   -0.0005504183703304114   0.15196032635974116
0.4200433798098133  0.042553037212187575   0.7124531325902155   0.02969337090833086   0.6543748883566397   0.06940182649714409   0.04465477933573979
0.42293364009297824  0.04539663661261224   0.7772605640399893   0.04054585312280216   0.6480743144977377   0.10852482214471294   -0.06300573858902024
0.42642761569029897  0.04929752279519196   0.8403688511981483   0.05236867239500593   0.6310828715815898   0.11822819272203774   -0.1699144291614788
0.4303259780612089  0.05421747953054989   0.9007331300512216   0.06277197101635405   0.6036427885307318   0.10403298621348123   -0.2744008305085808
0.43438961883881333  0.059989397634773206   0.9573664642798438   0.07058910324642576   0.5663333422862233   0.07817132230071717   -0.37309446244508454
0.43843841590552846  0.06642682881067513   1.0093644162126474   0.07604819381944346   0.5199795193280369   0.05459090573017689   -0.4635382295818644
0.44239752829480417  0.07342411434905859   1.0558983552747543   0.0803968754471623   0.46533939062106466   0.043486816277188374   -0.5464012870697216
0.44628828199980675  0.0809979749766289   1.0962424582365458   0.08514771235853676   0.4034410296179182   0.0475083691137446   -0.6189836100314651
0.4501838984245705  0.08925138557454328   1.1297979092293882   0.0912658829063243   0.3355545099284211   0.061181705477875534   -0.67886519689497
0.4541709586366231  0.09830857358347522   1.1561139456573994   0.09895923593262984   0.26316036428011425   0.07693353026305509   -0.7239414564830688
0.4583590855188246  0.10832877338526767   1.1748965504007776   0.10860239907536381   0.18782604743378356   0.09643163142733992   -0.7533431684633071
0.46290746407769406  0.1195594703273473   1.1859911582236646   0.12116777678885789   0.11094607822887059   0.12565377713494072   -0.7687996920491298
0.46807316980339253  0.13243860969657317   1.1893498642097877   0.13876481778040667   0.033587059861229035   0.1759704099154879   -0.7735901836764156
0.47406365760283836  0.14718690791938444   1.1849723442532532   0.1591848750805205   -0.04377519956534475   0.20420057300113822   -0.7736225942657379
0.48052249035880445  0.16255107031023974   1.1728428059693328   0.16666553529201994   -0.12129538283920717   0.07480660211499435   -0.7752018327386241
0.48728664079754536  0.1777833472985794   1.1528872876147291   0.1666661313545877   -0.19955518354603238   5.9606256776632895e-06   -0.7825980070682521
0.49447292231757917  0.19282108910565177   1.1249983317131202   0.16666622955505586   -0.2788895590160875   9.820046816622839e-07   -0.7933437547005509
0.5021936136346005  0.20759156293976228   1.0891453145331995   0.16666612484141533   -0.3585301717992111   -1.04713640540445e-06   -0.7964061278312365
0.509833436405895  0.22077310454136084   1.0455231827421343   0.15235482630072342   -0.436221317910653   -0.1431129854069191   -0.7769114611144189
0.51613582574252  0.2304746698509019   0.9946840489002673   0.11568944671213377   -0.5083913384186669   -0.36665379588589647   -0.7217002050801384
0.5208124315270982  0.23684465361486767   0.9375082438646034   0.07902362609846948   -0.571758050356639   -0.36665820613664285   -0.6336671193797203
0.5235270738602429  0.24009623400679175   0.8751526820296904   0.04235806657773963   -0.6235556183491315   -0.36665559520729846   -0.5179756799249265
0.5239201975370672  0.24050825944184748   0.8088699484733014   0.005694832608714714   -0.6628273355638896   -0.36663233969024916   -0.39271717214758234
0.5239203258091772  0.2405083765666652   0.7400037920334523   1.7370076893436964e-06   -0.68866156439849   -0.056930956010253705   -0.2583422883460025
0.5254808878440802  0.24174441439608266   0.669872448490107   0.019907645216179957   -0.7013134354334547   0.19905908208490614   -0.12651871034964668
0.5301505722089142  0.2449378564208908   0.599816041384274   0.056572099159395095   -0.7005640710583296   0.3666445394321513   0.007493643751251167
0.5381898611144852  0.2496604230415013   0.5311299383410536   0.09323776144534894   -0.686861030432203   0.36665662285953843   0.13703040626126467
0.5498003622704105  0.2554866861542205   0.4650943902934304   0.12990345605506343   -0.6603554804762327   0.36665694609714494   0.26505549955970337
0.565123889290857  0.2620164456755925   0.4028243378425127   0.16656777592123911   -0.6227005245091767   0.3666431986617568   0.37654955967056003
0.5808070744050875  0.26765676768526836   0.34523805059484625   0.1666659916420325   -0.5758628724766652   0.000982157207933762   0.46837652032511556
0.596763196700918  0.27247073404478955   0.2930159417201789   0.16666496657372984   -0.5222210887466728   -1.025068302643412e-05   0.5364178372999232
0.6100573734838144  0.27581729096347885   0.24660721045045714   0.13708923354697578   -0.46408731269721765   -0.29575733026754075   0.5813377604945517
0.6201378555326215  0.2779271845586739   0.2063262946301015   0.10298920784206939   -0.4028091582035564   -0.3410002570490639   0.6127815449366129
0.6279154565949814  0.2792809839900312   0.17233722074430408   0.07894545660489427   -0.3398907388579743   -0.24043751237175112   0.6291841934558214
0.6349392855363539  0.2803045579741031   0.14471011527276412   0.07098019209505406   -0.2762710547153998   -0.07965264509840211   0.6361968414257443
0.6425183695244641  0.28124489565056815   0.12343929201288933   0.0763719510321465   -0.21270823259874752   0.053917589370924265   0.6356282211665231
0.6513981614152247  0.2822115071418564   0.1084282695332799   0.08932247298313513   -0.1501102247960944   0.12950521950988628   0.6259800780265309
0.6617158629667521  0.2832417129482727   0.09951853346133746   0.10369006187183295   -0.08909736071942446   0.14367588888697816   0.6101286407666995
0.673118249069245  0.2843450572839074   0.09646401044725333   0.11455643917001061   -0.03054523014084118   0.10866377298177676   0.5855213057858327
0.6849703015745866  0.2855218622711893   0.09896686057840635   0.11910332428914766   0.025028501311530244   0.04546885119137055   0.5557373145237141
0.6965065897261407  0.2867572597023975   0.10668138684981036   0.11602247675709673   0.07714526271403996   -0.030808475320509374   0.5211676140250971
0.7071600523508502  0.28803401021219704   0.11927485407331455   0.1072969513826787   0.125934672235042   -0.08725525374418043   0.4878940952100205
0.7166843418242782  0.28934162355196186   0.13643948924860524   0.09613633164409105   0.17164635175290713   -0.11160619738587646   0.45711679517865106
0.725153045906992  0.2906902085951957   0.1579174390282868   0.08575408471862128   0.21477949779681565   -0.10382246925469767   0.4313314604390856
0.73281562901857  0.29211259207911683   0.1835380966771066   0.07793481553007414   0.2562065764881979   -0.07819269188547134   0.4142707869138216
0.7400308224295935  0.293674475795836   0.21318221599539394   0.07382309713290326   0.296441193182873   -0.0411171839717087   0.4023461669467517
0.7472191577339292  0.29548567096231765   0.2468254209850044   0.0741300157686174   0.33643204989610476   0.0030691863571411333   0.39990856713231815
0.7547597040474011  0.29769066148410145   0.2844862820197233   0.07856323689021057   0.37660861034718945   0.044332211215931894   0.4017656045108468
0.7629642439117336  0.3004668271269294   0.3262761911285236   0.08661499296410916   0.41789909108800233   0.08051756073898579   0.41290480740812824
0.7719882034407128  0.3039911633514419   0.37233614612900645   0.09687765036577384   0.46059955000482894   0.10262657401664692   0.4270045891682659
0.7818122906732273  0.3084123795921485   0.4228858372408341   0.10773107397542206   0.5054969111182768   0.1085342360964823   0.44897361113447926
0.7922278228649742  0.31381067713668737   0.47817469098423687   0.11731365104560965   0.552888537434027   0.09582577070187569   0.4739162631575017
0.8029592423213003  0.32022062925802997   0.5384370114235706   0.125000339897669   0.6026232043933386   0.0768668885205937   0.4973466695931156
0.8137393021029641  0.32765769619498714   0.6039091761394503   0.13096551207124177   0.6547216471587946   0.05965172173572781   0.5209844276545597
0.8243690323612737  0.3361612428490506   0.6747273152816988   0.13612548294204693   0.7081813914224867   0.051599708708051466   0.5345974426369221
0.8345142713734554  0.34562907958540917   0.7508735880194393   0.13876808245430194   0.7614627273774048   0.02642599512254998   0.5328133595491813
0.8435570533341407  0.35555971821244964   0.8321588121210117   0.1343091542409506   0.8128522410157252   -0.044589282133513305   0.5138951363832032
0.8508146607865474  0.36505467952322895   0.918165404361711   0.11951031596740867   0.8600659224069913   -0.14798838273541934   0.47213681391266166
0.8559206247390098  0.37315080763808123   1.008131964714167   0.09571737477379431   0.8996656035245625   -0.2379294119361436   0.3959968111757124
0.858987874038495  0.37919255255684386   1.101026737822833   0.06775743496366508   0.9289477310866561   -0.27959939810129236   0.29282127562093463
0.8604855898153124  0.3829943352206842   1.1955155266025304   0.04086160052077542   0.9448878877969743   -0.26895834442889655   0.15940156710318246
0.8610821688769048  0.3850630805075105   1.290036424257626   0.02153047523510335   0.9452089765509581   -0.19331125285672074   0.0032108875398374204
0.8614246850070185  0.3868641623493767   1.3828679528489354   0.018333611484066294   0.9283152859130911   -0.031968637510370566   -0.16893690637866957
0.8618307056717677  0.39096823334646963   1.4721860046551551   0.04124106149140407   0.8931805180621999   0.22907450007337776   -0.3513476785089119
0.8619452730894529  0.39875781458626663   1.5560896109617246   0.0779042371020859   0.8390360630656967   0.36663175610681825   -0.5414445499650321
0.8612378367751149  0.41019289125172037   1.6325830440918558   0.11456938704716253   0.76493433130131   0.36665149945076625   -0.7410173176438669
0.8592949561249688  0.42519103015619664   1.6996203744311111   0.15123457138453175   0.6703733033925522   0.3666518433736923   -0.9456102790875781
0.8562150519256757  0.44157062739005876   1.7566590893377851   0.16666643795926758   0.5703871490667403   0.1543186657473585   -0.9998615432581193
0.8523683581301074  0.45778729501507925   1.8036979783667004   0.16666654193844205   0.47038889028915226   1.0397917443934236e-06   -0.9999825877758798
0.847923789541558  0.4738504000661604   1.8407369726440421   0.16666659347941246   0.3703899427734157   5.154097041585786e-07   -0.9999894751573659
0.8430465664553517  0.4897874731146046   1.867776044789818   0.16666661404852343   0.27039072145775794   2.05691109662728e-07   -0.9999922131565774
0.8378985103716671  0.5056391336015911   1.8848151804199815   0.16666661982393716   0.17039135630163887   5.775413748710801e-08   -0.9999936515611911
0.8326390000185523  0.5214541630250217   1.8918543731522925   0.1666666147788495   0.0703919273231086   -5.0450876615524615e-08   -0.9999942897853026
0.8274263375983582  0.5372846934485039   1.888893621865461   0.16666659623200372   -0.029607512868314978   -1.8546845776765947e-07   -0.9999944019142358
0.8224192831802339  0.5531814479240728   1.875932930153684   0.16666655237404174   -0.12960691711777214   -4.385796203047392e-07   -0.9999940424945715
0.8177785187727881  0.569188957181026   1.8529723075203668   0.16666644740221973   -0.22960622633317027   -1.0497182197372787e-06   -0.9999930921539816
0.813667808532725  0.5853406552568154   1.8200117728613165   0.16666592015439877   -0.32960534659050333   -5.272478209263242e-06   -0.9999912025733303
0.8108633675859884  0.598744253553413   1.7770513639011074   0.13693843007725226   -0.42960408960208935   -0.2972749007714653   -0.99998743011586
0.8093322319987648  0.6086540642872695   1.7240912028167397   0.10027398713888287   -0.529601610843679   -0.36664442938369407   -0.9999752124158975
0.8087574488511503  0.6149889607501858   1.6612814050540388   0.06360918869364568   -0.6280979776270077   -0.3666479844523718   -0.9849636678332858
0.8086763448616272  0.6191532110924224   1.5902701168564612   0.04165040068226273   -0.7101128819757736   -0.21958788011382963   -0.82014904348766
0.8089253984804526  0.6234945509912281   1.5134912217768068   0.04348477874153889   -0.7677889507965457   0.01834378059276151   -0.5767606882077208
0.8097369879519337  0.6293627267425163   1.433364621388702   0.05924032758030344   -0.8012660038810492   0.15755548838764555   -0.3347705308450345
0.8114471483725224  0.637062488993006   1.352238504650921   0.07887394207100201   -0.8112611673778085   0.1963361449069857   -0.09995163496759275
0.8142482222002679  0.6461675342734912   1.2723454106956336   0.09526167337819674   -0.798930939552875   0.16387731307194717   0.12330227824933404
0.8180965804396417  0.6559427471052794   1.195745424935379   0.10505457964567146   -0.765999857602546   0.09792906267474728   0.3293108195032914
0.8227696784833753  0.665704996957201   1.1243410348232443   0.10823094173925701   -0.7140439011213452   0.03176362093585549   0.519559564812006
0.8279515881661713  0.6749469670883322   1.0597804609538575   0.10595574541541668   -0.6456057386938706   -0.022751963238403474   0.6843816242747484
0.833396703851082  0.6834931806205892   1.003516280402644   0.10133461923793992   -0.5626418055121337   -0.046211261774767455   0.8296393318173677
0.8390077478796827  0.6914514653212845   0.9566844855955187   0.09737459138205122   -0.46831794807125376   -0.03960027855888692   0.9432385744087993
0.8448187117913393  0.6990792669721383   0.9197772144190762   0.09589090655914306   -0.36907271176442447   -0.014836848229081608   0.9924523630682932
0.8509446732958102  0.7066869007913963   0.892869181335141   0.09767471355585333   -0.26908033083935134   0.01783806996710269   0.9999238092507308
0.8574905793760345  0.7145404350463143   0.8759608040717171   0.10223839137246309   -0.1690837726342396   0.045636778166097625   0.9999655820511179
0.8644885579651204  0.7228193771395859   0.8690520675659604   0.10840322251531767   -0.06908736505756669   0.06164831142854588   0.9999640757667291
0.8718558043207986  0.7315900244756314   0.8721430135864654   0.11454281887510111   0.030909460205048964   0.061395963597834245   0.9999682526261566
0.8793686062079403  0.7407754641463334   0.8852336432495784   0.1186652831031682   0.1309062966311305   0.04122464228067105   0.9999683642608148
0.8866909668913306  0.7501622133308338   0.9083239135621202   0.1190495805244107   0.23090270312541886   0.0038429742124249586   0.9999640649428841
0.8934253706074967  0.7594106160390531   0.9414138275803747   0.11440504624609484   0.3308991401825441   -0.04644534278315862   0.9999643705712529
0.8992011056289895  0.7681063741069089   0.9845023617772859   0.1043912464784158   0.4308853419691129   -0.10013799767679034   0.9998620178656871
0.9037642438807484  0.7758326341251253   1.0373163908706162   0.08973144631273314   0.5281402909333066   -0.14659800165682674   0.9725494896419375
0.9070376490540919  0.7822444040060065   1.0987597161226337   0.07199025936489258   0.6144332525201702   -0.17741186947840554   0.8629296158686369
0.9091482161912948  0.7871875906827726   1.1672625808814332   0.053749035490877346   0.6850286475879926   -0.18241223874015228   0.7059539506782233
0.910419707051829  0.7909025689958534   1.2410328272304658   0.039265446482983836   0.7377024634903294   -0.1448358900789352   0.5267381590233691
0.9112690020589221  0.7941915818784602   1.3180945420112715   0.03396896782509405   0.7706171478080551   -0.052964786578897874   0.32914684317725534
0.9120254248068683  0.798483755382241   1.3963545194332043   0.04358317193615235   0.782599774219329   0.09614204111058307   0.11982626411273926
0.912729116789626  0.8057026272174589   1.4736238413122145   0.07253088513169792   0.7726932187901012   0.2894771319554557   -0.09906555429227756
0.9129822662564199  0.8166185290388407   1.5476095940040482   0.10918836807395006   0.7398575269183393   0.3665748294225215   -0.32835691871761963
0.912325077684051  0.8311855006177188   1.6158807316439456   0.1458178856654347   0.6827113763989735   0.3662951759148463   -0.5714615051936577
0.9105769433978795  0.8477601770492493   1.6758780251895817   0.16666609502003693   0.5999729354563603   0.20848209354602218   -0.8273844094261315
0.9080026076318394  0.8642268054112985   1.7258775488652907   0.16666644960819404   0.49999523675708946   3.545881571275343e-06   -0.9997769869927089
0.9051595379012185  0.8786152550308248   1.7658772524048238   0.1466664678604881   0.3999970353953317   -0.19999981747705975   -0.9999820136175777
0.9027045041393159  0.8893377839760362   1.7958770557593613   0.10999991716038397   0.2999980335453739   -0.3666655070010411   -0.9999900184995778
0.9009251852404835  0.8964519772041979   1.8158769332276912   0.0733332946425678   0.19999877468329738   -0.36666622517816155   -0.9999925886207659
0.9  0.9   1.8258768738161997   0.03666665172705753   0.09999940588508684   -0.36666642915510284   -0.9999936879821054
0.9  0.9   1.8258768738161997   0.0   -1.684380918657805e-19   -0.36666651727057525   -0.9999940588508681
