graph_load_time: 3.12944
n_generated: 1811774
n_expanded: 876098
n_domCheck: 9633745
rt_initHeu: 2.97229
rt_search: 60.0088
N: 64
Label: 4297690
[3100,89695,]
33637 153436 33236 153035 32835 152634 32434 152233 32033 151832 31632 151433 31233 151032 30832 150633 30433 150234 30034 149835 29635 149436 29236 149037 28837 148638 28438 148239 28039 147840 27640 147441 27241 147042 26842 146643 26443 146244 26044 26045 145846 25646 25647 25648 25649 145450 25250 25251 25252 25253 25254 25255 25256 25257 25258 25259 25260 25261 25262 25263 25264 25265 25266 25267 25268 25269 25270 25271 25272 25273 25274 25275 25276 25277 25278 25279 25280 25281 145082 24882 144683 24483 144284 24084 143885 23685 143486 23286 143087 22887 142688 22488 142289 22089 141890 21690 141491 21291 141092 20892 140693 20493 140294 20094 139895 19695 139496 19296 139097 18897 138696 18496 138295 18095 137896 17696 137495 17295 137096 16896 136697 16497 136296 16096 135895 15695 135494 15294 135093 14893 134692 14492 134291 14091 133890 13889 133688 13488 133287 13087 132886 12686 132485 12285 132084 11884 131685 11485 131286 11086 130887 10687 130488 10288 130089 9889 9890 9891 9892 9893 9894 9895 9896 9897 9898 9899 9900 9901 9902 9903 9904 9905 9906 9907 9908 9909 9910 9911 9912 9913 9914 9915 9916 9917 9918 9919 9920 9921 9922 9923 9924 9925 9926 9927 9928 9929 9930 9931 9932 9933 9934 9935 9936 9937 9938 9939 9940 9941 9942 9943 9944 9945 129746 9546 129347 9147 128948 8748 128549 8349 128150 7950 127751 7551 127352 7152 126953 6753 126552 6352 126151 6150 6149 6148 6147 46346 86345 126344 6343 
Label: 3987551
[3040,89944,]
33637 153438 33238 153037 32837 32836 152635 32435 152234 32034 151833 31633 151432 31232 151031 30831 150632 30432 150231 30031 149832 29632 149433 29233 29234 149035 28835 148636 28436 28437 148238 28038 147839 27639 147440 27240 147041 26841 146642 26442 26443 146244 26044 26045 145846 25646 25647 25648 25649 145450 25250 25251 25252 25253 25254 25255 25256 25257 25258 25259 25260 25261 25262 25263 25264 25265 25266 25267 25268 25269 25270 25271 25272 25273 25274 25275 25276 25277 25278 25279 25280 25281 25282 145083 24883 144684 24484 144285 24085 143886 23686 23687 143488 23288 23289 23290 143091 22891 22892 22893 22894 22895 22896 22897 142698 22498 142299 22099 141900 21700 141501 21301 141102 20902 20903 140704 20504 20505 20506 140307 100308 60309 20310 140111 100112 60113 20114 139915 99916 59917 19918 139719 99720 59721 19722 139523 19323 139124 18924 138725 18525 138326 18126 137927 17727 137528 17328 137129 16929 136730 16530 136331 16131 135932 15732 135533 15333 135134 14934 134733 14533 134332 14132 133931 13731 133532 13332 133131 12931 132732 12532 132333 12133 131934 11734 131535 11335 131136 10936 130737 10537 10538 10539 10540 10541 130342 10142 10143 10144 10145 10146 129947 89948 129748 9548 129349 9149 128948 8748 128549 8349 128150 7950 127751 7551 127352 7152 126953 6753 126554 6354 126155 5955 5954 5953 5952 5951 46150 86149 126148 6147 46346 86345 126344 6343 
Label: 657357
[2520,253857,]
33637 33638 33639 33640 33641 33642 33643 33644 33645 33646 33647 33648 33649 33650 33651 33652 33653 33654 33655 33656 33657 33658 33659 33660 33661 33662 33663 153464 33264 153065 32865 152666 32466 152267 32067 151868 31668 151469 31269 151070 30870 150671 30471 150272 30072 149873 29673 149474 29274 149075 28875 148676 28476 148277 28077 147878 27678 147479 27279 147080 26880 146681 26481 146282 26082 145883 25683 145484 25284 145085 24885 144686 24486 144287 24087 143888 23688 143489 23289 23290 143091 22891 22892 22893 22894 22895 22896 22897 142698 22498 142299 22099 141900 21700 141501 21301 141102 20902 20903 140704 20504 20505 20506 20507 20508 140309 100310 60311 20111 20112 20113 20114 20115 139916 19716 139517 19317 139118 18918 138719 18519 138320 18120 137921 17721 137522 17322 137123 16923 136724 16524 136325 16125 135926 15726 135527 15327 135128 14928 134729 14529 134330 14130 133931 13731 133532 13332 133133 12933 132734 12534 132335 12135 131936 11736 131537 11337 131138 10938 130739 10539 130340 10140 129941 9741 129542 9342 129143 8943 128744 8544 128345 8145 127946 7746 127547 7347 127146 6946 126745 6545 126344 6343 
Label: 3720207
[2990,89953,]
33637 153436 33236 153035 32835 152634 32434 152233 32033 151832 31632 151433 31233 151032 30832 150631 30431 150232 30032 149833 29633 149434 29234 149035 28835 148636 28436 28437 148238 28038 147839 27639 147440 27240 147041 26841 146642 26442 26443 146244 26044 26045 145846 25646 25647 25648 25649 145450 25250 25251 25252 25253 25254 25255 25256 25257 25258 25259 25260 25261 25262 25263 25264 25265 25266 25267 25268 25269 25270 25271 25272 25273 25274 25275 25276 25277 25278 25279 25280 25281 25282 145083 24883 144684 24484 144285 24085 143886 23686 23687 143488 23288 23289 23290 143091 22891 22892 22893 22894 22895 22896 22897 142698 22498 142299 22099 141900 21700 141501 21301 141102 20902 20903 140704 20504 20505 20506 140307 100308 60309 20310 140111 100112 60113 20114 139915 99916 59917 19918 139719 99720 59721 19521 19522 139323 19123 138924 18724 138525 18325 138126 17926 137727 17527 137328 17128 136929 16729 136530 16330 136131 15931 135732 15532 135333 15133 134934 14734 134533 14333 134132 13932 133731 13531 133332 13132 132931 12731 132532 12332 132133 11933 131734 11534 131335 11135 130936 10736 130537 10337 10338 10339 10340 10341 10342 10343 10344 10345 10346 130147 9947 129748 9548 129349 9149 128948 8748 128549 8349 128150 7950 127751 7551 127352 7152 126953 6753 126554 6354 126153 5953 5952 5951 46150 86149 126148 6147 46346 86345 126344 6343 
Label: 1737356
[2620,140481,]
33637 33638 33639 33640 33641 33642 33643 33644 33645 33646 33647 33648 33649 33650 33651 33652 33653 33654 33655 33656 33657 33658 33659 33660 33661 33662 33663 33664 33665 153466 33266 153067 32867 152668 32468 152269 32069 151870 31670 151469 31269 151068 30868 150669 30469 150270 30070 149871 29671 149472 29272 149073 28873 148674 28474 148275 28075 147876 27676 147477 27277 147078 26878 146679 26479 146280 26080 145881 25681 145482 25282 145083 24883 144684 24484 144285 24085 143886 23686 23687 143488 23288 23289 23290 143091 22891 22892 22893 22894 22895 22896 22897 142698 22498 142299 22099 141900 21700 141501 21301 141102 20902 20903 140704 20504 20505 20506 20507 20508 20509 140310 20110 20111 20112 20113 20114 139915 99916 59917 19717 19718 139519 19319 139120 18920 138721 18521 138322 18122 137923 17723 137524 17324 137125 16925 136726 16526 136327 16127 135928 15728 135529 15329 135130 14930 134731 14531 134332 14132 133933 13733 133534 13334 133135 12935 132736 12536 132337 12137 131938 11738 131539 11339 131140 10940 130741 10541 130342 10142 10143 129944 9744 129545 9345 129146 8946 128747 8547 128348 8148 127949 7749 127550 7350 127149 6949 126748 6548 126347 6346 6345 6344 6343 
Label: 2330687
[2700,98701,]
33637 153436 33236 153035 32835 152634 32434 152233 32033 151832 31632 151433 31233 151034 30834 150635 30435 150236 30036 149837 29637 149438 29238 149039 28839 148640 28440 148241 28041 147842 27642 147443 27243 147044 26844 146645 26445 146246 26046 145847 25647 25648 25649 145450 25250 25251 25252 25253 25254 25255 25256 25257 25258 25259 25260 25261 25262 25263 25264 25265 25266 25267 25268 25269 25270 25271 25272 25273 25274 25275 25276 25277 25278 25279 25280 25281 25282 145083 24883 144684 24484 144285 24085 143886 23686 23687 143488 23288 23289 23290 143091 22891 22892 22893 22894 22895 22896 22897 142698 22498 142299 22099 141900 21700 141501 21301 141102 20902 20903 140704 20504 20505 20506 20507 20508 20509 140310 20110 20111 20112 20113 20114 139915 99916 59917 19717 19718 139519 19319 139120 18920 138721 18521 138322 18122 137923 17723 137524 17324 137125 16925 136726 16526 136327 16127 135928 15728 135529 15329 135130 14930 134731 14531 134332 14132 133933 13733 133534 13334 133135 12935 132736 12536 132337 12137 131938 11738 131539 11339 131140 10940 130741 10541 130342 10142 10143 10144 129945 9745 129546 9346 129147 8947 128748 8548 128349 8149 127950 7750 127551 7351 127150 6950 126749 6549 126348 6347 6346 6345 6344 6343 
Label: 3285910
[2900,90106,]
33637 153436 33236 153035 32835 152634 32434 152233 32033 151832 31632 151433 31233 151032 30832 150631 30431 150232 30032 149833 29633 149434 29234 149035 28835 148636 28436 28437 148238 28038 147839 27639 147440 27240 147041 26841 146642 26442 26443 146244 26044 26045 145846 25646 25647 25648 25649 145450 25250 25251 25252 25253 25254 25255 25256 25257 25258 25259 25260 25261 25262 25263 25264 25265 25266 25267 25268 25269 25270 25271 25272 25273 25274 25275 25276 25277 25278 25279 25280 25281 25282 145083 24883 144684 24484 144285 24085 143886 23686 23687 143488 23288 23289 23290 143091 22891 22892 22893 22894 22895 22896 22897 142698 22498 142299 22099 141900 21700 141501 21301 141102 20902 20903 140704 20504 20505 20506 140307 100308 60309 20310 140111 100112 60113 20114 139915 99916 59917 19918 139719 99720 59721 19521 139322 19122 138923 18723 138524 18324 138125 17925 137726 17526 137327 17127 136928 16728 136529 16329 136130 15930 135731 15531 135332 15132 134933 14733 134532 14332 134131 13931 133732 13532 133331 13131 132932 12732 132533 12333 132134 11934 131735 11535 131336 11136 11137 130938 10738 130539 10339 10340 10341 10342 10343 10344 130145 9945 129746 9546 129347 9147 128948 8748 128549 8349 128150 7950 127751 7551 127352 7152 126953 6753 126552 6352 126151 6150 6149 6148 6147 46346 86345 126344 6343 
Label: 475976
[2500,310127,]
33637 33638 33639 33640 33641 33642 33643 33644 33645 33646 33647 33648 33649 33650 33651 33652 33653 33654 33655 33656 33657 33658 33659 33660 33661 33662 33663 153464 33264 153065 32865 152666 32466 152267 32067 151868 31668 151469 31269 151070 30870 150671 30471 150272 30072 149873 29673 149474 29274 149075 28875 148676 28476 148277 28077 147878 27678 147479 27279 147080 26880 146681 26481 146282 26082 145883 25683 145484 25284 145085 24885 144686 24486 144287 24087 143888 23688 143489 23289 23290 143091 22891 22892 22893 22894 22895 22896 22897 142698 22498 142299 22099 141900 21700 141501 21301 141102 20902 20903 140704 20504 20505 20506 20507 20508 20509 140310 20110 20111 20112 20113 20114 139915 99916 139716 19516 139317 19117 138918 18718 138519 18319 138120 17920 137721 17521 137322 17122 136923 16723 136524 16324 136125 15925 135726 15526 135327 15127 134928 14728 134529 14329 134130 13930 133731 13531 133332 13132 132933 12733 132534 12334 132135 11935 131736 11536 131337 11137 130938 10738 130539 10339 130140 9940 129741 9541 129342 9142 128943 8743 128544 8344 128145 7945 127746 7546 127345 7145 126944 6744 126543 6343 
Label: 3327008
[2910,90077,]
33637 153436 33236 153035 32835 152634 32434 152233 32033 151832 31632 151433 31233 151032 30832 150631 30431 150232 30032 149833 29633 149434 29234 149035 28835 148636 28436 28437 148238 28038 147839 27639 147440 27240 147041 26841 146642 26442 26443 146244 26044 26045 145846 25646 25647 25648 25649 145450 25250 25251 25252 25253 25254 25255 25256 25257 25258 25259 25260 25261 25262 25263 25264 25265 25266 25267 25268 25269 25270 25271 25272 25273 25274 25275 25276 25277 25278 25279 25280 25281 25282 145083 24883 144684 24484 144285 24085 143886 23686 23687 143488 23288 23289 23290 143091 22891 22892 22893 22894 22895 22896 22897 142698 22498 142299 22099 141900 21700 141501 21301 141102 20902 20903 140704 20504 20505 20506 20507 140308 100309 60310 20311 140112 100113 60114 20115 139916 99917 59918 19919 139720 19520 19521 139322 19122 138923 18723 138524 18324 138125 17925 137726 17526 137327 17127 136928 16728 136529 16329 136130 15930 135731 15531 135332 15132 134933 14733 134532 14332 134131 13931 133732 13532 133331 13131 132932 12732 132533 12333 132134 11934 131735 11535 131336 11136 11137 130938 10738 130539 10339 10340 10341 10342 10343 10344 10345 10346 130147 9947 129748 9548 129349 9149 128948 8748 128549 8349 128150 7950 127751 7551 127352 7152 126953 6753 126552 6352 126151 6150 6149 6148 6147 46346 86345 126344 6343 
Label: 1404788
[2590,154288,]
33637 33638 33639 33640 33641 33642 33643 33644 33645 33646 33647 33648 33649 33650 33651 33652 33653 33654 33655 33656 33657 33658 33659 33660 33661 33662 33663 33664 33665 153466 33266 153067 32867 152668 32468 152269 32069 151870 31670 151469 31269 151068 30868 150669 30469 150270 30070 149871 29671 149472 29272 149073 28873 148674 28474 148275 28075 147876 27676 147477 27277 147078 26878 146679 26479 146280 26080 145881 25681 145482 25282 145083 24883 144684 24484 144285 24085 143886 23686 23687 143488 23288 23289 23290 143091 22891 22892 22893 22894 22895 22896 22897 142698 22498 142299 22099 141900 21700 141501 21301 141102 20902 20903 140704 20504 20505 20506 20507 20508 20509 140310 20110 20111 20112 20113 20114 20115 139916 19716 19717 19718 139519 19319 139120 18920 138721 18521 138322 18122 137923 17723 137524 17324 137125 16925 136726 16526 136327 16127 135928 15728 135529 15329 135130 14930 134731 14531 134332 14132 133933 13733 133534 13334 133135 12935 132736 12536 132337 12137 131938 11738 131539 11339 131140 10940 130741 10541 130342 10142 129943 9743 129544 9344 129145 8945 128746 8546 128347 8147 127948 7748 127549 7349 127148 6948 126747 6547 126346 6345 6344 6343 
Label: 4399067
[3120,89051,]
33637 153436 33236 153035 32835 152634 32434 152233 32033 151832 31632 151433 31233 151032 30832 150633 30433 150234 30034 149835 29635 149436 29236 149037 28837 148638 28438 148239 28039 147840 27640 147441 27241 147042 26842 146643 26443 146244 26044 26045 145846 25646 25647 25648 25649 145450 25250 25251 25252 25253 25254 25255 25256 25257 25258 25259 25260 25261 25262 25263 25264 25265 25266 25267 25268 25269 25270 25271 25272 25273 25274 25275 25276 25277 25278 25279 25280 25281 25282 145083 24883 144684 24484 144285 24085 143886 23686 143487 23287 143088 22888 142689 22489 142290 22090 141891 21691 141492 21292 141093 20893 140694 20494 140295 20095 139896 19696 139497 19297 139096 18896 138697 18497 138296 18096 137895 17695 137496 17296 137095 16895 136696 16496 136297 16097 135896 15696 135495 15295 135094 14894 134693 14493 134292 14092 14091 133890 13889 133688 13488 133287 13087 132886 12686 132485 12285 132084 11884 131685 11485 131286 11086 130887 10687 130488 10288 130089 9889 9890 9891 9892 9893 9894 9895 9896 9897 9898 9899 9900 9901 9902 9903 9904 9905 9906 9907 9908 9909 9910 9911 9912 9913 9914 9915 9916 9917 9918 9919 9920 9921 9922 9923 9924 9925 9926 9927 9928 9929 9930 9931 9932 9933 9934 9935 9936 9937 9938 9939 9940 9941 9942 9943 9944 9945 129746 9546 129347 9147 128948 8748 128549 8349 128150 7950 127751 7551 127352 7152 126953 6753 126552 6352 126151 6150 6149 6148 6147 46346 86345 126344 6343 
Label: 2507291
[2730,95291,]
33637 153436 33236 153035 32835 152634 32434 152233 32033 151832 31632 151433 31233 151032 30832 150633 30433 150234 30034 149835 29635 149436 29236 149037 28837 148638 28438 148239 28039 147840 27640 147441 27241 147042 26842 146643 26443 146244 26044 26045 145846 25646 25647 25648 25649 145450 25250 25251 25252 25253 25254 25255 25256 25257 25258 25259 25260 25261 25262 25263 25264 25265 25266 25267 25268 25269 25270 25271 25272 25273 25274 25275 25276 25277 25278 25279 25280 25281 25282 145083 24883 144684 24484 144285 24085 143886 23686 23687 143488 23288 23289 23290 143091 22891 22892 22893 22894 22895 22896 22897 142698 22498 142299 22099 141900 21700 141501 21301 141102 20902 20903 140704 20504 20505 20506 20507 20508 20509 140310 20110 20111 20112 20113 20114 20115 139916 19716 19717 19718 139519 19319 139120 18920 138721 18521 138322 18122 137923 17723 137524 17324 137125 16925 136726 16526 136327 16127 135928 15728 135529 15329 135130 14930 134731 14531 134332 14132 133933 13733 133534 13334 133135 12935 132736 12536 132337 12137 131938 11738 131539 11339 131140 10940 130741 10541 130342 10142 10143 10144 129945 9745 129546 9346 129147 8947 128748 8548 128349 8149 127950 7750 127551 7351 127152 6952 126751 6551 126350 6349 6348 6347 6346 6345 6344 6343 
Label: 308037
[2480,369329,]
33637 33638 33639 33640 33641 33642 33643 33644 33645 33646 33647 33648 33649 33650 33651 33652 33653 33654 33655 33656 33657 33658 33659 33660 33661 33662 33663 153464 33264 153065 32865 152666 32466 152267 32067 151868 31668 151469 31269 151070 30870 150671 30471 150272 30072 149873 29673 149474 29274 149075 28875 148676 28476 148277 28077 147878 27678 147479 27279 147080 26880 146681 26481 146282 26082 145883 25683 145484 25284 145085 24885 144686 24486 144287 24087 143888 23688 143489 23289 23290 143091 22891 22892 22893 22894 22895 22896 22897 142698 22498 142299 22099 141900 21700 141501 21301 141102 20902 20903 140704 20504 20505 20506 20507 20508 140309 100310 60311 20312 140113 19913 139714 19514 139315 19115 138916 18716 138517 18317 138118 17918 137719 17519 137320 17120 136921 16721 136522 16322 136123 15923 135724 15524 135325 15125 134926 14726 134527 14327 134128 13928 133729 13529 133330 13130 132931 12731 132532 12332 132133 11933 131734 11534 131335 11135 130936 10736 130537 10337 130138 9938 129739 9539 129340 9140 128941 8741 128542 8342 128143 7943 127744 7544 127345 7145 126944 6744 126543 6343 
Label: 550988
[2510,253956,]
33637 33638 33639 33640 33641 33642 33643 33644 33645 33646 33647 33648 33649 33650 33651 33652 33653 33654 33655 33656 33657 33658 33659 33660 33661 33662 33663 153464 33264 153065 32865 152666 32466 152267 32067 151868 31668 151469 31269 151070 30870 150671 30471 150272 30072 149873 29673 149474 29274 149075 28875 148676 28476 148277 28077 147878 27678 147479 27279 147080 26880 146681 26481 146282 26082 145883 25683 145484 25284 145085 24885 144686 24486 144287 24087 143888 23688 143489 23289 23290 143091 22891 22892 22893 22894 22895 22896 22897 142698 22498 142299 22099 141900 21700 141501 21301 141102 20902 20903 140704 20504 20505 20506 20507 20508 20509 140310 20110 20111 20112 20113 20114 20115 139916 19716 139517 19317 139118 18918 138719 18519 138320 18120 137921 17721 137522 17322 137123 16923 136724 16524 136325 16125 135926 15726 135527 15327 135128 14928 134729 14529 134330 14130 133931 13731 133532 13332 133133 12933 132734 12534 132335 12135 131936 11736 131537 11337 131138 10938 130739 10539 130340 10140 129941 9741 129542 9342 129143 8943 128744 8544 128345 8145 127946 7746 127547 7347 127146 6946 126745 6545 126344 6343 
Label: 3884016
[3020,89947,]
33637 153436 33236 153035 32835 152634 32434 152233 32033 151832 31632 151433 31233 151032 30832 150631 30431 150232 30032 149833 29633 149434 29234 149035 28835 148636 28436 28437 148238 28038 147839 27639 147440 27240 147041 26841 146642 26442 26443 146244 26044 26045 145846 25646 25647 25648 25649 145450 25250 25251 25252 25253 25254 25255 25256 25257 25258 25259 25260 25261 25262 25263 25264 25265 25266 25267 25268 25269 25270 25271 25272 25273 25274 25275 25276 25277 25278 25279 25280 25281 25282 145083 24883 144684 24484 144285 24085 143886 23686 23687 143488 23288 23289 23290 143091 22891 22892 22893 22894 22895 22896 22897 142698 22498 142299 22099 141900 21700 141501 21301 141102 20902 20903 140704 20504 20505 20506 140307 100308 60309 20310 140111 100112 60113 20114 139915 99916 59917 19918 139719 99720 59721 19722 139523 19323 139124 18924 138725 18525 138326 18126 137927 17727 137528 17328 137129 16929 136730 16530 136331 16131 135932 15732 135533 15333 135134 14934 134733 14533 134332 14132 133931 13731 133532 13332 133131 12931 132732 12532 132333 12133 131934 11734 131535 11335 131136 10936 130737 10537 10538 10539 10540 10541 130342 10142 10143 10144 10145 10146 129947 89948 129748 9548 129349 9149 128948 8748 128549 8349 128150 7950 127751 7551 127352 7152 126953 6753 126554 6354 126155 5955 5954 5953 5952 5951 46150 86149 126148 6147 46346 86345 126344 6343 
Label: 1175621
[2570,169844,]
33637 33638 33639 33640 33641 33642 33643 33644 33645 33646 33647 33648 33649 33650 33651 33652 33653 33654 33655 33656 33657 33658 33659 33660 33661 33662 33663 33664 153465 33265 153066 32866 152667 32467 152268 32068 151869 31669 151470 31270 151069 30869 150670 30470 150271 30071 149872 29672 149473 29273 149074 28874 148675 28475 148276 28076 147877 27677 147478 27278 147079 26879 146680 26480 146281 26081 145882 25682 145483 25283 145084 24884 144685 24485 144286 24086 143887 23687 143488 23288 23289 23290 143091 22891 22892 22893 22894 22895 22896 22897 142698 22498 142299 22099 141900 21700 141501 21301 141102 20902 20903 140704 20504 20505 20506 20507 20508 20509 140310 20110 20111 20112 20113 20114 20115 139916 19716 19717 19718 139519 19319 139120 18920 138721 18521 138322 18122 137923 17723 137524 17324 137125 16925 136726 16526 136327 16127 135928 15728 135529 15329 135130 14930 134731 14531 134332 14132 133933 13733 133534 13334 133135 12935 132736 12536 132337 12137 131938 11738 131539 11339 131140 10940 130741 10541 130342 10142 129943 9743 129544 9344 129145 8945 128746 8546 128347 8147 127948 7748 127549 7349 127148 6948 126747 6547 126346 6345 6344 6343 
Label: 219984
[2470,458845,]
33637 33638 33639 33640 33641 33642 33643 33644 33645 33646 33647 33648 33649 33650 33651 33652 33653 33654 33655 33656 33657 33658 33659 33660 33661 33662 33663 153464 33264 153065 32865 152666 32466 152267 32067 151868 31668 151469 31269 151070 30870 150671 30471 150272 30072 149873 29673 149474 29274 149075 28875 148676 28476 148277 28077 147878 27678 147479 27279 147080 26880 146681 26481 146282 26082 145883 25683 145484 25284 145085 24885 144686 24486 144287 24087 143888 23688 143489 23289 23290 143091 22891 22892 22893 22894 22895 22896 22897 142698 22498 142299 22099 141900 21700 141501 21301 141102 20902 20903 140704 20504 20505 20506 20507 20508 20509 140310 20110 20111 139912 19712 139513 19313 139114 18914 138715 18515 138316 18116 137917 17717 137518 17318 137119 16919 136720 16520 136321 16121 135922 15722 135523 15323 135124 14924 134725 14525 134326 14126 133927 13727 133528 13328 133129 12929 132730 12530 132331 12131 131932 11732 131533 11333 131134 10934 130735 10535 130336 10136 129937 9737 129538 9338 129139 8939 128740 8540 128341 8141 127942 7742 127543 7343 127144 6944 126745 6545 126344 6343 
Label: 2071460
[2660,112468,]
33637 153436 33236 153035 32835 152634 32434 152233 32033 151834 31634 151435 31235 151036 30836 150637 30437 150238 30038 149839 29639 149440 29240 149041 28841 148642 28442 148243 28043 147844 27644 147445 27245 147046 26846 146647 26447 146248 26048 145849 25649 145450 25250 25251 25252 25253 25254 25255 25256 25257 25258 25259 25260 25261 25262 25263 25264 25265 25266 25267 25268 25269 25270 25271 25272 25273 25274 25275 25276 25277 25278 25279 25280 25281 25282 145083 24883 144684 24484 144285 24085 143886 23686 23687 143488 23288 23289 23290 143091 22891 22892 22893 22894 22895 22896 22897 142698 22498 142299 22099 141900 21700 141501 21301 141102 20902 20903 140704 20504 20505 20506 20507 20508 20509 140310 20110 20111 20112 20113 20114 139915 99916 59917 19717 19718 139519 19319 139120 18920 138721 18521 138322 18122 137923 17723 137524 17324 137125 16925 136726 16526 136327 16127 135928 15728 135529 15329 135130 14930 134731 14531 134332 14132 133933 13733 133534 13334 133135 12935 132736 12536 132337 12137 131938 11738 131539 11339 131140 10940 130741 10541 130342 10142 10143 129944 9744 129545 9345 129146 8946 128747 8547 128348 8148 127949 7749 127550 7350 127149 6949 126748 6548 126347 6346 6345 6344 6343 
Label: 3242212
[2890,90117,]
33637 153436 33236 153035 32835 152634 32434 152233 32033 151832 31632 151433 31233 151032 30832 150631 30431 150232 30032 149833 29633 149434 29234 149035 28835 148636 28436 28437 148238 28038 147839 27639 147440 27240 147041 26841 146642 26442 26443 146244 26044 26045 145846 25646 25647 25648 25649 145450 25250 25251 25252 25253 25254 25255 25256 25257 25258 25259 25260 25261 25262 25263 25264 25265 25266 25267 25268 25269 25270 25271 25272 25273 25274 25275 25276 25277 25278 25279 25280 25281 25282 145083 24883 144684 24484 144285 24085 143886 23686 23687 143488 23288 23289 23290 143091 22891 22892 22893 22894 22895 22896 22897 142698 22498 142299 22099 141900 21700 141501 21301 141102 20902 20903 140704 20504 20505 20506 20507 140308 100309 60310 20311 140112 100113 60114 20115 139916 99917 59918 19919 139720 19520 139321 19121 138922 18722 138523 18323 138124 17924 137725 17525 137326 17126 136927 16727 136528 16328 136129 15929 135730 15530 135331 15131 134932 14732 134533 14333 134132 13932 133731 13531 133332 13132 132933 12733 132534 12334 132135 11935 131736 11536 131337 11137 130938 10738 130539 10339 10340 10341 10342 10343 10344 10345 10346 130147 9947 129748 9548 129349 9149 128948 8748 128549 8349 128150 7950 127751 7551 127352 7152 126953 6753 126552 6352 126151 6150 6149 6148 6147 46346 86345 126344 6343 
Label: 860028
[2540,222393,]
33637 33638 33639 33640 33641 33642 33643 33644 33645 33646 33647 33648 33649 33650 33651 33652 33653 33654 33655 33656 33657 33658 33659 33660 33661 33662 33663 153464 33264 153065 32865 152666 32466 152267 32067 151868 31668 151469 31269 151070 30870 150671 30471 150272 30072 149873 29673 149474 29274 149075 28875 148676 28476 148277 28077 147878 27678 147479 27279 147080 26880 146681 26481 146282 26082 145883 25683 145484 25284 145085 24885 144686 24486 144287 24087 143888 23688 143489 23289 23290 143091 22891 22892 22893 22894 22895 22896 22897 142698 22498 142299 22099 141900 21700 141501 21301 141102 20902 20903 140704 20504 20505 20506 20507 20508 20509 140310 20110 20111 20112 20113 20114 139915 99916 59917 19717 139518 19318 139119 18919 138720 18520 138321 18121 137922 17722 137523 17323 137124 16924 136725 16525 136326 16126 135927 15727 135528 15328 135129 14929 134730 14530 134331 14131 133932 13732 133533 13333 133134 12934 132735 12535 132336 12136 131937 11737 131538 11338 131139 10939 130740 10540 130341 10141 129942 9742 129543 9343 129144 8944 128745 8545 128346 8146 127947 7747 127548 7348 127147 6947 126746 6546 126345 6344 6343 
Label: 4592748
[3160,87646,]
33637 153436 33236 153035 32835 152634 32434 152233 32033 151832 31632 151433 31233 151032 30832 150633 30433 150234 30034 149835 29635 149436 29236 149037 28837 148638 28438 148239 28039 147840 27640 147441 27241 147042 26842 146643 26443 146244 26044 26045 145846 25646 25647 25648 25649 145450 25250 25251 25252 25253 25254 25255 25256 25257 25258 25259 25260 25261 25262 25263 25264 25265 25266 25267 25268 25269 25270 25271 25272 25273 25274 25275 25276 25277 25278 25279 25280 25281 25282 145083 24883 144684 24484 144285 24085 143886 23686 23687 143488 23288 23289 23290 143091 22891 22892 22893 22894 22895 22896 22897 142698 22498 142299 22099 141900 21700 141501 21301 141102 20902 20903 140704 20504 20505 20506 20507 20508 20509 140310 20110 20111 20112 20113 20114 20115 139916 19716 19717 19718 19719 19720 19721 139522 19322 139123 18923 138724 18524 138325 18125 137926 17726 137527 17327 137128 16928 136729 16529 16530 16531 16532 16533 16534 16535 16536 16537 16538 16539 16540 16541 16542 16543 16544 16545 16546 16547 16548 136349 16149 16150 16151 16152 16153 135954 15754 135555 15355 135156 14956 134757 14557 134358 14158 133959 13759 133560 13360 133161 12961 132762 12562 132361 12161 131962 11762 131563 11363 131164 10964 130765 10565 130366 10166 129967 9767 129568 9368 129169 8969 128770 8570 128371 8171 127970 7770 127569 7369 127168 6968 126767 6567 6566 126365 6364 126163 6162 6161 6160 6159 6158 6157 6156 6155 6154 6153 6152 6151 6150 6149 6148 6147 46346 86345 126344 6343 
Label: 2209271
[2680,105306,]
33637 153436 33236 153035 32835 152634 32434 152233 32033 151834 31634 151435 31235 151036 30836 150637 30437 150238 30038 149839 29639 149440 29240 149041 28841 148642 28442 148243 28043 147844 27644 147445 27245 147046 26846 146647 26447 146248 26048 145849 25649 145450 25250 25251 25252 25253 25254 25255 25256 25257 25258 25259 25260 25261 25262 25263 25264 25265 25266 25267 25268 25269 25270 25271 25272 25273 25274 25275 25276 25277 25278 25279 25280 25281 25282 145083 24883 144684 24484 144285 24085 143886 23686 23687 143488 23288 23289 23290 143091 22891 22892 22893 22894 22895 22896 22897 142698 22498 142299 22099 141900 21700 141501 21301 141102 20902 20903 140704 20504 20505 20506 20507 20508 20509 140310 20110 20111 20112 20113 20114 139915 99916 59917 19717 19718 139519 19319 139120 18920 138721 18521 138322 18122 137923 17723 137524 17324 137125 16925 136726 16526 136327 16127 135928 15728 135529 15329 135130 14930 134731 14531 134332 14132 133933 13733 133534 13334 133135 12935 132736 12536 132337 12137 131938 11738 131539 11339 131140 10940 130741 10541 130342 10142 10143 10144 129945 9745 129546 9346 129147 8947 128748 8548 128349 8149 127950 7750 127551 7351 127150 6950 126749 6549 126348 6347 6346 6345 6344 6343 
Label: 1633514
[2610,140723,]
33637 33638 33639 33640 33641 33642 33643 33644 33645 33646 33647 33648 33649 33650 33651 33652 33653 33654 33655 33656 33657 33658 33659 33660 33661 33662 33663 33664 33665 153466 33266 153067 32867 152668 32468 152269 32069 151870 31670 151469 31269 151068 30868 150669 30469 150270 30070 149871 29671 149472 29272 149073 28873 148674 28474 148275 28075 147876 27676 147477 27277 147078 26878 146679 26479 146280 26080 145881 25681 145482 25282 145083 24883 144684 24484 144285 24085 143886 23686 23687 143488 23288 23289 23290 143091 22891 22892 22893 22894 22895 22896 22897 142698 22498 142299 22099 141900 21700 141501 21301 141102 20902 20903 140704 20504 20505 20506 20507 20508 20509 140310 20110 20111 20112 20113 20114 20115 139916 19716 19717 19718 139519 19319 139120 18920 138721 18521 138322 18122 137923 17723 137524 17324 137125 16925 136726 16526 136327 16127 135928 15728 135529 15329 135130 14930 134731 14531 134332 14132 133933 13733 133534 13334 133135 12935 132736 12536 132337 12137 131938 11738 131539 11339 131140 10940 130741 10541 130342 10142 10143 129944 9744 129545 9345 129146 8946 128747 8547 128348 8148 127949 7749 127550 7350 127149 6949 126748 6548 126347 6346 6345 6344 6343 
Label: 3468237
[2940,90014,]
33637 153436 33236 153035 32835 152634 32434 152233 32033 151832 31632 151433 31233 151032 30832 150631 30431 150232 30032 149833 29633 149434 29234 149035 28835 148636 28436 28437 148238 28038 147839 27639 147440 27240 147041 26841 146642 26442 26443 146244 26044 26045 145846 25646 25647 25648 25649 145450 25250 25251 25252 25253 25254 25255 25256 25257 25258 25259 25260 25261 25262 25263 25264 25265 25266 25267 25268 25269 25270 25271 25272 25273 25274 25275 25276 25277 25278 25279 25280 25281 25282 145083 24883 144684 24484 144285 24085 143886 23686 23687 143488 23288 23289 23290 143091 22891 22892 22893 22894 22895 22896 22897 142698 22498 142299 22099 141900 21700 141501 21301 141102 20902 20903 140704 20504 20505 20506 20507 140308 100309 60310 20311 140112 100113 60114 20115 139916 99917 59918 19919 139720 19520 139321 19121 138922 18722 138523 18323 138124 17924 137725 17525 137326 17126 136927 16727 136528 16328 136129 15929 135730 15530 135331 15131 134932 14732 134533 14333 134132 13932 133731 13531 133332 13132 132933 12733 132534 12334 132135 11935 131736 11536 131337 11137 130938 10738 130539 10339 10340 10341 10342 10343 10344 10345 10346 130147 9947 129748 9548 129349 9149 128948 8748 128549 8349 128150 7950 127751 7551 127352 7152 126953 6753 126554 6354 126153 5953 5952 5951 46150 86149 126148 6147 46346 86345 126344 6343 
Label: 4449435
[3130,88856,]
33637 153436 33236 153035 32835 152634 32434 152233 32033 151832 31632 151433 31233 151034 30834 150635 30435 150236 30036 149837 29637 149438 29238 149039 28839 148640 28440 148241 28041 147842 27642 147443 27243 147044 26844 146645 26445 146246 26046 145847 25647 25648 25649 145450 25250 25251 25252 25253 25254 25255 25256 25257 25258 25259 25260 25261 25262 25263 25264 25265 25266 25267 25268 25269 25270 25271 25272 25273 25274 25275 25276 25277 25278 25279 25280 25281 25282 145083 24883 144684 24484 144285 24085 143886 23686 23687 143488 23288 23289 23290 143091 22891 22892 22893 22894 22895 22896 22897 142698 22498 142299 22099 141900 21700 141501 21301 141102 20902 20903 140704 20504 20505 20506 20507 20508 20509 140310 20110 20111 20112 20113 139914 99915 59916 19917 139718 19518 139319 19119 138920 18720 138521 18321 138122 17922 137723 17523 137324 17124 136925 16725 136526 16326 136127 15927 135728 15528 135329 15129 134930 14730 134531 14331 134132 13932 133733 13533 133334 13134 132935 12735 132536 12336 132137 11937 131738 11538 131339 11139 130940 10740 10741 10742 10743 10744 10745 10746 10747 10748 10749 10750 10751 10752 10753 10754 10755 10756 10757 10758 10759 10760 10761 10762 10763 130564 10364 10365 130166 9966 129767 9567 129368 9168 128969 8769 128570 8370 128171 7971 127770 7570 127369 7169 126968 6768 126567 6566 126365 6364 126163 6162 6161 6160 6159 6158 6157 6156 6155 6154 6153 6152 6151 6150 6149 6148 6147 46346 86345 126344 6343 
Label: 2676898
[2760,92791,]
33637 153436 33236 153035 32835 152634 32434 152233 32033 151832 31632 151433 31233 151032 30832 150633 30433 150234 30034 149835 29635 149436 29236 149037 28837 148638 28438 148239 28039 147840 27640 147441 27241 147042 26842 146643 26443 146244 26044 26045 145846 25646 25647 25648 25649 145450 25250 25251 25252 25253 25254 25255 25256 25257 25258 25259 25260 25261 25262 25263 25264 25265 25266 25267 25268 25269 25270 25271 25272 25273 25274 25275 25276 25277 25278 25279 25280 25281 25282 145083 24883 144684 24484 144285 24085 143886 23686 23687 143488 23288 23289 23290 143091 22891 22892 22893 22894 22895 22896 22897 142698 22498 142299 22099 141900 21700 141501 21301 141102 20902 20903 140704 20504 20505 20506 20507 20508 20509 140310 20110 20111 20112 20113 20114 20115 139916 19716 19717 19718 139519 19319 139120 18920 138721 18521 138322 18122 137923 17723 137524 17324 137125 16925 136726 16526 136327 16127 135928 15728 135529 15329 135130 14930 134731 14531 134332 14132 133933 13733 133534 13334 133135 12935 132736 12536 132337 12137 131938 11738 131539 11339 131140 10940 130741 10541 130342 10142 10143 10144 129945 9745 129546 9346 129147 8947 128748 8548 128349 8149 127950 7750 127551 7351 127152 6952 126751 6551 126350 6349 126148 6147 46346 86345 126344 6343 
Label: 1915503
[2640,126033,]
33637 153436 33236 153035 32835 152634 32434 152233 32033 151834 31634 151435 31235 151036 30836 150637 30437 150238 30038 149839 29639 149440 29240 149041 28841 148642 28442 148243 28043 147844 27644 147445 27245 147046 26846 146647 26447 146248 26048 145849 25649 145450 25250 25251 25252 25253 25254 25255 25256 25257 25258 25259 25260 25261 25262 25263 25264 25265 25266 25267 25268 25269 25270 25271 25272 25273 25274 25275 25276 25277 25278 25279 25280 25281 25282 145083 24883 144684 24484 144285 24085 143886 23686 23687 143488 23288 23289 23290 143091 22891 22892 22893 22894 22895 22896 22897 142698 22498 142299 22099 141900 21700 141501 21301 141102 20902 20903 140704 20504 20505 20506 20507 20508 20509 140310 20110 20111 20112 20113 20114 139915 99916 59917 19717 19718 139519 19319 139120 18920 138721 18521 138322 18122 137923 17723 137524 17324 137125 16925 136726 16526 136327 16127 135928 15728 135529 15329 135130 14930 134731 14531 134332 14132 133933 13733 133534 13334 133135 12935 132736 12536 132337 12137 131938 11738 131539 11339 131140 10940 130741 10541 130342 10142 129943 9743 129544 9344 129145 8945 128746 8546 128347 8147 127948 7748 127549 7349 127148 6948 126747 6547 126346 6345 6344 6343 
Label: 99188
[2450,587438,]
33637 33638 33639 33640 33641 33642 33643 33644 33645 33646 33647 33648 33649 33650 33651 33652 33653 33654 33655 33656 33657 33658 33659 33660 33661 33662 153463 33263 153064 32864 152665 32465 152266 32066 151867 31667 151468 31268 151069 30869 150670 30470 150271 30071 149872 29672 149473 29273 149074 28874 148675 28475 148276 28076 147877 27677 147478 27278 147079 26879 146680 26480 146281 26081 145882 25682 145483 25283 145084 24884 144685 24485 144286 24086 143887 23687 143488 23288 143089 22889 142690 22490 142291 22091 141892 21692 141493 21293 141094 20894 140695 20495 140296 20096 139897 19697 139498 19298 139099 18899 138700 18500 138301 18101 137902 17702 137503 17303 137104 16904 16905 16906 16907 16908 16909 16910 16911 16912 16913 16914 16915 16916 16917 136718 16518 136319 16119 135920 15720 135521 15321 135122 14922 134723 14523 134324 14124 133925 13725 133526 13326 133127 12927 132728 12528 132329 12129 131930 11730 131531 11530 131331 11131 130932 10732 130533 10333 130134 9934 129735 9535 129336 9136 128937 8737 128538 8338 128139 7939 127740 7540 127341 7141 126942 6742 126543 6343 
Label: 2448751
[2720,95947,]
33637 153436 33236 153035 32835 152634 32434 152233 32033 151832 31632 151433 31233 151034 30834 150635 30435 150236 30036 149837 29637 149438 29238 149039 28839 148640 28440 148241 28041 147842 27642 147443 27243 147044 26844 146645 26445 146246 26046 145847 25647 25648 25649 145450 25250 25251 25252 25253 25254 25255 25256 25257 25258 25259 25260 25261 25262 25263 25264 25265 25266 25267 25268 25269 25270 25271 25272 25273 25274 25275 25276 25277 25278 25279 25280 25281 25282 145083 24883 144684 24484 144285 24085 143886 23686 23687 143488 23288 23289 23290 143091 22891 22892 22893 22894 22895 22896 22897 142698 22498 142299 22099 141900 21700 141501 21301 141102 20902 20903 140704 20504 20505 20506 20507 20508 20509 140310 20110 20111 20112 20113 20114 139915 99916 59917 19717 19718 139519 19319 139120 18920 138721 18521 138322 18122 137923 17723 137524 17324 137125 16925 136726 16526 136327 16127 135928 15728 135529 15329 135130 14930 134731 14531 134332 14132 133933 13733 133534 13334 133135 12935 132736 12536 132337 12137 131938 11738 131539 11339 131140 10940 130741 10541 130342 10142 10143 10144 129945 9745 129546 9346 129147 8947 128748 8548 128349 8149 127950 7750 127551 7351 127152 6952 126751 6551 126350 6349 6348 6347 6346 6345 6344 6343 
Label: 3568084
[2960,89974,]
33637 153436 33236 153035 32835 152634 32434 152233 32033 151832 31632 151433 31233 151032 30832 150631 30431 150232 30032 149833 29633 149434 29234 149035 28835 148636 28436 28437 148238 28038 147839 27639 147440 27240 147041 26841 146642 26442 26443 146244 26044 26045 145846 25646 25647 25648 25649 145450 25250 25251 25252 25253 25254 25255 25256 25257 25258 25259 25260 25261 25262 25263 25264 25265 25266 25267 25268 25269 25270 25271 25272 25273 25274 25275 25276 25277 25278 25279 25280 25281 25282 145083 24883 144684 24484 144285 24085 143886 23686 23687 143488 23288 23289 23290 143091 22891 22892 22893 22894 22895 22896 22897 142698 22498 142299 22099 141900 21700 141501 21301 141102 20902 20903 140704 20504 20505 20506 20507 140308 100309 60310 20311 140112 100113 60114 20115 139916 99917 59918 19919 139720 19520 19521 139322 19122 138923 18723 138524 18324 138125 17925 137726 17526 137327 17127 136928 16728 136529 16329 136130 15930 135731 15531 135332 15132 134933 14733 134532 14332 134131 13931 133732 13532 133331 13131 132932 12732 132533 12333 132134 11934 131735 11535 131336 11136 11137 130938 10738 130539 10339 10340 10341 10342 10343 10344 10345 10346 130147 9947 129748 9548 129349 9149 128948 8748 128549 8349 128150 7950 127751 7551 127352 7152 126953 6753 126554 6354 126153 5953 5952 5951 46150 86149 126148 6147 46346 86345 126344 6343 
Label: 1537093
[2600,154046,]
33637 33638 33639 33640 33641 33642 33643 33644 33645 33646 33647 33648 33649 33650 33651 33652 33653 33654 33655 33656 33657 33658 33659 33660 33661 33662 33663 33664 33665 153466 33266 153067 32867 152668 32468 152269 32069 151870 31670 151469 31269 151068 30868 150669 30469 150270 30070 149871 29671 149472 29272 149073 28873 148674 28474 148275 28075 147876 27676 147477 27277 147078 26878 146679 26479 146280 26080 145881 25681 145482 25282 145083 24883 144684 24484 144285 24085 143886 23686 23687 143488 23288 23289 23290 143091 22891 22892 22893 22894 22895 22896 22897 142698 22498 142299 22099 141900 21700 141501 21301 141102 20902 20903 140704 20504 20505 20506 20507 20508 20509 140310 20110 20111 20112 20113 20114 139915 99916 59917 19717 19718 139519 19319 139120 18920 138721 18521 138322 18122 137923 17723 137524 17324 137125 16925 136726 16526 136327 16127 135928 15728 135529 15329 135130 14930 134731 14531 134332 14132 133933 13733 133534 13334 133135 12935 132736 12536 132337 12137 131938 11738 131539 11339 131140 10940 130741 10541 130342 10142 129943 9743 129544 9344 129145 8945 128746 8546 128347 8147 127948 7748 127549 7349 127148 6948 126747 6547 126346 6345 6344 6343 
Label: 1306461
[2580,169602,]
33637 33638 33639 33640 33641 33642 33643 33644 33645 33646 33647 33648 33649 33650 33651 33652 33653 33654 33655 33656 33657 33658 33659 33660 33661 33662 33663 33664 153465 33265 153066 32866 152667 32467 152268 32068 151869 31669 151470 31270 151069 30869 150670 30470 150271 30071 149872 29672 149473 29273 149074 28874 148675 28475 148276 28076 147877 27677 147478 27278 147079 26879 146680 26480 146281 26081 145882 25682 145483 25283 145084 24884 144685 24485 144286 24086 143887 23687 143488 23288 23289 23290 143091 22891 22892 22893 22894 22895 22896 22897 142698 22498 142299 22099 141900 21700 141501 21301 141102 20902 20903 140704 20504 20505 20506 20507 20508 20509 140310 20110 20111 20112 20113 20114 139915 99916 59917 19717 19718 139519 19319 139120 18920 138721 18521 138322 18122 137923 17723 137524 17324 137125 16925 136726 16526 136327 16127 135928 15728 135529 15329 135130 14930 134731 14531 134332 14132 133933 13733 133534 13334 133135 12935 132736 12536 132337 12137 131938 11738 131539 11339 131140 10940 130741 10541 130342 10142 129943 9743 129544 9344 129145 8945 128746 8546 128347 8147 127948 7748 127549 7349 127148 6948 126747 6547 126346 6345 6344 6343 
Label: 1989332
[2650,112710,]
33637 153436 33236 153035 32835 152634 32434 152233 32033 151834 31634 151435 31235 151036 30836 150637 30437 150238 30038 149839 29639 149440 29240 149041 28841 148642 28442 148243 28043 147844 27644 147445 27245 147046 26846 146647 26447 146248 26048 145849 25649 145450 25250 25251 25252 25253 25254 25255 25256 25257 25258 25259 25260 25261 25262 25263 25264 25265 25266 25267 25268 25269 25270 25271 25272 25273 25274 25275 25276 25277 25278 25279 25280 25281 25282 145083 24883 144684 24484 144285 24085 143886 23686 23687 143488 23288 23289 23290 143091 22891 22892 22893 22894 22895 22896 22897 142698 22498 142299 22099 141900 21700 141501 21301 141102 20902 20903 140704 20504 20505 20506 20507 20508 20509 140310 20110 20111 20112 20113 20114 20115 139916 19716 19717 19718 139519 19319 139120 18920 138721 18521 138322 18122 137923 17723 137524 17324 137125 16925 136726 16526 136327 16127 135928 15728 135529 15329 135130 14930 134731 14531 134332 14132 133933 13733 133534 13334 133135 12935 132736 12536 132337 12137 131938 11738 131539 11339 131140 10940 130741 10541 130342 10142 10143 129944 9744 129545 9345 129146 8946 128747 8547 128348 8148 127949 7749 127550 7350 127149 6949 126748 6548 126347 6346 6345 6344 6343 
Label: 4496947
[3140,88358,]
33637 153436 33236 153035 32835 152634 32434 152233 32033 151832 31632 151433 31233 151032 30832 150633 30433 150234 30034 149835 29635 149436 29236 149037 28837 148638 28438 148239 28039 147840 27640 147441 27241 147042 26842 146643 26443 146244 26044 26045 145846 25646 25647 25648 25649 145450 25250 25251 25252 25253 25254 25255 25256 25257 25258 25259 25260 25261 25262 25263 25264 25265 25266 25267 25268 25269 25270 25271 25272 25273 25274 25275 25276 25277 25278 25279 25280 25281 25282 145083 24883 144684 24484 144285 24085 143886 23686 23687 143488 23288 23289 23290 143091 22891 22892 22893 22894 22895 22896 22897 142698 22498 142299 22099 141900 21700 141501 21301 141102 20902 20903 140704 20504 20505 20506 20507 20508 20509 140310 20110 20111 20112 20113 20114 20115 139916 19716 19717 19718 139519 19319 139120 18920 138721 18521 138322 18122 137923 17723 137524 17324 137125 16925 136726 16526 136327 16127 135928 15728 135529 15329 135130 14930 134731 14531 134332 14132 133933 13733 133534 13334 133135 12935 132736 12536 132337 12137 131938 11738 131539 11339 131140 10940 130741 10541 10542 10543 10544 10545 10546 10547 10548 10549 10550 10551 10552 10553 10554 10555 10556 10557 10558 10559 10560 10561 10562 10563 10564 130365 10165 10166 129967 9767 129568 9368 129169 8969 128770 8570 128371 8171 127970 7770 127569 7369 127168 6968 126767 6567 6566 126365 6364 126163 6162 6161 6160 6159 6158 6157 6156 6155 6154 6153 6152 6151 6150 6149 6148 6147 46346 86345 126344 6343 
Label: 4544942
[3150,87958,]
33637 153436 33236 153035 32835 152634 32434 152233 32033 151832 31632 151433 31233 151032 30832 150633 30433 150234 30034 149835 29635 149436 29236 149037 28837 148638 28438 148239 28039 147840 27640 147441 27241 147042 26842 146643 26443 146244 26044 26045 145846 25646 25647 25648 25649 145450 25250 25251 25252 25253 25254 25255 25256 25257 25258 25259 25260 25261 25262 25263 25264 25265 25266 25267 25268 25269 25270 25271 25272 25273 25274 25275 25276 25277 25278 25279 25280 25281 25282 145083 24883 144684 24484 144285 24085 143886 23686 23687 143488 23288 23289 23290 143091 22891 22892 22893 22894 22895 22896 22897 142698 22498 142299 22099 141900 21700 141501 21301 141102 20902 20903 140704 20504 20505 20506 20507 20508 20509 140310 20110 20111 20112 20113 139914 99915 59916 19917 139718 19518 139319 19119 138920 18720 138521 18321 138122 17922 137723 17523 137324 17124 136925 16725 136526 16326 136127 15927 135728 15528 135329 15129 134930 14730 134531 14331 134132 13932 133733 13533 133334 13134 132935 12735 132536 12336 132137 11937 131738 11538 131339 11139 130940 10740 10741 10742 10743 10744 10745 10746 10747 10748 10749 10750 10751 10752 10753 10754 10755 10756 10757 10758 10759 10760 10761 10762 10763 130564 10364 10365 130166 9966 129767 9567 129368 9168 128969 8769 128570 8370 128171 7971 127770 7570 127369 7169 126968 6768 126567 6566 126365 6364 126163 6162 6161 6160 6159 6158 6157 6156 6155 6154 6153 6152 6151 6150 6149 6148 6147 46346 86345 126344 6343 
Label: 2136818
[2670,105548,]
33637 153436 33236 153035 32835 152634 32434 152233 32033 151834 31634 151435 31235 151036 30836 150637 30437 150238 30038 149839 29639 149440 29240 149041 28841 148642 28442 148243 28043 147844 27644 147445 27245 147046 26846 146647 26447 146248 26048 145849 25649 145450 25250 25251 25252 25253 25254 25255 25256 25257 25258 25259 25260 25261 25262 25263 25264 25265 25266 25267 25268 25269 25270 25271 25272 25273 25274 25275 25276 25277 25278 25279 25280 25281 25282 145083 24883 144684 24484 144285 24085 143886 23686 23687 143488 23288 23289 23290 143091 22891 22892 22893 22894 22895 22896 22897 142698 22498 142299 22099 141900 21700 141501 21301 141102 20902 20903 140704 20504 20505 20506 20507 20508 20509 140310 20110 20111 20112 20113 20114 20115 139916 19716 19717 19718 139519 19319 139120 18920 138721 18521 138322 18122 137923 17723 137524 17324 137125 16925 136726 16526 136327 16127 135928 15728 135529 15329 135130 14930 134731 14531 134332 14132 133933 13733 133534 13334 133135 12935 132736 12536 132337 12137 131938 11738 131539 11339 131140 10940 130741 10541 130342 10142 10143 10144 129945 9745 129546 9346 129147 8947 128748 8548 128349 8149 127950 7750 127551 7351 127150 6950 126749 6549 126348 6347 6346 6345 6344 6343 
Label: 741342
[2530,222635,]
33637 33638 33639 33640 33641 33642 33643 33644 33645 33646 33647 33648 33649 33650 33651 33652 33653 33654 33655 33656 33657 33658 33659 33660 33661 33662 33663 153464 33264 153065 32865 152666 32466 152267 32067 151868 31668 151469 31269 151070 30870 150671 30471 150272 30072 149873 29673 149474 29274 149075 28875 148676 28476 148277 28077 147878 27678 147479 27279 147080 26880 146681 26481 146282 26082 145883 25683 145484 25284 145085 24885 144686 24486 144287 24087 143888 23688 143489 23289 23290 143091 22891 22892 22893 22894 22895 22896 22897 142698 22498 142299 22099 141900 21700 141501 21301 141102 20902 20903 140704 20504 20505 20506 20507 20508 20509 140310 20110 20111 20112 20113 20114 20115 139916 19716 19717 139518 19318 139119 18919 138720 18520 138321 18121 137922 17722 137523 17323 137124 16924 136725 16525 136326 16126 135927 15727 135528 15328 135129 14929 134730 14530 134331 14131 133932 13732 133533 13333 133134 12934 132735 12535 132336 12136 131937 11737 131538 11338 131139 10939 130740 10540 130341 10141 129942 9742 129543 9343 129144 8944 128745 8545 128346 8146 127947 7747 127548 7348 127147 6947 126746 6546 126345 6344 6343 
Label: 2265682
[2690,98943,]
33637 153436 33236 153035 32835 152634 32434 152233 32033 151832 31632 151433 31233 151034 30834 150635 30435 150236 30036 149837 29637 149438 29238 149039 28839 148640 28440 148241 28041 147842 27642 147443 27243 147044 26844 146645 26445 146246 26046 145847 25647 25648 25649 145450 25250 25251 25252 25253 25254 25255 25256 25257 25258 25259 25260 25261 25262 25263 25264 25265 25266 25267 25268 25269 25270 25271 25272 25273 25274 25275 25276 25277 25278 25279 25280 25281 25282 145083 24883 144684 24484 144285 24085 143886 23686 23687 143488 23288 23289 23290 143091 22891 22892 22893 22894 22895 22896 22897 142698 22498 142299 22099 141900 21700 141501 21301 141102 20902 20903 140704 20504 20505 20506 20507 20508 20509 140310 20110 20111 20112 20113 20114 20115 139916 19716 19717 19718 139519 19319 139120 18920 138721 18521 138322 18122 137923 17723 137524 17324 137125 16925 136726 16526 136327 16127 135928 15728 135529 15329 135130 14930 134731 14531 134332 14132 133933 13733 133534 13334 133135 12935 132736 12536 132337 12137 131938 11738 131539 11339 131140 10940 130741 10541 130342 10142 10143 10144 129945 9745 129546 9346 129147 8947 128748 8548 128349 8149 127950 7750 127551 7351 127150 6950 126749 6549 126348 6347 6346 6345 6344 6343 
Label: 3161286
[2870,90161,]
33637 153436 33236 153035 32835 152634 32434 152233 32033 151832 31632 151433 31233 151032 30832 150631 30431 150232 30032 149833 29633 149434 29234 149035 28835 148636 28436 28437 148238 28038 147839 27639 147440 27240 147041 26841 146642 26442 26443 146244 26044 26045 145846 25646 25647 25648 25649 145450 25250 25251 25252 25253 25254 25255 25256 25257 25258 25259 25260 25261 25262 25263 25264 25265 25266 25267 25268 25269 25270 25271 25272 25273 25274 25275 25276 25277 25278 25279 25280 25281 25282 145083 24883 144684 24484 144285 24085 143886 23686 23687 143488 23288 23289 23290 143091 22891 22892 22893 22894 22895 22896 22897 142698 22498 142299 22099 141900 21700 141501 21301 141102 20902 20903 140704 20504 20505 20506 20507 140308 100309 60310 20311 140112 100113 60114 20115 139916 99917 59918 19919 139720 19520 139321 19121 138922 18722 138523 18323 138124 17924 137725 17525 137326 17126 136927 16727 136528 16328 136129 15929 135730 15530 135331 15131 134932 14732 134533 14333 134132 13932 133731 13531 133332 13132 132933 12733 132534 12334 132135 11935 131736 11536 131337 11137 130938 10738 130539 10339 10340 10341 10342 10343 10344 130145 9945 129746 9546 129347 9147 128948 8748 128549 8349 128150 7950 127751 7551 127352 7152 126953 6753 126552 6352 126151 6150 6149 6148 6147 46346 86345 126344 6343 
Label: 952724
[2550,191424,]
33637 33638 33639 33640 33641 33642 33643 33644 33645 33646 33647 33648 33649 33650 33651 33652 33653 33654 33655 33656 33657 33658 33659 33660 33661 33662 33663 33664 153465 33265 153066 32866 152667 32467 152268 32068 151869 31669 151470 31270 151069 30869 150670 30470 150271 30071 149872 29672 149473 29273 149074 28874 148675 28475 148276 28076 147877 27677 147478 27278 147079 26879 146680 26480 146281 26081 145882 25682 145483 25283 145084 24884 144685 24485 144286 24086 143887 23687 143488 23288 23289 23290 143091 22891 22892 22893 22894 22895 22896 22897 142698 22498 142299 22099 141900 21700 141501 21301 141102 20902 20903 140704 20504 20505 20506 20507 20508 20509 140310 20110 20111 20112 20113 20114 20115 139916 19716 19717 139518 19318 139119 18919 138720 18520 138321 18121 137922 17722 137523 17323 137124 16924 136725 16525 136326 16126 135927 15727 135528 15328 135129 14929 134730 14530 134331 14131 133932 13732 133533 13333 133134 12934 132735 12535 132336 12136 131937 11737 131538 11338 131139 10939 130740 10540 130341 10141 129942 9742 129543 9343 129144 8944 128745 8545 128346 8146 127947 7747 127548 7348 127147 6947 126746 6546 126345 6344 6343 
Label: 57291
[2440,590297,]
33637 33638 33639 33640 33641 33642 33643 33644 33645 33646 33647 33648 33649 33650 33651 33652 33653 33654 33655 33656 33657 33658 33659 33660 33661 33662 153463 33263 153064 32864 152665 32465 152266 32066 151867 31667 151468 31268 151069 30869 150670 30470 150271 30071 149872 29672 149473 29273 149074 28874 148675 28475 148276 28076 147877 27677 147478 27278 147079 26879 146680 26480 146281 26081 145882 25682 145483 25283 145084 24884 144685 24485 144286 24086 143887 23687 143488 23288 143089 22889 142690 22490 142291 22091 141892 21692 141493 21293 141094 20894 140695 20495 140296 20096 139897 19697 139498 19298 139099 18899 138700 18500 138301 18101 137902 17702 137503 17303 137104 16904 16905 16906 16907 16908 16909 16910 16911 16912 16913 16914 16915 16916 136717 96718 136518 16318 136119 15919 135720 15520 135321 15121 134922 14722 134523 14323 134124 13924 133725 13525 133326 13126 132927 12727 132528 12328 132129 11929 131730 11530 131331 11131 130932 10732 130533 10333 130134 9934 129735 9535 129336 9136 128937 8737 128538 8338 128139 7939 127740 7540 127341 7141 126942 6742 126543 6343 
Label: 2385856
[2710,96189,]
33637 153436 33236 153035 32835 152634 32434 152233 32033 151832 31632 151433 31233 151034 30834 150635 30435 150236 30036 149837 29637 149438 29238 149039 28839 148640 28440 148241 28041 147842 27642 147443 27243 147044 26844 146645 26445 146246 26046 145847 25647 25648 25649 145450 25250 25251 25252 25253 25254 25255 25256 25257 25258 25259 25260 25261 25262 25263 25264 25265 25266 25267 25268 25269 25270 25271 25272 25273 25274 25275 25276 25277 25278 25279 25280 25281 25282 145083 24883 144684 24484 144285 24085 143886 23686 23687 143488 23288 23289 23290 143091 22891 22892 22893 22894 22895 22896 22897 142698 22498 142299 22099 141900 21700 141501 21301 141102 20902 20903 140704 20504 20505 20506 20507 20508 20509 140310 20110 20111 20112 20113 20114 20115 139916 19716 19717 19718 139519 19319 139120 18920 138721 18521 138322 18122 137923 17723 137524 17324 137125 16925 136726 16526 136327 16127 135928 15728 135529 15329 135130 14930 134731 14531 134332 14132 133933 13733 133534 13334 133135 12935 132736 12536 132337 12137 131938 11738 131539 11339 131140 10940 130741 10541 130342 10142 10143 10144 129945 9745 129546 9346 129147 8947 128748 8548 128349 8149 127950 7750 127551 7351 127152 6952 126751 6551 126350 6349 6348 6347 6346 6345 6344 6343 
Label: 3514359
[2950,90003,]
33637 153436 33236 153035 32835 152634 32434 152233 32033 151832 31632 151433 31233 151032 30832 150631 30431 150232 30032 149833 29633 149434 29234 149035 28835 148636 28436 28437 148238 28038 147839 27639 147440 27240 147041 26841 146642 26442 26443 146244 26044 26045 145846 25646 25647 25648 25649 145450 25250 25251 25252 25253 25254 25255 25256 25257 25258 25259 25260 25261 25262 25263 25264 25265 25266 25267 25268 25269 25270 25271 25272 25273 25274 25275 25276 25277 25278 25279 25280 25281 25282 145083 24883 144684 24484 144285 24085 143886 23686 23687 143488 23288 23289 23290 143091 22891 22892 22893 22894 22895 22896 22897 142698 22498 142299 22099 141900 21700 141501 21301 141102 20902 20903 140704 20504 20505 20506 140307 100308 60309 20310 140111 100112 60113 20114 139915 99916 59917 19918 139719 99720 59721 19521 139322 19122 138923 18723 138524 18324 138125 17925 137726 17526 137327 17127 136928 16728 136529 16329 136130 15930 135731 15531 135332 15132 134933 14733 134532 14332 134131 13931 133732 13532 133331 13131 132932 12732 132533 12333 132134 11934 131735 11535 131336 11136 11137 130938 10738 130539 10339 10340 10341 10342 10343 10344 130145 9945 129746 9546 129347 9147 128948 8748 128549 8349 128150 7950 127751 7551 127352 7152 126953 6753 126554 6354 126153 5953 5952 5951 46150 86149 126148 6147 46346 86345 126344 6343 
Label: 1079261
[2560,191182,]
33637 33638 33639 33640 33641 33642 33643 33644 33645 33646 33647 33648 33649 33650 33651 33652 33653 33654 33655 33656 33657 33658 33659 33660 33661 33662 33663 33664 153465 33265 153066 32866 152667 32467 152268 32068 151869 31669 151470 31270 151069 30869 150670 30470 150271 30071 149872 29672 149473 29273 149074 28874 148675 28475 148276 28076 147877 27677 147478 27278 147079 26879 146680 26480 146281 26081 145882 25682 145483 25283 145084 24884 144685 24485 144286 24086 143887 23687 143488 23288 23289 23290 143091 22891 22892 22893 22894 22895 22896 22897 142698 22498 142299 22099 141900 21700 141501 21301 141102 20902 20903 140704 20504 20505 20506 20507 20508 20509 140310 20110 20111 20112 20113 20114 139915 99916 59917 19717 139518 19318 139119 18919 138720 18520 138321 18121 137922 17722 137523 17323 137124 16924 136725 16525 136326 16126 135927 15727 135528 15328 135129 14929 134730 14530 134331 14131 133932 13732 133533 13333 133134 12934 132735 12535 132336 12136 131937 11737 131538 11338 131139 10939 130740 10540 130341 10141 129942 9742 129543 9343 129144 8944 128745 8545 128346 8146 127947 7747 127548 7348 127147 6947 126746 6546 126345 6344 6343 
Label: 2878536
[2800,91221,]
33637 153436 33236 153035 32835 152634 32434 152233 32033 151832 31632 151433 31233 151032 30832 150633 30433 150234 30034 149835 29635 149436 29236 149037 28837 148638 28438 148239 28039 147840 27640 147441 27241 147042 26842 146643 26443 146244 26044 26045 145846 25646 25647 25648 25649 145450 25250 25251 25252 25253 25254 25255 25256 25257 25258 25259 25260 25261 25262 25263 25264 25265 25266 25267 25268 25269 25270 25271 25272 25273 25274 25275 25276 25277 25278 25279 25280 25281 25282 145083 24883 144684 24484 144285 24085 143886 23686 23687 143488 23288 23289 23290 143091 22891 22892 22893 22894 22895 22896 22897 142698 22498 142299 22099 141900 21700 141501 21301 141102 20902 20903 140704 20504 20505 20506 20507 140308 100309 60310 20311 140112 100113 60114 19914 19915 19916 19917 139718 19518 139319 19119 138920 18720 138521 18321 138122 17922 137723 17523 137324 17124 136925 16725 136526 16326 136127 15927 135728 15528 135329 15129 134930 14730 134531 14331 134132 13932 133733 13533 133334 13134 132935 12735 132536 12336 132137 11937 131738 11538 131339 11139 130940 10740 130541 10341 10342 10343 10344 130145 9945 129746 9546 129347 9147 128948 8748 128549 8349 128150 7950 127751 7551 127352 7152 126953 6753 126552 6352 126151 6150 6149 6148 6147 46346 86345 126344 6343 
Label: 3616025
[2970,89959,]
33637 153436 33236 153035 32835 152634 32434 152233 32033 151832 31632 151433 31233 151032 30832 150631 30431 150232 30032 149833 29633 149434 29234 149035 28835 148636 28436 28437 148238 28038 147839 27639 147440 27240 147041 26841 146642 26442 26443 146244 26044 26045 145846 25646 25647 25648 25649 145450 25250 25251 25252 25253 25254 25255 25256 25257 25258 25259 25260 25261 25262 25263 25264 25265 25266 25267 25268 25269 25270 25271 25272 25273 25274 25275 25276 25277 25278 25279 25280 25281 25282 145083 24883 144684 24484 144285 24085 143886 23686 23687 143488 23288 23289 23290 143091 22891 22892 22893 22894 22895 22896 22897 142698 22498 142299 22099 141900 21700 141501 21301 141102 20902 20903 140704 20504 20505 20506 140307 100308 60309 20310 140111 100112 60113 20114 139915 99916 59917 19918 139719 99720 59721 19521 139322 19122 138923 18723 138524 18324 138125 17925 137726 17526 137327 17127 136928 16728 136529 16329 136130 15930 135731 15531 135332 15132 134933 14733 134532 14332 134131 13931 133732 13532 133331 13131 132932 12732 132533 12333 132134 11934 131735 11535 131336 11136 11137 130938 10738 130539 10339 10340 10341 10342 10343 10344 10345 10346 130147 9947 129748 9548 129349 9149 128948 8748 128549 8349 128150 7950 127751 7551 127352 7152 126953 6753 126554 6354 126153 5953 5952 5951 46150 86149 126148 6147 46346 86345 126344 6343 
Label: 169746
[2460,503322,]
33637 33638 33639 33640 33641 33642 33643 33644 33645 33646 33647 33648 33649 33650 33651 33652 33653 33654 33655 33656 33657 33658 33659 33660 33661 33662 33663 153464 33264 153065 32865 152666 32466 152267 32067 151868 31668 151469 31269 151070 30870 150671 30471 150272 30072 149873 29673 149474 29274 149075 28875 148676 28476 148277 28077 147878 27678 147479 27279 147080 26880 146681 26481 146282 26082 145883 25683 145484 25284 145085 24885 144686 24486 144287 24087 143888 23688 143489 23289 23290 143091 22891 22892 22893 22894 22895 22896 22897 142698 22498 142299 22099 141900 21700 141501 21301 141102 20902 20903 140704 20504 20505 20506 140307 100308 60309 20310 140111 19911 139712 19512 139313 19113 138914 18714 138515 18315 138116 17916 137717 17517 137318 17118 136919 16719 136520 16320 136121 15921 135722 15522 135323 15123 134924 14724 134525 14325 134126 13926 133727 13527 133328 13128 132929 12729 132530 12330 132131 11931 131732 11532 131333 11133 130934 10734 130535 10335 130136 9936 129737 9537 129338 9138 128939 8739 128540 8340 128141 7941 127742 7542 127343 7143 126944 6744 126543 6343 
Label: 2564839
[2740,93689,]
33637 153436 33236 153035 32835 152634 32434 152233 32033 151832 31632 151433 31233 151034 30834 150635 30435 150236 30036 149837 29637 149438 29238 149039 28839 148640 28440 148241 28041 147842 27642 147443 27243 147044 26844 146645 26445 146246 26046 145847 25647 25648 25649 145450 25250 25251 25252 25253 25254 25255 25256 25257 25258 25259 25260 25261 25262 25263 25264 25265 25266 25267 25268 25269 25270 25271 25272 25273 25274 25275 25276 25277 25278 25279 25280 25281 25282 145083 24883 144684 24484 144285 24085 143886 23686 23687 143488 23288 23289 23290 143091 22891 22892 22893 22894 22895 22896 22897 142698 22498 142299 22099 141900 21700 141501 21301 141102 20902 20903 140704 20504 20505 20506 20507 20508 20509 140310 20110 20111 20112 20113 20114 20115 139916 19716 19717 19718 139519 19319 139120 18920 138721 18521 138322 18122 137923 17723 137524 17324 137125 16925 136726 16526 136327 16127 135928 15728 135529 15329 135130 14930 134731 14531 134332 14132 133933 13733 133534 13334 133135 12935 132736 12536 132337 12137 131938 11738 131539 11339 131140 10940 130741 10541 130342 10142 10143 10144 129945 9745 129546 9346 129147 8947 128748 8548 128349 8149 127950 7750 127551 7351 127152 6952 126751 6551 126350 6349 126148 6147 46346 86345 126344 6343 
Label: 2620802
[2750,93254,]
33637 153436 33236 153035 32835 152634 32434 152233 32033 151832 31632 151433 31233 151034 30834 150635 30435 150236 30036 149837 29637 149438 29238 149039 28839 148640 28440 148241 28041 147842 27642 147443 27243 147044 26844 146645 26445 146246 26046 145847 25647 25648 25649 145450 25250 25251 25252 25253 25254 25255 25256 25257 25258 25259 25260 25261 25262 25263 25264 25265 25266 25267 25268 25269 25270 25271 25272 25273 25274 25275 25276 25277 25278 25279 25280 25281 25282 145083 24883 144684 24484 144285 24085 143886 23686 23687 143488 23288 23289 23290 143091 22891 22892 22893 22894 22895 22896 22897 142698 22498 142299 22099 141900 21700 141501 21301 141102 20902 20903 140704 20504 20505 20506 20507 20508 20509 140310 20110 20111 20112 20113 139914 99915 59916 19917 139718 19518 139319 19119 138920 18720 138521 18321 138122 17922 137723 17523 137324 17124 136925 16725 136526 16326 136127 15927 135728 15528 135329 15129 134930 14730 134531 14331 134132 13932 133733 13533 133334 13134 132935 12735 132536 12336 132137 11937 131738 11538 131339 11139 130940 10740 130541 10341 10342 10343 10344 130145 9945 129746 9546 129347 9147 128948 8748 128549 8349 128150 7950 127751 7551 127352 7152 126951 6751 126550 6350 126149 6148 6147 46346 86345 126344 6343 
Label: 2829439
[2790,91327,]
33637 153436 33236 153035 32835 152634 32434 152233 32033 151832 31632 151433 31233 151032 30832 150633 30433 150234 30034 149835 29635 149436 29236 149037 28837 148638 28438 148239 28039 147840 27640 147441 27241 147042 26842 146643 26443 146244 26044 26045 145846 25646 25647 25648 25649 145450 25250 25251 25252 25253 25254 25255 25256 25257 25258 25259 25260 25261 25262 25263 25264 25265 25266 25267 25268 25269 25270 25271 25272 25273 25274 25275 25276 25277 25278 25279 25280 25281 25282 145083 24883 144684 24484 144285 24085 143886 23686 23687 143488 23288 23289 23290 143091 22891 22892 22893 22894 22895 22896 22897 142698 22498 142299 22099 141900 21700 141501 21301 141102 20902 20903 140704 20504 20505 20506 20507 20508 20509 140310 20110 20111 20112 20113 139914 99915 59916 19917 139718 19518 139319 19119 138920 18720 138521 18321 138122 17922 137723 17523 137324 17124 136925 16725 136526 16326 136127 15927 135728 15528 135329 15129 134930 14730 134531 14331 134132 13932 133733 13533 133334 13134 132935 12735 132536 12336 132137 11937 131738 11538 131339 11139 130940 10740 130541 10341 10342 10343 10344 130145 9945 129746 9546 129347 9147 128948 8748 128549 8349 128150 7950 127751 7551 127352 7152 126953 6753 126552 6352 126151 6150 6149 6148 6147 46346 86345 126344 6343 
Label: 2921143
[2810,90790,]
33637 153436 33236 153035 32835 152634 32434 152233 32033 151832 31632 151433 31233 151032 30832 150633 30433 150234 30034 149835 29635 149436 29236 149037 28837 148638 28438 148239 28039 147840 27640 147441 27241 147042 26842 146643 26443 146244 26044 26045 145846 25646 25647 25648 25649 145450 25250 25251 25252 25253 25254 25255 25256 25257 25258 25259 25260 25261 25262 25263 25264 25265 25266 25267 25268 25269 25270 25271 25272 25273 25274 25275 25276 25277 25278 25279 25280 25281 25282 145083 24883 144684 24484 144285 24085 143886 23686 23687 143488 23288 23289 23290 143091 22891 22892 22893 22894 22895 22896 22897 142698 22498 142299 22099 141900 21700 141501 21301 141102 20902 20903 140704 20504 20505 20506 20507 20508 20509 140310 20110 20111 20112 20113 20114 139915 99916 59917 19918 139719 19519 139320 19120 138921 18721 138522 18322 138123 17923 137724 17524 137325 17125 136926 16726 136527 16327 136128 15928 135729 15529 135330 15130 134931 14731 134532 14332 134131 13931 133732 13532 133333 13133 132934 12734 132535 12335 132136 11936 131737 11537 131338 11138 130939 10739 130540 10340 10341 10342 10343 10344 130145 9945 129746 9546 129347 9147 128948 8748 128549 8349 128150 7950 127751 7551 127352 7152 126953 6753 126552 6352 126151 6150 6149 6148 6147 46346 86345 126344 6343 
Label: 2784289
[2780,91987,]
33637 153436 33236 153035 32835 152634 32434 152233 32033 151832 31632 151433 31233 151032 30832 150633 30433 150234 30034 149835 29635 149436 29236 149037 28837 148638 28438 148239 28039 147840 27640 147441 27241 147042 26842 146643 26443 146244 26044 26045 145846 25646 25647 25648 25649 145450 25250 25251 25252 25253 25254 25255 25256 25257 25258 25259 25260 25261 25262 25263 25264 25265 25266 25267 25268 25269 25270 25271 25272 25273 25274 25275 25276 25277 25278 25279 25280 25281 25282 145083 24883 144684 24484 144285 24085 143886 23686 23687 143488 23288 23289 23290 143091 22891 22892 22893 22894 22895 22896 22897 142698 22498 142299 22099 141900 21700 141501 21301 141102 20902 20903 140704 20504 20505 20506 20507 20508 20509 140310 20110 20111 20112 20113 20114 20115 139916 19716 19717 19718 139519 19319 139120 18920 138721 18521 138322 18122 137923 17723 137524 17324 137125 16925 136726 16526 136327 16127 135928 15728 135529 15329 135130 14930 134731 14531 134332 14132 133933 13733 133534 13334 133135 12935 132736 12536 132337 12137 131938 11738 131539 11339 131140 10940 130741 10541 130342 10142 10143 10144 129945 9745 129546 9346 129147 8947 128748 8548 128349 8149 127950 7750 127551 7351 127152 6952 126753 6553 126352 6152 6151 6150 6149 6148 6147 46346 86345 126344 6343 
Label: 2964502
[2820,90691,]
33637 153436 33236 153035 32835 152634 32434 152233 32033 151832 31632 151433 31233 151032 30832 150633 30433 150234 30034 149835 29635 149436 29236 149037 28837 148638 28438 148239 28039 147840 27640 147441 27241 147042 26842 146643 26443 146244 26044 26045 145846 25646 25647 25648 25649 145450 25250 25251 25252 25253 25254 25255 25256 25257 25258 25259 25260 25261 25262 25263 25264 25265 25266 25267 25268 25269 25270 25271 25272 25273 25274 25275 25276 25277 25278 25279 25280 25281 25282 145083 24883 144684 24484 144285 24085 143886 23686 23687 143488 23288 23289 23290 143091 22891 22892 22893 22894 22895 22896 22897 142698 22498 142299 22099 141900 21700 141501 21301 141102 20902 20903 140704 20504 20505 20506 20507 20508 140309 100310 60311 20111 20112 20113 20114 139915 99916 59917 19918 139719 19519 139320 19120 138921 18721 138522 18322 138123 17923 137724 17524 137325 17125 136926 16726 136527 16327 136128 15928 135729 15529 135330 15130 134931 14731 134532 14332 134131 13931 133732 13532 133333 13133 132934 12734 132535 12335 132136 11936 131737 11537 131338 11138 130939 10739 130540 10340 10341 10342 10343 10344 130145 9945 129746 9546 129347 9147 128948 8748 128549 8349 128150 7950 127751 7551 127352 7152 126953 6753 126552 6352 126151 6150 6149 6148 6147 46346 86345 126344 6343 
Label: 375594
[2490,318017,]
33637 33638 33639 33640 33641 33642 33643 33644 33645 33646 33647 33648 33649 33650 33651 33652 33653 33654 33655 33656 33657 33658 33659 33660 33661 33662 33663 153464 33264 153065 32865 152666 32466 152267 32067 151868 31668 151469 31269 151070 30870 150671 30471 150272 30072 149873 29673 149474 29274 149075 28875 148676 28476 148277 28077 147878 27678 147479 27279 147080 26880 146681 26481 146282 26082 145883 25683 145484 25284 145085 24885 144686 24486 144287 24087 143888 23688 143489 23289 23290 143091 22891 22892 22893 22894 22895 22896 22897 142698 22498 142299 22099 141900 21700 141501 21301 141102 20902 20903 140704 20504 20505 20506 20507 20508 20509 140310 20110 20111 20112 20113 139914 19714 139515 19315 139116 18916 138717 18517 138318 18118 137919 17719 137520 17320 137121 16921 136722 16522 136323 16123 135924 15724 135525 15325 135126 14926 134727 14527 134328 14128 133929 13729 133530 13330 133131 12931 132732 12532 132333 12133 131934 11734 131535 11335 131136 10936 130737 10537 130338 10138 129939 9739 129540 9340 129141 8941 128742 8542 128343 8143 127944 7744 127545 7345 127146 6946 126745 6545 126344 6343 
Label: 3827200
[3010,89949,]
33637 153436 33236 153035 32835 152634 32434 152233 32033 151832 31632 151433 31233 151032 30832 150631 30431 150232 30032 149833 29633 149434 29234 149035 28835 148636 28436 28437 148238 28038 147839 27639 147440 27240 147041 26841 146642 26442 26443 146244 26044 26045 145846 25646 25647 25648 25649 145450 25250 25251 25252 25253 25254 25255 25256 25257 25258 25259 25260 25261 25262 25263 25264 25265 25266 25267 25268 25269 25270 25271 25272 25273 25274 25275 25276 25277 25278 25279 25280 25281 25282 145083 24883 144684 24484 144285 24085 143886 23686 23687 143488 23288 23289 23290 143091 22891 22892 22893 22894 22895 22896 22897 142698 22498 142299 22099 141900 21700 141501 21301 141102 20902 20903 140704 20504 20505 20506 140307 100308 60309 20310 140111 100112 60113 20114 139915 99916 59917 19918 139719 99720 59721 19521 19522 139323 19123 138924 18724 138525 18325 138126 17926 137727 17527 137328 17128 136929 16729 136530 16330 136131 15931 135732 15532 135333 15133 134934 14734 134533 14333 134132 13932 133731 13531 133332 13132 132931 12731 132532 12332 132133 11933 131734 11534 131335 11135 130936 10736 130537 10337 10338 10339 10340 10341 10342 10343 10344 10345 10346 130147 9947 129748 9548 129349 9149 128948 8748 128549 8349 128150 7950 127751 7551 127352 7152 126953 6753 126554 6354 126155 5955 5954 5953 5952 5951 46150 86149 126148 6147 46346 86345 126344 6343 
Label: 3003283
[2830,90401,]
33637 153436 33236 153035 32835 152634 32434 152233 32033 151832 31632 151433 31233 151032 30832 150633 30433 150234 30034 149835 29635 149436 29236 149037 28837 148638 28438 148239 28039 147840 27640 147441 27241 147042 26842 146643 26443 146244 26044 26045 145846 25646 25647 25648 25649 145450 25250 25251 25252 25253 25254 25255 25256 25257 25258 25259 25260 25261 25262 25263 25264 25265 25266 25267 25268 25269 25270 25271 25272 25273 25274 25275 25276 25277 25278 25279 25280 25281 25282 145083 24883 144684 24484 144285 24085 143886 23686 23687 143488 23288 23289 23290 143091 22891 22892 22893 22894 22895 22896 22897 142698 22498 142299 22099 141900 21700 141501 21301 141102 20902 20903 140704 20504 20505 20506 140307 100308 60309 20310 140111 100112 60113 20114 139915 99916 59917 19918 139719 19519 139320 19120 138921 18721 138522 18322 138123 17923 137724 17524 137325 17125 136926 16726 136527 16327 136128 15928 135729 15529 135330 15130 134931 14731 134532 14332 134131 13931 133732 13532 133333 13133 132934 12734 132535 12335 132136 11936 131737 11537 131338 11138 130939 10739 130540 10340 10341 10342 10343 10344 130145 9945 129746 9546 129347 9147 128948 8748 128549 8349 128150 7950 127751 7551 127352 7152 126953 6753 126552 6352 126151 6150 6149 6148 6147 46346 86345 126344 6343 
Label: 2729342
[2770,92225,]
33637 153436 33236 153035 32835 152634 32434 152233 32033 151832 31632 151433 31233 151034 30834 150635 30435 150236 30036 149837 29637 149438 29238 149039 28839 148640 28440 148241 28041 147842 27642 147443 27243 147044 26844 146645 26445 146246 26046 145847 25647 25648 25649 145450 25250 25251 25252 25253 25254 25255 25256 25257 25258 25259 25260 25261 25262 25263 25264 25265 25266 25267 25268 25269 25270 25271 25272 25273 25274 25275 25276 25277 25278 25279 25280 25281 25282 145083 24883 144684 24484 144285 24085 143886 23686 23687 143488 23288 23289 23290 143091 22891 22892 22893 22894 22895 22896 22897 142698 22498 142299 22099 141900 21700 141501 21301 141102 20902 20903 140704 20504 20505 20506 20507 20508 20509 140310 20110 20111 20112 20113 139914 99915 59916 19917 139718 19518 139319 19119 138920 18720 138521 18321 138122 17922 137723 17523 137324 17124 136925 16725 136526 16326 136127 15927 135728 15528 135329 15129 134930 14730 134531 14331 134132 13932 133733 13533 133334 13134 132935 12735 132536 12336 132137 11937 131738 11538 131339 11139 130940 10740 130541 10341 10342 10343 10344 130145 9945 129746 9546 129347 9147 128948 8748 128549 8349 128150 7950 127751 7551 127352 7152 126953 6753 126552 6352 126151 6150 6149 6148 6147 46346 86345 126344 6343 
Label: 3045699
[2840,90395,]
33637 153438 33238 153037 32837 152636 32635 152434 32234 152033 31833 151632 31432 151231 31031 150832 30632 150433 30233 150034 29834 149635 29435 149236 29036 148837 28637 148438 28238 148039 27839 147640 27440 147241 27041 146842 26642 146443 26243 26244 146045 25845 25846 25847 145648 25448 25449 25450 25451 25452 25453 25454 25455 25456 25457 25458 25459 25460 25461 25462 25463 25464 25465 25466 25467 25468 25469 25470 25471 25472 25473 25474 25475 25476 25477 25478 25479 25480 25481 145282 25082 144883 24683 144484 24284 144085 23885 23886 143687 23487 23488 143289 23089 23090 23091 23092 23093 142894 22694 22695 22696 22697 22698 142499 22299 142100 21900 141701 21501 141302 21102 140903 20703 20704 20705 20706 140507 20307 20308 20309 20310 140111 100112 60113 20114 139915 99916 59917 19918 139719 19519 139320 19120 138921 18721 138522 18322 138123 17923 137724 17524 137325 17125 136926 16726 136527 16327 136128 15928 135729 15529 135330 15130 134931 14731 134532 14332 134131 13931 133732 13532 133333 13133 132934 12734 132535 12335 132136 11936 131737 11537 131338 11138 130939 10739 130540 10340 10341 10342 10343 10344 130145 9945 129746 9546 129347 9147 128948 8748 128549 8349 128150 7950 127751 7551 127352 7152 126953 6753 126552 6352 126151 6150 6149 6148 6147 46346 86345 126344 6343 
Label: 3082873
[2850,90243,]
33637 153436 33236 153035 32835 152634 32434 152233 32033 151832 31632 151433 31233 151032 30832 150633 30433 150234 30034 149835 29635 149436 29236 149037 28837 148638 28438 148239 28039 147840 27640 147441 27241 147042 26842 146643 26443 146244 26044 26045 145846 25646 25647 25648 25649 145450 25250 25251 25252 25253 25254 25255 25256 25257 25258 25259 25260 25261 25262 25263 25264 25265 25266 25267 25268 25269 25270 25271 25272 25273 25274 25275 25276 25277 25278 25279 25280 25281 25282 145083 24883 144684 24484 144285 24085 143886 23686 23687 143488 23288 23289 23290 143091 22891 22892 22893 22894 22895 22896 22897 142698 22498 142299 22099 141900 21700 141501 21301 141102 20902 20903 140704 20504 20505 20506 20507 140308 100309 60310 20311 140112 100113 60114 20115 139916 99917 59918 19919 139720 19520 139321 19121 138922 18722 138523 18323 138124 17924 137725 17525 137326 17126 136927 16727 136528 16328 136129 15929 135730 15530 135331 15131 134932 14732 134533 14333 134132 13932 133731 13531 133332 13132 132933 12733 132534 12334 132135 11935 131736 11536 131337 11137 130938 10738 130539 10339 10340 10341 10342 10343 10344 130145 9945 129746 9546 129347 9147 128948 8748 128549 8349 128150 7950 127751 7551 127352 7152 126953 6753 126552 6352 126151 6150 6149 6148 6147 46346 86345 126344 6343 
Label: 1820201
[2630,126275,]
33637 153436 33236 153035 32835 152634 32434 152233 32033 151834 31634 151435 31235 151036 30836 150637 30437 150238 30038 149839 29639 149440 29240 149041 28841 148642 28442 148243 28043 147844 27644 147445 27245 147046 26846 146647 26447 146248 26048 145849 25649 145450 25250 25251 25252 25253 25254 25255 25256 25257 25258 25259 25260 25261 25262 25263 25264 25265 25266 25267 25268 25269 25270 25271 25272 25273 25274 25275 25276 25277 25278 25279 25280 25281 25282 145083 24883 144684 24484 144285 24085 143886 23686 23687 143488 23288 23289 23290 143091 22891 22892 22893 22894 22895 22896 22897 142698 22498 142299 22099 141900 21700 141501 21301 141102 20902 20903 140704 20504 20505 20506 20507 20508 20509 140310 20110 20111 20112 20113 20114 20115 139916 19716 19717 19718 139519 19319 139120 18920 138721 18521 138322 18122 137923 17723 137524 17324 137125 16925 136726 16526 136327 16127 135928 15728 135529 15329 135130 14930 134731 14531 134332 14132 133933 13733 133534 13334 133135 12935 132736 12536 132337 12137 131938 11738 131539 11339 131140 10940 130741 10541 130342 10142 129943 9743 129544 9344 129145 8945 128746 8546 128347 8147 127948 7748 127549 7349 127148 6948 126747 6547 126346 6345 6344 6343 
Label: 3776890
[3000,89951,]
33637 153436 33236 153035 32835 152634 32434 152233 32033 151832 31632 151433 31233 151032 30832 150631 30431 150232 30032 149833 29633 149434 29234 149035 28835 148636 28436 28437 148238 28038 147839 27639 147440 27240 147041 26841 146642 26442 26443 146244 26044 26045 145846 25646 25647 25648 25649 145450 25250 25251 25252 25253 25254 25255 25256 25257 25258 25259 25260 25261 25262 25263 25264 25265 25266 25267 25268 25269 25270 25271 25272 25273 25274 25275 25276 25277 25278 25279 25280 25281 25282 145083 24883 144684 24484 144285 24085 143886 23686 23687 143488 23288 23289 23290 143091 22891 22892 22893 22894 22895 22896 22897 142698 22498 142299 22099 141900 21700 141501 21301 141102 20902 20903 140704 20504 20505 20506 140307 100308 60309 20310 140111 100112 60113 20114 139915 99916 59917 19918 139719 99720 59721 19722 139523 19323 139124 18924 138725 18525 138326 18126 137927 17727 137528 17328 137129 16929 136730 16530 136331 16131 135932 15732 135533 15333 135134 14934 134733 14533 134332 14132 133931 13731 133532 13332 133131 12931 132732 12532 132333 12133 131934 11734 131535 11335 131136 10936 130737 10537 10538 10539 10540 10541 130342 10142 10143 10144 10145 10146 129947 89948 129748 9548 129349 9149 128948 8748 128549 8349 128150 7950 127751 7551 127352 7152 126953 6753 126554 6354 126153 5953 5952 5951 46150 86149 126148 6147 46346 86345 126344 6343 
Label: 3934125
[3030,89946,]
33637 153438 33238 153037 32837 32836 152635 32435 152234 32034 151833 31633 151432 31232 151031 30831 150632 30432 150231 30031 149832 29632 149433 29233 29234 149035 28835 148636 28436 28437 148238 28038 147839 27639 147440 27240 147041 26841 146642 26442 26443 146244 26044 26045 145846 25646 25647 25648 25649 145450 25250 25251 25252 25253 25254 25255 25256 25257 25258 25259 25260 25261 25262 25263 25264 25265 25266 25267 25268 25269 25270 25271 25272 25273 25274 25275 25276 25277 25278 25279 25280 25281 25282 145083 24883 144684 24484 144285 24085 143886 23686 23687 143488 23288 23289 23290 143091 22891 22892 22893 22894 22895 22896 22897 142698 22498 142299 22099 141900 21700 141501 21301 141102 20902 20903 140704 20504 20505 20506 140307 100308 60309 20310 140111 100112 60113 20114 139915 99916 59917 19918 139719 99720 59721 19521 19522 139323 19123 138924 18724 138525 18325 138126 17926 137727 17527 137328 17128 136929 16729 136530 16330 136131 15931 135732 15532 135333 15133 134934 14734 134533 14333 134132 13932 133731 13531 133332 13132 132931 12731 132532 12332 132133 11933 131734 11534 131335 11135 130936 10736 130537 10337 10338 10339 10340 10341 10342 10343 10344 10345 10346 130147 9947 129748 9548 129349 9149 128948 8748 128549 8349 128150 7950 127751 7551 127352 7152 126953 6753 126554 6354 126155 5955 5954 5953 5952 5951 46150 86149 126148 6147 46346 86345 126344 6343 
Label: 3373451
[2920,90058,]
33637 153436 33236 153035 32835 152634 32434 152233 32033 151832 31632 151433 31233 151032 30832 150631 30431 150232 30032 149833 29633 149434 29234 149035 28835 148636 28436 28437 148238 28038 147839 27639 147440 27240 147041 26841 146642 26442 26443 146244 26044 26045 145846 25646 25647 25648 25649 145450 25250 25251 25252 25253 25254 25255 25256 25257 25258 25259 25260 25261 25262 25263 25264 25265 25266 25267 25268 25269 25270 25271 25272 25273 25274 25275 25276 25277 25278 25279 25280 25281 25282 145083 24883 144684 24484 144285 24085 143886 23686 23687 143488 23288 23289 23290 143091 22891 22892 22893 22894 22895 22896 22897 142698 22498 142299 22099 141900 21700 141501 21301 141102 20902 20903 140704 20504 20505 20506 20507 140308 100309 60310 20311 140112 100113 60114 20115 139916 99917 59918 19919 139720 19520 139321 19121 138922 18722 138523 18323 138124 17924 137725 17525 137326 17126 136927 16727 136528 16328 136129 15929 135730 15530 135331 15131 134932 14732 134533 14333 134132 13932 133731 13531 133332 13132 132933 12733 132534 12334 132135 11935 131736 11536 131337 11137 130938 10738 130539 10339 10340 10341 10342 10343 10344 130145 9945 129746 9546 129347 9147 128948 8748 128549 8349 128150 7950 127751 7551 127352 7152 126953 6753 126554 6354 126153 5953 5952 5951 46150 86149 126148 6147 46346 86345 126344 6343 
Label: 3417260
[2930,90054,]
33637 153436 33236 153035 32835 152634 32434 152233 32033 151832 31632 151433 31233 151032 30832 150631 30431 150232 30032 149833 29633 149434 29234 149035 28835 148636 28436 28437 148238 28038 147839 27639 147440 27240 147041 26841 146642 26442 26443 146244 26044 26045 145846 25646 25647 25648 25649 145450 25250 25251 25252 25253 25254 25255 25256 25257 25258 25259 25260 25261 25262 25263 25264 25265 25266 25267 25268 25269 25270 25271 25272 25273 25274 25275 25276 25277 25278 25279 25280 25281 25282 145083 24883 144684 24484 144285 24085 143886 23686 23687 143488 23288 23289 23290 143091 22891 22892 22893 22894 22895 22896 22897 142698 22498 142299 22099 141900 21700 141501 21301 141102 20902 20903 140704 20504 20505 20506 20507 140308 100309 60310 20311 140112 100113 60114 20115 139916 99917 59918 19919 139720 19520 19521 139322 19122 138923 18723 138524 18324 138125 17925 137726 17526 137327 17127 136928 16728 136529 16329 136130 15930 135731 15531 135332 15132 134933 14733 134532 14332 134131 13931 133732 13532 133331 13131 132932 12732 132533 12333 132134 11934 131735 11535 131336 11136 11137 130938 10738 130539 10339 10340 10341 10342 10343 10344 10345 10346 130147 9947 129748 9548 129349 9149 128948 8748 128549 8349 128150 7950 127751 7551 127352 7152 126953 6753 126554 6354 126153 6152 6151 6150 6149 6148 6147 46346 86345 126344 6343 
