graph_load_time: 3.49487
n_generated: 1471345
n_expanded: 760981
n_domCheck: 8230207
rt_initHeu: 3.4851
rt_search: 60.0088
N: 45
Label: 2357183
[2830,237439,]
21387 141186 21185 140984 20983 140782 20781 140580 20579 140378 20377 140176 19976 19975 19974 139773 19573 139372 19172 138971 18771 138570 18370 138169 17969 137768 17568 137367 17366 137165 17164 136963 16962 136761 16760 136559 16558 136357 16356 136155 16154 135953 15952 15951 15950 15949 15948 15947 15946 15945 15944 15943 56142 96342 136341 16340 16339 16338 16337 16336 136135 16134 135933 15932 135731 15730 135529 15528 135327 15326 135125 15124 134923 14723 134522 14521 14520 14519 14518 14517 134316 14315 134114 13914 133713 13712 133511 13510 13509 13508 13507 13506 13505 13504 13503 13502 13501 13500 13499 13498 13497 53696 93896 133895 13894 13893 13892 13891 13890 13889 13888 133687 13686 13685 133484 13483 13482 13481 13480 13479 13478 13477 13476 13475 13474 13473 13472 13471 13470 13469 13468 13467 13466 13465 13464 13463 13462 13461 13460 13459 13458 13457 13456 13455 13454 13453 13452 13451 13450 13449 13448 13447 13446 13445 13444 13443 13442 13441 13440 13439 13438 13437 13436 13435 13434 133233 13232 133031 12831 132630 12629 132428 12228 132027 12026 131825 11625 131424 11224 131023 10823 130622 10422 130223 10023 129824 9624 129425 9225 129026 8826 128627 8427 128226 8026 127825 7625 127424 7224 127023 6823 126622 6422 126221 6021 6020 6019 6018 6017 6016 6015 46214 86414 126413 6412 46611 86811 47011 87211 47411 7412 
Label: 2297218
[2820,237544,]
21387 141186 21185 140984 20983 140782 20781 140580 20579 140378 20377 140176 19976 19975 19974 139773 19573 139372 19172 138971 18771 138570 18370 138169 17969 137768 17568 137367 17366 137165 17164 136963 16962 136761 16760 136559 16558 136357 16356 136155 16154 135953 15952 15951 15950 15949 15948 15947 15946 15945 56144 96143 136142 16141 56340 96339 136338 16337 16336 136135 16134 135933 15932 135731 15730 135529 15528 135327 15326 135125 15124 134923 14723 134522 14521 14520 14519 14518 14517 134316 14315 134114 13914 133713 13712 133511 13510 13509 13508 13507 13506 13505 13504 13503 13502 13501 13500 13499 13498 13497 53696 93896 133895 13894 13893 13892 13891 13890 13889 13888 133687 13686 13685 133484 13483 13482 13481 13480 13479 13478 13477 13476 13475 13474 13473 13472 13471 13470 13469 13468 13467 13466 13465 13464 13463 13462 13461 13460 13459 13458 13457 13456 13455 13454 13453 13452 13451 13450 13449 13448 13447 13446 13445 13444 13443 13442 13441 13440 13439 13438 13437 13436 13435 13434 133233 13232 133031 12831 132630 12629 132428 12228 132027 12026 131825 11625 131424 11224 131023 10823 130622 10422 130223 10023 129824 9624 129425 9225 129026 8826 128627 8427 128226 8026 127825 7625 127424 7224 127023 6823 126622 6422 126221 6220 6219 6218 6217 6216 46415 86414 126413 6412 46611 86811 47011 87211 47411 7412 
Label: 2235632
[2810,237711,]
21387 141186 21185 140984 20983 140782 20781 140580 20579 140378 20377 140176 19976 19975 19974 139773 19573 139372 19172 138971 18771 138570 18370 138169 17969 137768 17568 137367 17366 137165 17164 136963 16962 136761 16760 136559 16558 136357 16356 136155 16154 135953 15952 15951 15950 15949 15948 15947 15946 15945 15944 15943 56142 96342 136341 16340 16339 16338 16337 16336 136135 16134 135933 15932 135731 15730 135529 15528 135327 15326 135125 15124 134923 14723 134522 14521 14520 14519 14518 14517 134316 14315 134114 13914 133713 13712 133511 13510 13509 13508 13507 13506 13505 13504 13503 13502 13501 13500 13499 13498 13497 53696 93896 133895 13894 13893 13892 13891 13890 13889 13888 133687 13686 13685 133484 13483 13482 13481 13480 13479 13478 13477 13476 13475 13474 13473 13472 13471 13470 13469 13468 13467 13466 13465 13464 13463 13462 13461 13460 13459 13458 13457 13456 13455 13454 13453 13452 13451 13450 13449 13448 13447 13446 13445 13444 13443 13442 13441 13440 13439 13438 13437 13436 13435 13434 133233 13232 133031 12831 132630 12629 132428 12228 132027 12026 131825 11625 131424 11224 131023 10823 130622 10422 130223 10023 129824 9624 129425 9225 129026 8826 128627 8427 128226 8026 127825 7625 127424 7224 127023 6823 126622 6422 126221 6220 6219 6218 6217 6216 46415 86414 126413 6412 46611 86811 47011 87211 47411 7412 
Label: 2003620
[2770,239683,]
21387 141186 21185 140984 20983 140782 20781 140580 20579 140378 20377 140176 19976 19975 19974 139773 19573 139372 19172 138971 18771 138570 18370 138169 17969 137768 17568 137367 17366 137165 17164 136963 16962 136761 16760 136559 16558 136357 16356 136155 16154 135953 15952 15951 15950 15949 15948 15947 15946 15945 56144 96143 136142 16141 56340 96339 136338 16337 16336 136135 16134 135933 15932 135731 15730 135529 15528 135327 15326 135125 15124 134923 14723 134522 14521 14520 14519 14518 134317 14316 134115 14114 133913 13912 133711 13710 13709 13708 13707 13706 13705 13704 13703 13702 13701 13700 13699 13698 13697 13696 13695 13694 13693 13692 13691 13690 13689 13688 13687 13686 13685 133484 13483 13482 13481 13480 13479 13478 13477 13476 13475 13474 13473 13472 13471 13470 13469 13468 13467 13466 13465 13464 13463 13462 13461 13460 13459 13458 13457 13456 13455 13454 13453 13452 13451 13450 13449 13448 13447 13446 13445 13444 13443 13442 13441 13440 13439 13438 13437 13436 13435 13434 133233 13232 133031 12831 132630 12629 132428 12228 132027 12026 131825 11625 131424 11224 131023 10823 130622 10422 130223 10023 129824 9624 129425 9225 129026 8826 128627 8427 128226 8026 127825 7625 127424 7224 127023 6823 126622 6422 126221 6220 6219 6218 6217 6216 46415 86414 126413 6412 46611 86811 47011 87211 47411 7412 
Label: 2431600
[2840,237016,]
21387 141186 21185 140984 20983 140782 20781 140580 20579 140378 20377 140176 19976 19975 19974 139773 19573 139372 19172 138971 18771 138570 18370 138169 17969 137768 17568 137367 17366 137165 17164 136963 16962 136761 16760 136559 16558 136357 16356 136155 16154 135953 15952 135751 15750 15749 15748 15747 15746 15745 15744 55943 96143 136142 16141 56340 96339 136338 16337 16336 136135 16134 135933 15932 135731 15730 135529 15528 135327 15326 135125 15124 134923 14723 134522 14521 14520 14519 14518 14517 134316 14315 134114 13914 133713 13712 133511 13510 13509 13508 13507 13506 13505 13504 13503 13502 13501 13500 13499 13498 13497 53696 93896 133895 13894 13893 13892 13891 13890 13889 13888 133687 13686 13685 133484 13483 13482 13481 13480 13479 13478 13477 13476 13475 13474 13473 13472 13471 13470 13469 13468 13467 13466 13465 13464 13463 13462 13461 13460 13459 13458 13457 13456 13455 13454 13453 13452 13451 13450 13449 13448 13447 13446 13445 13444 13443 13442 13441 13440 13439 13438 13437 13436 13435 13434 133233 13232 133031 12831 132630 12629 132428 12228 132027 12026 131825 11625 131424 11224 131023 10823 130622 10422 130223 10023 129824 9624 129425 9225 129026 8826 128627 8427 128226 8026 127825 7625 127424 7224 127023 6823 126622 6422 126221 6220 6219 6218 6217 6216 46415 86414 126413 6412 46611 86811 47011 87211 47411 7412 
Label: 2067511
[2780,239578,]
21387 141186 21185 140984 20983 140782 20781 140580 20579 140378 20377 140176 19976 19975 19974 139773 19573 139372 19172 138971 18771 138570 18370 138169 17969 137768 17568 137367 17366 137165 17164 136963 16962 136761 16760 136559 16558 136357 16356 136155 16154 135953 15952 15951 15950 15949 15948 15947 15946 15945 15944 15943 56142 96342 136341 16340 16339 16338 16337 16336 136135 16134 135933 15932 135731 15730 135529 15528 135327 15326 135125 15124 134923 14723 134522 14521 14520 14519 14518 134317 14316 134115 14114 133913 13912 133711 13710 13709 13708 13707 13706 13705 13704 13703 13702 13701 13700 13699 13698 13697 13696 13695 13694 13693 13692 13691 13690 13689 13688 13687 13686 13685 133484 13483 13482 13481 13480 13479 13478 13477 13476 13475 13474 13473 13472 13471 13470 13469 13468 13467 13466 13465 13464 13463 13462 13461 13460 13459 13458 13457 13456 13455 13454 13453 13452 13451 13450 13449 13448 13447 13446 13445 13444 13443 13442 13441 13440 13439 13438 13437 13436 13435 13434 133233 13232 133031 12831 132630 12629 132428 12228 132027 12026 131825 11625 131424 11224 131023 10823 130622 10422 130223 10023 129824 9624 129425 9225 129026 8826 128627 8427 128226 8026 127825 7625 127424 7224 127023 6823 126622 6422 126221 6021 6020 6019 6018 6017 6016 6015 46214 86414 126413 6412 46611 86811 47011 87211 47411 7412 
Label: 1960640
[2760,239850,]
21387 141186 21185 140984 20983 140782 20781 140580 20579 140378 20377 140176 19976 19975 19974 139773 19573 139372 19172 138971 18771 138570 18370 138169 17969 137768 17568 137367 17366 137165 17164 136963 16962 136761 16760 136559 16558 136357 16356 136155 16154 135953 15952 15951 15950 15949 15948 15947 15946 15945 15944 15943 56142 96342 136341 16340 16339 16338 16337 16336 136135 16134 135933 15932 135731 15730 135529 15528 135327 15326 135125 15124 134923 14723 134522 14521 14520 14519 14518 134317 14316 134115 14114 133913 13912 133711 13710 13709 13708 13707 13706 13705 13704 13703 13702 13701 13700 13699 13698 13697 13696 13695 13694 13693 13692 13691 13690 13689 13688 13687 13686 13685 133484 13483 13482 13481 13480 13479 13478 13477 13476 13475 13474 13473 13472 13471 13470 13469 13468 13467 13466 13465 13464 13463 13462 13461 13460 13459 13458 13457 13456 13455 13454 13453 13452 13451 13450 13449 13448 13447 13446 13445 13444 13443 13442 13441 13440 13439 13438 13437 13436 13435 13434 133233 13232 133031 12831 132630 12629 132428 12228 132027 12026 131825 11625 131424 11224 131023 10823 130622 10422 130223 10023 129824 9624 129425 9225 129026 8826 128627 8427 128226 8026 127825 7625 127424 7224 127023 6823 126622 6422 126221 6220 6219 6218 6217 6216 46415 86414 126413 6412 46611 86811 47011 87211 47411 7412 
Label: 1849600
[2740,241694,]
21387 141186 21185 140984 20983 140782 20781 140580 20579 140378 20377 140176 19976 19975 19974 139773 19573 139372 19172 138971 18771 138570 18370 138169 17969 137768 17568 137367 17366 137165 17164 136963 16962 136761 16760 136559 16558 136357 16356 136155 16154 16153 16152 16151 16150 16149 16148 16147 16146 16145 16144 16143 16142 56341 96340 136339 16338 16337 16336 136135 16134 135933 15932 135731 15730 135529 15528 135327 15326 135125 15124 134923 14723 134522 14521 14520 14519 14518 134317 14316 134115 14114 133913 13912 133711 13710 13709 13708 13707 13706 13705 13704 13703 13702 13701 13700 13699 13698 13697 13696 13695 13694 13693 13692 13691 13690 13689 13688 13687 13686 13685 133484 13483 13482 13481 13480 13479 13478 13477 13476 13475 13474 13473 13472 13471 13470 13469 13468 13467 13466 13465 13464 13463 13462 13461 13460 13459 13458 13457 13456 13455 13454 13453 13452 13451 13450 13449 13448 13447 13446 13445 13444 13443 13442 13441 13440 13439 13438 13437 13436 13435 13434 133233 13232 133031 12831 132630 12629 132428 12228 132027 12026 131825 11625 131424 11224 131023 10823 130622 10422 130223 10023 129824 9624 129425 9225 129026 8826 128627 8427 128226 8026 127825 7625 127424 7224 127023 6823 126622 6422 126221 6220 6219 6218 6217 6216 46415 86414 126413 6412 46611 86811 47011 87211 47411 7412 
Label: 204857
[2470,375428,]
21387 141186 21185 140984 20983 140782 20781 140580 20579 140378 20377 140176 19976 19975 19974 139773 19573 139372 19172 138971 18771 138570 18370 138169 17969 137768 17568 137367 17366 137165 17164 136963 16962 136761 16760 136559 16558 136357 16356 136155 16154 16153 16152 16151 16150 16149 16148 16147 16146 16145 16144 16143 16142 16141 16140 16139 16138 16137 16136 16135 16134 135933 15932 135731 15730 135529 15528 135327 15326 135125 15124 134923 14723 134522 14521 14520 14519 14518 134317 14316 134115 14114 133913 13912 133711 13710 13709 13708 13707 13706 13705 13704 13703 13702 13701 13700 13699 13698 13697 13696 13695 13694 13693 13692 13691 13690 13689 13688 13687 13686 13685 133484 13483 133282 13281 13280 13279 13278 13277 133076 13075 132874 12873 132672 12671 132470 12469 132268 12267 132066 12065 131864 11863 131662 11661 131460 11459 131258 11257 131056 11055 130854 10853 130652 10651 130450 10250 130049 9849 129648 9647 129446 9246 129045 9044 128843 8842 8841 8840 8839 8838 8837 8836 8835 8834 8833 8832 8831 8830 8829 128628 8627 128426 8226 128025 7825 127624 7424 127223 7222 7221 7220 7219 7218 7217 7216 47415 87414 127413 7412 
Label: 3343834
[2960,236204,]
21387 141186 21185 140984 20983 140782 20781 140580 20579 140378 20377 140176 19976 19975 19974 139773 19573 139372 19172 138971 18771 138570 18370 138169 17969 137768 17568 137367 17366 137165 17164 136963 16962 136761 16760 136559 16558 136357 16356 136155 16154 135953 15952 135751 15750 15749 15748 15747 15746 15745 15744 55943 96143 136142 16141 56340 96540 136539 16538 136337 16336 136135 16134 135933 15932 135731 15730 135529 15528 135327 15326 135125 15124 134923 14723 134522 14521 14520 14519 14518 134317 14316 134115 14114 133913 13713 133512 13511 133310 13309 13308 13307 13306 13305 13304 13303 13302 13301 13300 13299 53498 93698 133697 13696 53895 94095 134094 14093 14092 14091 133890 13889 13888 133687 13686 13685 133484 13483 13482 13481 13480 13479 13478 13477 13476 13475 13474 13473 13472 13471 13470 13469 13468 13467 13466 13465 13464 13463 13462 13461 13460 13459 13458 13457 13456 13455 13454 13453 13452 13451 13450 13449 13448 13447 13446 13445 13444 13443 13442 13441 13440 13439 13438 13437 13436 13435 13434 133233 13232 133031 12831 132630 12629 132428 12228 132027 12026 131825 11625 131424 11224 131023 10823 130622 10422 130223 10023 129824 9624 129425 9225 129026 8826 128627 8427 128226 8026 127825 7625 127424 7224 127023 6823 126622 6422 126221 6021 125820 5819 46018 86017 126016 6015 46214 86414 126413 6412 46611 86811 47011 87211 47411 7412 
Label: 1798580
[2730,242982,]
21387 141186 21185 140984 20983 140782 20781 140580 20579 140378 20377 140176 19976 19975 19974 139773 19573 139372 19172 138971 18771 138570 18370 138169 17969 137768 17568 137367 17366 137165 17164 136963 16962 136761 16760 136559 16558 136357 16356 136155 16154 135953 15952 15951 15950 15949 15948 15947 15946 15945 15944 15943 56142 96342 136341 16340 16339 16338 16337 16336 136135 16134 135933 15932 135731 15730 135529 15528 135327 15326 135125 15124 134923 14723 134522 14521 14520 14519 14518 134317 14316 134115 14114 133913 13912 133711 13710 13709 13708 13707 13706 13705 13704 13703 13702 13701 13700 13699 13698 13697 13696 13695 13694 13693 13692 13691 13690 13689 13688 13687 13686 13685 133484 13483 13482 13481 13480 13479 13478 13477 13476 13475 13474 13473 13472 13471 13470 13469 13468 13467 13466 13465 13464 13463 13462 13461 13460 13459 13458 13457 13456 13455 13454 13453 13452 13451 13450 13449 13448 13447 13446 13445 13444 13443 13442 13441 13440 13439 13438 13437 13436 13435 13434 133233 13232 133031 12831 132630 12629 132428 12228 132027 12026 131825 11625 131424 11224 131023 10823 130622 10422 130223 10023 129824 9624 129425 9225 129026 8826 128627 8427 128226 8026 127825 7625 127424 7224 127023 6823 126622 6422 6421 6420 6419 6418 6417 6416 6415 6414 6413 6412 46611 86811 47011 87211 47411 7412 
Label: 1685030
[2710,244826,]
21387 141186 21185 140984 20983 140782 20781 140580 20579 140378 20377 140176 19976 19975 19974 139773 19573 139372 19172 138971 18771 138570 18370 138169 17969 137768 17568 137367 17366 137165 17164 136963 16962 136761 16760 136559 16558 136357 16356 136155 16154 16153 16152 16151 16150 16149 16148 16147 16146 16145 16144 16143 16142 56341 96340 136339 16338 16337 16336 136135 16134 135933 15932 135731 15730 135529 15528 135327 15326 135125 15124 134923 14723 134522 14521 14520 14519 14518 134317 14316 134115 14114 133913 13912 133711 13710 13709 13708 13707 13706 13705 13704 13703 13702 13701 13700 13699 13698 13697 13696 13695 13694 13693 13692 13691 13690 13689 13688 13687 13686 13685 133484 13483 13482 13481 13480 13479 13478 13477 13476 13475 13474 13473 13472 13471 13470 13469 13468 13467 13466 13465 13464 13463 13462 13461 13460 13459 13458 13457 13456 13455 13454 13453 13452 13451 13450 13449 13448 13447 13446 13445 13444 13443 13442 13441 13440 13439 13438 13437 13436 13435 13434 133233 13232 133031 12831 132630 12629 132428 12228 132027 12026 131825 11625 131424 11224 131023 10823 130622 10422 130223 10023 129824 9624 129425 9225 129026 8826 128627 8427 128226 8026 127825 7625 127424 7224 127023 6823 126622 6422 6421 6420 6419 6418 6417 6416 6415 6414 6413 6412 46611 86811 47011 87211 47411 7412 
Label: 247082
[2480,372819,]
21387 141186 21185 140984 20983 140782 20781 140580 20579 140378 20377 140176 19976 19975 19974 139773 19573 139372 19172 138971 18771 138570 18370 138169 17969 137768 17568 137367 17366 137165 17164 136963 16962 136761 16760 136559 16558 136357 16356 136155 16154 16153 16152 16151 16150 16149 16148 16147 16146 16145 16144 16143 16142 16141 16140 16139 16138 16137 16136 16135 16134 135933 15932 135731 15730 135529 15528 135327 15326 135125 15124 134923 14723 134522 14521 14520 14519 14518 134317 14316 134115 14114 133913 13912 133711 13710 13709 13708 13707 13706 13705 13704 13703 13702 13701 13700 13699 13698 13697 13696 13695 13694 13693 13692 13691 13690 13689 13688 13687 13686 13685 133484 13483 133282 13281 13280 13279 13278 13277 133076 13075 132874 12873 132672 12671 132470 12469 132268 12267 132066 12065 131864 11863 131662 11661 131460 11459 131258 11257 131056 11055 130854 10853 130652 10651 130450 10250 130049 9849 129648 9647 129446 9246 129045 9044 128843 8842 8841 8840 8839 8838 8837 8836 8835 8834 8833 8832 8831 8830 8829 128628 8627 128426 8226 128025 7825 127624 7424 127223 7222 7221 7220 7219 7218 7217 7216 7215 7214 7213 7212 47411 7412 
Label: 1578345
[2690,248252,]
21387 141186 21185 140984 20983 140782 20781 140580 20579 140378 20377 140176 19976 19975 19974 139773 19573 139372 19172 138971 18771 138570 18370 138169 17969 137768 17568 137367 17366 137165 17164 136963 16962 136761 16760 136559 16558 136357 16356 136155 16154 16153 16152 16151 16150 16149 16148 16147 16146 16145 16144 16143 16142 56341 96340 136339 16338 16337 16336 136135 16134 135933 15932 135731 15730 135529 15528 135327 15326 135125 15124 134923 14723 134522 14521 14520 14519 14518 134317 14316 134115 14114 133913 13912 133711 13710 13709 13708 13707 13706 13705 13704 13703 13702 13701 13700 13699 13698 13697 13696 13695 13694 13693 13692 13691 13690 13689 13688 13687 13686 13685 133484 13483 13482 13481 13480 13479 13478 13477 13476 13475 13474 13473 13472 13471 13470 13469 13468 13467 13466 13465 13464 13463 13462 13461 13460 13459 13458 13457 13456 13455 13454 13453 13452 13451 13450 13449 13448 13447 13446 13445 13444 13443 13442 13441 13440 13439 13438 13437 13436 13435 13434 133233 13232 133031 12831 132630 12629 132428 12228 132027 11827 131626 11426 131225 11025 130824 10624 130423 10223 130024 9824 129625 9425 129226 9026 128827 8627 128426 8226 128025 7825 127624 7424 127223 7023 126822 6622 126421 6420 6419 6418 6417 6416 6415 6414 6413 6412 46611 86811 47011 87211 47411 7412 
Label: 3429057
[2970,236202,]
21387 141186 21185 140984 20983 140782 20781 140580 20579 140378 20377 140176 19976 19975 19974 139773 19573 139372 19172 138971 18771 138570 18370 138169 17969 137768 17568 137367 17366 137165 17164 136963 16962 136761 16760 136559 16558 136357 16356 136155 16154 135953 15952 135751 15750 15749 15748 15747 15746 15745 15744 55943 96143 136142 16141 56340 96540 136539 16538 136337 16336 136135 16134 135933 15932 135731 15730 135529 15528 135327 15326 135125 15124 134923 14723 134522 14521 14520 14519 14518 134317 14316 134115 14114 133913 13713 133512 13511 133310 13309 13308 13307 13306 13305 13304 13303 13302 13301 13300 13299 53498 93698 133697 13696 53895 93894 54094 94093 134092 14091 133890 13889 13888 133687 13686 13685 133484 13483 13482 13481 13480 13479 13478 13477 13476 13475 13474 13473 13472 13471 13470 13469 13468 13467 13466 13465 13464 13463 13462 13461 13460 13459 13458 13457 13456 13455 13454 13453 13452 13451 13450 13449 13448 13447 13446 13445 13444 13443 13442 13441 13440 13439 13438 13437 13436 13435 13434 133233 13232 133031 12831 132630 12629 132428 12228 132027 12026 131825 11625 131424 11224 131023 10823 130622 10422 130223 10023 129824 9624 129425 9225 129026 8826 128627 8427 128226 8026 127825 7625 127424 7224 127023 6823 126622 6422 126221 6021 125820 5819 46018 86017 126016 6015 46214 86414 126413 6412 46611 86811 47011 87211 47411 7412 
Label: 1089384
[2600,261477,]
21387 141186 21185 140984 20983 140782 20781 140580 20579 140378 20377 140176 20175 139974 19774 139573 19373 139172 18972 138771 18571 138370 18170 137969 17769 17770 137569 17568 137367 17366 137165 17164 136963 16962 136761 16760 136559 16558 136357 16356 136155 16154 16153 16152 16151 16150 16149 16148 16147 16146 16145 16144 16143 16142 16141 16140 16139 16138 16137 16136 16135 16134 135933 15932 135731 15730 135529 15528 135327 15326 135125 15124 134923 14723 134522 14521 14520 14519 14518 134317 14316 134115 14114 133913 13912 133711 13710 13709 13708 13707 13706 13705 13704 13703 13702 13701 13700 13699 13698 13697 13696 13695 13694 13693 13692 13691 13690 13689 13688 13687 13686 13685 133484 13483 133282 13281 13280 13279 13278 13277 133076 13075 132874 12873 132672 12671 132470 12469 132268 12267 132066 12065 131864 11863 131662 11661 131460 11459 131258 11257 131056 11055 130854 10853 130652 10651 130450 10250 130049 9849 129648 9647 129446 9246 129045 9044 128843 8842 8841 8840 8839 8838 8837 8836 8835 8834 8833 8832 8831 8830 8829 8828 128627 8427 128226 8026 127825 7625 127424 7224 127023 6823 126622 6422 6421 6420 6419 6418 6417 6416 6415 6414 6413 6412 46611 86811 47011 87211 47411 7412 
Label: 1522789
[2680,248312,]
21387 141186 21185 140984 20983 140782 20781 140580 20579 140378 20377 140176 19976 19975 19974 139773 19573 139372 19172 138971 18771 138570 18370 138169 17969 137768 17568 137367 17366 137165 17164 136963 16962 136761 16760 136559 16558 136357 16356 136155 16154 16153 16152 16151 16150 16149 16148 16147 16146 16145 16144 16143 16142 16141 16140 16139 16138 16137 16136 16135 16134 135933 15932 135731 15730 135529 15528 135327 15326 135125 15124 134923 14723 134522 14521 14520 14519 14518 134317 14316 134115 14114 133913 13912 133711 13710 13709 13708 13707 13706 13705 13704 13703 13702 13701 13700 13699 13698 13697 13696 13695 13694 13693 13692 13691 13690 13689 13688 13687 13686 13685 133484 13483 13482 13481 13480 13479 13478 13477 13476 13475 13474 13473 13472 13471 13470 13469 13468 13467 13466 13465 13464 13463 13462 13461 13460 13459 13458 13457 13456 13455 13454 13453 13452 13451 13450 13449 13448 13447 13446 13445 13444 13443 13442 13441 13440 13439 13438 13437 13436 13435 13434 133233 13232 133031 12831 132630 12629 132428 12228 132027 12026 131825 11625 131424 11224 131023 10823 130622 10422 130223 10023 129824 9624 129425 9225 129026 8826 128627 8427 128226 8026 127825 7625 127424 7224 127023 6823 126622 6422 6421 6420 6419 6418 6417 6416 6415 6414 6413 6412 46611 86811 47011 87211 47411 7412 
Label: 3850447
[3020,233976,]
21387 141186 21185 140984 20983 20982 20981 20980 20979 20978 20977 20976 20975 20974 20973 20972 20971 20970 20969 20968 20967 20966 20965 20964 20963 20962 20961 20960 20959 20958 20957 20956 20955 20954 20953 20952 20951 20950 20949 20948 61147 101347 141346 21345 61544 101744 141743 21742 61941 102141 142140 22139 62338 102538 142537 22536 22535 22534 22533 22532 22531 22530 142329 22129 141928 21927 141726 21725 141524 21523 141322 21321 21320 21319 21318 21317 21316 141115 20915 140714 20514 140313 20113 139912 19712 139511 19311 139112 18912 138711 18511 138312 18112 137913 17713 137512 17312 137113 16913 136712 16512 136313 16113 135914 15714 135515 15315 135114 14914 134713 14513 134312 14112 133911 13711 13710 13709 13708 13707 13706 13705 13704 13703 13702 13701 13700 13699 13698 13697 13696 13695 13694 13693 13692 13691 13690 13689 13688 13687 13686 13685 133484 13483 13482 13481 13480 13479 13478 13477 13476 13475 13474 13473 13472 13471 13470 13469 13468 13467 13466 13465 13464 13463 13462 13461 13460 13459 13458 13457 13456 13455 13454 13453 13452 13451 13450 13449 13448 13447 13446 13445 13444 13443 13442 13441 13440 13439 13438 13437 13436 13435 13434 133233 13232 133031 12831 132630 12629 132428 12228 132027 12026 131825 11625 131424 11224 131023 10823 130622 10422 130223 10023 129824 9624 129425 9225 129026 8826 128627 8427 128226 8026 127825 7625 127424 7224 127023 6823 126622 6422 6421 6420 6419 6418 6417 6416 6415 6414 6413 6412 46611 86811 47011 87211 47411 7412 
Label: 2169027
[2800,238517,]
21387 141186 21185 140984 20983 140782 20781 140580 20579 140378 20377 140176 19976 19975 19974 139773 19573 139372 19172 138971 18771 138570 18370 138169 17969 137768 17568 137367 17366 137165 17164 136963 16962 136761 16760 136559 16558 136357 16356 136155 16154 135953 15952 15951 15950 15949 15948 15947 15946 15945 56144 96143 136142 16141 56340 96339 136338 16337 16336 136135 16134 135933 15932 135731 15730 135529 15528 135327 15326 135125 15124 134923 14723 134522 14521 14520 14519 14518 134317 14316 134115 14114 133913 13912 133711 13710 13709 13708 13707 13706 13705 13704 13703 13702 13701 13700 13699 13698 13697 53896 93895 133894 13893 13892 13891 13890 13889 13888 133687 13686 13685 133484 13483 13482 13481 13480 13479 13478 13477 13476 13475 13474 13473 13472 13471 13470 13469 13468 13467 13466 13465 13464 13463 13462 13461 13460 13459 13458 13457 13456 13455 13454 13453 13452 13451 13450 13449 13448 13447 13446 13445 13444 13443 13442 13441 13440 13439 13438 13437 13436 13435 13434 133233 13232 133031 12831 132630 12629 132428 12228 132027 12026 131825 11625 131424 11224 131023 10823 130622 10422 130223 10023 129824 9624 129425 9225 129026 8826 128627 8427 128226 8026 127825 7625 127424 7224 127023 6823 126622 6422 126221 6220 6219 6218 6217 6216 46415 86414 126413 6412 46611 86811 47011 87211 47411 7412 
Label: 2629533
[2870,236699,]
21387 141186 21185 140984 20983 140782 20781 140580 20579 140378 20377 140176 19976 19975 19974 139773 19573 139372 19172 138971 18771 138570 18370 138169 17969 137768 17568 137367 17366 137165 17164 136963 16962 136761 16760 136559 16558 136357 16356 136155 16154 135953 15952 135751 15750 15749 15748 15747 15746 15745 15744 55943 96143 136142 16141 56340 96339 136338 16337 16336 136135 16134 135933 15932 135731 15730 135529 15528 135327 15326 135125 15124 134923 14723 134522 14521 14520 14519 14518 134317 14316 134115 14114 133913 13713 133512 13511 133310 13309 13308 13307 13306 13305 13304 13303 13302 13301 13300 13299 53498 93698 133697 13696 53895 93894 133893 13892 13891 13890 13889 13888 133687 13686 13685 133484 13483 13482 13481 13480 13479 13478 13477 13476 13475 13474 13473 13472 13471 13470 13469 13468 13467 13466 13465 13464 13463 13462 13461 13460 13459 13458 13457 13456 13455 13454 13453 13452 13451 13450 13449 13448 13447 13446 13445 13444 13443 13442 13441 13440 13439 13438 13437 13436 13435 13434 133233 13232 133031 12831 132630 12629 132428 12228 132027 12026 131825 11625 131424 11224 131023 10823 130622 10422 130223 10023 129824 9624 129425 9225 129026 8826 128627 8427 128226 8026 127825 7625 127424 7224 127023 6823 126622 6422 126221 6220 6219 6218 6217 6216 46415 86414 126413 6412 46611 86811 47011 87211 47411 7412 
Label: 3683096
[3000,235293,]
21387 141186 21185 140984 20983 20982 20981 20980 20979 20978 20977 20976 20975 20974 20973 20972 20971 20970 20969 20968 20967 20966 20965 20964 20963 20962 20961 20960 20959 20958 20957 20956 20955 20954 20953 20952 20951 20950 20949 20948 61147 101347 141346 21345 61544 101744 141743 21742 61941 102141 142140 22139 62338 102538 142537 22536 22535 22534 22533 22532 22531 22530 142329 22129 141928 21927 141726 21725 141524 21523 141322 21321 21320 21319 21318 141117 21116 140915 20715 140514 20314 140113 19913 139712 19512 139311 19111 138912 18712 138511 18311 138112 17912 137713 17513 137312 17112 136913 16713 136512 16312 136113 15913 135714 15514 135313 15113 134912 14712 134511 14311 134110 13910 133709 13708 13707 13706 13705 13704 13703 13702 13701 13700 13699 13698 13697 13696 13695 13694 13693 13692 13691 13690 13689 13688 13687 13686 13685 133484 13483 13482 13481 13480 13479 13478 13477 13476 13475 13474 13473 13472 13471 13470 13469 13468 13467 13466 13465 13464 13463 13462 13461 13460 13459 13458 13457 13456 13455 13454 13453 13452 13451 13450 13449 13448 13447 13446 13445 13444 13443 13442 13441 13440 13439 13438 13437 13436 13435 13434 133233 13232 133031 12831 132630 12629 132428 12228 132027 12026 131825 11625 131424 11224 131023 10823 130622 10422 130223 10023 129824 9624 129425 9225 129026 8826 128627 8427 128226 8026 127825 7625 127424 7224 127023 6823 126622 6422 6421 6420 6419 6418 6417 6416 6415 6414 6413 6412 46611 86811 47011 87211 47411 7412 
Label: 2697728
[2880,236657,]
21387 141186 21185 140984 20983 140782 20781 140580 20579 140378 20377 140176 19976 19975 19974 139773 19573 139372 19172 138971 18771 138570 18370 138169 17969 137768 17568 137367 17366 137165 17164 136963 16962 136761 16760 136559 16558 136357 16356 136155 16154 135953 15952 135751 15750 15749 15748 15747 15746 15745 15744 55943 96143 136142 16141 56340 96540 136539 16538 136337 16336 136135 16134 135933 15932 135731 15730 135529 15528 135327 15326 135125 15124 134923 14723 134522 14521 14520 14519 14518 14517 134316 14315 134114 13914 133713 13712 133511 13510 13509 13508 13507 13506 13505 13504 13503 13502 13501 13500 13499 13498 13497 53696 93896 133895 13894 13893 13892 13891 13890 13889 13888 133687 13686 13685 133484 13483 13482 13481 13480 13479 13478 13477 13476 13475 13474 13473 13472 13471 13470 13469 13468 13467 13466 13465 13464 13463 13462 13461 13460 13459 13458 13457 13456 13455 13454 13453 13452 13451 13450 13449 13448 13447 13446 13445 13444 13443 13442 13441 13440 13439 13438 13437 13436 13435 13434 133233 13232 133031 12831 132630 12629 132428 12228 132027 12026 131825 11625 131424 11224 131023 10823 130622 10422 130223 10023 129824 9624 129425 9225 129026 8826 128627 8427 128226 8026 127825 7625 127424 7224 127023 6823 126622 6422 126221 6021 6020 6019 6018 6017 6016 6015 46214 86414 126413 6412 46611 86811 47011 87211 47411 7412 
Label: 3179347
[2940,236265,]
21387 141186 21185 140984 20983 140782 20781 140580 20579 140378 20377 140176 19976 19975 19974 139773 19573 139372 19172 138971 18771 138570 18370 138169 17969 137768 17568 137367 17366 137165 17164 136963 16962 136761 16760 136559 16558 136357 16356 136155 16154 135953 15952 135751 15750 15749 15748 15747 15746 15745 15744 55943 96143 136142 16141 56340 96540 136539 16538 136337 16336 136135 16134 135933 15932 135731 15730 135529 15528 135327 15326 135125 15124 134923 14723 134522 14521 14520 14519 14518 134317 14316 134115 14114 133913 13713 133512 13511 133310 13309 13308 13307 13306 13305 13304 13303 13302 13301 13300 13299 53498 93698 133697 13696 53895 93894 54094 94093 134092 14091 133890 13889 13888 133687 13686 13685 133484 13483 13482 13481 13480 13479 13478 13477 13476 13475 13474 13473 13472 13471 13470 13469 13468 13467 13466 13465 13464 13463 13462 13461 13460 13459 13458 13457 13456 13455 13454 13453 13452 13451 13450 13449 13448 13447 13446 13445 13444 13443 13442 13441 13440 13439 13438 13437 13436 13435 13434 133233 13232 133031 12831 132630 12629 132428 12228 132027 12026 131825 11625 131424 11224 131023 10823 130622 10422 130223 10023 129824 9624 129425 9225 129026 8826 128627 8427 128226 8026 127825 7625 127424 7224 127023 6823 126622 6422 126221 6021 6020 6019 6018 6017 6016 6015 46214 86414 126413 6412 46611 86811 47011 87211 47411 7412 
Label: 2486333
[2850,236996,]
21387 141186 21185 140984 20983 140782 20781 140580 20579 140378 20377 140176 19976 19975 19974 139773 19573 139372 19172 138971 18771 138570 18370 138169 17969 137768 17568 137367 17366 137165 17164 136963 16962 136761 16760 136559 16558 136357 16356 136155 16154 135953 15952 135751 15750 15749 15748 15747 15746 15745 15744 55943 96143 136142 16141 56340 96339 136338 16337 16336 136135 16134 135933 15932 135731 15730 135529 15528 135327 15326 135125 15124 134923 14723 134522 14521 14520 14519 14518 14517 134316 14315 134114 13914 133713 13712 133511 13510 13509 13508 13507 13506 13505 13504 13503 13502 13501 13500 13499 13498 53697 93696 53896 93895 133894 13893 13892 13891 13890 13889 13888 133687 13686 13685 133484 13483 13482 13481 13480 13479 13478 13477 13476 13475 13474 13473 13472 13471 13470 13469 13468 13467 13466 13465 13464 13463 13462 13461 13460 13459 13458 13457 13456 13455 13454 13453 13452 13451 13450 13449 13448 13447 13446 13445 13444 13443 13442 13441 13440 13439 13438 13437 13436 13435 13434 133233 13232 133031 12831 132630 12629 132428 12228 132027 12026 131825 11625 131424 11224 131023 10823 130622 10422 130223 10023 129824 9624 129425 9225 129026 8826 128627 8427 128226 8026 127825 7625 127424 7224 127023 6823 126622 6422 126221 6220 6219 6218 6217 6216 46415 86414 126413 6412 46611 86811 47011 87211 47411 7412 
Label: 2776506
[2890,236427,]
21387 141186 21185 140984 20983 140782 20781 140580 20579 140378 20377 140176 19976 19975 19974 139773 19573 139372 19172 138971 18771 138570 18370 138169 17969 137768 17568 137367 17366 137165 17164 136963 16962 136761 16760 136559 16558 136357 16356 136155 16154 135953 15952 135751 15750 15749 15748 15747 15746 15745 15744 55943 96143 136142 16141 56340 96339 136338 16337 16336 136135 16134 135933 15932 135731 15730 135529 15528 135327 15326 135125 15124 134923 14723 134522 14521 14520 14519 14518 134317 14316 134115 14114 133913 13713 133512 13511 133310 13309 13308 13307 13306 13305 13304 13303 13302 13301 13300 13299 53498 93698 133697 13696 53895 93894 133893 13892 13891 13890 13889 13888 133687 13686 13685 133484 13483 13482 13481 13480 13479 13478 13477 13476 13475 13474 13473 13472 13471 13470 13469 13468 13467 13466 13465 13464 13463 13462 13461 13460 13459 13458 13457 13456 13455 13454 13453 13452 13451 13450 13449 13448 13447 13446 13445 13444 13443 13442 13441 13440 13439 13438 13437 13436 13435 13434 133233 13232 133031 12831 132630 12629 132428 12228 132027 12026 131825 11625 131424 11224 131023 10823 130622 10422 130223 10023 129824 9624 129425 9225 129026 8826 128627 8427 128226 8026 127825 7625 127424 7224 127023 6823 126622 6422 126221 6021 6020 6019 6018 6017 6016 6015 46214 86414 126413 6412 46611 86811 47011 87211 47411 7412 
Label: 3094375
[2930,236267,]
21387 141186 21185 140984 20983 140782 20781 140580 20579 140378 20377 140176 19976 19975 19974 139773 19573 139372 19172 138971 18771 138570 18370 138169 17969 137768 17568 137367 17366 137165 17164 136963 16962 136761 16760 136559 16558 136357 16356 136155 16154 135953 15952 135751 15750 15749 15748 15747 15746 15745 15744 55943 96143 136142 16141 56340 96540 136539 16538 136337 16336 136135 16134 135933 15932 135731 15730 135529 15528 135327 15326 135125 15124 134923 14723 134522 14521 14520 14519 14518 134317 14316 134115 14114 133913 13713 133512 13511 133310 13309 13308 13307 13306 13305 13304 13303 13302 13301 13300 13299 53498 93698 133697 13696 53895 94095 134094 14093 14092 14091 133890 13889 13888 133687 13686 13685 133484 13483 13482 13481 13480 13479 13478 13477 13476 13475 13474 13473 13472 13471 13470 13469 13468 13467 13466 13465 13464 13463 13462 13461 13460 13459 13458 13457 13456 13455 13454 13453 13452 13451 13450 13449 13448 13447 13446 13445 13444 13443 13442 13441 13440 13439 13438 13437 13436 13435 13434 133233 13232 133031 12831 132630 12629 132428 12228 132027 12026 131825 11625 131424 11224 131023 10823 130622 10422 130223 10023 129824 9624 129425 9225 129026 8826 128627 8427 128226 8026 127825 7625 127424 7224 127023 6823 126622 6422 126221 6021 6020 6019 6018 6017 6016 6015 46214 86414 126413 6412 46611 86811 47011 87211 47411 7412 
Label: 3513869
[2980,236194,]
21387 141186 21185 140984 20983 140782 20781 140580 20579 140378 20377 140176 19976 19975 19974 139773 19573 139372 19172 138971 18771 138570 18370 138169 17969 137768 17568 137367 17366 137165 17164 136963 16962 136761 16760 136559 16558 136357 16356 136155 16154 135953 15952 135751 15750 15749 15748 15747 15746 15745 15744 55943 96143 136142 16141 56340 96540 136539 16538 136337 16336 136135 16134 135933 15932 135731 15730 135529 15528 135327 15326 135125 15124 134923 14723 134522 14521 14520 14519 14518 134317 14316 134115 14114 133913 13713 133512 13511 133310 13110 13109 132908 12907 12906 12905 12904 12903 12902 53101 93301 133300 13299 53498 93698 133697 13696 53895 94095 134094 14093 14092 14091 133890 13889 13888 133687 13686 13685 133484 13483 13482 13481 13480 13479 13478 13477 13476 13475 13474 13473 13472 13471 13470 13469 13468 13467 13466 13465 13464 13463 13462 13461 13460 13459 13458 13457 13456 13455 13454 13453 13452 13451 13450 13449 13448 13447 13446 13445 13444 13443 13442 13441 13440 13439 13438 13437 13436 13435 13434 133233 13232 133031 12831 132630 12629 132428 12228 132027 12026 131825 11625 131424 11224 131023 10823 130622 10422 130223 10023 129824 9624 129425 9225 129026 8826 128627 8427 128226 8026 127825 7625 127424 7224 127023 6823 126622 6422 126221 6021 6020 6019 6018 6017 6016 6015 46214 86414 126413 6412 46611 86811 47011 87211 47411 7412 
Label: 3598447
[2990,236141,]
21387 141186 21185 140984 20983 140782 20781 140580 20579 140378 20377 140176 19976 19975 19974 139773 19573 139372 19172 138971 18771 138570 18370 138169 17969 137768 17568 137367 17366 137165 17164 136963 16962 136761 16760 136559 16558 136357 16356 136155 16154 135953 15952 135751 15750 135549 15548 55747 95746 135745 15744 55943 96143 136142 16141 56340 96540 136539 16538 136337 16336 136135 16134 135933 15932 135731 15730 135529 15528 135327 15326 135125 15124 134923 14723 134522 14521 14520 14519 14518 134317 14316 134115 14114 133913 13713 133512 13511 133310 13309 13308 13307 13306 13305 13304 13303 13302 13301 13300 13299 53498 93698 133697 13696 53895 94095 134094 14093 14092 14091 133890 13889 13888 133687 13686 13685 133484 13483 13482 13481 13480 13479 13478 13477 13476 13475 13474 13473 13472 13471 13470 13469 13468 13467 13466 13465 13464 13463 13462 13461 13460 13459 13458 13457 13456 13455 13454 13453 13452 13451 13450 13449 13448 13447 13446 13445 13444 13443 13442 13441 13440 13439 13438 13437 13436 13435 13434 133233 13232 133031 12831 132630 12629 132428 12228 132027 12026 131825 11625 131424 11224 131023 10823 130622 10422 130223 10023 129824 9624 129425 9225 129026 8826 128627 8427 128226 8026 127825 7625 127424 7224 127023 6823 126622 6422 126221 6021 125820 5819 46018 86017 126016 6015 46214 86414 126413 6412 46611 86811 47011 87211 47411 7412 
Label: 2560585
[2860,236744,]
21387 141186 21185 140984 20983 140782 20781 140580 20579 140378 20377 140176 19976 19975 19974 139773 19573 139372 19172 138971 18771 138570 18370 138169 17969 137768 17568 137367 17366 137165 17164 136963 16962 136761 16760 136559 16558 136357 16356 136155 16154 135953 15952 135751 15750 15749 15748 15747 15746 15745 15744 55943 96143 136142 16141 56340 96339 136338 16337 16336 136135 16134 135933 15932 135731 15730 135529 15528 135327 15326 135125 15124 134923 14723 134522 14521 14520 14519 14518 14517 134316 14315 134114 13914 133713 13712 133511 13510 13509 13508 13507 13506 13505 13504 13503 13502 13501 13500 13499 13498 13497 53696 93896 133895 13894 13893 13892 13891 13890 13889 13888 133687 13686 13685 133484 13483 13482 13481 13480 13479 13478 13477 13476 13475 13474 13473 13472 13471 13470 13469 13468 13467 13466 13465 13464 13463 13462 13461 13460 13459 13458 13457 13456 13455 13454 13453 13452 13451 13450 13449 13448 13447 13446 13445 13444 13443 13442 13441 13440 13439 13438 13437 13436 13435 13434 133233 13232 133031 12831 132630 12629 132428 12228 132027 12026 131825 11625 131424 11224 131023 10823 130622 10422 130223 10023 129824 9624 129425 9225 129026 8826 128627 8427 128226 8026 127825 7625 127424 7224 127023 6823 126622 6422 126221 6021 6020 6019 6018 6017 6016 6015 46214 86414 126413 6412 46611 86811 47011 87211 47411 7412 
Label: 3931450
[3030,231753,]
21387 141186 21185 140984 20983 20982 20981 20980 20979 20978 20977 20976 20975 20974 20973 20972 20971 20970 20969 20968 20967 20966 20965 20964 20963 20962 20961 20960 20959 20958 20957 20956 20955 20954 20953 20952 20951 20950 20949 20948 61147 101347 141346 21345 61544 101744 141743 21742 61941 102141 142140 22139 62338 102538 62738 102737 142736 22735 22734 22733 22732 142531 22530 142329 22129 141928 21927 141726 21725 141524 21523 141322 21321 21320 21319 21318 141117 21116 140915 20715 140514 20314 140113 19913 139712 19512 139311 19111 138912 18712 138511 18311 138112 17912 137713 17513 137312 17112 136913 16713 136512 16312 136113 15913 135714 15514 135313 15113 134912 14712 134511 14311 134110 13910 133709 13708 13707 13706 13705 13704 13703 13702 13701 13700 13699 13698 13697 13696 13695 13694 13693 13692 13691 13690 13689 13688 13687 13686 13685 133484 13483 13482 13481 13480 13479 13478 13477 13476 13475 13474 13473 13472 13471 13470 13469 13468 13467 13466 13465 13464 13463 13462 13461 13460 13459 13458 13457 13456 13455 13454 13453 13452 13451 13450 13449 13448 13447 13446 13445 13444 13443 13442 13441 13440 13439 13438 13437 13436 13435 13434 133233 13232 133031 12831 132630 12629 132428 12228 132027 12026 131825 11625 131424 11224 131023 10823 130622 10422 130223 10023 129824 9624 129425 9225 129026 8826 128627 8427 128226 8026 127825 7625 127424 7224 127023 6823 126622 6422 6421 6420 6419 6418 6417 6416 6415 6414 6413 6412 46611 86811 47011 87211 47411 7412 
Label: 809880
[2560,270942,]
21387 141186 21185 140984 20983 140782 20781 140580 20579 140378 20377 140176 19976 19975 19974 139773 19573 139372 19172 138971 18771 138570 18370 138169 17969 137768 17568 137367 17366 137165 17164 136963 16962 136761 16760 136559 16558 136357 16356 136155 16154 16153 16152 16151 16150 16149 16148 16147 16146 16145 16144 16143 16142 16141 16140 16139 16138 16137 16136 16135 16134 135933 15932 135731 15730 135529 15528 135327 15326 135125 15124 134923 14723 134522 14521 14520 14519 14518 134317 14316 134115 14114 133913 13912 133711 13710 13709 13708 13707 13706 13705 13704 13703 13702 13701 13700 13699 13698 13697 13696 13695 13694 13693 13692 13691 13690 13689 13688 13687 13686 13685 133484 13483 133282 13281 13280 13279 13278 13277 133076 13075 132874 12873 132672 12671 132470 12469 132268 12267 132066 12065 131864 11863 131662 11661 131460 11459 131258 11257 131056 11055 130854 10853 130652 10651 130450 10250 130049 9849 129648 9647 129446 9246 129045 9044 128843 8842 8841 8840 8839 8838 8837 8836 8835 8834 8833 8832 8831 8830 8829 8828 128627 8427 128226 8026 127825 7625 127424 7224 127023 6823 126622 6621 6620 6619 6618 6617 6616 6615 6614 6613 46812 86811 47011 87211 47411 7412 
Label: 742384
[2550,288005,]
21387 141186 21185 140984 20983 140782 20781 140580 20579 140378 20377 140176 20175 139974 19774 139573 19373 139172 18972 138771 18571 138370 18170 137969 17769 17770 137569 17568 137367 17366 137165 17164 136963 16962 136761 16760 136559 16558 136357 16356 136155 16154 16153 16152 16151 16150 16149 16148 16147 16146 16145 16144 16143 16142 16141 16140 16139 16138 16137 16136 16135 16134 135933 15932 135731 15730 135529 15528 135327 15326 135125 15124 134923 14723 134522 14521 14520 14519 14518 134317 14316 134115 14114 133913 13912 133711 13710 13709 13708 13707 13706 13705 13704 13703 13702 13701 13700 13699 13698 13697 13696 13695 13694 13693 13692 13691 13690 13689 13688 13687 13686 13685 133484 13483 133282 13281 13280 13279 13278 13277 133076 13075 132874 12873 132672 12671 132470 12469 132268 12267 132066 12065 131864 11863 131662 11661 131460 11459 131258 11257 131056 11055 130854 10853 130652 10651 130450 10250 130049 9849 129648 9647 129446 9246 129045 9044 128843 8842 8841 8840 8839 8838 8837 8836 8835 8834 8833 8832 8831 8830 8829 8828 128627 8427 128226 8026 127825 7625 127424 7224 127023 6823 6822 6821 6820 6819 6818 6817 6816 6815 6814 6813 6812 47011 87211 47411 7412 
Label: 1142009
[2610,257992,]
21387 141186 21185 140984 20983 140782 20781 140580 20579 140378 20377 140176 19976 19975 19974 139773 19573 139372 19172 138971 18771 138570 18370 138169 17969 137768 17568 137367 17366 137165 17164 136963 16962 136761 16760 136559 16558 136357 16356 136155 16154 16153 16152 16151 16150 16149 16148 16147 16146 16145 16144 16143 16142 56341 96340 136339 16338 16337 16336 136135 16134 135933 15932 135731 15730 135529 15528 135327 15326 135125 15124 134923 14723 134522 14521 14520 14519 14518 134317 14316 134115 14114 133913 13912 133711 13710 13709 13708 13707 13706 13705 13704 13703 13702 13701 13700 13699 13698 13697 13696 13695 13694 13693 13692 13691 13690 13689 13688 13687 13686 13685 133484 13483 133282 13281 13280 13279 13278 13277 133076 13075 132874 12873 132672 12671 132470 12469 132268 12267 132066 12065 131864 11863 131662 11661 131460 11459 131258 11257 131056 11055 130854 10853 130652 10651 130450 10250 130049 9849 129648 9647 129446 9246 129045 9044 128843 8842 8841 8840 8839 8838 8837 8836 8835 8834 8833 8832 8831 8830 8829 8828 128627 8427 128226 8026 127825 7625 127424 7224 127023 6823 126622 6422 6421 6420 6419 6418 6417 6416 6415 6414 6413 6412 46611 86811 47011 87211 47411 7412 
Label: 599327
[2530,288006,]
21387 141186 21185 140984 20983 140782 20781 140580 20579 140378 20377 140176 19976 19975 19974 139773 19573 139372 19172 138971 18771 138570 18370 138169 17969 137768 17568 137367 17366 137165 17164 136963 16962 136761 16760 136559 16558 136357 16356 136155 16154 16153 16152 16151 16150 16149 16148 16147 16146 16145 16144 16143 16142 16141 16140 16139 16138 16137 16136 16135 16134 135933 15932 135731 15730 135529 15528 135327 15326 135125 15124 134923 14723 134522 14521 14520 14519 14518 134317 14316 134115 14114 133913 13912 133711 13710 13709 13708 13707 13706 13705 13704 13703 13702 13701 13700 13699 13698 13697 13696 13695 13694 13693 13692 13691 13690 13689 13688 13687 13686 13685 133484 13483 133282 13281 13280 13279 13278 13277 133076 13075 132874 12873 132672 12671 132470 12469 132268 12267 132066 12065 131864 11863 131662 11661 131460 11459 131258 11257 131056 11055 130854 10853 130652 10651 130450 10250 130049 9849 129648 9647 129446 9246 129045 9044 128843 8842 8841 8840 8839 8838 8837 8836 8835 8834 8833 8832 8831 8830 8829 8828 128627 8427 128226 8026 127825 7625 127424 7224 127023 6823 6822 6821 6820 6819 6818 6817 6816 6815 6814 6813 6812 47011 87211 47411 7412 
Label: 1413995
[2660,251738,]
21387 141186 21185 140984 20983 140782 20781 140580 20579 140378 20377 140176 19976 19975 19974 139773 19573 139372 19172 138971 18771 138570 18370 138169 17969 137768 17568 137367 17366 137165 17164 136963 16962 136761 16760 136559 16558 136357 16356 136155 16154 16153 16152 16151 16150 16149 16148 16147 16146 16145 16144 16143 16142 16141 16140 16139 16138 16137 16136 16135 16134 135933 15932 135731 15730 135529 15528 135327 15326 135125 15124 134923 14723 134522 14521 14520 14519 14518 134317 14316 134115 14114 133913 13912 133711 13710 13709 13708 13707 13706 13705 13704 13703 13702 13701 13700 13699 13698 13697 13696 13695 13694 13693 13692 13691 13690 13689 13688 13687 13686 13685 133484 13483 13482 13481 13480 13479 13478 13477 13476 13475 13474 13473 13472 13471 13470 13469 13468 13467 13466 13465 13464 13463 13462 13461 13460 13459 13458 13457 13456 13455 13454 13453 13452 13451 13450 13449 13448 13447 13446 13445 13444 13443 13442 13441 13440 13439 13438 13437 13436 13435 13434 133233 13232 133031 12831 132630 12629 132428 12228 132027 11827 131626 11426 131225 11025 130824 10624 130423 10223 130024 9824 129625 9425 129226 9026 128827 8627 128426 8226 128025 7825 127624 7424 127223 7023 126822 6622 126421 6420 6419 6418 6417 6416 6415 6414 6413 6412 46611 86811 47011 87211 47411 7412 
Label: 340195
[2490,339876,]
21387 141186 21185 140984 20983 140782 20781 140580 20579 140378 20377 140176 19976 19975 19974 139773 19573 139372 19172 138971 18771 138570 18370 138169 17969 137768 17568 137367 17366 137165 17164 136963 16962 136761 16760 136559 16558 136357 16356 136155 16154 16153 16152 16151 16150 16149 16148 16147 16146 16145 16144 16143 16142 16141 16140 16139 16138 16137 16136 16135 16134 135933 15932 135731 15730 135529 15528 135327 15326 135125 15124 134923 14723 134522 14521 14520 14519 14518 134317 14316 134115 14114 133913 13912 133711 13710 13709 13708 13707 13706 13705 13704 13703 13702 13701 13700 13699 13698 13697 13696 13695 13694 13693 13692 13691 13690 13689 13688 13687 13686 13685 133484 13483 133282 13281 13280 13279 13278 13277 133076 13075 132874 12873 132672 12671 132470 12469 132268 12267 132066 12065 131864 11863 131662 11661 131460 11459 131258 11257 131056 11055 130854 10853 130652 10651 130450 10250 130049 9849 129648 9647 129446 9246 129045 9044 128843 8842 8841 8840 8839 8838 8837 8836 8835 8834 8833 8832 8831 8830 8829 8828 128627 8427 128226 8026 127825 7625 127424 7224 127023 7022 7021 7020 7019 7018 7017 7016 7015 47214 87414 127413 7412 
Label: 134952
[2460,420632,]
21387 141186 21185 140984 20983 140782 20781 140580 20579 140378 20377 140176 20175 139974 19774 139573 19373 139172 18972 138771 18571 138370 18170 137969 17769 17770 137569 17568 137367 17366 137165 17164 136963 16962 136761 16760 136559 16558 136357 16356 136155 16154 16153 16152 16151 16150 16149 16148 16147 16146 16145 16144 16143 16142 16141 16140 16139 16138 16137 16136 16135 16134 135933 15932 135731 15730 135529 15528 135327 15326 135125 15124 134923 14723 134522 14521 14520 14519 14518 134317 14316 134115 14114 133913 13912 133711 13710 13709 13708 13707 13706 13705 13704 13703 13702 13701 13700 13699 13698 13697 13696 13695 13694 13693 13692 13691 13690 13689 13688 13687 13686 13685 133484 13483 133282 13281 13280 13279 13278 13277 133076 13075 132874 12873 132672 12671 132470 12469 132268 12267 132066 12065 131864 11863 131662 11661 131460 11459 131258 11257 131056 11055 130854 10853 130652 10651 130450 10250 130049 9849 129648 9647 129446 9246 129045 9044 128843 8842 8841 8840 8839 8838 8837 8836 8835 8834 8833 8832 8831 8830 8829 128628 8627 128426 8226 128025 7825 127624 7623 127422 7421 7420 7419 7418 7417 7416 7415 7414 7413 7412 
Label: 944374
[2580,261478,]
21387 141186 21185 140984 20983 140782 20781 140580 20579 140378 20377 140176 19976 19975 19974 139773 19573 139372 19172 138971 18771 138570 18370 138169 17969 137768 17568 137367 17366 137165 17164 136963 16962 136761 16760 136559 16558 136357 16356 136155 16154 16153 16152 16151 16150 16149 16148 16147 16146 16145 16144 16143 16142 16141 16140 16139 16138 16137 16136 16135 16134 135933 15932 135731 15730 135529 15528 135327 15326 135125 15124 134923 14723 134522 14521 14520 14519 14518 134317 14316 134115 14114 133913 13912 133711 13710 13709 13708 13707 13706 13705 13704 13703 13702 13701 13700 13699 13698 13697 13696 13695 13694 13693 13692 13691 13690 13689 13688 13687 13686 13685 133484 13483 133282 13281 13280 13279 13278 13277 133076 13075 132874 12873 132672 12671 132470 12469 132268 12267 132066 12065 131864 11863 131662 11661 131460 11459 131258 11257 131056 11055 130854 10853 130652 10651 130450 10250 130049 9849 129648 9647 129446 9246 129045 9044 128843 8842 8841 8840 8839 8838 8837 8836 8835 8834 8833 8832 8831 8830 8829 8828 128627 8427 128226 8026 127825 7625 127424 7224 127023 6823 126622 6422 6421 6420 6419 6418 6417 6416 6415 6414 6413 6412 46611 86811 47011 87211 47411 7412 
Label: 454851
[2510,325794,]
21387 141186 21185 140984 20983 140782 20781 140580 20579 140378 20377 140176 19976 19975 19974 139773 19573 139372 19172 138971 18771 138570 18370 138169 17969 137768 17568 137367 17366 137165 17164 136963 16962 136761 16760 136559 16558 136357 16356 136155 16154 16153 16152 16151 16150 16149 16148 16147 16146 16145 16144 16143 16142 16141 16140 16139 16138 16137 16136 16135 16134 135933 15932 135731 15730 135529 15528 135327 15326 135125 15124 134923 14723 134522 14521 14520 14519 14518 134317 14316 134115 14114 133913 13912 133711 13710 13709 13708 13707 13706 13705 13704 13703 13702 13701 13700 13699 13698 13697 13696 13695 13694 13693 13692 13691 13690 13689 13688 13687 13686 13685 133484 13483 133282 13281 13280 13279 13278 13277 133076 13075 132874 12873 132672 12671 132470 12469 132268 12267 132066 12065 131864 11863 131662 11661 131460 11459 131258 11257 131056 11055 130854 10853 130652 10651 130450 10250 130049 9849 129648 9647 129446 9246 129045 9044 128843 8842 8841 8840 8839 8838 8837 8836 8835 8834 8833 8832 8831 8830 8829 8828 128627 8427 128226 8026 127825 7625 127424 7224 127023 7022 7021 7020 7019 7018 7017 7016 7015 7014 7013 47212 87211 47411 7412 
Label: 3768719
[3010,235179,]
21387 141186 21185 140984 20983 20982 20981 20980 20979 20978 20977 20976 20975 20974 20973 20972 20971 20970 20969 20968 20967 20966 20965 20964 20963 20962 20961 20960 20959 20958 20957 20956 20955 20954 20953 20952 20951 20950 20949 20948 61147 101347 141346 21345 61544 101744 141743 21742 61941 102141 142140 22139 62338 102538 62738 102737 142736 22735 22734 22733 22732 142531 22530 142329 22129 141928 21927 141726 21725 141524 21523 141322 21321 21320 21319 21318 141117 21116 140915 20715 140514 20314 140113 19913 139712 19512 139311 19111 138912 18712 138511 18311 138112 17912 137713 17513 137312 17112 136913 16713 136512 16312 136113 15913 135714 15514 135313 15113 134912 14712 134511 14311 134110 13910 133709 13708 13707 13706 13705 13704 13703 13702 13701 13700 13699 13698 13697 13696 13695 13694 13693 13692 13691 13690 13689 13688 13687 13686 13685 133484 13483 13482 13481 13480 13479 13478 13477 13476 13475 13474 13473 13472 13471 13470 13469 13468 13467 13466 13465 13464 13463 13462 13461 13460 13459 13458 13457 13456 13455 13454 13453 13452 13451 13450 13449 13448 13447 13446 13445 13444 13443 13442 13441 13440 13439 13438 13437 13436 13435 13434 133233 13232 133031 12831 132630 12629 132428 12228 132027 11827 131626 11426 131225 11025 130824 10624 130423 10223 130024 9824 129625 9425 129226 9026 128827 8627 128426 8226 128025 7825 127624 7424 127223 7023 126822 6622 126421 6420 6419 6418 6417 6416 6415 6414 6413 6412 46611 86811 47011 87211 47411 7412 
Label: 1256912
[2630,256148,]
21387 141186 21185 140984 20983 140782 20781 140580 20579 140378 20377 140176 19976 19975 19974 139773 19573 139372 19172 138971 18771 138570 18370 138169 17969 137768 17568 137367 17366 137165 17164 136963 16962 136761 16760 136559 16558 136357 16356 136155 16154 135953 15952 15951 15950 15949 15948 15947 15946 15945 15944 15943 56142 96342 136341 16340 16339 16338 16337 16336 136135 16134 135933 15932 135731 15730 135529 15528 135327 15326 135125 15124 134923 14723 134522 14521 14520 14519 14518 134317 14316 134115 14114 133913 13912 133711 13710 13709 13708 13707 13706 13705 13704 13703 13702 13701 13700 13699 13698 13697 13696 13695 13694 13693 13692 13691 13690 13689 13688 13687 13686 13685 133484 13483 133282 13281 13280 13279 13278 13277 133076 13075 132874 12873 132672 12671 132470 12469 132268 12267 132066 12065 131864 11863 131662 11661 131460 11459 131258 11257 131056 11055 130854 10853 130652 10651 130450 10250 130049 9849 129648 9647 129446 9246 129045 9044 128843 8842 8841 8840 8839 8838 8837 8836 8835 8834 8833 8832 8831 8830 8829 8828 128627 8427 128226 8026 127825 7625 127424 7224 127023 6823 126622 6422 6421 6420 6419 6418 6417 6416 6415 6414 6413 6412 46611 86811 47011 87211 47411 7412 
Label: 57441
[2440,420633,]
21387 141186 21185 140984 20983 140782 20781 140580 20579 140378 20377 140176 19976 19975 19974 139773 19573 139372 19172 138971 18771 138570 18370 138169 17969 137768 17568 137367 17366 137165 17164 136963 16962 136761 16760 136559 16558 136357 16356 136155 16154 16153 16152 16151 16150 16149 16148 16147 16146 16145 16144 16143 16142 16141 16140 16139 16138 16137 16136 16135 16134 135933 15932 135731 15730 135529 15528 135327 15326 135125 15124 134923 14723 134522 14521 14520 14519 14518 134317 14316 134115 14114 133913 13912 133711 13710 13709 13708 13707 13706 13705 13704 13703 13702 13701 13700 13699 13698 13697 13696 13695 13694 13693 13692 13691 13690 13689 13688 13687 13686 13685 133484 13483 133282 13281 13280 13279 13278 13277 133076 13075 132874 12873 132672 12671 132470 12469 132268 12267 132066 12065 131864 11863 131662 11661 131460 11459 131258 11257 131056 11055 130854 10853 130652 10651 130450 10250 130049 9849 129648 9647 129446 9246 129045 9044 128843 8842 8841 8840 8839 8838 8837 8836 8835 8834 8833 8832 8831 8830 8829 128628 8627 128426 8226 128025 7825 127624 7623 127422 7421 7420 7419 7418 7417 7416 7415 7414 7413 7412 
Label: 1320687
[2640,254860,]
21387 141186 21185 140984 20983 140782 20781 140580 20579 140378 20377 140176 19976 19975 19974 139773 19573 139372 19172 138971 18771 138570 18370 138169 17969 137768 17568 137367 17366 137165 17164 136963 16962 136761 16760 136559 16558 136357 16356 136155 16154 16153 16152 16151 16150 16149 16148 16147 16146 16145 16144 16143 16142 56341 96340 136339 16338 16337 16336 136135 16134 135933 15932 135731 15730 135529 15528 135327 15326 135125 15124 134923 14723 134522 14521 14520 14519 14518 134317 14316 134115 14114 133913 13912 133711 13710 13709 13708 13707 13706 13705 13704 13703 13702 13701 13700 13699 13698 13697 13696 13695 13694 13693 13692 13691 13690 13689 13688 13687 13686 13685 133484 13483 133282 13281 13280 13279 13278 13277 133076 13075 132874 12873 132672 12671 132470 12469 132268 12267 132066 12065 131864 11863 131662 11661 131460 11459 131258 11257 131056 11055 130854 10853 130652 10651 130450 10250 130049 9849 129648 9647 129446 9246 129045 9044 128843 8842 8841 8840 8839 8838 8837 8836 8835 8834 8833 8832 8831 8830 8829 8828 128627 8427 128226 8026 127825 7625 127424 7224 127023 6823 126622 6422 126221 6220 6219 6218 6217 6216 46415 86414 126413 6412 46611 86811 47011 87211 47411 7412 
Label: 2125988
[2790,238684,]
21387 141186 21185 140984 20983 140782 20781 140580 20579 140378 20377 140176 19976 19975 19974 139773 19573 139372 19172 138971 18771 138570 18370 138169 17969 137768 17568 137367 17366 137165 17164 136963 16962 136761 16760 136559 16558 136357 16356 136155 16154 135953 15952 15951 15950 15949 15948 15947 15946 15945 15944 15943 56142 96342 136341 16340 16339 16338 16337 16336 136135 16134 135933 15932 135731 15730 135529 15528 135327 15326 135125 15124 134923 14723 134522 14521 14520 14519 14518 134317 14316 134115 14114 133913 13912 133711 13710 13709 13708 13707 13706 13705 13704 13703 13702 13701 13700 13699 13698 13697 53896 93895 133894 13893 13892 13891 13890 13889 13888 133687 13686 13685 133484 13483 13482 13481 13480 13479 13478 13477 13476 13475 13474 13473 13472 13471 13470 13469 13468 13467 13466 13465 13464 13463 13462 13461 13460 13459 13458 13457 13456 13455 13454 13453 13452 13451 13450 13449 13448 13447 13446 13445 13444 13443 13442 13441 13440 13439 13438 13437 13436 13435 13434 133233 13232 133031 12831 132630 12629 132428 12228 132027 12026 131825 11625 131424 11224 131023 10823 130622 10422 130223 10023 129824 9624 129425 9225 129026 8826 128627 8427 128226 8026 127825 7625 127424 7224 127023 6823 126622 6422 126221 6220 6219 6218 6217 6216 46415 86414 126413 6412 46611 86811 47011 87211 47411 7412 
Label: 2932695
[2910,236340,]
21387 141186 21185 140984 20983 140782 20781 140580 20579 140378 20377 140176 19976 19975 19974 139773 19573 139372 19172 138971 18771 138570 18370 138169 17969 137768 17568 137367 17366 137165 17164 136963 16962 136761 16760 136559 16558 136357 16356 136155 16154 135953 15952 135751 15750 15749 15748 15747 15746 15745 15744 55943 96143 136142 16141 56340 96540 136539 16538 136337 16336 136135 16134 135933 15932 135731 15730 135529 15528 135327 15326 135125 15124 134923 14723 134522 14521 14520 14519 14518 134317 14316 134115 14114 133913 13713 133512 13511 133310 13309 13308 13307 13306 13305 13304 13303 13302 13301 13300 13299 53498 93698 133697 13696 53895 93894 133893 13892 13891 13890 13889 13888 133687 13686 13685 133484 13483 13482 13481 13480 13479 13478 13477 13476 13475 13474 13473 13472 13471 13470 13469 13468 13467 13466 13465 13464 13463 13462 13461 13460 13459 13458 13457 13456 13455 13454 13453 13452 13451 13450 13449 13448 13447 13446 13445 13444 13443 13442 13441 13440 13439 13438 13437 13436 13435 13434 133233 13232 133031 12831 132630 12629 132428 12228 132027 12026 131825 11625 131424 11224 131023 10823 130622 10422 130223 10023 129824 9624 129425 9225 129026 8826 128627 8427 128226 8026 127825 7625 127424 7224 127023 6823 126622 6422 126221 6021 6020 6019 6018 6017 6016 6015 46214 86414 126413 6412 46611 86811 47011 87211 47411 7412 
