graph_load_time: 0.531719
n_generated: 199703
n_expanded: 112410
n_domCheck: 818950
rt_initHeu: 0.499985
rt_search: 5.41953
N: 54
Label: 230119
[254,1948872,]
37556 37557 37558 37358 37359 37159 36959 36960 36760 36761 36561 36562 36563 36564 36364 36365 36366 36367 36368 36369 36169 36170 36171 36172 35972 35973 35974 35774 35775 35776 35576 35577 35578 35378 35379 35179 35180 35181 34981 34781 34581 34381 34181 33981 33781 33581 33381 33181 32981 32781 32581 32381 32380 32180 32179 31979 31978 31778 31777 31577 31576 31376 31375 31175 31174 30974 30774 30773 30573 30373 30372 30172 29972 29772 29572 29372 29172 29171 28971 28771 28770 28570 28370 28369 28169 28168 27968 27768 27767 27567 27566 27366 27365 27364 27164 27163 27162 27161 26961 26960 26760 26560 26360 26160 25960 25760 25560 25360 25359 25159 24959 24759 24758 24558 24557 24357 24157 24156 23956 23955 23755 23754 23554 23553 23353 23352 23152 23151 22951 22751 22551 22351 22151 21951 21751 21551 21550 21350 21150 20950 20949 20749 20549 20349 20149 19949 19749 19549 19349 19149 18949 18749 18549 18349 18149 17949 17749 17549 17349 17149 17150 16950 16750 16751 16551 16351 16151 15951 15751 15551 15351 15151 14951 14751 14551 14351 14151 13951 13950 13949 13948 13947 13946 13945 13944 13943 13743 13742 13741 13740 13540 13539 13339 13139 13138 12938 12738 12538 12338 12337 12137 11937 11737 11537 11337 11137 10937 10737 10537 10337 10137 9937 9737 9537 9337 9137 8937 8737 8537 8536 8336 8335 8135 8134 8133 7933 7932 7931 7731 7531 7331 7131 6931 6731 6531 6331 6131 5931 5731 5531 5331 5131 4931 4731 4531 4331 4131 3931 3731 3531 3331 3131 2931 2731 2531 
Label: 211975
[250,1951958,]
37556 37557 37558 37358 37359 37159 36959 36960 36760 36761 36561 36562 36563 36564 36364 36365 36366 36367 36368 36369 36169 36170 36171 36172 35972 35973 35974 35774 35775 35776 35576 35577 35578 35378 35379 35179 34979 34779 34579 34379 34179 33979 33779 33579 33379 33179 32979 32779 32579 32379 32179 31979 31978 31778 31777 31577 31576 31376 31375 31175 31174 30974 30774 30773 30573 30373 30372 30172 29972 29772 29572 29372 29172 29171 28971 28771 28770 28570 28370 28369 28169 28168 27968 27768 27767 27567 27566 27366 27365 27364 27164 27163 27162 27161 26961 26960 26760 26560 26360 26160 25960 25760 25560 25360 25359 25159 24959 24759 24758 24558 24557 24357 24157 24156 23956 23955 23755 23754 23554 23553 23353 23352 23152 23151 22951 22751 22551 22351 22151 21951 21751 21551 21550 21350 21150 20950 20949 20749 20549 20349 20149 19949 19749 19549 19349 19149 18949 18749 18549 18349 18149 17949 17749 17549 17349 17149 17150 16950 16750 16751 16551 16351 16151 15951 15751 15551 15351 15151 14951 14751 14551 14351 14151 13951 13950 13949 13948 13947 13946 13945 13944 13943 13743 13742 13741 13740 13540 13539 13339 13139 13138 12938 12738 12538 12338 12337 12137 11937 11737 11537 11337 11137 10937 10737 10537 10337 10137 9937 9737 9537 9337 9137 8937 8737 8537 8536 8336 8335 8135 8134 8133 7933 7932 7931 7731 7531 7331 7131 6931 6731 6531 6331 6131 5931 5731 5531 5331 5131 4931 4731 4531 4331 4131 3931 3731 3531 3331 3131 2931 2731 2531 
Label: 35624
[206,2909402,]
37556 37356 37156 36956 36756 36556 36356 36355 36354 36353 36352 36351 36350 36349 36348 36347 36346 36345 36344 36343 36342 36341 36340 36339 36139 35939 35739 35539 35339 35139 34939 34739 34539 34339 34139 33939 33739 33539 33339 33139 32939 32739 32539 32339 32139 31939 31739 31539 31540 31340 31341 31141 30941 30741 30541 30341 30141 29941 29741 29541 29341 29141 28941 28741 28541 28341 28141 27941 27741 27541 27341 27141 26941 26741 26541 26341 26141 25941 25741 25541 25341 25141 24941 24741 24541 24341 24141 23941 23741 23742 23542 23342 23142 22942 22742 22542 22342 22142 21942 21742 21542 21342 21142 20942 20742 20542 20342 20142 19942 19742 19542 19342 19142 18942 18742 18542 18342 18142 17942 17742 17741 17740 17739 17539 17538 17537 17337 17137 16937 16737 16537 16337 16137 15937 15737 15537 15337 15137 14937 14737 14537 14337 14137 13937 13737 13537 13337 13137 12937 12737 12537 12337 12137 11937 11737 11537 11337 11137 10937 10737 10537 10337 10137 9937 9737 9537 9337 9137 8937 8737 8537 8536 8336 8335 8135 8134 8133 7933 7932 7931 7731 7531 7331 7131 6931 6731 6531 6331 6131 5931 5731 5531 5331 5131 4931 4731 4531 4331 4131 3931 3731 3531 3331 3131 2931 2731 2531 
Label: 203604
[248,1954297,]
37556 37557 37558 37358 37359 37159 36959 36960 36760 36761 36561 36562 36563 36564 36364 36365 36366 36367 36368 36369 36169 36170 36171 36172 35972 35973 35974 35774 35775 35776 35576 35577 35578 35378 35379 35179 34979 34779 34579 34379 34179 33979 33779 33579 33379 33179 32979 32779 32579 32379 32179 31979 31978 31778 31777 31577 31576 31376 31375 31175 31174 30974 30774 30773 30573 30373 30372 30172 29972 29772 29572 29372 29172 29171 28971 28771 28770 28570 28370 28369 28169 28168 27968 27768 27767 27567 27566 27366 27365 27364 27164 27163 27162 27161 26961 26960 26760 26560 26360 26160 25960 25760 25560 25360 25359 25159 24959 24759 24758 24558 24557 24357 24157 24156 23956 23955 23755 23754 23554 23553 23353 23352 23152 23151 22951 22751 22551 22351 22151 21951 21751 21551 21550 21350 21150 20950 20949 20749 20549 20349 20149 19949 19749 19549 19349 19149 18949 18749 18549 18349 18149 17949 17749 17549 17349 17149 17150 16950 16750 16550 16350 16150 15950 15750 15550 15350 15150 14950 14750 14550 14350 14150 13950 13949 13948 13947 13946 13945 13944 13943 13743 13742 13741 13740 13540 13539 13339 13139 13138 12938 12738 12538 12338 12337 12137 11937 11737 11537 11337 11137 10937 10737 10537 10337 10137 9937 9737 9537 9337 9137 8937 8737 8537 8536 8336 8335 8135 8134 8133 7933 7932 7931 7731 7531 7331 7131 6931 6731 6531 6331 6131 5931 5731 5531 5331 5131 4931 4731 4531 4331 4131 3931 3731 3531 3331 3131 2931 2731 2531 
Label: 388156
[300,1911123,]
37556 37557 37558 37358 37359 37159 36959 36960 36760 36761 36561 36562 36563 36564 36364 36365 36366 36367 36368 36369 36169 36170 36171 36172 35972 35973 35974 35774 35775 35776 35576 35376 35176 34976 34776 34576 34376 34176 33976 33776 33576 33376 33176 32976 32776 32576 32376 32176 31976 31776 31576 31376 31375 31175 31174 30974 30774 30773 30573 30373 30372 30172 29972 29772 29572 29372 29172 29171 28971 28771 28571 28371 28171 27971 27771 27571 27371 27171 26971 26771 26571 26371 26171 26172 25972 25973 25773 25774 25775 25575 25576 25376 25377 25177 24977 24978 24778 24578 24579 24379 24179 23979 23779 23579 23379 23179 22979 22779 22579 22379 22179 21979 21779 21579 21379 21179 20979 20779 20579 20379 20179 19979 19779 19579 19379 19179 18979 18779 18579 18580 18380 18381 18181 18182 17982 17983 17984 17784 17785 17585 17586 17386 17387 17388 17188 17189 16989 16789 16589 16389 16189 15989 15789 15589 15389 15189 14989 14789 14589 14389 14189 13989 13789 13589 13389 13189 12989 12789 12589 12389 12189 11989 11789 11589 11389 11189 10989 10789 10589 10389 10189 9989 9789 9788 9787 9587 9586 9386 9385 9185 8985 8785 8585 8385 8185 7985 7785 7585 7385 7185 6985 6785 6585 6385 6185 5985 5785 5585 5584 5384 5383 5183 4983 4982 4782 4781 4581 4381 4380 4180 3980 3979 3779 3579 3578 3378 3377 3177 2977 2777 2577 2576 2376 2176 1976 1776 1775 1575 1375 1175 975 775 774 574 374 174 173 172 171 170 169 168 167 166 165 164 163 162 161 160 159 158 157 156 155 154 153 152 151 150 149 148 147 146 145 144 143 142 141 140 139 138 137 136 135 134 133 132 131 331 531 731 931 1131 1331 1531 1731 1931 2131 2331 2531 
Label: 195905
[246,1958097,]
37556 37557 37558 37358 37359 37159 36959 36960 36760 36761 36561 36562 36563 36564 36364 36365 36366 36367 36368 36369 36169 36170 36171 36172 35972 35973 35974 35774 35775 35776 35576 35577 35578 35378 35178 34978 34778 34578 34378 34178 33978 33778 33578 33378 33178 32978 32778 32578 32378 32178 31978 31778 31777 31577 31576 31376 31375 31175 31174 30974 30774 30773 30573 30373 30372 30172 29972 29772 29572 29372 29172 29171 28971 28771 28770 28570 28370 28369 28169 28168 27968 27768 27767 27567 27566 27366 27365 27364 27164 27163 27162 27161 26961 26960 26760 26560 26360 26160 25960 25760 25560 25360 25359 25159 24959 24759 24758 24558 24557 24357 24157 24156 23956 23955 23755 23754 23554 23553 23353 23352 23152 23151 22951 22751 22551 22351 22151 21951 21751 21551 21550 21350 21150 20950 20949 20749 20549 20349 20149 19949 19749 19549 19349 19149 18949 18749 18549 18349 18149 17949 17749 17549 17349 17149 17150 16950 16750 16550 16350 16150 15950 15750 15550 15350 15150 14950 14750 14550 14350 14150 13950 13949 13948 13947 13946 13945 13944 13943 13743 13742 13741 13740 13540 13539 13339 13139 13138 12938 12738 12538 12338 12337 12137 11937 11737 11537 11337 11137 10937 10737 10537 10337 10137 9937 9737 9537 9337 9137 8937 8737 8537 8536 8336 8335 8135 8134 8133 7933 7932 7931 7731 7531 7331 7131 6931 6731 6531 6331 6131 5931 5731 5531 5331 5131 4931 4731 4531 4331 4131 3931 3731 3531 3331 3131 2931 2731 2531 
Label: 188530
[244,1963024,]
37556 37557 37558 37358 37359 37159 36959 36960 36760 36761 36561 36562 36563 36564 36364 36365 36366 36367 36368 36369 36169 36170 36171 36172 35972 35973 35974 35774 35775 35776 35576 35577 35578 35378 35178 34978 34778 34578 34378 34178 33978 33778 33578 33378 33178 32978 32778 32578 32378 32178 31978 31778 31777 31577 31576 31376 31375 31175 31174 30974 30774 30773 30573 30373 30372 30172 29972 29772 29572 29372 29172 29171 28971 28771 28770 28570 28370 28369 28169 28168 27968 27768 27767 27567 27566 27366 27365 27364 27164 27163 27162 27161 26961 26960 26760 26560 26360 26160 25960 25760 25560 25360 25359 25159 24959 24759 24758 24558 24557 24357 24157 24156 23956 23955 23755 23754 23554 23553 23353 23352 23152 23151 22951 22751 22551 22351 22151 21951 21751 21551 21550 21350 21150 20950 20949 20749 20549 20349 20149 19949 19749 19549 19349 19149 18949 18749 18549 18349 18149 17949 17749 17549 17349 17149 16949 16749 16549 16349 16149 15949 15749 15549 15349 15149 14949 14749 14549 14349 14149 13949 13948 13947 13946 13945 13944 13943 13743 13742 13741 13740 13540 13539 13339 13139 13138 12938 12738 12538 12338 12337 12137 11937 11737 11537 11337 11137 10937 10737 10537 10337 10137 9937 9737 9537 9337 9137 8937 8737 8537 8536 8336 8335 8135 8134 8133 7933 7932 7931 7731 7531 7331 7131 6931 6731 6531 6331 6131 5931 5731 5531 5331 5131 4931 4731 4531 4331 4131 3931 3731 3531 3331 3131 2931 2731 2531 
Label: 181375
[242,1969555,]
37556 37557 37558 37358 37359 37159 36959 36960 36760 36761 36561 36562 36563 36564 36364 36365 36366 36367 36368 36369 36169 36170 36171 36172 35972 35973 35974 35774 35775 35776 35576 35577 35377 35177 34977 34777 34577 34377 34177 33977 33777 33577 33377 33177 32977 32777 32577 32377 32177 31977 31777 31577 31576 31376 31375 31175 31174 30974 30774 30773 30573 30373 30372 30172 29972 29772 29572 29372 29172 29171 28971 28771 28770 28570 28370 28369 28169 28168 27968 27768 27767 27567 27566 27366 27365 27364 27164 27163 27162 27161 26961 26960 26760 26560 26360 26160 25960 25760 25560 25360 25359 25159 24959 24759 24758 24558 24557 24357 24157 24156 23956 23955 23755 23754 23554 23553 23353 23352 23152 23151 22951 22751 22551 22351 22151 21951 21751 21551 21550 21350 21150 20950 20949 20749 20549 20349 20149 19949 19749 19549 19349 19149 18949 18749 18549 18349 18149 17949 17749 17549 17349 17149 16949 16749 16549 16349 16149 15949 15749 15549 15349 15149 14949 14749 14549 14349 14149 13949 13948 13947 13946 13945 13944 13943 13743 13742 13741 13740 13540 13539 13339 13139 13138 12938 12738 12538 12338 12337 12137 11937 11737 11537 11337 11137 10937 10737 10537 10337 10137 9937 9737 9537 9337 9137 8937 8737 8537 8536 8336 8335 8135 8134 8133 7933 7932 7931 7731 7531 7331 7131 6931 6731 6531 6331 6131 5931 5731 5531 5331 5131 4931 4731 4531 4331 4131 3931 3731 3531 3331 3131 2931 2731 2531 
Label: 448232
[340,1736014,]
37556 37557 37558 37358 37359 37159 36959 36960 36760 36761 36561 36562 36563 36564 36364 36365 36366 36367 36368 36369 36169 36170 36171 36172 35972 35973 35974 35774 35775 35776 35576 35577 35578 35378 35379 35179 35180 35181 34981 34982 34782 34783 34784 34584 34585 34385 34386 34186 34187 34188 34189 33989 33789 33790 33590 33390 33190 32990 32790 32590 32390 32190 31990 31790 31590 31390 31190 30990 30790 30590 30390 30190 29990 29991 29791 29591 29592 29392 29192 29193 28993 28793 28794 28594 28595 28596 28396 28397 28398 28399 28199 27999 27799 27599 27399 27199 26999 26799 26599 26399 26199 25999 25799 25599 25399 25199 24999 24799 24599 24399 24199 24198 24197 23997 23996 23995 23994 23993 23793 23792 23791 23790 23789 23788 23588 23587 23586 23386 23385 23185 23184 22984 22983 22783 22583 22582 22382 22381 22181 21981 21980 21780 21779 21579 21379 21179 20979 20779 20579 20379 20179 19979 19779 19579 19379 19179 18979 18779 18579 18580 18380 18381 18181 18182 17982 17983 17984 17784 17785 17585 17586 17386 17387 17388 17188 17189 16989 16990 16991 16791 16792 16592 16593 16393 16394 16194 15994 15794 15594 15394 15194 14994 14993 14793 14792 14791 14591 14590 14390 14190 13990 13790 13590 13390 13190 12990 12790 12590 12390 12190 11990 11790 11590 11390 11190 10990 10790 10590 10390 10190 9990 9989 9789 9788 9787 9587 9586 9386 9385 9185 8985 8785 8585 8385 8185 7985 7785 7585 7385 7185 6985 6785 6585 6385 6185 5985 5785 5585 5584 5384 5383 5183 4983 4982 4782 4781 4581 4381 4380 4180 3980 3979 3779 3579 3578 3378 3377 3177 2977 2777 2577 2576 2376 2176 1976 1776 1775 1575 1375 1175 975 775 774 574 374 174 173 172 171 170 169 168 167 166 165 164 163 162 161 160 159 158 157 156 155 154 153 152 151 150 149 148 147 146 145 144 143 142 141 140 139 138 137 136 135 134 133 132 131 331 531 731 931 1131 1331 1531 1731 1931 2131 2331 2531 
Label: 161282
[236,2018918,]
37556 37557 37558 37358 37359 37159 36959 36960 36760 36761 36561 36562 36563 36564 36364 36365 36366 36367 36368 36369 36169 36170 36171 36172 35972 35973 35974 35774 35574 35374 35174 34974 34774 34574 34374 34174 33974 33774 33574 33374 33174 32974 32774 32574 32374 32174 31974 31774 31574 31374 31174 30974 30774 30773 30573 30373 30372 30172 29972 29772 29572 29372 29172 29171 28971 28771 28770 28570 28370 28369 28169 28168 27968 27768 27767 27567 27566 27366 27365 27364 27164 27163 27162 27161 26961 26960 26760 26560 26360 26160 25960 25760 25560 25360 25359 25159 24959 24759 24758 24558 24557 24357 24157 24156 23956 23955 23755 23754 23554 23553 23353 23352 23152 23151 22951 22751 22551 22351 22151 21951 21751 21551 21550 21350 21150 20950 20949 20749 20549 20349 20149 19949 19749 19549 19349 19149 18949 18749 18549 18349 18149 17949 17749 17549 17349 17149 16949 16749 16549 16349 16149 15949 15749 15549 15349 15149 14949 14749 14549 14349 14149 13949 13948 13947 13946 13945 13944 13943 13743 13742 13741 13740 13540 13539 13339 13139 13138 12938 12738 12538 12338 12337 12137 11937 11737 11537 11337 11137 10937 10737 10537 10337 10137 9937 9737 9537 9337 9137 8937 8737 8537 8536 8336 8335 8135 8134 8133 7933 7932 7931 7731 7531 7331 7131 6931 6731 6531 6331 6131 5931 5731 5531 5331 5131 4931 4731 4531 4331 4131 3931 3731 3531 3331 3131 2931 2731 2531 
Label: 447668
[334,1737792,]
37556 37557 37558 37358 37359 37159 36959 36960 36760 36761 36561 36562 36563 36564 36364 36365 36366 36367 36368 36369 36169 36170 36171 36172 35972 35973 35974 35774 35775 35776 35576 35577 35578 35378 35379 35179 35180 35181 34981 34982 34782 34783 34784 34584 34585 34385 34386 34186 34187 34188 34189 33989 33789 33790 33590 33390 33190 32990 32790 32590 32390 32190 31990 31790 31590 31390 31190 30990 30790 30590 30390 30190 29990 29991 29791 29591 29592 29392 29192 29193 28993 28793 28794 28594 28595 28596 28396 28397 28398 28399 28199 27999 27799 27599 27399 27199 26999 26799 26599 26399 26199 25999 25799 25599 25399 25199 24999 24799 24599 24399 24199 24198 24197 23997 23996 23995 23994 23993 23793 23792 23791 23790 23789 23788 23588 23587 23586 23386 23385 23185 23184 22984 22983 22783 22583 22582 22382 22381 22181 21981 21980 21780 21779 21579 21379 21179 20979 20779 20579 20379 20179 19979 19779 19579 19379 19179 18979 18779 18579 18580 18380 18381 18181 18182 17982 17983 17984 17784 17785 17585 17586 17386 17387 17388 17188 17189 16989 16990 16991 16791 16591 16391 16191 15991 15791 15591 15391 15191 14991 14791 14591 14590 14390 14190 13990 13790 13590 13390 13190 12990 12790 12590 12390 12190 11990 11790 11590 11390 11190 10990 10790 10590 10390 10190 9990 9989 9789 9788 9787 9587 9586 9386 9385 9185 8985 8785 8585 8385 8185 7985 7785 7585 7385 7185 6985 6785 6585 6385 6185 5985 5785 5585 5584 5384 5383 5183 4983 4982 4782 4781 4581 4381 4380 4180 3980 3979 3779 3579 3578 3378 3377 3177 2977 2777 2577 2576 2376 2176 1976 1776 1775 1575 1375 1175 975 775 774 574 374 174 173 172 171 170 169 168 167 166 165 164 163 162 161 160 159 158 157 156 155 154 153 152 151 150 149 148 147 146 145 144 143 142 141 140 139 138 137 136 135 134 133 132 131 331 531 731 931 1131 1331 1531 1731 1931 2131 2331 2531 
Label: 154731
[234,2049646,]
37556 37557 37558 37358 37359 37159 36959 36960 36760 36761 36561 36562 36563 36564 36364 36365 36366 36367 36368 36369 36169 36170 36171 36172 35972 35973 35773 35573 35373 35173 34973 34773 34573 34373 34173 33973 33773 33573 33373 33173 32973 32773 32573 32373 32173 31973 31773 31573 31373 31173 30973 30773 30573 30373 30372 30172 29972 29772 29572 29372 29172 29171 28971 28771 28770 28570 28370 28369 28169 28168 27968 27768 27767 27567 27566 27366 27365 27364 27164 27163 27162 27161 26961 26960 26760 26560 26360 26160 25960 25760 25560 25360 25359 25159 24959 24759 24758 24558 24557 24357 24157 24156 23956 23955 23755 23754 23554 23553 23353 23352 23152 23151 22951 22751 22551 22351 22151 21951 21751 21551 21550 21350 21150 20950 20949 20749 20549 20349 20149 19949 19749 19549 19349 19149 18949 18749 18549 18349 18149 17949 17749 17549 17349 17149 16949 16749 16549 16349 16149 15949 15749 15549 15349 15149 14949 14749 14549 14349 14149 13949 13948 13947 13946 13945 13944 13943 13743 13742 13741 13740 13540 13539 13339 13139 13138 12938 12738 12538 12338 12337 12137 11937 11737 11537 11337 11137 10937 10737 10537 10337 10137 9937 9737 9537 9337 9137 8937 8737 8537 8536 8336 8335 8135 8134 8133 7933 7932 7931 7731 7531 7331 7131 6931 6731 6531 6331 6131 5931 5731 5531 5331 5131 4931 4731 4531 4331 4131 3931 3731 3531 3331 3131 2931 2731 2531 
Label: 27232
[204,2930895,]
37556 37356 37156 36956 36756 36556 36356 36156 35956 35756 35556 35356 35156 34956 34756 34556 34356 34156 33956 33756 33556 33356 33156 32956 32756 32556 32356 32156 31956 31756 31556 31356 31156 30956 30756 30556 30356 30156 29956 29756 29556 29356 29156 28956 28756 28556 28356 28156 27956 27756 27757 27758 27558 27358 27158 26958 26758 26558 26358 26158 25958 25758 25558 25358 25158 24958 24758 24558 24557 24357 24157 24156 23956 23955 23755 23754 23554 23553 23353 23352 23152 23151 22951 22751 22551 22351 22151 21951 21751 21551 21550 21350 21150 20950 20949 20749 20549 20349 20149 19949 19749 19549 19349 19149 18949 18749 18549 18349 18149 17949 17749 17549 17349 17149 16949 16749 16549 16349 16149 15949 15749 15549 15349 15149 14949 14749 14549 14349 14149 13949 13948 13947 13946 13945 13944 13943 13743 13742 13741 13740 13540 13539 13339 13139 13138 12938 12738 12538 12338 12337 12137 11937 11737 11537 11337 11137 10937 10737 10537 10337 10137 9937 9737 9537 9337 9137 8937 8737 8537 8536 8336 8335 8135 8134 8133 7933 7932 7931 7731 7531 7331 7131 6931 6731 6531 6331 6131 5931 5731 5531 5331 5131 4931 4731 4531 4331 4131 3931 3731 3531 3331 3131 2931 2731 2531 
Label: 141497
[230,2136951,]
37556 37557 37558 37358 37359 37159 36959 36960 36760 36761 36561 36562 36563 36564 36364 36365 36366 36367 36368 36369 36169 36170 36171 35971 35771 35571 35371 35171 34971 34771 34571 34371 34171 33971 33771 33571 33371 33171 32971 32771 32571 32371 32171 31971 31771 31571 31371 31171 30971 30771 30571 30371 30171 29971 29771 29571 29371 29171 28971 28771 28770 28570 28370 28369 28169 28168 27968 27768 27767 27567 27566 27366 27365 27364 27164 27163 27162 27161 26961 26960 26760 26560 26360 26160 25960 25760 25560 25360 25359 25159 24959 24759 24758 24558 24557 24357 24157 24156 23956 23955 23755 23754 23554 23553 23353 23352 23152 23151 22951 22751 22551 22351 22151 21951 21751 21551 21550 21350 21150 20950 20949 20749 20549 20349 20149 19949 19749 19549 19349 19149 18949 18749 18549 18349 18149 17949 17749 17549 17349 17149 16949 16749 16549 16349 16149 15949 15749 15549 15349 15149 14949 14749 14549 14349 14149 13949 13948 13947 13946 13945 13944 13943 13743 13742 13741 13740 13540 13539 13339 13139 13138 12938 12738 12538 12338 12337 12137 11937 11737 11537 11337 11137 10937 10737 10537 10337 10137 9937 9737 9537 9337 9137 8937 8737 8537 8536 8336 8335 8135 8134 8133 7933 7932 7931 7731 7531 7331 7131 6931 6731 6531 6331 6131 5931 5731 5531 5331 5131 4931 4731 4531 4331 4131 3931 3731 3531 3331 3131 2931 2731 2531 
Label: 134782
[228,2194687,]
37556 37557 37558 37358 37359 37159 36959 36960 36760 36761 36561 36562 36563 36564 36364 36365 36366 36367 36368 36369 36169 36170 35970 35770 35570 35370 35170 34970 34770 34570 34370 34170 33970 33770 33570 33370 33170 32970 32770 32570 32370 32170 31970 31770 31570 31370 31170 30970 30770 30570 30370 30170 29970 29770 29570 29370 29170 28970 28770 28570 28370 28369 28169 28168 27968 27768 27767 27567 27566 27366 27365 27364 27164 27163 27162 27161 26961 26960 26760 26560 26360 26160 25960 25760 25560 25360 25359 25159 24959 24759 24758 24558 24557 24357 24157 24156 23956 23955 23755 23754 23554 23553 23353 23352 23152 23151 22951 22751 22551 22351 22151 21951 21751 21551 21550 21350 21150 20950 20949 20749 20549 20349 20149 19949 19749 19549 19349 19149 18949 18749 18549 18349 18149 17949 17749 17549 17349 17149 16949 16749 16549 16349 16149 15949 15749 15549 15349 15149 14949 14749 14549 14349 14149 13949 13948 13947 13946 13945 13944 13943 13743 13742 13741 13740 13540 13539 13339 13139 13138 12938 12738 12538 12338 12337 12137 11937 11737 11537 11337 11137 10937 10737 10537 10337 10137 9937 9737 9537 9337 9137 8937 8737 8537 8536 8336 8335 8135 8134 8133 7933 7932 7931 7731 7531 7331 7131 6931 6731 6531 6331 6131 5931 5731 5531 5331 5131 4931 4731 4531 4331 4131 3931 3731 3531 3331 3131 2931 2731 2531 
Label: 127286
[226,2261036,]
37556 37557 37558 37358 37359 37159 36959 36960 36760 36761 36561 36562 36563 36564 36364 36365 36366 36367 36368 36369 36169 35969 35769 35569 35369 35169 34969 34769 34569 34369 34169 33969 33769 33569 33369 33169 32969 32769 32569 32369 32169 31969 31769 31569 31369 31169 30969 30769 30569 30369 30169 29969 29769 29569 29369 29169 28969 28769 28569 28369 28169 28168 27968 27768 27767 27567 27566 27366 27365 27364 27164 27163 27162 27161 26961 26960 26760 26560 26360 26160 25960 25760 25560 25360 25359 25159 24959 24759 24758 24558 24557 24357 24157 24156 23956 23955 23755 23754 23554 23553 23353 23352 23152 23151 22951 22751 22551 22351 22151 21951 21751 21551 21550 21350 21150 20950 20949 20749 20549 20349 20149 19949 19749 19549 19349 19149 18949 18749 18549 18349 18149 17949 17749 17549 17349 17149 16949 16749 16549 16349 16149 15949 15749 15549 15349 15149 14949 14749 14549 14349 14149 13949 13948 13947 13946 13945 13944 13943 13743 13742 13741 13740 13540 13539 13339 13139 13138 12938 12738 12538 12338 12337 12137 11937 11737 11537 11337 11137 10937 10737 10537 10337 10137 9937 9737 9537 9337 9137 8937 8737 8537 8536 8336 8335 8135 8134 8133 7933 7932 7931 7731 7531 7331 7131 6931 6731 6531 6331 6131 5931 5731 5531 5331 5131 4931 4731 4531 4331 4131 3931 3731 3531 3331 3131 2931 2731 2531 
Label: 174452
[240,1980108,]
37556 37557 37558 37358 37359 37159 36959 36960 36760 36761 36561 36562 36563 36564 36364 36365 36366 36367 36368 36369 36169 36170 36171 36172 35972 35973 35974 35774 35775 35776 35576 35376 35176 34976 34776 34576 34376 34176 33976 33776 33576 33376 33176 32976 32776 32576 32376 32176 31976 31776 31576 31376 31375 31175 31174 30974 30774 30773 30573 30373 30372 30172 29972 29772 29572 29372 29172 29171 28971 28771 28770 28570 28370 28369 28169 28168 27968 27768 27767 27567 27566 27366 27365 27364 27164 27163 27162 27161 26961 26960 26760 26560 26360 26160 25960 25760 25560 25360 25359 25159 24959 24759 24758 24558 24557 24357 24157 24156 23956 23955 23755 23754 23554 23553 23353 23352 23152 23151 22951 22751 22551 22351 22151 21951 21751 21551 21550 21350 21150 20950 20949 20749 20549 20349 20149 19949 19749 19549 19349 19149 18949 18749 18549 18349 18149 17949 17749 17549 17349 17149 16949 16749 16549 16349 16149 15949 15749 15549 15349 15149 14949 14749 14549 14349 14149 13949 13948 13947 13946 13945 13944 13943 13743 13742 13741 13740 13540 13539 13339 13139 13138 12938 12738 12538 12338 12337 12137 11937 11737 11537 11337 11137 10937 10737 10537 10337 10137 9937 9737 9537 9337 9137 8937 8737 8537 8536 8336 8335 8135 8134 8133 7933 7932 7931 7731 7531 7331 7131 6931 6731 6531 6331 6131 5931 5731 5531 5331 5131 4931 4731 4531 4331 4131 3931 3731 3531 3331 3131 2931 2731 2531 
Label: 9964
[200,2969134,]
37556 37356 37156 36956 36756 36556 36356 36156 35956 35756 35556 35356 35156 34956 34756 34556 34356 34156 33956 33756 33556 33356 33156 32956 32756 32556 32356 32156 31956 31756 31556 31356 31156 30956 30756 30556 30356 30156 29956 29756 29556 29356 29156 28956 28756 28556 28356 28156 27956 27756 27556 27356 27156 26956 26756 26556 26356 26156 25956 25756 25556 25356 25156 24956 24756 24556 24356 24156 23956 23955 23755 23754 23554 23553 23353 23352 23152 23151 22951 22751 22551 22351 22151 21951 21751 21551 21550 21350 21150 20950 20949 20749 20549 20349 20149 19949 19749 19549 19349 19149 18949 18749 18549 18349 18149 17949 17749 17549 17349 17149 16949 16749 16549 16349 16149 15949 15749 15549 15349 15149 14949 14749 14549 14349 14149 13949 13948 13947 13946 13945 13944 13943 13743 13742 13741 13740 13540 13539 13339 13139 13138 12938 12738 12538 12338 12337 12137 11937 11737 11537 11337 11137 10937 10737 10537 10337 10137 9937 9737 9537 9337 9137 8937 8737 8537 8536 8336 8335 8135 8134 8133 7933 7932 7931 7731 7531 7331 7131 6931 6731 6531 6331 6131 5931 5731 5531 5331 5131 4931 4731 4531 4331 4131 3931 3731 3531 3331 3131 2931 2731 2531 
Label: 92800
[218,2588027,]
37556 37557 37558 37358 37359 37159 36959 36960 36760 36761 36561 36562 36563 36564 36364 36365 36165 35965 35765 35565 35365 35165 34965 34765 34565 34365 34165 33965 33765 33565 33365 33165 32965 32765 32565 32365 32165 31965 31765 31565 31365 31165 30965 30765 30565 30365 30165 29965 29765 29565 29365 29165 28965 28765 28565 28365 28165 27965 27765 27565 27365 27364 27164 27163 27162 27161 26961 26960 26760 26560 26360 26160 25960 25760 25560 25360 25359 25159 24959 24759 24758 24558 24557 24357 24157 24156 23956 23955 23755 23754 23554 23553 23353 23352 23152 23151 22951 22751 22551 22351 22151 21951 21751 21551 21550 21350 21150 20950 20949 20749 20549 20349 20149 19949 19749 19549 19349 19149 18949 18749 18549 18349 18149 17949 17749 17549 17349 17149 16949 16749 16549 16349 16149 15949 15749 15549 15349 15149 14949 14749 14549 14349 14149 13949 13948 13947 13946 13945 13944 13943 13743 13742 13741 13740 13540 13539 13339 13139 13138 12938 12738 12538 12338 12337 12137 11937 11737 11537 11337 11137 10937 10737 10537 10337 10137 9937 9737 9537 9337 9137 8937 8737 8537 8536 8336 8335 8135 8134 8133 7933 7932 7931 7731 7531 7331 7131 6931 6731 6531 6331 6131 5931 5731 5531 5331 5131 4931 4731 4531 4331 4131 3931 3731 3531 3331 3131 2931 2731 2531 
Label: 270567
[264,1947772,]
37556 37557 37558 37358 37359 37159 36959 36960 36760 36761 36561 36562 36563 36564 36364 36365 36366 36367 36368 36369 36169 36170 36171 36172 35972 35973 35974 35774 35775 35776 35576 35577 35578 35378 35379 35179 35180 35181 34981 34982 34782 34783 34784 34584 34585 34385 34185 33985 33785 33585 33385 33185 33184 32984 32983 32783 32782 32582 32581 32381 32380 32180 32179 31979 31978 31778 31777 31577 31576 31376 31375 31175 31174 30974 30774 30773 30573 30373 30372 30172 29972 29772 29572 29372 29172 29171 28971 28771 28770 28570 28370 28369 28169 28168 27968 27768 27767 27567 27566 27366 27365 27364 27164 27163 27162 27161 26961 26960 26760 26560 26360 26160 25960 25760 25560 25360 25359 25159 24959 24759 24758 24558 24557 24357 24157 24156 23956 23955 23755 23754 23554 23553 23353 23352 23152 23151 22951 22751 22551 22351 22151 21951 21751 21551 21550 21350 21150 20950 20949 20749 20549 20349 20149 19949 19749 19549 19349 19149 18949 18749 18549 18349 18149 17949 17749 17549 17349 17149 17150 16950 16750 16751 16551 16351 16352 16152 15952 15752 15552 15352 15152 14952 14752 14552 14352 14152 13952 13951 13950 13949 13948 13947 13946 13945 13944 13943 13743 13742 13741 13740 13540 13539 13339 13139 13138 12938 12738 12538 12338 12337 12137 11937 11737 11537 11337 11137 10937 10737 10537 10337 10137 9937 9737 9537 9337 9137 8937 8737 8537 8536 8336 8335 8135 8134 8133 7933 7932 7931 7731 7531 7331 7131 6931 6731 6531 6331 6131 5931 5731 5531 5331 5131 4931 4731 4531 4331 4131 3931 3731 3531 3331 3131 2931 2731 2531 
Label: 167765
[238,1996106,]
37556 37557 37558 37358 37359 37159 36959 36960 36760 36761 36561 36562 36563 36564 36364 36365 36366 36367 36368 36369 36169 36170 36171 36172 35972 35973 35974 35774 35775 35575 35375 35175 34975 34775 34575 34375 34175 33975 33775 33575 33375 33175 32975 32775 32575 32375 32175 31975 31775 31575 31375 31175 31174 30974 30774 30773 30573 30373 30372 30172 29972 29772 29572 29372 29172 29171 28971 28771 28770 28570 28370 28369 28169 28168 27968 27768 27767 27567 27566 27366 27365 27364 27164 27163 27162 27161 26961 26960 26760 26560 26360 26160 25960 25760 25560 25360 25359 25159 24959 24759 24758 24558 24557 24357 24157 24156 23956 23955 23755 23754 23554 23553 23353 23352 23152 23151 22951 22751 22551 22351 22151 21951 21751 21551 21550 21350 21150 20950 20949 20749 20549 20349 20149 19949 19749 19549 19349 19149 18949 18749 18549 18349 18149 17949 17749 17549 17349 17149 16949 16749 16549 16349 16149 15949 15749 15549 15349 15149 14949 14749 14549 14349 14149 13949 13948 13947 13946 13945 13944 13943 13743 13742 13741 13740 13540 13539 13339 13139 13138 12938 12738 12538 12338 12337 12137 11937 11737 11537 11337 11137 10937 10737 10537 10337 10137 9937 9737 9537 9337 9137 8937 8737 8537 8536 8336 8335 8135 8134 8133 7933 7932 7931 7731 7531 7331 7131 6931 6731 6531 6331 6131 5931 5731 5531 5331 5131 4931 4731 4531 4331 4131 3931 3731 3531 3331 3131 2931 2731 2531 
Label: 148132
[232,2088834,]
37556 37557 37558 37358 37359 37159 36959 36960 36760 36761 36561 36562 36563 36564 36364 36365 36366 36367 36368 36369 36169 36170 36171 36172 35972 35772 35572 35372 35172 34972 34772 34572 34372 34172 33972 33772 33572 33372 33172 32972 32772 32572 32372 32172 31972 31772 31572 31372 31172 30972 30772 30572 30372 30172 29972 29772 29572 29372 29172 29171 28971 28771 28770 28570 28370 28369 28169 28168 27968 27768 27767 27567 27566 27366 27365 27364 27164 27163 27162 27161 26961 26960 26760 26560 26360 26160 25960 25760 25560 25360 25359 25159 24959 24759 24758 24558 24557 24357 24157 24156 23956 23955 23755 23754 23554 23553 23353 23352 23152 23151 22951 22751 22551 22351 22151 21951 21751 21551 21550 21350 21150 20950 20949 20749 20549 20349 20149 19949 19749 19549 19349 19149 18949 18749 18549 18349 18149 17949 17749 17549 17349 17149 16949 16749 16549 16349 16149 15949 15749 15549 15349 15149 14949 14749 14549 14349 14149 13949 13948 13947 13946 13945 13944 13943 13743 13742 13741 13740 13540 13539 13339 13139 13138 12938 12738 12538 12338 12337 12137 11937 11737 11537 11337 11137 10937 10737 10537 10337 10137 9937 9737 9537 9337 9137 8937 8737 8537 8536 8336 8335 8135 8134 8133 7933 7932 7931 7731 7531 7331 7131 6931 6731 6531 6331 6131 5931 5731 5531 5331 5131 4931 4731 4531 4331 4131 3931 3731 3531 3331 3131 2931 2731 2531 
Label: 446908
[328,1749998,]
37556 37557 37558 37358 37359 37159 36959 36960 36760 36761 36561 36562 36563 36564 36364 36365 36366 36367 36368 36369 36169 36170 36171 36172 35972 35973 35974 35774 35775 35776 35576 35577 35578 35378 35379 35179 35180 35181 34981 34982 34782 34783 34784 34584 34585 34385 34386 34186 34187 34188 34189 33989 33789 33790 33590 33390 33190 32990 32790 32590 32390 32190 31990 31790 31590 31390 31190 30990 30790 30590 30390 30190 29990 29991 29791 29591 29592 29392 29192 29193 28993 28793 28794 28594 28595 28596 28396 28397 28398 28399 28199 27999 27799 27599 27399 27199 26999 26799 26599 26399 26199 25999 25799 25599 25399 25199 24999 24799 24599 24399 24199 24198 24197 23997 23996 23995 23994 23993 23793 23792 23791 23790 23789 23788 23588 23587 23586 23386 23385 23185 23184 22984 22983 22783 22583 22582 22382 22381 22181 21981 21980 21780 21580 21380 21180 20980 20780 20580 20380 20180 19980 19780 19580 19380 19180 18980 18780 18580 18380 18381 18181 18182 17982 17983 17984 17784 17785 17585 17586 17386 17387 17388 17188 17189 16989 16789 16589 16389 16189 15989 15789 15589 15389 15189 14989 14789 14589 14389 14189 13989 13789 13589 13389 13189 12989 12789 12589 12389 12189 11989 11789 11589 11389 11189 10989 10789 10589 10389 10189 9989 9789 9788 9787 9587 9586 9386 9385 9185 8985 8785 8585 8385 8185 7985 7785 7585 7385 7185 6985 6785 6585 6385 6185 5985 5785 5585 5584 5384 5383 5183 4983 4982 4782 4781 4581 4381 4380 4180 3980 3979 3779 3579 3578 3378 3377 3177 2977 2777 2577 2576 2376 2176 1976 1776 1775 1575 1375 1175 975 775 774 574 374 174 173 172 171 170 169 168 167 166 165 164 163 162 161 160 159 158 157 156 155 154 153 152 151 150 149 148 147 146 145 144 143 142 141 140 139 138 137 136 135 134 133 132 131 331 531 731 931 1131 1331 1531 1731 1931 2131 2331 2531 
Label: 275719
[266,1947768,]
37556 37557 37558 37358 37359 37159 36959 36960 36760 36761 36561 36562 36563 36564 36364 36365 36366 36367 36368 36369 36169 36170 36171 36172 35972 35973 35974 35774 35775 35776 35576 35577 35578 35378 35379 35179 35180 35181 34981 34982 34782 34783 34784 34584 34585 34385 34386 34186 33986 33786 33586 33386 33385 33185 33184 32984 32983 32783 32782 32582 32581 32381 32380 32180 32179 31979 31978 31778 31777 31577 31576 31376 31375 31175 31174 30974 30774 30773 30573 30373 30372 30172 29972 29772 29572 29372 29172 29171 28971 28771 28770 28570 28370 28369 28169 28168 27968 27768 27767 27567 27566 27366 27365 27364 27164 27163 27162 27161 26961 26960 26760 26560 26360 26160 25960 25760 25560 25360 25359 25159 24959 24759 24758 24558 24557 24357 24157 24156 23956 23955 23755 23754 23554 23553 23353 23352 23152 23151 22951 22751 22551 22351 22151 21951 21751 21551 21550 21350 21150 20950 20949 20749 20549 20349 20149 19949 19749 19549 19349 19149 18949 18749 18549 18349 18149 17949 17749 17549 17349 17149 17150 16950 16750 16751 16551 16351 16352 16152 15952 15752 15552 15352 15152 14952 14752 14552 14352 14152 13952 13951 13950 13949 13948 13947 13946 13945 13944 13943 13743 13742 13741 13740 13540 13539 13339 13139 13138 12938 12738 12538 12338 12337 12137 11937 11737 11537 11337 11137 10937 10737 10537 10337 10137 9937 9737 9537 9337 9137 8937 8737 8537 8536 8336 8335 8135 8134 8133 7933 7932 7931 7731 7531 7331 7131 6931 6731 6531 6331 6131 5931 5731 5531 5331 5131 4931 4731 4531 4331 4131 3931 3731 3531 3331 3131 2931 2731 2531 
Label: 381735
[298,1927121,]
37556 37557 37558 37358 37359 37159 36959 36960 36760 36761 36561 36562 36563 36564 36364 36365 36366 36367 36368 36369 36169 36170 36171 36172 35972 35973 35974 35774 35775 35575 35375 35175 34975 34775 34575 34375 34175 33975 33775 33575 33375 33175 32975 32775 32575 32375 32175 31975 31775 31575 31375 31175 31174 30974 30774 30773 30573 30373 30372 30172 29972 29772 29572 29372 29172 29171 28971 28771 28571 28371 28171 27971 27771 27571 27371 27171 26971 26771 26571 26371 26171 26172 25972 25973 25773 25774 25775 25575 25576 25376 25377 25177 24977 24978 24778 24578 24579 24379 24179 23979 23779 23579 23379 23179 22979 22779 22579 22379 22179 21979 21779 21579 21379 21179 20979 20779 20579 20379 20179 19979 19779 19579 19379 19179 18979 18779 18579 18580 18380 18381 18181 18182 17982 17983 17984 17784 17785 17585 17586 17386 17387 17388 17188 17189 16989 16789 16589 16389 16189 15989 15789 15589 15389 15189 14989 14789 14589 14389 14189 13989 13789 13589 13389 13189 12989 12789 12589 12389 12189 11989 11789 11589 11389 11189 10989 10789 10589 10389 10189 9989 9789 9788 9787 9587 9586 9386 9385 9185 8985 8785 8585 8385 8185 7985 7785 7585 7385 7185 6985 6785 6585 6385 6185 5985 5785 5585 5584 5384 5383 5183 4983 4982 4782 4781 4581 4381 4380 4180 3980 3979 3779 3579 3578 3378 3377 3177 2977 2777 2577 2576 2376 2176 1976 1776 1775 1575 1375 1175 975 775 774 574 374 174 173 172 171 170 169 168 167 166 165 164 163 162 161 160 159 158 157 156 155 154 153 152 151 150 149 148 147 146 145 144 143 142 141 140 139 138 137 136 135 134 133 132 131 331 531 731 931 1131 1331 1531 1731 1931 2131 2331 2531 
Label: 265347
[262,1947796,]
37556 37557 37558 37358 37359 37159 36959 36960 36760 36761 36561 36562 36563 36564 36364 36365 36366 36367 36368 36369 36169 36170 36171 36172 35972 35973 35974 35774 35775 35776 35576 35577 35578 35378 35379 35179 35180 35181 34981 34982 34782 34783 34784 34584 34384 34184 33984 33784 33584 33384 33184 32984 32983 32783 32782 32582 32581 32381 32380 32180 32179 31979 31978 31778 31777 31577 31576 31376 31375 31175 31174 30974 30774 30773 30573 30373 30372 30172 29972 29772 29572 29372 29172 29171 28971 28771 28770 28570 28370 28369 28169 28168 27968 27768 27767 27567 27566 27366 27365 27364 27164 27163 27162 27161 26961 26960 26760 26560 26360 26160 25960 25760 25560 25360 25359 25159 24959 24759 24758 24558 24557 24357 24157 24156 23956 23955 23755 23754 23554 23553 23353 23352 23152 23151 22951 22751 22551 22351 22151 21951 21751 21551 21550 21350 21150 20950 20949 20749 20549 20349 20149 19949 19749 19549 19349 19149 18949 18749 18549 18349 18149 17949 17749 17549 17349 17149 17150 16950 16750 16751 16551 16351 16352 16152 15952 15752 15552 15352 15152 14952 14752 14552 14352 14152 13952 13951 13950 13949 13948 13947 13946 13945 13944 13943 13743 13742 13741 13740 13540 13539 13339 13139 13138 12938 12738 12538 12338 12337 12137 11937 11737 11537 11337 11137 10937 10737 10537 10337 10137 9937 9737 9537 9337 9137 8937 8737 8537 8536 8336 8335 8135 8134 8133 7933 7932 7931 7731 7531 7331 7131 6931 6731 6531 6331 6131 5931 5731 5531 5331 5131 4931 4731 4531 4331 4131 3931 3731 3531 3331 3131 2931 2731 2531 
Label: 119158
[224,2334985,]
37556 37557 37558 37358 37359 37159 36959 36960 36760 36761 36561 36562 36563 36564 36364 36365 36366 36367 36368 36168 35968 35768 35568 35368 35168 34968 34768 34568 34368 34168 33968 33768 33568 33368 33168 32968 32768 32568 32368 32168 31968 31768 31568 31368 31168 30968 30768 30568 30368 30168 29968 29768 29568 29368 29168 28968 28768 28568 28368 28168 27968 27768 27767 27567 27566 27366 27365 27364 27164 27163 27162 27161 26961 26960 26760 26560 26360 26160 25960 25760 25560 25360 25359 25159 24959 24759 24758 24558 24557 24357 24157 24156 23956 23955 23755 23754 23554 23553 23353 23352 23152 23151 22951 22751 22551 22351 22151 21951 21751 21551 21550 21350 21150 20950 20949 20749 20549 20349 20149 19949 19749 19549 19349 19149 18949 18749 18549 18349 18149 17949 17749 17549 17349 17149 16949 16749 16549 16349 16149 15949 15749 15549 15349 15149 14949 14749 14549 14349 14149 13949 13948 13947 13946 13945 13944 13943 13743 13742 13741 13740 13540 13539 13339 13139 13138 12938 12738 12538 12338 12337 12137 11937 11737 11537 11337 11137 10937 10737 10537 10337 10137 9937 9737 9537 9337 9137 8937 8737 8537 8536 8336 8335 8135 8134 8133 7933 7932 7931 7731 7531 7331 7131 6931 6731 6531 6331 6131 5931 5731 5531 5331 5131 4931 4731 4531 4331 4131 3931 3731 3531 3331 3131 2931 2731 2531 
Label: 394606
[302,1900570,]
37556 37557 37558 37358 37359 37159 36959 36960 36760 36761 36561 36562 36563 36564 36364 36365 36366 36367 36368 36369 36169 36170 36171 36172 35972 35973 35974 35774 35775 35776 35576 35577 35377 35177 34977 34777 34577 34377 34177 33977 33777 33577 33377 33177 32977 32777 32577 32377 32177 31977 31777 31577 31576 31376 31375 31175 31174 30974 30774 30773 30573 30373 30372 30172 29972 29772 29572 29372 29172 29171 28971 28771 28571 28371 28171 27971 27771 27571 27371 27171 26971 26771 26571 26371 26171 26172 25972 25973 25773 25774 25775 25575 25576 25376 25377 25177 24977 24978 24778 24578 24579 24379 24179 23979 23779 23579 23379 23179 22979 22779 22579 22379 22179 21979 21779 21579 21379 21179 20979 20779 20579 20379 20179 19979 19779 19579 19379 19179 18979 18779 18579 18580 18380 18381 18181 18182 17982 17983 17984 17784 17785 17585 17586 17386 17387 17388 17188 17189 16989 16789 16589 16389 16189 15989 15789 15589 15389 15189 14989 14789 14589 14389 14189 13989 13789 13589 13389 13189 12989 12789 12589 12389 12189 11989 11789 11589 11389 11189 10989 10789 10589 10389 10189 9989 9789 9788 9787 9587 9586 9386 9385 9185 8985 8785 8585 8385 8185 7985 7785 7585 7385 7185 6985 6785 6585 6385 6185 5985 5785 5585 5584 5384 5383 5183 4983 4982 4782 4781 4581 4381 4380 4180 3980 3979 3779 3579 3578 3378 3377 3177 2977 2777 2577 2576 2376 2176 1976 1776 1775 1575 1375 1175 975 775 774 574 374 174 173 172 171 170 169 168 167 166 165 164 163 162 161 160 159 158 157 156 155 154 153 152 151 150 149 148 147 146 145 144 143 142 141 140 139 138 137 136 135 134 133 132 131 331 531 731 931 1131 1331 1531 1731 1931 2131 2331 2531 
Label: 249751
[258,1948068,]
37556 37557 37558 37358 37359 37159 36959 36960 36760 36761 36561 36562 36563 36564 36364 36365 36366 36367 36368 36369 36169 36170 36171 36172 35972 35973 35974 35774 35775 35776 35576 35577 35578 35378 35379 35179 35180 35181 34981 34982 34782 34582 34382 34182 33982 33782 33582 33382 33182 32982 32782 32582 32581 32381 32380 32180 32179 31979 31978 31778 31777 31577 31576 31376 31375 31175 31174 30974 30774 30773 30573 30373 30372 30172 29972 29772 29572 29372 29172 29171 28971 28771 28770 28570 28370 28369 28169 28168 27968 27768 27767 27567 27566 27366 27365 27364 27164 27163 27162 27161 26961 26960 26760 26560 26360 26160 25960 25760 25560 25360 25359 25159 24959 24759 24758 24558 24557 24357 24157 24156 23956 23955 23755 23754 23554 23553 23353 23352 23152 23151 22951 22751 22551 22351 22151 21951 21751 21551 21550 21350 21150 20950 20949 20749 20549 20349 20149 19949 19749 19549 19349 19149 18949 18749 18549 18349 18149 17949 17749 17549 17349 17149 17150 16950 16750 16751 16551 16351 16352 16152 15952 15752 15552 15352 15152 14952 14752 14552 14352 14152 13952 13951 13950 13949 13948 13947 13946 13945 13944 13943 13743 13742 13741 13740 13540 13539 13339 13139 13138 12938 12738 12538 12338 12337 12137 11937 11737 11537 11337 11137 10937 10737 10537 10337 10137 9937 9737 9537 9337 9137 8937 8737 8537 8536 8336 8335 8135 8134 8133 7933 7932 7931 7731 7531 7331 7131 6931 6731 6531 6331 6131 5931 5731 5531 5331 5131 4931 4731 4531 4331 4131 3931 3731 3531 3331 3131 2931 2731 2531 
Label: 375244
[296,1943515,]
37556 37557 37558 37358 37359 37159 36959 36960 36760 36761 36561 36562 36563 36564 36364 36365 36366 36367 36368 36369 36169 36170 36171 36172 35972 35973 35974 35774 35775 35575 35375 35175 34975 34775 34575 34375 34175 33975 33775 33575 33375 33175 32975 32775 32575 32375 32175 31975 31775 31575 31375 31175 31174 30974 30774 30773 30573 30373 30372 30172 29972 29772 29572 29372 29172 29171 28971 28771 28571 28371 28171 27971 27771 27571 27371 27171 26971 26771 26571 26371 26171 26172 25972 25973 25773 25774 25775 25575 25576 25376 25377 25177 24977 24978 24778 24578 24579 24379 24179 23979 23779 23579 23379 23179 22979 22779 22579 22379 22179 21979 21779 21579 21379 21179 20979 20779 20579 20379 20179 19979 19779 19579 19379 19179 18979 18779 18579 18580 18380 18381 18181 18182 17982 17983 17984 17784 17785 17585 17586 17386 17387 17388 17188 16988 16788 16588 16388 16188 15988 15788 15588 15388 15188 14988 14788 14588 14388 14188 13988 13788 13588 13388 13188 12988 12788 12588 12388 12188 11988 11788 11588 11388 11188 10988 10788 10588 10388 10188 9988 9788 9787 9587 9586 9386 9385 9185 8985 8785 8585 8385 8185 7985 7785 7585 7385 7185 6985 6785 6585 6385 6185 5985 5785 5585 5584 5384 5383 5183 4983 4982 4782 4781 4581 4381 4380 4180 3980 3979 3779 3579 3578 3378 3377 3177 2977 2777 2577 2576 2376 2176 1976 1776 1775 1575 1375 1175 975 775 774 574 374 174 173 172 171 170 169 168 167 166 165 164 163 162 161 160 159 158 157 156 155 154 153 152 151 150 149 148 147 146 145 144 143 142 141 140 139 138 137 136 135 134 133 132 131 331 531 731 931 1131 1331 1531 1731 1931 2131 2331 2531 
Label: 407693
[306,1885432,]
37556 37557 37558 37358 37359 37159 36959 36960 36760 36761 36561 36562 36563 36564 36364 36365 36366 36367 36368 36369 36169 36170 36171 36172 35972 35973 35974 35774 35775 35776 35576 35577 35578 35378 35178 34978 34778 34578 34378 34178 33978 33778 33578 33378 33178 32978 32778 32578 32378 32178 31978 31778 31777 31577 31576 31376 31375 31175 31174 30974 30774 30773 30573 30373 30372 30172 29972 29772 29572 29372 29172 29171 28971 28771 28770 28570 28370 28170 27970 27770 27570 27370 27170 26970 26770 26570 26370 26371 26171 26172 25972 25973 25773 25774 25775 25575 25576 25376 25377 25177 24977 24978 24778 24578 24579 24379 24179 23979 23779 23579 23379 23179 22979 22779 22579 22379 22179 21979 21779 21579 21379 21179 20979 20779 20579 20379 20179 19979 19779 19579 19379 19179 18979 18779 18579 18580 18380 18381 18181 18182 17982 17983 17984 17784 17785 17585 17586 17386 17387 17388 17188 17189 16989 16789 16589 16389 16189 15989 15789 15589 15389 15189 14989 14789 14589 14389 14189 13989 13789 13589 13389 13189 12989 12789 12589 12389 12189 11989 11789 11589 11389 11189 10989 10789 10589 10389 10189 9989 9789 9788 9787 9587 9586 9386 9385 9185 8985 8785 8585 8385 8185 7985 7785 7585 7385 7185 6985 6785 6585 6385 6185 5985 5785 5585 5584 5384 5383 5183 4983 4982 4782 4781 4581 4381 4380 4180 3980 3979 3779 3579 3578 3378 3377 3177 2977 2777 2577 2576 2376 2176 1976 1776 1775 1575 1375 1175 975 775 774 574 374 174 173 172 171 170 169 168 167 166 165 164 163 162 161 160 159 158 157 156 155 154 153 152 151 150 149 148 147 146 145 144 143 142 141 140 139 138 137 136 135 134 133 132 131 331 531 731 931 1131 1331 1531 1731 1931 2131 2331 2531 
Label: 441478
[318,1826045,]
37556 37557 37558 37358 37359 37159 36959 36960 36760 36761 36561 36562 36563 36564 36364 36365 36366 36367 36368 36369 36169 36170 36171 36172 35972 35973 35974 35774 35775 35776 35576 35577 35578 35378 35379 35179 35180 35181 34981 34982 34782 34783 34784 34584 34585 34385 34386 34186 34187 34188 34189 33989 33789 33790 33590 33390 33190 32990 32790 32590 32390 32190 31990 31790 31590 31390 31190 30990 30790 30590 30390 30190 29990 29991 29791 29591 29592 29392 29192 29193 28993 28793 28794 28594 28595 28596 28396 28397 28398 28399 28199 27999 27799 27599 27399 27199 26999 26799 26599 26399 26199 25999 25799 25599 25399 25199 24999 24799 24599 24399 24199 24198 24197 23997 23996 23995 23994 23993 23793 23792 23791 23790 23789 23788 23588 23587 23586 23386 23385 23185 23184 22984 22784 22584 22384 22184 21984 21784 21584 21384 21184 20984 20784 20584 20384 20184 19984 19784 19584 19384 19184 18984 18784 18584 18384 18184 17984 17784 17785 17585 17586 17386 17387 17388 17188 16988 16788 16588 16388 16188 15988 15788 15588 15388 15188 14988 14788 14588 14388 14188 13988 13788 13588 13388 13188 12988 12788 12588 12388 12188 11988 11788 11588 11388 11188 10988 10788 10588 10388 10188 9988 9788 9787 9587 9586 9386 9385 9185 8985 8785 8585 8385 8185 7985 7785 7585 7385 7185 6985 6785 6585 6385 6185 5985 5785 5585 5584 5384 5383 5183 4983 4982 4782 4781 4581 4381 4380 4180 3980 3979 3779 3579 3578 3378 3377 3177 2977 2777 2577 2576 2376 2176 1976 1776 1775 1575 1375 1175 975 775 774 574 374 174 173 172 171 170 169 168 167 166 165 164 163 162 161 160 159 158 157 156 155 154 153 152 151 150 149 148 147 146 145 144 143 142 141 140 139 138 137 136 135 134 133 132 131 331 531 731 931 1131 1331 1531 1731 1931 2131 2331 2531 
Label: 44352
[208,2864880,]
37556 37356 37156 36956 36756 36556 36356 36355 36354 36353 36352 36351 36350 36349 36348 36347 36346 36345 36344 36343 36342 36341 36340 36339 36139 35939 35739 35539 35339 35139 34939 34739 34539 34339 34139 33939 33739 33539 33339 33139 32939 32739 32539 32339 32139 31939 31739 31539 31540 31340 31341 31141 30941 30741 30541 30341 30141 29941 29741 29541 29341 29141 28941 28741 28541 28341 28141 27941 27741 27541 27341 27141 26941 26741 26541 26341 26141 25941 25741 25541 25341 25141 24941 24741 24541 24341 24141 23941 23741 23742 23743 23543 23343 23143 22943 22743 22543 22343 22143 21943 21743 21543 21343 21143 20943 20743 20543 20343 20143 19943 19743 19543 19343 19143 18943 18743 18543 18343 18143 17943 17743 17742 17741 17740 17739 17539 17538 17537 17337 17137 16937 16737 16537 16337 16137 15937 15737 15537 15337 15137 14937 14737 14537 14337 14137 13937 13737 13537 13337 13137 12937 12737 12537 12337 12137 11937 11737 11537 11337 11137 10937 10737 10537 10337 10137 9937 9737 9537 9337 9137 8937 8737 8537 8536 8336 8335 8135 8134 8133 7933 7932 7931 7731 7531 7331 7131 6931 6731 6531 6331 6131 5931 5731 5531 5331 5131 4931 4731 4531 4331 4131 3931 3731 3531 3331 3131 2931 2731 2531 
Label: 443403
[320,1803407,]
37556 37557 37558 37358 37359 37159 36959 36960 36760 36761 36561 36562 36563 36564 36364 36365 36366 36367 36368 36369 36169 36170 36171 36172 35972 35973 35974 35774 35775 35776 35576 35577 35578 35378 35379 35179 35180 35181 34981 34982 34782 34783 34784 34584 34585 34385 34386 34186 34187 34188 34189 33989 33789 33790 33590 33390 33190 32990 32790 32590 32390 32190 31990 31790 31590 31390 31190 30990 30790 30590 30390 30190 29990 29991 29791 29591 29592 29392 29192 29193 28993 28793 28794 28594 28595 28596 28396 28397 28398 28399 28199 27999 27799 27599 27399 27199 26999 26799 26599 26399 26199 25999 25799 25599 25399 25199 24999 24799 24599 24399 24199 24198 24197 23997 23996 23995 23994 23993 23793 23792 23791 23790 23789 23788 23588 23587 23586 23386 23385 23185 23184 22984 22983 22783 22583 22383 22183 21983 21783 21583 21383 21183 20983 20783 20583 20383 20183 19983 19783 19583 19383 19183 18983 18783 18583 18383 18183 17983 17984 17784 17785 17585 17586 17386 17387 17388 17188 16988 16788 16588 16388 16188 15988 15788 15588 15388 15188 14988 14788 14588 14388 14188 13988 13788 13588 13388 13188 12988 12788 12588 12388 12188 11988 11788 11588 11388 11188 10988 10788 10588 10388 10188 9988 9788 9787 9587 9586 9386 9385 9185 8985 8785 8585 8385 8185 7985 7785 7585 7385 7185 6985 6785 6585 6385 6185 5985 5785 5585 5584 5384 5383 5183 4983 4982 4782 4781 4581 4381 4380 4180 3980 3979 3779 3579 3578 3378 3377 3177 2977 2777 2577 2576 2376 2176 1976 1776 1775 1575 1375 1175 975 775 774 574 374 174 173 172 171 170 169 168 167 166 165 164 163 162 161 160 159 158 157 156 155 154 153 152 151 150 149 148 147 146 145 144 143 142 141 140 139 138 137 136 135 134 133 132 131 331 531 731 931 1131 1331 1531 1731 1931 2131 2331 2531 
Label: 401141
[304,1891963,]
37556 37557 37558 37358 37359 37159 36959 36960 36760 36761 36561 36562 36563 36564 36364 36365 36366 36367 36368 36369 36169 36170 36171 36172 35972 35973 35974 35774 35775 35776 35576 35577 35377 35177 34977 34777 34577 34377 34177 33977 33777 33577 33377 33177 32977 32777 32577 32377 32177 31977 31777 31577 31576 31376 31375 31175 31174 30974 30774 30773 30573 30373 30372 30172 29972 29772 29572 29372 29172 29171 28971 28771 28770 28570 28370 28170 27970 27770 27570 27370 27170 26970 26770 26570 26370 26371 26171 26172 25972 25973 25773 25774 25775 25575 25576 25376 25377 25177 24977 24978 24778 24578 24579 24379 24179 23979 23779 23579 23379 23179 22979 22779 22579 22379 22179 21979 21779 21579 21379 21179 20979 20779 20579 20379 20179 19979 19779 19579 19379 19179 18979 18779 18579 18580 18380 18381 18181 18182 17982 17983 17984 17784 17785 17585 17586 17386 17387 17388 17188 17189 16989 16789 16589 16389 16189 15989 15789 15589 15389 15189 14989 14789 14589 14389 14189 13989 13789 13589 13389 13189 12989 12789 12589 12389 12189 11989 11789 11589 11389 11189 10989 10789 10589 10389 10189 9989 9789 9788 9787 9587 9586 9386 9385 9185 8985 8785 8585 8385 8185 7985 7785 7585 7385 7185 6985 6785 6585 6385 6185 5985 5785 5585 5584 5384 5383 5183 4983 4982 4782 4781 4581 4381 4380 4180 3980 3979 3779 3579 3578 3378 3377 3177 2977 2777 2577 2576 2376 2176 1976 1776 1775 1575 1375 1175 975 775 774 574 374 174 173 172 171 170 169 168 167 166 165 164 163 162 161 160 159 158 157 156 155 154 153 152 151 150 149 148 147 146 145 144 143 142 141 140 139 138 137 136 135 134 133 132 131 331 531 731 931 1131 1331 1531 1731 1931 2131 2331 2531 
Label: 414298
[308,1879008,]
37556 37557 37558 37358 37359 37159 36959 36960 36760 36761 36561 36562 36563 36564 36364 36365 36366 36367 36368 36369 36169 36170 36171 36172 35972 35973 35974 35774 35775 35776 35576 35577 35578 35378 35178 34978 34778 34578 34378 34178 33978 33778 33578 33378 33178 32978 32778 32578 32378 32178 31978 31778 31777 31577 31576 31376 31375 31175 31174 30974 30774 30773 30573 30373 30372 30172 29972 29772 29572 29372 29172 29171 28971 28771 28770 28570 28370 28170 27970 27770 27570 27370 27170 26970 26770 26570 26370 26371 26171 26172 25972 25973 25773 25774 25775 25575 25576 25376 25377 25177 24977 24978 24778 24578 24579 24379 24179 23979 23779 23579 23379 23179 22979 22779 22579 22379 22179 21979 21779 21579 21379 21179 20979 20779 20579 20379 20179 19979 19779 19579 19379 19179 18979 18779 18579 18580 18380 18381 18181 18182 17982 17983 17984 17784 17785 17585 17586 17386 17387 17388 17188 17189 16989 16990 16790 16590 16390 16190 15990 15790 15590 15390 15190 14990 14790 14590 14390 14190 13990 13790 13590 13390 13190 12990 12790 12590 12390 12190 11990 11790 11590 11390 11190 10990 10790 10590 10390 10190 9990 9989 9789 9788 9787 9587 9586 9386 9385 9185 8985 8785 8585 8385 8185 7985 7785 7585 7385 7185 6985 6785 6585 6385 6185 5985 5785 5585 5584 5384 5383 5183 4983 4982 4782 4781 4581 4381 4380 4180 3980 3979 3779 3579 3578 3378 3377 3177 2977 2777 2577 2576 2376 2176 1976 1776 1775 1575 1375 1175 975 775 774 574 374 174 173 172 171 170 169 168 167 166 165 164 163 162 161 160 159 158 157 156 155 154 153 152 151 150 149 148 147 146 145 144 143 142 141 140 139 138 137 136 135 134 133 132 131 331 531 731 931 1131 1331 1531 1731 1931 2131 2331 2531 
Label: 447448
[332,1740570,]
37556 37557 37558 37358 37359 37159 36959 36960 36760 36761 36561 36562 36563 36564 36364 36365 36366 36367 36368 36369 36169 36170 36171 36172 35972 35973 35974 35774 35775 35776 35576 35577 35578 35378 35379 35179 35180 35181 34981 34982 34782 34783 34784 34584 34585 34385 34386 34186 34187 34188 34189 33989 33789 33790 33590 33390 33190 32990 32790 32590 32390 32190 31990 31790 31590 31390 31190 30990 30790 30590 30390 30190 29990 29991 29791 29591 29592 29392 29192 29193 28993 28793 28794 28594 28595 28596 28396 28397 28398 28399 28199 27999 27799 27599 27399 27199 26999 26799 26599 26399 26199 25999 25799 25599 25399 25199 24999 24799 24599 24399 24199 24198 24197 23997 23996 23995 23994 23993 23793 23792 23791 23790 23789 23788 23588 23587 23586 23386 23385 23185 23184 22984 22983 22783 22583 22582 22382 22381 22181 21981 21980 21780 21779 21579 21379 21179 20979 20779 20579 20379 20179 19979 19779 19579 19379 19179 18979 18779 18579 18580 18380 18381 18181 18182 17982 17983 17984 17784 17785 17585 17586 17386 17387 17388 17188 17189 16989 16990 16790 16590 16390 16190 15990 15790 15590 15390 15190 14990 14790 14590 14390 14190 13990 13790 13590 13390 13190 12990 12790 12590 12390 12190 11990 11790 11590 11390 11190 10990 10790 10590 10390 10190 9990 9989 9789 9788 9787 9587 9586 9386 9385 9185 8985 8785 8585 8385 8185 7985 7785 7585 7385 7185 6985 6785 6585 6385 6185 5985 5785 5585 5584 5384 5383 5183 4983 4982 4782 4781 4581 4381 4380 4180 3980 3979 3779 3579 3578 3378 3377 3177 2977 2777 2577 2576 2376 2176 1976 1776 1775 1575 1375 1175 975 775 774 574 374 174 173 172 171 170 169 168 167 166 165 164 163 162 161 160 159 158 157 156 155 154 153 152 151 150 149 148 147 146 145 144 143 142 141 140 139 138 137 136 135 134 133 132 131 331 531 731 931 1131 1331 1531 1731 1931 2131 2331 2531 
Label: 83092
[216,2674637,]
37556 37557 37558 37358 37359 37159 36959 36960 36760 36761 36561 36562 36563 36564 36364 36164 35964 35764 35564 35364 35164 34964 34764 34564 34364 34164 33964 33764 33564 33364 33164 32964 32764 32564 32364 32164 31964 31764 31564 31364 31164 30964 30764 30564 30364 30164 29964 29764 29564 29364 29164 28964 28764 28564 28364 28164 27964 27764 27564 27364 27164 27163 27162 27161 26961 26960 26760 26560 26360 26160 25960 25760 25560 25360 25359 25159 24959 24759 24758 24558 24557 24357 24157 24156 23956 23955 23755 23754 23554 23553 23353 23352 23152 23151 22951 22751 22551 22351 22151 21951 21751 21551 21550 21350 21150 20950 20949 20749 20549 20349 20149 19949 19749 19549 19349 19149 18949 18749 18549 18349 18149 17949 17749 17549 17349 17149 16949 16749 16549 16349 16149 15949 15749 15549 15349 15149 14949 14749 14549 14349 14149 13949 13948 13947 13946 13945 13944 13943 13743 13742 13741 13740 13540 13539 13339 13139 13138 12938 12738 12538 12338 12337 12137 11937 11737 11537 11337 11137 10937 10737 10537 10337 10137 9937 9737 9537 9337 9137 8937 8737 8537 8536 8336 8335 8135 8134 8133 7933 7932 7931 7731 7531 7331 7131 6931 6731 6531 6331 6131 5931 5731 5531 5331 5131 4931 4731 4531 4331 4131 3931 3731 3531 3331 3131 2931 2731 2531 
Label: 420373
[310,1846328,]
37556 37557 37558 37358 37359 37159 36959 36960 36760 36761 36561 36562 36563 36564 36364 36365 36366 36367 36368 36369 36169 36170 36171 36172 35972 35973 35974 35774 35775 35776 35576 35577 35578 35378 35379 35179 35180 35181 34981 34982 34782 34783 34784 34584 34585 34385 34386 34186 34187 34188 34189 33989 33789 33790 33590 33390 33190 32990 32790 32590 32390 32190 31990 31790 31590 31390 31190 30990 30790 30590 30390 30190 29990 29991 29791 29591 29592 29392 29192 29193 28993 28793 28794 28594 28595 28596 28396 28397 28398 28399 28199 27999 27799 27599 27399 27199 26999 26799 26599 26399 26199 25999 25799 25599 25399 25199 24999 24799 24599 24399 24199 23999 23799 23599 23399 23199 22999 22799 22599 22399 22199 21999 21799 21599 21399 21199 20999 20799 20599 20399 20199 19999 19799 19599 19399 19199 18999 18799 18599 18399 18199 17999 17799 17599 17399 17199 16999 16799 16599 16399 16199 15999 15799 15599 15598 15597 15397 15396 15395 15195 15194 14994 14993 14793 14792 14791 14591 14590 14390 14190 13990 13790 13590 13390 13190 12990 12790 12590 12390 12190 11990 11790 11590 11390 11190 10990 10790 10590 10390 10190 9990 9989 9789 9788 9787 9587 9586 9386 9385 9185 8985 8785 8585 8385 8185 7985 7785 7585 7385 7185 6985 6785 6585 6385 6185 5985 5785 5585 5584 5384 5383 5183 4983 4982 4782 4781 4581 4381 4380 4180 3980 3979 3779 3579 3578 3378 3377 3177 2977 2777 2577 2576 2376 2176 1976 1776 1775 1575 1375 1175 975 775 774 574 374 174 173 172 171 170 169 168 167 166 165 164 163 162 161 160 159 158 157 156 155 154 153 152 151 150 149 148 147 146 145 144 143 142 141 140 139 138 137 136 135 134 133 132 131 331 531 731 931 1131 1331 1531 1731 1931 2131 2331 2531 
Label: 447868
[336,1736506,]
37556 37557 37558 37358 37359 37159 36959 36960 36760 36761 36561 36562 36563 36564 36364 36365 36366 36367 36368 36369 36169 36170 36171 36172 35972 35973 35974 35774 35775 35776 35576 35577 35578 35378 35379 35179 35180 35181 34981 34982 34782 34783 34784 34584 34585 34385 34386 34186 34187 34188 34189 33989 33789 33790 33590 33390 33190 32990 32790 32590 32390 32190 31990 31790 31590 31390 31190 30990 30790 30590 30390 30190 29990 29991 29791 29591 29592 29392 29192 29193 28993 28793 28794 28594 28595 28596 28396 28397 28398 28399 28199 27999 27799 27599 27399 27199 26999 26799 26599 26399 26199 25999 25799 25599 25399 25199 24999 24799 24599 24399 24199 24198 24197 23997 23996 23995 23994 23993 23793 23792 23791 23790 23789 23788 23588 23587 23586 23386 23385 23185 23184 22984 22983 22783 22583 22582 22382 22381 22181 21981 21980 21780 21779 21579 21379 21179 20979 20779 20579 20379 20179 19979 19779 19579 19379 19179 18979 18779 18579 18580 18380 18381 18181 18182 17982 17983 17984 17784 17785 17585 17586 17386 17387 17388 17188 17189 16989 16990 16991 16791 16792 16592 16392 16192 15992 15792 15592 15392 15192 14992 14792 14791 14591 14590 14390 14190 13990 13790 13590 13390 13190 12990 12790 12590 12390 12190 11990 11790 11590 11390 11190 10990 10790 10590 10390 10190 9990 9989 9789 9788 9787 9587 9586 9386 9385 9185 8985 8785 8585 8385 8185 7985 7785 7585 7385 7185 6985 6785 6585 6385 6185 5985 5785 5585 5584 5384 5383 5183 4983 4982 4782 4781 4581 4381 4380 4180 3980 3979 3779 3579 3578 3378 3377 3177 2977 2777 2577 2576 2376 2176 1976 1776 1775 1575 1375 1175 975 775 774 574 374 174 173 172 171 170 169 168 167 166 165 164 163 162 161 160 159 158 157 156 155 154 153 152 151 150 149 148 147 146 145 144 143 142 141 140 139 138 137 136 135 134 133 132 131 331 531 731 931 1131 1331 1531 1731 1931 2131 2331 2531 
Label: 448052
[338,1736059,]
37556 37557 37558 37358 37359 37159 36959 36960 36760 36761 36561 36562 36563 36564 36364 36365 36366 36367 36368 36369 36169 36170 36171 36172 35972 35973 35974 35774 35775 35776 35576 35577 35578 35378 35379 35179 35180 35181 34981 34982 34782 34783 34784 34584 34585 34385 34386 34186 34187 34188 34189 33989 33789 33790 33590 33390 33190 32990 32790 32590 32390 32190 31990 31790 31590 31390 31190 30990 30790 30590 30390 30190 29990 29991 29791 29591 29592 29392 29192 29193 28993 28793 28794 28594 28595 28596 28396 28397 28398 28399 28199 27999 27799 27599 27399 27199 26999 26799 26599 26399 26199 25999 25799 25599 25399 25199 24999 24799 24599 24399 24199 24198 24197 23997 23996 23995 23994 23993 23793 23792 23791 23790 23789 23788 23588 23587 23586 23386 23385 23185 23184 22984 22983 22783 22583 22582 22382 22381 22181 21981 21980 21780 21779 21579 21379 21179 20979 20779 20579 20379 20179 19979 19779 19579 19379 19179 18979 18779 18579 18580 18380 18381 18181 18182 17982 17983 17984 17784 17785 17585 17586 17386 17387 17388 17188 17189 16989 16990 16991 16791 16792 16592 16593 16393 16193 15993 15793 15593 15393 15193 14993 14793 14792 14791 14591 14590 14390 14190 13990 13790 13590 13390 13190 12990 12790 12590 12390 12190 11990 11790 11590 11390 11190 10990 10790 10590 10390 10190 9990 9989 9789 9788 9787 9587 9586 9386 9385 9185 8985 8785 8585 8385 8185 7985 7785 7585 7385 7185 6985 6785 6585 6385 6185 5985 5785 5585 5584 5384 5383 5183 4983 4982 4782 4781 4581 4381 4380 4180 3980 3979 3779 3579 3578 3378 3377 3177 2977 2777 2577 2576 2376 2176 1976 1776 1775 1575 1375 1175 975 775 774 574 374 174 173 172 171 170 169 168 167 166 165 164 163 162 161 160 159 158 157 156 155 154 153 152 151 150 149 148 147 146 145 144 143 142 141 140 139 138 137 136 135 134 133 132 131 331 531 731 931 1131 1331 1531 1731 1931 2131 2331 2531 
Label: 102140
[220,2500492,]
37556 37557 37558 37358 37359 37159 36959 36960 36760 36761 36561 36562 36563 36564 36364 36365 36366 36166 35966 35766 35566 35366 35166 34966 34766 34566 34366 34166 33966 33766 33566 33366 33166 32966 32766 32566 32366 32166 31966 31766 31566 31366 31166 30966 30766 30566 30366 30166 29966 29766 29566 29366 29166 28966 28766 28566 28366 28166 27966 27766 27566 27366 27365 27364 27164 27163 27162 27161 26961 26960 26760 26560 26360 26160 25960 25760 25560 25360 25359 25159 24959 24759 24758 24558 24557 24357 24157 24156 23956 23955 23755 23754 23554 23553 23353 23352 23152 23151 22951 22751 22551 22351 22151 21951 21751 21551 21550 21350 21150 20950 20949 20749 20549 20349 20149 19949 19749 19549 19349 19149 18949 18749 18549 18349 18149 17949 17749 17549 17349 17149 16949 16749 16549 16349 16149 15949 15749 15549 15349 15149 14949 14749 14549 14349 14149 13949 13948 13947 13946 13945 13944 13943 13743 13742 13741 13740 13540 13539 13339 13139 13138 12938 12738 12538 12338 12337 12137 11937 11737 11537 11337 11137 10937 10737 10537 10337 10137 9937 9737 9537 9337 9137 8937 8737 8537 8536 8336 8335 8135 8134 8133 7933 7932 7931 7731 7531 7331 7131 6931 6731 6531 6331 6131 5931 5731 5531 5331 5131 4931 4731 4531 4331 4131 3931 3731 3531 3331 3131 2931 2731 2531 
Label: 63396
[212,2781016,]
37556 37356 37156 36956 36756 36556 36356 36355 36354 36353 36352 36351 36350 36349 36348 36347 36346 36345 36344 36343 36342 36341 36340 36339 36139 35939 35739 35539 35339 35139 34939 34739 34539 34339 34139 33939 33739 33539 33339 33139 32939 32739 32539 32339 32139 31939 31739 31539 31540 31340 31341 31141 30941 30741 30541 30341 30141 29941 29741 29541 29341 29141 28941 28741 28541 28341 28141 27941 27741 27541 27341 27141 26941 26741 26541 26341 26141 25941 25741 25541 25341 25141 24941 24741 24541 24341 24141 23941 23741 23742 23743 23543 23544 23545 23345 23145 22945 22745 22545 22345 22145 21945 21745 21545 21345 21145 20945 20745 20545 20345 20145 19945 19745 19545 19345 19145 18945 18745 18545 18345 18145 17945 17745 17545 17345 17145 16945 16745 16545 16345 16145 15945 15745 15545 15345 15145 14945 14745 14545 14345 14145 13945 13944 13943 13743 13742 13741 13740 13540 13539 13339 13139 13138 12938 12738 12538 12338 12337 12137 11937 11737 11537 11337 11137 10937 10737 10537 10337 10137 9937 9737 9537 9337 9137 8937 8737 8537 8536 8336 8335 8135 8134 8133 7933 7932 7931 7731 7531 7331 7131 6931 6731 6531 6331 6131 5931 5731 5531 5331 5131 4931 4731 4531 4331 4131 3931 3731 3531 3331 3131 2931 2731 2531 
Label: 260043
[260,1947868,]
37556 37557 37558 37358 37359 37159 36959 36960 36760 36761 36561 36562 36563 36564 36364 36365 36366 36367 36368 36369 36169 36170 36171 36172 35972 35973 35974 35774 35775 35776 35576 35577 35578 35378 35379 35179 35180 35181 34981 34982 34782 34783 34583 34383 34183 33983 33783 33583 33383 33183 32983 32783 32782 32582 32581 32381 32380 32180 32179 31979 31978 31778 31777 31577 31576 31376 31375 31175 31174 30974 30774 30773 30573 30373 30372 30172 29972 29772 29572 29372 29172 29171 28971 28771 28770 28570 28370 28369 28169 28168 27968 27768 27767 27567 27566 27366 27365 27364 27164 27163 27162 27161 26961 26960 26760 26560 26360 26160 25960 25760 25560 25360 25359 25159 24959 24759 24758 24558 24557 24357 24157 24156 23956 23955 23755 23754 23554 23553 23353 23352 23152 23151 22951 22751 22551 22351 22151 21951 21751 21551 21550 21350 21150 20950 20949 20749 20549 20349 20149 19949 19749 19549 19349 19149 18949 18749 18549 18349 18149 17949 17749 17549 17349 17149 17150 16950 16750 16751 16551 16351 16352 16152 15952 15752 15552 15352 15152 14952 14752 14552 14352 14152 13952 13951 13950 13949 13948 13947 13946 13945 13944 13943 13743 13742 13741 13740 13540 13539 13339 13139 13138 12938 12738 12538 12338 12337 12137 11937 11737 11537 11337 11137 10937 10737 10537 10337 10137 9937 9737 9537 9337 9137 8937 8737 8537 8536 8336 8335 8135 8134 8133 7933 7932 7931 7731 7531 7331 7131 6931 6731 6531 6331 6131 5931 5731 5531 5331 5131 4931 4731 4531 4331 4131 3931 3731 3531 3331 3131 2931 2731 2531 
Label: 445836
[324,1769587,]
37556 37557 37558 37358 37359 37159 36959 36960 36760 36761 36561 36562 36563 36564 36364 36365 36366 36367 36368 36369 36169 36170 36171 36172 35972 35973 35974 35774 35775 35776 35576 35577 35578 35378 35379 35179 35180 35181 34981 34982 34782 34783 34784 34584 34585 34385 34386 34186 34187 34188 34189 33989 33789 33790 33590 33390 33190 32990 32790 32590 32390 32190 31990 31790 31590 31390 31190 30990 30790 30590 30390 30190 29990 29991 29791 29591 29592 29392 29192 29193 28993 28793 28794 28594 28595 28596 28396 28397 28398 28399 28199 27999 27799 27599 27399 27199 26999 26799 26599 26399 26199 25999 25799 25599 25399 25199 24999 24799 24599 24399 24199 24198 24197 23997 23996 23995 23994 23993 23793 23792 23791 23790 23789 23788 23588 23587 23586 23386 23385 23185 23184 22984 22983 22783 22583 22582 22382 22182 21982 21782 21582 21382 21182 20982 20782 20582 20382 20182 19982 19782 19582 19382 19182 18982 18782 18582 18382 18182 17982 17983 17984 17784 17785 17585 17586 17386 17387 17388 17188 17189 16989 16789 16589 16389 16189 15989 15789 15589 15389 15189 14989 14789 14589 14389 14189 13989 13789 13589 13389 13189 12989 12789 12589 12389 12189 11989 11789 11589 11389 11189 10989 10789 10589 10389 10189 9989 9789 9788 9787 9587 9586 9386 9385 9185 8985 8785 8585 8385 8185 7985 7785 7585 7385 7185 6985 6785 6585 6385 6185 5985 5785 5585 5584 5384 5383 5183 4983 4982 4782 4781 4581 4381 4380 4180 3980 3979 3779 3579 3578 3378 3377 3177 2977 2777 2577 2576 2376 2176 1976 1776 1775 1575 1375 1175 975 775 774 574 374 174 173 172 171 170 169 168 167 166 165 164 163 162 161 160 159 158 157 156 155 154 153 152 151 150 149 148 147 146 145 144 143 142 141 140 139 138 137 136 135 134 133 132 131 331 531 731 931 1131 1331 1531 1731 1931 2131 2331 2531 
Label: 110716
[222,2415332,]
37556 37557 37558 37358 37359 37159 36959 36960 36760 36761 36561 36562 36563 36564 36364 36365 36366 36367 36167 35967 35767 35567 35367 35167 34967 34767 34567 34367 34167 33967 33767 33567 33367 33167 32967 32767 32567 32367 32167 31967 31767 31567 31367 31167 30967 30767 30567 30367 30167 29967 29767 29567 29367 29167 28967 28767 28567 28367 28167 27967 27767 27567 27566 27366 27365 27364 27164 27163 27162 27161 26961 26960 26760 26560 26360 26160 25960 25760 25560 25360 25359 25159 24959 24759 24758 24558 24557 24357 24157 24156 23956 23955 23755 23754 23554 23553 23353 23352 23152 23151 22951 22751 22551 22351 22151 21951 21751 21551 21550 21350 21150 20950 20949 20749 20549 20349 20149 19949 19749 19549 19349 19149 18949 18749 18549 18349 18149 17949 17749 17549 17349 17149 16949 16749 16549 16349 16149 15949 15749 15549 15349 15149 14949 14749 14549 14349 14149 13949 13948 13947 13946 13945 13944 13943 13743 13742 13741 13740 13540 13539 13339 13139 13138 12938 12738 12538 12338 12337 12137 11937 11737 11537 11337 11137 10937 10737 10537 10337 10137 9937 9737 9537 9337 9137 8937 8737 8537 8536 8336 8335 8135 8134 8133 7933 7932 7931 7731 7531 7331 7131 6931 6731 6531 6331 6131 5931 5731 5531 5331 5131 4931 4731 4531 4331 4131 3931 3731 3531 3331 3131 2931 2731 2531 
Label: 53588
[210,2822670,]
37556 37356 37156 36956 36756 36556 36356 36355 36354 36353 36352 36351 36350 36349 36348 36347 36346 36345 36344 36343 36342 36341 36340 36339 36139 36138 35938 35738 35538 35338 35138 34938 34738 34538 34338 34138 33938 33738 33538 33338 33138 32938 32738 32538 32338 32138 31938 31738 31538 31539 31540 31340 31341 31141 30941 30741 30541 30341 30141 29941 29741 29541 29341 29141 28941 28741 28541 28341 28141 27941 27741 27541 27341 27141 26941 26741 26541 26341 26141 25941 25741 25541 25341 25141 24941 24741 24541 24341 24141 23941 23741 23742 23743 23543 23343 23143 22943 22743 22543 22343 22143 21943 21743 21543 21343 21143 20943 20743 20543 20343 20143 19943 19743 19543 19343 19143 18943 18743 18543 18343 18143 17943 17743 17742 17741 17740 17739 17539 17538 17537 17337 17137 16937 16737 16537 16337 16137 15937 15737 15537 15337 15137 14937 14737 14537 14337 14137 13937 13737 13537 13337 13137 12937 12737 12537 12337 12137 11937 11737 11537 11337 11137 10937 10737 10537 10337 10137 9937 9737 9537 9337 9137 8937 8737 8537 8536 8336 8335 8135 8134 8133 7933 7932 7931 7731 7531 7331 7131 6931 6731 6531 6331 6131 5931 5731 5531 5331 5131 4931 4731 4531 4331 4131 3931 3731 3531 3331 3131 2931 2731 2531 
Label: 19368
[202,2947069,]
37556 37356 37156 36956 36756 36556 36356 36156 35956 35756 35556 35356 35156 34956 34756 34556 34356 34156 33956 33756 33556 33356 33156 32956 32756 32556 32356 32156 31956 31756 31556 31356 31156 30956 30756 30556 30356 30156 29956 29756 29556 29356 29156 28956 28756 28556 28356 28156 27956 27756 27757 27557 27357 27157 26957 26757 26557 26357 26157 25957 25757 25557 25357 25157 24957 24757 24557 24357 24157 24156 23956 23955 23755 23754 23554 23553 23353 23352 23152 23151 22951 22751 22551 22351 22151 21951 21751 21551 21550 21350 21150 20950 20949 20749 20549 20349 20149 19949 19749 19549 19349 19149 18949 18749 18549 18349 18149 17949 17749 17549 17349 17149 16949 16749 16549 16349 16149 15949 15749 15549 15349 15149 14949 14749 14549 14349 14149 13949 13948 13947 13946 13945 13944 13943 13743 13742 13741 13740 13540 13539 13339 13139 13138 12938 12738 12538 12338 12337 12137 11937 11737 11537 11337 11137 10937 10737 10537 10337 10137 9937 9737 9537 9337 9137 8937 8737 8537 8536 8336 8335 8135 8134 8133 7933 7932 7931 7731 7531 7331 7131 6931 6731 6531 6331 6131 5931 5731 5531 5331 5131 4931 4731 4531 4331 4131 3931 3731 3531 3331 3131 2931 2731 2531 
Label: 220831
[252,1949903,]
37556 37557 37558 37358 37359 37159 36959 36960 36760 36761 36561 36562 36563 36564 36364 36365 36366 36367 36368 36369 36169 36170 36171 36172 35972 35973 35974 35774 35775 35776 35576 35577 35578 35378 35379 35179 35180 34980 34780 34580 34380 34180 33980 33780 33580 33380 33180 32980 32780 32580 32380 32180 32179 31979 31978 31778 31777 31577 31576 31376 31375 31175 31174 30974 30774 30773 30573 30373 30372 30172 29972 29772 29572 29372 29172 29171 28971 28771 28770 28570 28370 28369 28169 28168 27968 27768 27767 27567 27566 27366 27365 27364 27164 27163 27162 27161 26961 26960 26760 26560 26360 26160 25960 25760 25560 25360 25359 25159 24959 24759 24758 24558 24557 24357 24157 24156 23956 23955 23755 23754 23554 23553 23353 23352 23152 23151 22951 22751 22551 22351 22151 21951 21751 21551 21550 21350 21150 20950 20949 20749 20549 20349 20149 19949 19749 19549 19349 19149 18949 18749 18549 18349 18149 17949 17749 17549 17349 17149 17150 16950 16750 16751 16551 16351 16151 15951 15751 15551 15351 15151 14951 14751 14551 14351 14151 13951 13950 13949 13948 13947 13946 13945 13944 13943 13743 13742 13741 13740 13540 13539 13339 13139 13138 12938 12738 12538 12338 12337 12137 11937 11737 11537 11337 11137 10937 10737 10537 10337 10137 9937 9737 9537 9337 9137 8937 8737 8537 8536 8336 8335 8135 8134 8133 7933 7932 7931 7731 7531 7331 7131 6931 6731 6531 6331 6131 5931 5731 5531 5331 5131 4931 4731 4531 4331 4131 3931 3731 3531 3331 3131 2931 2731 2531 
Label: 239755
[256,1948390,]
37556 37557 37558 37358 37359 37159 36959 36960 36760 36761 36561 36562 36563 36564 36364 36365 36366 36367 36368 36369 36169 36170 36171 36172 35972 35973 35974 35774 35775 35776 35576 35577 35578 35378 35379 35179 35180 35181 34981 34982 34782 34582 34382 34182 33982 33782 33582 33382 33182 32982 32782 32582 32581 32381 32380 32180 32179 31979 31978 31778 31777 31577 31576 31376 31375 31175 31174 30974 30774 30773 30573 30373 30372 30172 29972 29772 29572 29372 29172 29171 28971 28771 28770 28570 28370 28369 28169 28168 27968 27768 27767 27567 27566 27366 27365 27364 27164 27163 27162 27161 26961 26960 26760 26560 26360 26160 25960 25760 25560 25360 25359 25159 24959 24759 24758 24558 24557 24357 24157 24156 23956 23955 23755 23754 23554 23553 23353 23352 23152 23151 22951 22751 22551 22351 22151 21951 21751 21551 21550 21350 21150 20950 20949 20749 20549 20349 20149 19949 19749 19549 19349 19149 18949 18749 18549 18349 18149 17949 17749 17549 17349 17149 17150 16950 16750 16751 16551 16351 16151 15951 15751 15551 15351 15151 14951 14751 14551 14351 14151 13951 13950 13949 13948 13947 13946 13945 13944 13943 13743 13742 13741 13740 13540 13539 13339 13139 13138 12938 12738 12538 12338 12337 12137 11937 11737 11537 11337 11137 10937 10737 10537 10337 10137 9937 9737 9537 9337 9137 8937 8737 8537 8536 8336 8335 8135 8134 8133 7933 7932 7931 7731 7531 7331 7131 6931 6731 6531 6331 6131 5931 5731 5531 5331 5131 4931 4731 4531 4331 4131 3931 3731 3531 3331 3131 2931 2731 2531 
Label: 73196
[214,2738806,]
37556 37356 37156 36956 36756 36556 36356 36355 36354 36353 36352 36351 36350 36349 36348 36347 36346 36345 36344 36343 36342 36341 36340 36339 36139 36138 35938 35738 35538 35338 35138 34938 34738 34538 34338 34138 33938 33738 33538 33338 33138 32938 32738 32538 32338 32138 31938 31738 31538 31539 31540 31340 31341 31141 30941 30741 30541 30341 30141 29941 29741 29541 29341 29141 28941 28741 28541 28341 28141 27941 27741 27541 27341 27141 26941 26741 26541 26341 26141 25941 25741 25541 25341 25141 24941 24741 24541 24341 24141 23941 23741 23742 23743 23543 23544 23545 23345 23145 22945 22745 22545 22345 22145 21945 21745 21545 21345 21145 20945 20745 20545 20345 20145 19945 19745 19545 19345 19145 18945 18745 18545 18345 18145 17945 17745 17545 17345 17145 16945 16745 16545 16345 16145 15945 15745 15545 15345 15145 14945 14745 14545 14345 14145 13945 13944 13943 13743 13742 13741 13740 13540 13539 13339 13139 13138 12938 12738 12538 12338 12337 12137 11937 11737 11537 11337 11137 10937 10737 10537 10337 10137 9937 9737 9537 9337 9137 8937 8737 8537 8536 8336 8335 8135 8134 8133 7933 7932 7931 7731 7531 7331 7131 6931 6731 6531 6331 6131 5931 5731 5531 5331 5131 4931 4731 4531 4331 4131 3931 3731 3531 3331 3131 2931 2731 2531 
Label: 444837
[322,1785981,]
37556 37557 37558 37358 37359 37159 36959 36960 36760 36761 36561 36562 36563 36564 36364 36365 36366 36367 36368 36369 36169 36170 36171 36172 35972 35973 35974 35774 35775 35776 35576 35577 35578 35378 35379 35179 35180 35181 34981 34982 34782 34783 34784 34584 34585 34385 34386 34186 34187 34188 34189 33989 33789 33790 33590 33390 33190 32990 32790 32590 32390 32190 31990 31790 31590 31390 31190 30990 30790 30590 30390 30190 29990 29991 29791 29591 29592 29392 29192 29193 28993 28793 28794 28594 28595 28596 28396 28397 28398 28399 28199 27999 27799 27599 27399 27199 26999 26799 26599 26399 26199 25999 25799 25599 25399 25199 24999 24799 24599 24399 24199 24198 24197 23997 23996 23995 23994 23993 23793 23792 23791 23790 23789 23788 23588 23587 23586 23386 23385 23185 23184 22984 22983 22783 22583 22582 22382 22182 21982 21782 21582 21382 21182 20982 20782 20582 20382 20182 19982 19782 19582 19382 19182 18982 18782 18582 18382 18182 17982 17983 17984 17784 17785 17585 17586 17386 17387 17388 17188 16988 16788 16588 16388 16188 15988 15788 15588 15388 15188 14988 14788 14588 14388 14188 13988 13788 13588 13388 13188 12988 12788 12588 12388 12188 11988 11788 11588 11388 11188 10988 10788 10588 10388 10188 9988 9788 9787 9587 9586 9386 9385 9185 8985 8785 8585 8385 8185 7985 7785 7585 7385 7185 6985 6785 6585 6385 6185 5985 5785 5585 5584 5384 5383 5183 4983 4982 4782 4781 4581 4381 4380 4180 3980 3979 3779 3579 3578 3378 3377 3177 2977 2777 2577 2576 2376 2176 1976 1776 1775 1575 1375 1175 975 775 774 574 374 174 173 172 171 170 169 168 167 166 165 164 163 162 161 160 159 158 157 156 155 154 153 152 151 150 149 148 147 146 145 144 143 142 141 140 139 138 137 136 135 134 133 132 131 331 531 731 931 1131 1331 1531 1731 1931 2131 2331 2531 
Label: 447197
[330,1743574,]
37556 37557 37558 37358 37359 37159 36959 36960 36760 36761 36561 36562 36563 36564 36364 36365 36366 36367 36368 36369 36169 36170 36171 36172 35972 35973 35974 35774 35775 35776 35576 35577 35578 35378 35379 35179 35180 35181 34981 34982 34782 34783 34784 34584 34585 34385 34386 34186 34187 34188 34189 33989 33789 33790 33590 33390 33190 32990 32790 32590 32390 32190 31990 31790 31590 31390 31190 30990 30790 30590 30390 30190 29990 29991 29791 29591 29592 29392 29192 29193 28993 28793 28794 28594 28595 28596 28396 28397 28398 28399 28199 27999 27799 27599 27399 27199 26999 26799 26599 26399 26199 25999 25799 25599 25399 25199 24999 24799 24599 24399 24199 24198 24197 23997 23996 23995 23994 23993 23793 23792 23791 23790 23789 23788 23588 23587 23586 23386 23385 23185 23184 22984 22983 22783 22583 22582 22382 22381 22181 21981 21980 21780 21580 21380 21180 20980 20780 20580 20380 20180 19980 19780 19580 19380 19180 18980 18780 18580 18380 18381 18181 18182 17982 17983 17984 17784 17785 17585 17586 17386 17387 17388 17188 17189 16989 16990 16790 16590 16390 16190 15990 15790 15590 15390 15190 14990 14790 14590 14390 14190 13990 13790 13590 13390 13190 12990 12790 12590 12390 12190 11990 11790 11590 11390 11190 10990 10790 10590 10390 10190 9990 9989 9789 9788 9787 9587 9586 9386 9385 9185 8985 8785 8585 8385 8185 7985 7785 7585 7385 7185 6985 6785 6585 6385 6185 5985 5785 5585 5584 5384 5383 5183 4983 4982 4782 4781 4581 4381 4380 4180 3980 3979 3779 3579 3578 3378 3377 3177 2977 2777 2577 2576 2376 2176 1976 1776 1775 1575 1375 1175 975 775 774 574 374 174 173 172 171 170 169 168 167 166 165 164 163 162 161 160 159 158 157 156 155 154 153 152 151 150 149 148 147 146 145 144 143 142 141 140 139 138 137 136 135 134 133 132 131 331 531 731 931 1131 1331 1531 1731 1931 2131 2331 2531 
Label: 446489
[326,1757345,]
37556 37557 37558 37358 37359 37159 36959 36960 36760 36761 36561 36562 36563 36564 36364 36365 36366 36367 36368 36369 36169 36170 36171 36172 35972 35973 35974 35774 35775 35776 35576 35577 35578 35378 35379 35179 35180 35181 34981 34982 34782 34783 34784 34584 34585 34385 34386 34186 34187 34188 34189 33989 33789 33790 33590 33390 33190 32990 32790 32590 32390 32190 31990 31790 31590 31390 31190 30990 30790 30590 30390 30190 29990 29991 29791 29591 29592 29392 29192 29193 28993 28793 28794 28594 28595 28596 28396 28397 28398 28399 28199 27999 27799 27599 27399 27199 26999 26799 26599 26399 26199 25999 25799 25599 25399 25199 24999 24799 24599 24399 24199 24198 24197 23997 23996 23995 23994 23993 23793 23792 23791 23790 23789 23788 23588 23587 23586 23386 23385 23185 23184 22984 22983 22783 22583 22582 22382 22381 22181 21981 21781 21581 21381 21181 20981 20781 20581 20381 20181 19981 19781 19581 19381 19181 18981 18781 18581 18381 18181 18182 17982 17983 17984 17784 17785 17585 17586 17386 17387 17388 17188 17189 16989 16789 16589 16389 16189 15989 15789 15589 15389 15189 14989 14789 14589 14389 14189 13989 13789 13589 13389 13189 12989 12789 12589 12389 12189 11989 11789 11589 11389 11189 10989 10789 10589 10389 10189 9989 9789 9788 9787 9587 9586 9386 9385 9185 8985 8785 8585 8385 8185 7985 7785 7585 7385 7185 6985 6785 6585 6385 6185 5985 5785 5585 5584 5384 5383 5183 4983 4982 4782 4781 4581 4381 4380 4180 3980 3979 3779 3579 3578 3378 3377 3177 2977 2777 2577 2576 2376 2176 1976 1776 1775 1575 1375 1175 975 775 774 574 374 174 173 172 171 170 169 168 167 166 165 164 163 162 161 160 159 158 157 156 155 154 153 152 151 150 149 148 147 146 145 144 143 142 141 140 139 138 137 136 135 134 133 132 131 331 531 731 931 1131 1331 1531 1731 1931 2131 2331 2531 
