graph_load_time: 4.03196
n_generated: 1219086
n_expanded: 624002
n_domCheck: 6662915
rt_initHeu: 4.26289
rt_search: 60.0113
N: 47
Label: 1859476
[2740,15470,]
27443 147242 27241 147042 26842 146643 26443 146244 26044 26045 145846 25646 25647 25648 25649 145450 25250 25251 25252 25253 25254 25255 25256 25257 25258 25259 25260 25261 25262 25263 25264 25265 25266 25267 25268 25269 25270 25271 25272 25273 25274 25275 25276 25277 25278 25279 25280 25281 25282 145083 24883 144684 24484 144285 24085 143886 23686 23687 143488 23288 23289 23290 143091 22891 22892 22893 22894 22895 22896 22897 142698 22498 142299 22099 141900 21700 141501 21301 141102 20902 20903 140704 20504 20505 20506 140307 100308 60309 20310 140111 100112 60113 20114 139915 99916 59917 19918 139719 99720 59721 19521 139322 19122 138923 18723 138524 18324 138125 17925 137726 17526 137327 17127 136928 16728 136529 16329 136130 15930 135731 15531 135332 15132 134933 14733 134532 14332 134131 13931 133732 13532 133331 13131 132932 12732 132533 12333 132134 11934 131735 11535 131336 11136 130937 10737 130538 10338 10339 10340 10341 10342 10343 10344 10345 10346 130147 9947 129748 9548 129349 9149 128948 8748 128549 8349 128150 7950 127751 7551 127352 7152 126953 6753 126554 6354 126155 5955 125756 5556 125355 5155 5154 124953 4753 124554 4354 124155 3955 123754 3554 123355 3155 122956 2756 122557 2357 122158 1958 121759 1559 121358 1357 1356 
Label: 611567
[2520,58477,]
27443 147244 27044 146845 26645 146446 26246 146047 25847 145648 25448 25449 25450 25451 25452 25453 25454 25455 25456 25457 25458 25459 25460 25461 25462 25463 25464 25465 25466 25467 25468 25469 25470 25471 25472 25473 25474 25475 25476 25477 25478 25479 25480 25481 145282 25082 144883 24683 144484 24284 144085 23885 23886 143687 23487 23488 143289 23089 23090 23091 23092 23093 142894 22694 22695 22696 22697 22698 142499 22299 142100 21900 141701 21501 141302 21102 140903 20703 20704 20705 20706 140507 20307 20308 20309 20310 20311 20312 140113 19913 19914 19915 19916 139717 19517 139318 19118 138919 18719 138520 18320 138121 17921 137722 17522 137323 17123 136924 16724 136525 16325 136126 15926 135727 15527 135328 15128 134929 14729 134530 14330 134131 13931 133732 13532 133333 13133 132934 12734 132535 12335 132136 11936 131737 11537 131338 11138 130939 10739 130540 10340 130141 9941 129742 9542 129343 9143 128944 8744 128545 8345 128146 7946 127747 7547 127348 7148 126949 6749 126550 6350 126151 5951 125752 5552 125353 5153 124954 4953 124754 4554 124353 4153 123954 3754 123555 3355 123156 2956 122757 2557 122358 2158 121957 1757 121556 1356 
Label: 1805016
[2730,15475,]
27443 147242 27042 146843 26643 146444 26244 146045 25845 25846 25847 145648 25448 25449 25450 25451 25452 25453 25454 25455 25456 25457 25458 25459 25460 25461 25462 25463 25464 25465 25466 25467 25468 25469 25470 25471 25472 25473 25474 25475 25476 25477 25478 25479 25480 25481 145282 25082 144883 24683 144484 24284 144085 23885 23886 143687 23487 23488 143289 23089 23090 23091 23092 23093 142894 102895 62896 22897 142698 22498 142299 22099 141900 21700 141501 21301 141102 20902 20903 140704 20504 20505 20506 140307 100308 60309 20310 140111 100112 60113 20114 139915 99916 59917 19918 139719 99720 59721 19521 139322 19122 138923 18723 138524 18324 138125 17925 137726 17526 137327 17127 136928 16728 136529 16329 136130 15930 135731 15531 135332 15132 134933 14733 134532 14332 134131 13931 133732 13532 133331 13131 132932 12732 132533 12333 132134 11934 131735 11535 131336 11136 130937 10737 130538 10338 10339 10340 10341 10342 10343 10344 10345 10346 130147 9947 129748 9548 129349 9149 128948 8748 128549 8349 128150 7950 127751 7551 127352 7152 126953 6753 126554 6354 126155 5955 125756 5556 125355 5155 5154 124953 4753 124554 4354 124155 3955 123754 3554 123355 3155 122956 2756 122557 2357 122158 1958 121759 1559 121358 1357 1356 
Label: 1746339
[2720,15488,]
27443 147242 27042 146843 26643 146444 26244 146045 25845 25846 25847 145648 25448 25449 25450 25451 25452 25453 25454 25455 25456 25457 25458 25459 25460 25461 25462 25463 25464 25465 25466 25467 25468 25469 25470 25471 25472 25473 25474 25475 25476 25477 25478 25479 25480 25481 145282 25082 144883 24683 144484 24284 144085 23885 23886 143687 23487 23488 143289 23089 23090 23091 23092 23093 142894 22694 22695 22696 22697 22698 142499 22299 142100 21900 141701 21501 141302 21102 140903 20703 140504 100505 60506 20507 140308 100309 60310 20311 140112 100113 60114 20115 139916 99917 59918 19919 139720 19520 19521 139322 19122 138923 18723 138524 18324 138125 17925 137726 17526 137327 17127 136928 16728 136529 16329 136130 15930 135731 15531 135332 15132 134933 14733 134532 14332 134131 13931 133732 13532 133331 13131 132932 12732 132533 12333 132134 11934 131735 11535 131336 11136 130937 10737 130538 10338 10339 10340 10341 10342 10343 10344 10345 10346 130147 9947 129748 9548 129349 9149 128948 8748 128549 8349 128150 7950 127751 7551 127352 7152 126953 6753 126554 6354 126155 5955 125756 5556 125355 5155 5154 124953 4753 124554 4354 124155 3955 123754 3554 123355 3155 122956 2756 122557 2357 122158 1958 121759 1559 121358 1357 1356 
Label: 1687551
[2710,15514,]
27443 147242 27042 146843 26643 146444 26244 146045 25845 25846 25847 145648 25448 25449 25450 25451 25452 25453 25454 25455 25456 25457 25458 25459 25460 25461 25462 25463 25464 25465 25466 25467 25468 25469 25470 25471 25472 25473 25474 25475 25476 25477 25478 25479 25480 25481 145282 25082 144883 24683 144484 24284 144085 23885 23886 143687 23487 23488 143289 23089 23090 23091 23092 23093 142894 22694 22695 22696 22697 22698 142499 22299 142100 21900 141701 21501 141302 21102 140903 20703 20704 20705 20706 140507 20307 20308 20309 20310 140111 100112 60113 20114 139915 99916 59917 19918 139719 99720 59721 19521 139322 19122 138923 18723 138524 18324 138125 17925 137726 17526 137327 17127 136928 16728 136529 16329 136130 15930 135731 15531 135332 15132 134933 14733 134532 14332 134131 13931 133732 13532 133331 13131 132932 12732 132533 12333 132134 11934 131735 11535 131336 11136 130937 10737 130538 10338 10339 10340 10341 10342 10343 10344 10345 10346 130147 9947 129748 9548 129349 9149 128948 8748 128549 8349 128150 7950 127751 7551 127352 7152 126953 6753 126554 6354 126155 5955 125756 5556 125355 5155 5154 124953 4753 124554 4354 124155 3955 123754 3554 123355 3155 122956 2756 122557 2357 122158 1958 121759 1559 121358 1357 1356 
Label: 862141
[2570,17336,]
27443 147244 27044 146845 26645 146446 26246 146047 25847 145648 25448 25449 25450 25451 25452 25453 25454 25455 25456 25457 25458 25459 25460 25461 25462 25463 25464 25465 25466 25467 25468 25469 25470 25471 25472 25473 25474 25475 25476 25477 25478 25479 25480 25481 145282 25082 144883 24683 144484 24284 144085 23885 23886 143687 23487 23488 143289 23089 23090 23091 23092 23093 142894 22694 22695 22696 22697 22698 142499 22299 142100 21900 141701 21501 141302 21102 140903 20703 20704 20705 20706 140507 20307 20308 20309 20310 20311 140112 100113 60114 20115 139916 19716 19717 19718 139519 19319 139120 18920 138721 18521 138322 18122 137923 17723 137524 17324 137125 16925 136726 16526 136327 16127 135928 15728 135529 15329 135130 14930 134731 14531 134332 14132 133931 13731 133532 13332 133133 12933 132734 12534 132335 12135 131936 11736 131537 11337 131138 10938 130739 10539 10540 10541 130342 10142 10143 10144 129945 9745 129546 9346 129147 8947 128748 8548 128349 8149 127950 7750 127551 7351 127152 6952 126753 6553 126354 6154 125955 5755 125556 5356 125155 4955 124754 4554 124353 4153 123954 3754 123555 3355 123156 2956 122757 2557 122358 2158 121957 1757 121556 1356 
Label: 2411599
[2830,14187,]
27443 147244 27044 146845 26645 146446 26246 146047 25847 145648 25448 25449 25450 25451 25452 25453 25454 25455 25456 25457 25458 25459 25460 25461 25462 25463 25464 25465 25466 25467 25468 25469 25470 25471 25472 25473 25474 25475 25476 25477 25478 25479 25480 25481 145282 25082 144883 24683 144484 24284 144085 23885 23886 143687 23487 23488 143289 23089 23090 23091 23092 23093 142894 22694 22695 22696 22697 22698 142499 22299 142100 21900 141701 21501 141302 21102 140903 20703 20704 20705 20706 140507 20307 20308 20309 20310 20311 140112 100113 60114 20115 139916 19716 19717 19718 139519 19319 139120 18920 138721 18521 138322 18122 137923 17723 137524 17324 137125 16925 136726 16526 136327 16127 135928 15728 135529 15329 135130 14930 134731 14531 134332 14132 133933 13733 133534 13334 133135 12935 132736 12536 132337 12137 131938 11738 131539 11339 131140 10940 130741 10541 10542 10543 10544 10545 10546 10547 10548 10549 10550 10551 10552 10553 10554 10555 10556 10557 10558 10559 10560 10561 10562 10563 10564 130365 10165 10166 129967 9767 129568 9368 129169 8969 128770 8570 128371 8171 127970 7770 127569 7369 127168 6968 126767 6567 6566 126365 6364 126163 6162 125961 5761 5760 5759 125558 5358 125157 4957 124756 4556 124355 4155 123954 3754 123555 3355 123156 2956 122757 2557 122358 2158 121957 1757 121556 1356 
Label: 1626808
[2700,15528,]
27443 147242 27042 146843 26643 146444 26244 146045 25845 25846 25847 145648 25448 25449 25450 25451 25452 25453 25454 25455 25456 25457 25458 25459 25460 25461 25462 25463 25464 25465 25466 25467 25468 25469 25470 25471 25472 25473 25474 25475 25476 25477 25478 25479 25480 25481 145282 25082 144883 24683 144484 24284 144085 23885 23886 143687 23487 23488 143289 23089 23090 23091 23092 23093 142894 22694 22695 22696 22697 22698 142499 22299 142100 21900 141701 21501 141302 21102 140903 20703 140504 100505 60506 20507 140308 100309 60310 20311 140112 100113 60114 20115 139916 99917 59918 19919 139720 19520 139321 19121 138922 18722 138523 18323 138124 17924 137725 17525 137326 17126 136927 16727 136528 16328 136129 15929 135730 15530 135331 15131 134932 14732 134533 14333 134132 13932 133731 13531 133332 13132 132933 12733 132534 12334 132135 11935 131736 11536 131337 11137 130938 10738 130539 10339 10340 10341 10342 10343 10344 10345 10346 130147 9947 129748 9548 129349 9149 128948 8748 128549 8349 128150 7950 127751 7551 127352 7152 126953 6753 126554 6354 126155 5955 125756 5556 125355 5155 5154 124953 4753 124554 4354 124155 3955 123754 3554 123355 3155 122956 2756 122557 2357 122158 1958 121759 1559 121358 1357 1356 
Label: 1371043
[2660,15625,]
27443 147242 27042 146843 26643 146444 26244 146045 25845 25846 25847 145648 25448 25449 25450 25451 25452 25453 25454 25455 25456 25457 25458 25459 25460 25461 25462 25463 25464 25465 25466 25467 25468 25469 25470 25471 25472 25473 25474 25475 25476 25477 25478 25479 25480 25481 145282 25082 144883 24683 144484 24284 144085 23885 23886 143687 23487 23488 143289 23089 23090 23091 23092 23093 142894 22694 22695 22696 22697 22698 142499 22299 142100 21900 141701 21501 141302 21102 140903 20703 20704 20705 20706 140507 20307 20308 20309 20310 140111 100112 60113 20114 139915 99916 59917 19918 139719 19519 19520 139321 19121 138922 18722 138523 18323 138124 17924 137725 17525 137326 17126 136927 16727 136528 16328 136129 15929 135730 15530 135331 15131 134932 14732 134533 14333 134132 13932 133731 13531 133332 13132 132933 12733 132534 12334 132135 11935 131736 11536 131337 11137 130938 10738 130539 10339 10340 10341 10342 10343 10344 130145 9945 129746 9546 129347 9147 128948 8748 128549 8349 128150 7950 127751 7551 127352 7152 126953 6753 126554 6354 126155 5955 125756 5556 125355 5155 5154 124953 4753 124554 4354 124155 3955 123754 3554 123355 3155 122956 2756 122557 2357 122158 1958 121759 1559 121358 1357 1356 
Label: 1499933
[2680,15572,]
27443 147242 27042 146843 26643 146444 26244 146045 25845 25846 25847 145648 25448 25449 25450 25451 25452 25453 25454 25455 25456 25457 25458 25459 25460 25461 25462 25463 25464 25465 25466 25467 25468 25469 25470 25471 25472 25473 25474 25475 25476 25477 25478 25479 25480 25481 145282 25082 144883 24683 144484 24284 144085 23885 23886 143687 23487 23488 143289 23089 23090 23091 23092 23093 142894 22694 22695 22696 22697 22698 142499 22299 142100 21900 141701 21501 141302 21102 140903 20703 140504 100505 60506 20507 140308 100309 60310 20311 140112 100113 60114 20115 139916 99917 59918 19919 139720 19520 139321 19121 138922 18722 138523 18323 138124 17924 137725 17525 137326 17126 136927 16727 136528 16328 136129 15929 135730 15530 135331 15131 134932 14732 134533 14333 134132 13932 133731 13531 133332 13132 132933 12733 132534 12334 132135 11935 131736 11536 131337 11137 130938 10738 130539 10339 10340 10341 10342 10343 10344 130145 9945 129746 9546 129347 9147 128948 8748 128549 8349 128150 7950 127751 7551 127352 7152 126953 6753 126554 6354 126155 5955 125756 5556 125355 5155 5154 124953 4753 124554 4354 124155 3955 123754 3554 123355 3155 122956 2756 122557 2357 122158 1958 121759 1559 121358 1357 1356 
Label: 272320
[2480,174224,]
27443 147244 27044 146845 26645 146446 26246 146047 25847 145648 25448 25449 25450 25451 25452 25453 25454 25455 25456 145257 25057 144858 24658 144459 24259 144060 23860 143661 23461 143262 23062 142863 22663 142464 22264 142065 21865 141666 21466 141267 21067 140868 20668 140469 20269 140070 19870 139671 19471 139272 19072 19073 138874 18674 18675 138476 18276 18277 138078 17878 17879 137680 17480 17481 17482 17483 17484 17485 17486 17487 17488 17489 17490 17491 17492 137293 17093 136894 16694 136495 16295 136096 15896 135697 15497 135298 15098 134899 14699 134500 14300 14301 134102 13902 133703 13503 133304 13104 132905 12705 132506 12306 132107 11907 131708 11508 131309 11109 130910 10710 130511 10311 10312 10313 10314 10315 130116 9916 129717 9517 129318 9118 128919 8719 128520 8320 128121 7921 127722 7522 127323 7123 126924 6724 126525 6325 126126 5926 125727 5527 125328 5128 124929 4729 124530 84531 44532 4332 124133 84134 44135 4136 4137 4138 4139 4140 4141 4142 4143 4144 4145 4146 4147 4148 4149 4150 4151 123952 3752 123553 3353 123154 2954 122755 2555 122356 2156 121957 1757 121556 1356 
Label: 1246475
[2640,15771,]
27443 147242 27042 146843 26643 146444 26244 146045 25845 25846 25847 145648 25448 25449 25450 25451 25452 25453 25454 25455 25456 25457 25458 25459 25460 25461 25462 25463 25464 25465 25466 25467 25468 25469 25470 25471 25472 25473 25474 25475 25476 25477 25478 25479 25480 25481 145282 25082 144883 24683 144484 24284 144085 23885 23886 143687 23487 23488 143289 23089 23090 23091 23092 23093 142894 22694 22695 22696 22697 22698 142499 22299 142100 21900 141701 21501 141302 21102 140903 20703 20704 20705 20706 140507 20307 20308 20309 20310 140111 100112 60113 20114 139915 99916 59917 19918 139719 19519 139320 19120 138921 18721 138522 18322 138123 17923 137724 17524 137325 17125 136926 16726 136527 16327 136128 15928 135729 15529 135330 15130 134931 14731 134532 14332 134131 13931 133732 13532 133333 13133 132934 12734 132535 12335 132136 11936 131737 11537 131338 11138 130939 10739 130540 10340 10341 10342 10343 10344 130145 9945 129746 9546 129347 9147 128948 8748 128549 8349 128150 7950 127751 7551 127352 7152 126953 6753 126554 6354 126155 5955 125756 5556 125355 5155 5154 124953 4753 124554 4354 124155 3955 123754 3554 123355 3155 122956 2756 122557 2357 122158 1958 121759 1559 121358 1357 1356 
Label: 1917312
[2750,15466,]
27443 147242 27042 146841 26641 26642 146443 26243 26244 146045 25845 25846 25847 145648 25448 25449 25450 25451 25452 25453 25454 25455 25456 25457 25458 25459 25460 25461 25462 25463 25464 25465 25466 25467 25468 25469 25470 25471 25472 25473 25474 25475 25476 25477 25478 25479 25480 25481 145282 25082 144883 24683 144484 24284 144085 23885 23886 143687 23487 23488 143289 23089 23090 23091 23092 23093 142894 102895 62896 22897 142698 22498 142299 22099 141900 21700 141501 21301 141102 20902 20903 140704 20504 20505 20506 140307 100308 60309 20310 140111 100112 60113 20114 139915 99916 59917 19918 139719 99720 59721 19521 139322 19122 138923 18723 138524 18324 138125 17925 137726 17526 137327 17127 136928 16728 136529 16329 136130 15930 135731 15531 135332 15132 134933 14733 134532 14332 134131 13931 133732 13532 133331 13131 132932 12732 132533 12333 132134 11934 131735 11535 131336 11136 130937 10737 130538 10338 10339 10340 10341 10342 10343 10344 10345 10346 130147 9947 129748 9548 129349 9149 128948 8748 128549 8349 128150 7950 127751 7551 127352 7152 126953 6753 126554 6354 126155 5955 125756 5556 125355 5155 5154 124953 4753 124554 4354 124155 3955 123754 3554 123355 3155 122956 2756 122557 2357 122158 1958 121759 1559 121358 1357 1356 
Label: 712355
[2540,25548,]
27443 147244 27044 146845 26645 146446 26246 146047 25847 145648 25448 25449 25450 25451 25452 25453 25454 25455 25456 25457 25458 25459 25460 25461 25462 25463 25464 25465 25466 25467 25468 25469 25470 25471 25472 25473 25474 25475 25476 25477 25478 25479 25480 25481 145282 25082 144883 24683 144484 24284 144085 23885 23886 143687 23487 23488 143289 23089 23090 23091 23092 23093 142894 22694 22695 22696 22697 22698 142499 22299 142100 21900 141701 21501 141302 21102 140903 20703 20704 20705 20706 140507 20307 20308 20309 20310 20311 20312 140113 19913 19914 19915 19916 19917 139718 19518 139319 19119 138920 18720 138521 18321 138122 17922 137723 17523 137324 17124 136925 16725 136526 16326 136127 15927 135728 15528 135329 15129 134930 14730 134531 14331 134132 13932 133733 13533 133334 13134 132935 12735 132536 12336 132137 11937 131738 11538 131339 11139 130940 10740 130541 10341 10342 130143 9943 129744 9544 129345 9145 128946 8746 128547 8347 128148 7948 127749 7549 127350 7150 126951 6751 126552 6352 126153 5953 125754 5554 125355 5155 124954 4953 124754 4554 124353 4153 123954 3754 123555 3355 123156 2956 122757 2557 122358 2158 121957 1757 121556 1356 
Label: 2543833
[2850,13441,]
27443 147244 27044 146845 26645 146446 26246 146047 25847 145648 25448 25449 25450 25451 25452 25453 25454 25455 25456 25457 25458 25459 25460 25461 25462 25463 25464 25465 25466 25467 25468 25469 25470 25471 25472 25473 25474 25475 25476 25477 25478 25479 25480 25481 145282 25082 144883 24683 144484 24284 144085 23885 23886 143687 23487 23488 143289 23089 23090 23091 23092 23093 142894 22694 22695 22696 22697 22698 142499 22299 142100 21900 141701 21501 141302 21102 140903 20703 20704 20705 20706 140507 20307 20308 20309 20310 20311 140112 100113 60114 20115 139916 19716 19717 19718 139519 19319 139120 18920 138721 18521 138322 18122 137923 17723 137524 17324 137125 16925 136726 16526 136327 16127 135928 15728 135529 15329 135130 14930 134731 14531 134332 14132 133933 13733 133534 13334 133135 12935 132736 12536 132337 12137 131938 11738 131539 11339 131140 10940 130741 10541 10542 10543 10544 10545 10546 10547 10548 10549 10550 10551 10552 10553 10554 10555 10556 10557 10558 10559 10560 10561 10562 10563 10564 130365 10165 10166 129967 9767 129568 9368 129169 8969 128770 8570 128371 8171 127970 7770 127569 7369 127168 6968 126767 6567 6566 126365 6364 126163 6162 125961 5960 125759 5559 125358 5158 124957 4757 124556 4356 124155 3955 123754 3554 123355 3155 122956 2756 122557 2357 122158 1958 121759 1559 121358 1357 1356 
Label: 1128164
[2620,15991,]
27443 147244 27044 146845 26645 146446 26246 146047 25847 145648 25448 25449 25450 25451 25452 25453 25454 25455 25456 25457 25458 25459 25460 25461 25462 25463 25464 25465 25466 25467 25468 25469 25470 25471 25472 25473 25474 25475 25476 25477 25478 25479 25480 25481 145282 25082 144883 24683 144484 24284 144085 23885 23886 143687 23487 23488 143289 23089 23090 23091 23092 23093 142894 22694 22695 22696 22697 22698 142499 22299 142100 21900 141701 21501 141302 21102 140903 20703 20704 20705 20706 140507 20307 20308 20309 20310 140111 100112 60113 20114 139915 99916 59917 19918 139719 19519 139320 19120 138921 18721 138522 18322 138123 17923 137724 17524 137325 17125 136926 16726 136527 16327 136128 15928 135729 15529 135330 15130 134931 14731 134532 14332 134131 13931 133732 13532 133333 13133 132934 12734 132535 12335 132136 11936 131737 11537 131338 11138 130939 10739 130540 10340 10341 10342 10343 10344 130145 9945 129746 9546 129347 9147 128948 8748 128549 8349 128150 7950 127751 7551 127352 7152 126953 6753 126554 6354 126155 5955 125756 5556 125355 5155 5154 124953 4753 124554 4354 124155 3955 123754 3554 123355 3155 122956 2756 122557 2357 122158 1958 121759 1559 121358 1357 1356 
Label: 2743938
[2880,12558,]
27443 147244 27044 146845 26645 146446 26246 146047 25847 145648 25448 25449 25450 25451 25452 25453 25454 25455 25456 25457 25458 25459 25460 25461 25462 25463 25464 25465 25466 25467 25468 25469 25470 25471 25472 25473 25474 25475 25476 25477 25478 25479 25480 25481 145282 25082 144883 24683 144484 24284 144085 23885 23886 143687 23487 23488 143289 23089 23090 23091 23092 23093 142894 22694 22695 22696 22697 22698 142499 22299 142100 21900 141701 21501 141302 21102 140903 20703 20704 20705 20706 140507 20307 20308 20309 20310 20311 140112 100113 60114 20115 139916 99917 59918 19718 19719 19720 19721 139522 19322 19323 139124 18924 138725 18525 138326 18126 137927 17727 137528 17328 137129 16929 136730 16530 16531 16532 16533 16534 16535 16536 16537 16538 16539 16540 16541 16542 16543 16544 16545 16546 16547 16548 136349 16149 16150 16151 16152 16153 135954 15754 135555 15355 135156 14956 134757 14557 134358 14158 133959 13759 133560 13360 133161 12961 132762 12562 132363 12163 131962 11762 131563 11363 131164 10964 130765 10565 130366 10166 129967 9767 129568 9368 129169 8969 128770 8570 128371 8171 127970 7770 127569 7369 127168 6968 126767 6567 6566 126365 6364 126163 6162 125961 5960 125759 5559 125358 5158 124957 4757 124556 4356 124155 3955 123754 3554 123355 3155 122956 2756 122557 2357 122158 1958 121759 1559 121358 1357 1356 
Label: 1074074
[2610,16351,]
27443 147244 27044 146845 26645 146446 26246 146047 25847 145648 25448 25449 25450 25451 25452 25453 25454 25455 25456 25457 25458 25459 25460 25461 25462 25463 25464 25465 25466 25467 25468 25469 25470 25471 25472 25473 25474 25475 25476 25477 25478 25479 25480 25481 145282 25082 144883 24683 144484 24284 144085 23885 23886 143687 23487 23488 143289 23089 23090 23091 23092 23093 142894 22694 22695 22696 22697 22698 142499 22299 142100 21900 141701 21501 141302 21102 140903 20703 20704 20705 20706 140507 20307 20308 20309 20310 20311 140112 100113 60114 19914 19915 19916 19917 19918 139719 19519 139320 19120 138921 18721 138522 18322 138123 17923 137724 17524 137325 17125 136926 16726 136527 16327 136128 15928 135729 15529 135330 15130 134931 14731 134532 14332 134131 13931 133732 13532 133333 13133 132934 12734 132535 12335 132136 11936 131737 11537 131338 11138 130939 10739 130540 10340 10341 10342 10343 10344 130145 9945 129746 9546 129347 9147 128948 8748 128549 8349 128150 7950 127751 7551 127352 7152 126953 6753 126554 6354 126155 5955 125756 5556 125355 5155 5154 124953 4753 124554 4354 124155 3955 123754 3554 123355 3155 122956 2756 122557 2357 122158 1958 121759 1559 121358 1357 1356 
Label: 2883944
[2900,12336,]
27443 147244 27044 146845 26645 146446 26246 146047 25847 145648 25448 25449 25450 25451 25452 25453 25454 25455 25456 25457 25458 25459 25460 25461 25462 25463 25464 25465 25466 25467 25468 25469 25470 25471 25472 25473 25474 25475 25476 25477 25478 25479 25480 25481 145282 25082 144883 24683 144484 24284 144085 23885 23886 143687 23487 23488 143289 23089 23090 23091 23092 23093 142894 22694 22695 22696 22697 22698 142499 22299 142100 21900 141701 21501 141302 21102 140903 20703 20704 20705 20706 140507 20307 20308 20309 20310 140111 100112 60113 20114 139915 99916 59917 19918 139719 19519 19520 19521 19522 139323 19123 138924 18724 138525 18325 138126 17926 137727 17527 137328 17128 136929 16729 136530 16330 16331 16332 16333 16334 16335 16336 16337 16338 16339 16340 16341 16342 16343 16344 16345 16346 16347 16348 16349 16350 16351 16352 136153 15953 15954 15955 135756 15556 135357 15157 134958 14758 134559 14359 134160 13960 133761 13561 133362 13162 132963 12763 132564 12364 132163 11963 131762 11562 131363 11163 130964 10764 130565 10365 130166 9966 129767 9567 129368 9168 128969 8769 128570 8370 128171 7971 127770 7570 127369 7169 126968 6768 126567 6566 126365 6364 126163 6162 125961 5960 125759 5559 125358 5158 124957 4757 124556 4356 124155 3955 123754 3554 123355 3155 122956 2756 122557 2357 122158 1958 121759 1559 121358 1357 1356 
Label: 1971256
[2760,15464,]
27443 147242 27241 147042 26842 146643 26443 146244 26044 26045 145846 25646 25647 25648 25649 145450 25250 25251 25252 25253 25254 25255 25256 25257 25258 25259 25260 25261 25262 25263 25264 25265 25266 25267 25268 25269 25270 25271 25272 25273 25274 25275 25276 25277 25278 25279 25280 25281 25282 145083 24883 144684 24484 144285 24085 143886 23686 23687 143488 23288 23289 23290 143091 22891 22892 22893 22894 22895 22896 22897 142698 22498 142299 22099 141900 21700 141501 21301 141102 20902 20903 140704 20504 20505 20506 140307 100308 60309 20310 140111 100112 60113 20114 139915 99916 59917 19918 139719 99720 59721 19521 19522 139323 19123 138924 18724 138525 18325 138126 17926 137727 17527 137328 17128 136929 16729 136530 16330 136131 15931 135732 15532 135333 15133 134934 14734 134533 14333 134132 13932 133731 13531 133332 13132 132931 12731 132532 12332 132133 11933 131734 11534 131335 11135 130936 10736 130537 10337 10338 10339 10340 10341 10342 10343 10344 10345 10346 130147 9947 129748 9548 129349 9149 128948 8748 128549 8349 128150 7950 127751 7551 127352 7152 126953 6753 126554 6354 126155 5955 125756 5556 125355 5155 5154 124953 4753 124554 4354 124155 3955 123754 3554 123355 3155 122956 2756 122557 2357 122158 1958 121759 1559 121358 1357 1356 
Label: 2476407
[2840,13776,]
27443 147244 27044 146845 26645 146446 26246 146047 25847 145648 25448 25449 25450 25451 25452 25453 25454 25455 25456 25457 25458 25459 25460 25461 25462 25463 25464 25465 25466 25467 25468 25469 25470 25471 25472 25473 25474 25475 25476 25477 25478 25479 25480 25481 145282 25082 144883 24683 144484 24284 144085 23885 23886 143687 23487 23488 143289 23089 23090 23091 23092 23093 142894 22694 22695 22696 22697 22698 142499 22299 142100 21900 141701 21501 141302 21102 140903 20703 20704 20705 20706 140507 20307 20308 20309 20310 20311 20312 140113 19913 19914 19915 19916 19917 139718 19518 139319 19119 138920 18720 138521 18321 138122 17922 137723 17523 137324 17124 136925 16725 136526 16326 136127 15927 135728 15528 135329 15129 134930 14730 134531 14331 134132 13932 133733 13533 133334 13134 132935 12735 132536 12336 132137 11937 131738 11538 131339 11139 130940 10740 10741 10742 10743 10744 10745 10746 10747 10748 10749 10750 10751 10752 10753 10754 10755 10756 10757 10758 10759 10760 10761 10762 10763 130564 10364 10365 130166 9966 129767 9567 129368 9168 128969 8769 128570 8370 128171 7971 127770 7570 127369 7169 126968 6768 126567 6566 126365 6364 126163 6162 125961 5960 125759 5559 125358 5158 124957 4757 124556 4356 124155 3955 123754 3554 123355 3155 122956 2756 122557 2357 122158 1958 121759 1559 121358 1357 1356 
Label: 2280704
[2810,15348,]
27443 147244 27044 146845 26645 146446 26246 146047 25847 145648 25448 25449 25450 25451 25452 25453 25454 25455 25456 25457 25458 25459 25460 25461 25462 25463 25464 25465 25466 25467 25468 25469 25470 25471 25472 25473 25474 25475 25476 25477 25478 25479 25480 25481 145282 25082 144883 24683 144484 24284 144085 23885 23886 143687 23487 23488 143289 23089 23090 23091 23092 23093 142894 22694 22695 22696 22697 22698 142499 22299 142100 21900 141701 21501 141302 21102 140903 20703 20704 20705 20706 140507 20307 20308 20309 20310 20311 140112 100113 60114 20115 139916 19716 19717 19718 139519 19319 139120 18920 138721 18521 138322 18122 137923 17723 137524 17324 137125 16925 136726 16526 136327 16127 135928 15728 135529 15329 135130 14930 134731 14531 134332 14132 133933 13733 133534 13334 133135 12935 132736 12536 132337 12137 131938 11738 131539 11339 131140 10940 130741 10541 10542 10543 10544 10545 10546 10547 10548 10549 10550 10551 10552 10553 10554 10555 10556 10557 10558 10559 10560 10561 10562 10563 10564 130365 10165 10166 129967 9767 129568 9368 129169 8969 128770 8570 128371 8171 127970 7770 127569 7369 127168 6968 126767 6567 6566 126365 6364 126163 6162 125961 5761 125560 5360 125159 4959 124758 4558 124357 4157 123956 3756 123555 3355 123156 2956 122757 2557 122358 2158 121957 1757 121556 1356 
Label: 115564
[2460,198430,]
27443 147244 27044 146845 26645 146446 26246 146047 25847 145648 25448 25449 25450 25451 25452 25453 25454 25455 25456 145257 25057 144858 24658 144459 24259 144060 23860 143661 23461 143262 23062 142863 22663 142464 22264 142065 21865 141666 21466 141267 21067 140868 20668 140469 20269 140070 19870 139671 19471 139272 19072 19073 138874 18674 18675 138476 18276 18277 138078 17878 17879 137680 17480 17481 17482 17483 17484 17485 17486 17487 17488 17489 17490 17491 17492 137293 17093 136894 16694 136495 16295 136096 15896 135697 15497 135298 15098 134899 14699 134500 14300 14301 134102 13902 133703 13503 133304 13104 132905 12705 132506 12306 132107 11907 131708 11508 131309 11109 130910 10710 130511 10311 10312 10313 10314 10315 130116 9916 129717 9517 129318 9118 128919 8719 128520 8320 128121 7921 127722 7522 127323 7123 126924 6724 126525 6325 126126 5926 125727 5527 125328 5128 124929 4729 4730 124531 4331 4332 4333 124134 3934 3935 3936 3937 3938 3939 3940 3941 3942 3943 3944 3945 3946 3947 3948 3949 3950 123751 3551 123352 3152 122953 2753 122554 2354 122155 1955 121756 1556 121357 1356 
Label: 910367
[2580,17165,]
27443 147244 27044 146845 26645 146446 26246 146047 25847 145648 25448 25449 25450 25451 25452 25453 25454 25455 25456 25457 25458 25459 25460 25461 25462 25463 25464 25465 25466 25467 25468 25469 25470 25471 25472 25473 25474 25475 25476 25477 25478 25479 25480 25481 145282 25082 144883 24683 144484 24284 144085 23885 23886 143687 23487 23488 143289 23089 23090 23091 23092 23093 142894 22694 22695 22696 22697 22698 142499 22299 142100 21900 141701 21501 141302 21102 140903 20703 20704 20705 20706 140507 20307 20308 20309 20310 20311 140112 100113 60114 20115 139916 99917 59918 19718 139519 19319 139120 18920 138721 18521 138322 18122 137923 17723 137524 17324 137125 16925 136726 16526 136327 16127 135928 15728 135529 15329 135130 14930 134731 14531 134332 14132 133931 13731 133532 13332 133133 12933 132734 12534 132335 12135 131936 11736 131537 11337 131138 10938 130739 10539 10540 10541 130342 10142 10143 10144 129945 9745 129546 9346 129147 8947 128748 8548 128349 8149 127950 7750 127551 7351 127152 6952 126753 6553 126354 6154 125955 5755 125556 5356 125155 4955 124754 4554 124353 4153 123954 3754 123555 3355 123156 2956 122757 2557 122358 2158 121957 1757 121556 1356 
Label: 2343988
[2820,14522,]
27443 147244 27044 146845 26645 146446 26246 146047 25847 145648 25448 25449 25450 25451 25452 25453 25454 25455 25456 25457 25458 25459 25460 25461 25462 25463 25464 25465 25466 25467 25468 25469 25470 25471 25472 25473 25474 25475 25476 25477 25478 25479 25480 25481 145282 25082 144883 24683 144484 24284 144085 23885 23886 143687 23487 23488 143289 23089 23090 23091 23092 23093 142894 22694 22695 22696 22697 22698 142499 22299 142100 21900 141701 21501 141302 21102 140903 20703 20704 20705 20706 140507 20307 20308 20309 20310 20311 20312 140113 19913 19914 19915 19916 19917 139718 19518 139319 19119 138920 18720 138521 18321 138122 17922 137723 17523 137324 17124 136925 16725 136526 16326 136127 15927 135728 15528 135329 15129 134930 14730 134531 14331 134132 13932 133733 13533 133334 13134 132935 12735 132536 12336 132137 11937 131738 11538 131339 11139 130940 10740 10741 10742 10743 10744 10745 10746 10747 10748 10749 10750 10751 10752 10753 10754 10755 10756 10757 10758 10759 10760 10761 10762 10763 130564 10364 10365 130166 9966 129767 9567 129368 9168 128969 8769 128570 8370 128171 7971 127770 7570 127369 7169 126968 6768 126567 6566 126365 6364 126163 6162 125961 5761 5760 5759 125558 5358 125157 4957 124756 4556 124355 4155 123954 3754 123555 3355 123156 2956 122757 2557 122358 2158 121957 1757 121556 1356 
Label: 2609266
[2860,13263,]
27443 147244 27044 146845 26645 146446 26246 146047 25847 145648 25448 25449 25450 25451 25452 25453 25454 25455 25456 25457 25458 25459 25460 25461 25462 25463 25464 25465 25466 25467 25468 25469 25470 25471 25472 25473 25474 25475 25476 25477 25478 25479 25480 25481 145282 25082 144883 24683 144484 24284 144085 23885 23886 143687 23487 23488 143289 23089 23090 23091 23092 23093 142894 22694 22695 22696 22697 22698 142499 22299 142100 21900 141701 21501 141302 21102 140903 20703 20704 20705 20706 140507 20307 20308 20309 20310 20311 20312 140113 19913 19914 19915 19916 19917 19918 139719 19519 139320 19120 138921 18721 138522 18322 138123 17923 137724 17524 137325 17125 136926 16726 136527 16327 136128 15928 135729 15529 135330 15130 134931 14731 134532 14332 134131 13931 133732 13532 133333 13133 132934 12734 132535 12335 132136 11936 131737 11537 131338 11138 130939 10739 10740 10741 10742 10743 10744 10745 10746 10747 10748 10749 10750 10751 10752 10753 10754 10755 10756 10757 10758 10759 10760 10761 10762 10763 130564 10364 10365 130166 9966 129767 9567 129368 9168 128969 8769 128570 8370 128171 7971 127770 7570 127369 7169 126968 6768 126567 6566 126365 6364 126163 6162 125961 5960 125759 5559 125358 5158 124957 4757 124556 4356 124155 3955 123754 3554 123355 3155 122956 2756 122557 2357 122158 1958 121759 1559 121358 1357 1356 
Label: 2814449
[2890,12466,]
27443 147244 27044 146845 26645 146446 26246 146047 25847 145648 25448 25449 25450 25451 25452 25453 25454 25455 25456 25457 25458 25459 25460 25461 25462 25463 25464 25465 25466 25467 25468 25469 25470 25471 25472 25473 25474 25475 25476 25477 25478 25479 25480 25481 145282 25082 144883 24683 144484 24284 144085 23885 23886 143687 23487 23488 143289 23089 23090 23091 23092 23093 142894 22694 22695 22696 22697 22698 142499 22299 142100 21900 141701 21501 141302 21102 140903 20703 20704 20705 20706 140507 20307 20308 20309 20310 140111 100112 60113 20114 139915 99916 59917 19918 139719 99720 59721 19722 139523 19323 139124 18924 138725 18525 138326 18126 137927 17727 137528 17328 137129 16929 136730 16530 16531 16532 16533 16534 16535 16536 16537 16538 16539 16540 16541 16542 16543 16544 16545 16546 16547 16548 136349 16149 16150 16151 16152 16153 135954 15754 135555 15355 135156 14956 134757 14557 134358 14158 133959 13759 133560 13360 133161 12961 132762 12562 132363 12163 131962 11762 131563 11363 131164 10964 130765 10565 130366 10166 129967 9767 129568 9368 129169 8969 128770 8570 128371 8171 127970 7770 127569 7369 127168 6968 126767 6567 6566 126365 6364 126163 6162 125961 5960 125759 5559 125358 5158 124957 4757 124556 4356 124155 3955 123754 3554 123355 3155 122956 2756 122557 2357 122158 1958 121759 1559 121358 1357 1356 
Label: 2090224
[2780,15458,]
27443 147242 27042 146841 26641 26642 146443 26243 26244 146045 25845 25846 25847 145648 25448 25449 25450 25451 25452 25453 25454 25455 25456 25457 25458 25459 25460 25461 25462 25463 25464 25465 25466 25467 25468 25469 25470 25471 25472 25473 25474 25475 25476 25477 25478 25479 25480 25481 145282 25082 144883 24683 144484 24284 144085 23885 23886 143687 23487 23488 143289 23089 23090 23091 23092 23093 142894 102895 62896 22897 142698 22498 142299 22099 141900 21700 141501 21301 141102 20902 20903 140704 20504 20505 20506 140307 100308 60309 20310 140111 100112 60113 20114 139915 99916 59917 19918 139719 99720 59721 19722 139523 19323 139124 18924 138725 18525 138326 18126 137927 17727 137528 17328 137129 16929 136730 16530 136331 16131 135932 15732 135533 15333 135134 14934 134733 14533 134332 14132 133931 13731 133532 13332 133131 12931 132732 12532 132333 12133 131934 11734 131535 11335 131136 10936 130737 10537 10538 10539 10540 10541 130342 10142 10143 10144 10145 10146 129947 89948 129748 9548 129349 9149 128948 8748 128549 8349 128150 7950 127751 7551 127352 7152 126953 6753 126554 6354 126155 5955 125756 5556 125355 5155 5154 124953 4753 124554 4354 124155 3955 123754 3554 123355 3155 122956 2756 122557 2357 122158 1958 121759 1559 121358 1357 1356 
Label: 464420
[2500,141003,]
27443 147244 27044 146845 26645 146446 26246 146047 25847 145648 25448 25449 25450 25451 25452 25453 25454 25455 25456 145257 25057 144858 24658 144459 24259 144060 23860 143661 23461 143262 23062 142863 22663 142464 22264 142065 21865 141666 21466 141267 21067 140868 20668 140469 20269 140070 19870 139671 19471 139272 19072 19073 138874 18674 18675 138476 18276 18277 138078 17878 17879 137680 17480 17481 17482 17483 17484 17485 17486 17487 17488 17489 17490 17491 17492 137293 17093 136894 16694 136495 16295 136096 15896 135697 15497 135298 15098 134899 14699 134500 14300 14301 134102 13902 133703 13503 133304 13104 132905 12705 132506 12306 132107 11907 131708 11508 131309 11109 130910 10710 130511 10311 10312 10313 10314 10315 130116 9916 9917 9918 9919 9920 9921 9922 9923 9924 9925 9926 9927 9928 9929 9930 9931 9932 9933 9934 9935 9936 9937 9938 9939 129740 9540 129341 9141 128942 8742 128543 8343 128144 7944 127745 7545 127346 7146 126947 6747 126548 6348 126149 5949 125750 5550 125351 5151 124952 4951 124752 4552 124353 4153 123954 3754 123555 3355 123156 2956 122757 2557 122358 2158 121957 1757 121556 1356 
Label: 809261
[2560,17741,]
27443 147244 27044 146845 26645 146446 26246 146047 25847 145648 25448 25449 25450 25451 25452 25453 25454 25455 25456 25457 25458 25459 25460 25461 25462 25463 25464 25465 25466 25467 25468 25469 25470 25471 25472 25473 25474 25475 25476 25477 25478 25479 25480 25481 145282 25082 144883 24683 144484 24284 144085 23885 23886 143687 23487 23488 143289 23089 23090 23091 23092 23093 142894 22694 22695 22696 22697 22698 142499 22299 142100 21900 141701 21501 141302 21102 140903 20703 20704 20705 20706 140507 20307 20308 20309 20310 20311 140112 100113 60114 20115 139916 99917 59918 19718 139519 19319 139120 18920 138721 18521 138322 18122 137923 17723 137524 17324 137125 16925 136726 16526 136327 16127 135928 15728 135529 15329 135130 14930 134731 14531 134332 14132 133933 13733 133534 13334 133135 12935 132736 12536 132337 12137 131938 11738 131539 11339 131140 10940 130741 10541 130342 10142 10143 10144 129945 9745 129546 9346 129147 8947 128748 8548 128349 8149 127950 7750 127551 7351 127152 6952 126753 6553 126354 6154 125955 5755 125556 5356 125155 4955 124754 4554 124353 4153 123954 3754 123555 3355 123156 2956 122757 2557 122358 2158 121957 1757 121556 1356 
Label: 3097496
[2930,12047,]
27443 147242 27042 146843 26643 146444 26244 146045 25845 25846 25847 145648 25448 25449 25450 25451 25452 25453 25454 25455 25456 25457 25458 25459 25460 25461 25462 25463 25464 25465 25466 25467 25468 25469 25470 25471 25472 25473 25474 25475 25476 25477 25478 25479 25480 25481 145282 25082 144883 24683 144484 24284 144085 23885 23886 143687 23487 23488 143289 23089 23090 23091 23092 23093 142894 22694 22695 22696 22697 22698 142499 22299 142100 21900 141701 21501 141302 21102 140903 20703 20704 20705 20706 140507 20307 20308 20309 20310 140111 100112 60113 20114 139915 99916 59917 19918 139719 99720 59721 19722 139523 19323 139124 18924 138725 18525 138326 18126 137927 17727 137528 17328 137129 16929 136730 16530 16531 16532 16533 16534 16535 16536 16537 16538 16539 16540 16541 16542 16543 16544 16545 16546 16547 16548 136349 16149 16150 16151 16152 16153 135954 15754 135555 15355 135156 14956 134757 14557 134358 14158 133959 13759 133560 13360 133161 12961 132762 12562 132363 12163 131962 11762 131563 11363 131164 10964 130765 10565 130366 10166 129967 9767 129568 9368 129169 8969 128770 8570 128371 8171 127972 7772 127571 7371 127170 7169 126968 6768 126567 6566 126365 6364 126163 6162 125961 5960 125759 5559 125358 5158 124957 4757 124556 4356 124155 3955 123754 3554 123355 3155 122956 2756 122557 2357 122158 1958 121759 1559 121358 1357 1356 
Label: 2677410
[2870,12729,]
27443 147244 27044 146845 26645 146446 26246 146047 25847 145648 25448 25449 25450 25451 25452 25453 25454 25455 25456 25457 25458 25459 25460 25461 25462 25463 25464 25465 25466 25467 25468 25469 25470 25471 25472 25473 25474 25475 25476 25477 25478 25479 25480 25481 145282 25082 144883 24683 144484 24284 144085 23885 23886 143687 23487 23488 143289 23089 23090 23091 23092 23093 142894 22694 22695 22696 22697 22698 142499 22299 142100 21900 141701 21501 141302 21102 140903 20703 20704 20705 20706 140507 20307 20308 20309 20310 20311 140112 100113 60114 20115 139916 19716 19717 19718 19719 19720 19721 139522 19322 19323 139124 18924 138725 18525 138326 18126 137927 17727 137528 17328 137129 16929 136730 16530 16531 16532 16533 16534 16535 16536 16537 16538 16539 16540 16541 16542 16543 16544 16545 16546 16547 16548 136349 16149 16150 16151 16152 16153 135954 15754 135555 15355 135156 14956 134757 14557 134358 14158 133959 13759 133560 13360 133161 12961 132762 12562 132363 12163 131962 11762 131563 11363 131164 10964 130765 10565 130366 10166 129967 9767 129568 9368 129169 8969 128770 8570 128371 8171 127970 7770 127569 7369 127168 6968 126767 6567 6566 126365 6364 126163 6162 125961 5960 125759 5559 125358 5158 124957 4757 124556 4356 124155 3955 123754 3554 123355 3155 122956 2756 122557 2357 122158 1958 121759 1559 121358 1357 1356 
Label: 3024802
[2920,12116,]
27443 147242 27042 146843 26643 146444 26244 146045 25845 25846 25847 145648 25448 25449 25450 25451 25452 25453 25454 25455 25456 25457 25458 25459 25460 25461 25462 25463 25464 25465 25466 25467 25468 25469 25470 25471 25472 25473 25474 25475 25476 25477 25478 25479 25480 25481 145282 25082 144883 24683 144484 24284 144085 23885 23886 143687 23487 23488 143289 23089 23090 23091 23092 23093 142894 22694 22695 22696 22697 22698 142499 22299 142100 21900 141701 21501 141302 21102 140903 20703 20704 20705 20706 140507 20307 20308 20309 20310 140111 100112 60113 20114 139915 99916 59917 19918 139719 19519 19520 19521 19522 139323 19123 138924 18724 138525 18325 138126 17926 137727 17527 137328 17128 136929 16729 136530 16330 16331 16332 16333 16334 16335 16336 16337 16338 16339 16340 16341 16342 16343 16344 16345 16346 16347 16348 16349 16350 16351 16352 136153 15953 15954 15955 135756 15556 135357 15157 134958 14758 134559 14359 134160 13960 133761 13561 133362 13162 132963 12763 132564 12364 132163 11963 131762 11562 131363 11163 130964 10764 130565 10365 130166 9966 129767 9567 129368 9168 128969 8769 128570 8370 128171 7971 127770 7570 127369 7169 126968 6768 126567 6566 126365 6364 126163 6162 125961 5960 125759 5559 125358 5158 124957 4757 124556 4356 124155 3955 123754 3554 123355 3155 122956 2756 122557 2357 122158 1958 121759 1559 121358 1357 1356 
Label: 3167789
[2940,11961,]
27443 147242 27042 146843 26643 146444 26244 146045 25845 25846 25847 145648 25448 25449 25450 25451 25452 25453 25454 25455 25456 25457 25458 25459 25460 25461 25462 25463 25464 25465 25466 25467 25468 25469 25470 25471 25472 25473 25474 25475 25476 25477 25478 25479 25480 25481 145282 25082 144883 24683 144484 24284 144085 23885 23886 143687 23487 23488 143289 23089 23090 23091 23092 23093 142894 22694 22695 22696 22697 22698 142499 22299 142100 21900 141701 21501 141302 21102 140903 20703 20704 20705 20706 140507 20307 20308 20309 20310 140111 100112 60113 20114 139915 99916 59917 19918 139719 19519 19520 19521 19522 139323 19123 138924 18724 138525 18325 138126 17926 137727 17527 137328 17128 136929 16729 136530 16330 16331 16332 16333 16334 16335 16336 16337 16338 16339 16340 16341 16342 16343 16344 16345 16346 16347 16348 16349 16350 16351 16352 136153 15953 15954 15955 135756 15556 135357 15157 134958 14758 134559 14359 134160 13960 133761 13561 133362 13162 132963 12763 132564 12364 132163 11963 131762 11562 131363 11163 130964 10764 130565 10365 130166 9966 129767 9567 129368 9168 128969 8769 128570 8370 128171 7971 127770 7570 127369 7169 126968 6768 126567 6566 126365 6364 126163 6162 125961 5960 125759 5559 5558 5557 125356 5156 124955 4755 124554 4354 124155 3955 123754 3554 123355 3155 122956 2756 122557 2357 122158 1958 121759 1559 121358 1357 1356 
Label: 2954675
[2910,12246,]
27443 147242 27042 146843 26643 146444 26244 146045 25845 25846 25847 145648 25448 25449 25450 25451 25452 25453 25454 25455 25456 25457 25458 25459 25460 25461 25462 25463 25464 25465 25466 25467 25468 25469 25470 25471 25472 25473 25474 25475 25476 25477 25478 25479 25480 25481 145282 25082 144883 24683 144484 24284 144085 23885 23886 143687 23487 23488 143289 23089 23090 23091 23092 23093 142894 22694 22695 22696 22697 22698 142499 22299 142100 21900 141701 21501 141302 21102 140903 20703 20704 20705 20706 140507 20307 20308 20309 20310 140111 100112 60113 20114 139915 99916 59917 19918 139719 99720 59721 19722 139523 19323 139124 18924 138725 18525 138326 18126 137927 17727 137528 17328 137129 16929 136730 16530 16531 16532 16533 16534 16535 16536 16537 16538 16539 16540 16541 16542 16543 16544 16545 16546 16547 16548 136349 16149 16150 16151 16152 16153 135954 15754 135555 15355 135156 14956 134757 14557 134358 14158 133959 13759 133560 13360 133161 12961 132762 12562 132363 12163 131962 11762 131563 11363 131164 10964 130765 10565 130366 10166 129967 9767 129568 9368 129169 8969 128770 8570 128371 8171 127970 7770 127569 7369 127168 6968 126767 6567 6566 126365 6364 126163 6162 125961 5960 125759 5559 125358 5158 124957 4757 124556 4356 124155 3955 123754 3554 123355 3155 122956 2756 122557 2357 122158 1958 121759 1559 121358 1357 1356 
Label: 2031384
[2770,15460,]
27443 147242 27042 146841 26641 26642 146443 26243 26244 146045 25845 25846 25847 145648 25448 25449 25450 25451 25452 25453 25454 25455 25456 25457 25458 25459 25460 25461 25462 25463 25464 25465 25466 25467 25468 25469 25470 25471 25472 25473 25474 25475 25476 25477 25478 25479 25480 25481 145282 25082 144883 24683 144484 24284 144085 23885 23886 143687 23487 23488 143289 23089 23090 23091 23092 23093 142894 102895 62896 22897 142698 22498 142299 22099 141900 21700 141501 21301 141102 20902 20903 140704 20504 20505 20506 140307 100308 60309 20310 140111 100112 60113 20114 139915 99916 59917 19918 139719 99720 59721 19521 19522 139323 19123 138924 18724 138525 18325 138126 17926 137727 17527 137328 17128 136929 16729 136530 16330 136131 15931 135732 15532 135333 15133 134934 14734 134533 14333 134132 13932 133731 13531 133332 13132 132931 12731 132532 12332 132133 11933 131734 11534 131335 11135 130936 10736 130537 10337 10338 10339 10340 10341 10342 10343 10344 10345 10346 130147 9947 129748 9548 129349 9149 128948 8748 128549 8349 128150 7950 127751 7551 127352 7152 126953 6753 126554 6354 126155 5955 125756 5556 125355 5155 5154 124953 4753 124554 4354 124155 3955 123754 3554 123355 3155 122956 2756 122557 2357 122158 1958 121759 1559 121358 1357 1356 
Label: 3237901
[2950,11892,]
27443 147242 27042 146843 26643 146444 26244 146045 25845 25846 25847 145648 25448 25449 25450 25451 25452 25453 25454 25455 25456 25457 25458 25459 25460 25461 25462 25463 25464 25465 25466 25467 25468 25469 25470 25471 25472 25473 25474 25475 25476 25477 25478 25479 25480 25481 145282 25082 144883 24683 144484 24284 144085 23885 23886 143687 23487 23488 143289 23089 23090 23091 23092 23093 142894 22694 22695 22696 22697 22698 142499 22299 142100 21900 141701 21501 141302 21102 140903 20703 20704 20705 20706 140507 20307 20308 20309 20310 140111 100112 60113 20114 139915 99916 59917 19918 139719 99720 59721 19722 139523 19323 139124 18924 138725 18525 138326 18126 137927 17727 137528 17328 137129 16929 136730 16530 16531 16532 16533 16534 16535 16536 16537 16538 16539 16540 16541 16542 16543 16544 16545 16546 16547 16548 136349 16149 16150 16151 16152 16153 135954 15754 135555 15355 135156 14956 134757 14557 134358 14158 133959 13759 133560 13360 133161 12961 132762 12562 132363 12163 131962 11762 131563 11363 131164 10964 130765 10565 130366 10166 129967 9767 129568 9368 129169 8969 128770 8570 128371 8171 127972 7772 127571 7371 127170 7169 126968 6768 126567 6566 126365 6364 126163 6162 125961 5960 125759 5559 5558 5557 125356 5156 124955 4755 124554 4354 124155 3955 123754 3554 123355 3155 122956 2756 122557 2357 122158 1958 121759 1559 121358 1357 1356 
Label: 762508
[2550,17912,]
27443 147244 27044 146845 26645 146446 26246 146047 25847 145648 25448 25449 25450 25451 25452 25453 25454 25455 25456 25457 25458 25459 25460 25461 25462 25463 25464 25465 25466 25467 25468 25469 25470 25471 25472 25473 25474 25475 25476 25477 25478 25479 25480 25481 145282 25082 144883 24683 144484 24284 144085 23885 23886 143687 23487 23488 143289 23089 23090 23091 23092 23093 142894 22694 22695 22696 22697 22698 142499 22299 142100 21900 141701 21501 141302 21102 140903 20703 20704 20705 20706 140507 20307 20308 20309 20310 20311 140112 100113 60114 20115 139916 19716 19717 19718 139519 19319 139120 18920 138721 18521 138322 18122 137923 17723 137524 17324 137125 16925 136726 16526 136327 16127 135928 15728 135529 15329 135130 14930 134731 14531 134332 14132 133933 13733 133534 13334 133135 12935 132736 12536 132337 12137 131938 11738 131539 11339 131140 10940 130741 10541 130342 10142 10143 10144 129945 9745 129546 9346 129147 8947 128748 8548 128349 8149 127950 7750 127551 7351 127152 6952 126753 6553 126354 6154 125955 5755 125556 5356 125155 4955 124754 4554 124353 4153 123954 3754 123555 3355 123156 2956 122757 2557 122358 2158 121957 1757 121556 1356 
Label: 540545
[2510,73039,]
27443 147244 27044 146845 26645 146446 26246 146047 25847 145648 25448 25449 25450 25451 25452 25453 25454 25455 25456 25457 25458 25459 25460 25461 25462 25463 25464 25465 25466 25467 25468 25469 25470 25471 25472 25473 25474 25475 25476 25477 25478 25479 25480 25481 145282 25082 144883 24683 144484 24284 144085 23885 23886 143687 23487 23488 143289 23089 23090 23091 23092 23093 142894 22694 22695 22696 22697 22698 142499 22299 142100 21900 141701 21501 141302 21102 140903 20703 20704 20705 20706 140507 20307 20308 20309 20310 20311 140112 100113 60114 20115 139916 19716 139517 19317 139118 18918 138719 18519 138320 18120 137921 17721 137522 17322 137123 16923 136724 16524 136325 16125 135926 15726 135527 15327 135128 14928 134729 14529 134330 14130 133931 13731 133532 13332 133133 12933 132734 12534 132335 12135 131936 11736 131537 11337 131138 10938 130739 10539 130340 10140 129941 9741 129542 9342 129143 8943 128744 8544 128345 8145 127946 7746 127547 7347 127148 6948 126749 6549 126350 6150 125951 5751 125552 5352 125153 4953 124754 4554 124353 4153 123954 3754 123555 3355 123156 2956 122757 2557 122358 2158 121957 1757 121556 1356 
Label: 203301
[2470,174837,]
27443 147244 27044 146845 26645 146446 26246 146047 25847 145648 25448 25449 25450 25451 25452 25453 25454 25455 25456 145257 25057 144858 24658 144459 24259 144060 23860 143661 23461 143262 23062 142863 22663 142464 22264 142065 21865 141666 21466 141267 21067 140868 20668 140469 20269 140070 19870 139671 19471 139272 19072 19073 138874 18674 18675 138476 18276 18277 138078 17878 17879 137680 17480 17481 17482 17483 17484 17485 17486 17487 17488 17489 17490 17491 17492 137293 17093 136894 16694 136495 16295 136096 15896 135697 15497 135298 15098 134899 14699 134500 14300 14301 134102 13902 133703 13503 133304 13104 132905 12705 132506 12306 132107 11907 131708 11508 131309 11109 130910 10710 130511 10311 10312 10313 10314 10315 130116 9916 129717 9517 129318 9118 128919 8719 128520 8320 128121 7921 127722 7522 127323 7123 126924 6724 126525 6325 126126 5926 125727 5527 125328 5128 124929 4729 124530 84531 44532 4533 124334 4134 4135 4136 4137 4138 4139 4140 4141 4142 4143 4144 4145 4146 4147 4148 4149 4150 4151 123952 3752 123553 3353 123154 2954 122755 2555 122356 2156 121957 1757 121556 1356 
Label: 1565609
[2690,15558,]
27443 147242 27042 146843 26643 146444 26244 146045 25845 25846 25847 145648 25448 25449 25450 25451 25452 25453 25454 25455 25456 25457 25458 25459 25460 25461 25462 25463 25464 25465 25466 25467 25468 25469 25470 25471 25472 25473 25474 25475 25476 25477 25478 25479 25480 25481 145282 25082 144883 24683 144484 24284 144085 23885 23886 143687 23487 23488 143289 23089 23090 23091 23092 23093 142894 22694 22695 22696 22697 22698 142499 22299 142100 21900 141701 21501 141302 21102 140903 20703 20704 20705 20706 140507 20307 20308 20309 20310 140111 100112 60113 20114 139915 99916 59917 19918 139719 99720 59721 19521 139322 19122 138923 18723 138524 18324 138125 17925 137726 17526 137327 17127 136928 16728 136529 16329 136130 15930 135731 15531 135332 15132 134933 14733 134532 14332 134131 13931 133732 13532 133331 13131 132932 12732 132533 12333 132134 11934 131735 11535 131336 11136 130937 10737 130538 10338 10339 10340 10341 10342 10343 10344 130145 9945 129746 9546 129347 9147 128948 8748 128549 8349 128150 7950 127751 7551 127352 7152 126953 6753 126554 6354 126155 5955 125756 5556 125355 5155 5154 124953 4753 124554 4354 124155 3955 123754 3554 123355 3155 122956 2756 122557 2357 122158 1958 121759 1559 121358 1357 1356 
Label: 666980
[2530,30306,]
27443 147244 27044 146845 26645 146446 26246 146047 25847 145648 25448 25449 25450 25451 25452 25453 25454 25455 25456 25457 25458 25459 25460 25461 25462 25463 25464 25465 25466 25467 25468 25469 25470 25471 25472 25473 25474 25475 25476 25477 25478 25479 25480 25481 145282 25082 144883 24683 144484 24284 144085 23885 23886 143687 23487 23488 143289 23089 23090 23091 23092 23093 142894 22694 22695 22696 22697 22698 142499 22299 142100 21900 141701 21501 141302 21102 140903 20703 20704 20705 20706 140507 20307 20308 20309 20310 20311 140112 100113 60114 20115 139916 19716 19717 19718 139519 19319 139120 18920 138721 18521 138322 18122 137923 17723 137524 17324 137125 16925 136726 16526 136327 16127 135928 15728 135529 15329 135130 14930 134731 14531 134332 14132 133933 13733 133534 13334 133135 12935 132736 12536 132337 12137 131938 11738 131539 11339 131140 10940 130741 10541 130342 10142 129943 9743 129544 9344 129145 8945 128746 8546 128347 8147 127948 7748 127549 7349 127150 6950 126751 6551 126352 6152 125953 5753 125554 5354 125153 4953 124754 4554 124353 4153 123954 3754 123555 3355 123156 2956 122757 2557 122358 2158 121957 1757 121556 1356 
Label: 380184
[2490,168303,]
27443 147244 27044 146845 26645 146446 26246 146047 25847 145648 25448 25449 25450 25451 25452 25453 25454 25455 25456 145257 25057 144858 24658 144459 24259 144060 23860 143661 23461 143262 23062 142863 22663 142464 22264 142065 21865 141666 21466 141267 21067 140868 20668 140469 20269 140070 19870 139671 19471 139272 19072 19073 138874 18674 18675 138476 18276 18277 138078 17878 17879 137680 17480 17481 17482 17483 17484 17485 17486 17487 17488 17489 17490 17491 17492 137293 17093 136894 16694 136495 16295 136096 15896 135697 15497 135298 15098 134899 14699 134500 14300 14301 134102 13902 133703 13503 133304 13104 132905 12705 132506 12306 132107 11907 131708 11508 131309 11109 130910 10710 130511 10311 10312 10313 10314 130115 90116 50117 10118 10119 10120 10121 10122 10123 10124 10125 10126 10127 10128 10129 10130 10131 10132 10133 10134 10135 10136 10137 10138 129939 9739 129540 9340 129141 8941 128742 8542 128343 8143 127944 7744 127545 7345 127146 6946 126747 6547 126348 6148 125949 5749 125550 5350 125151 4951 124752 4552 124353 4153 123954 3754 123555 3355 123156 2956 122757 2557 122358 2158 121957 1757 121556 1356 
Label: 1016218
[2600,16674,]
27443 147244 27044 146845 26645 146446 26246 146047 25847 145648 25448 25449 25450 25451 25452 25453 25454 25455 25456 25457 25458 25459 25460 25461 25462 25463 25464 25465 25466 25467 25468 25469 25470 25471 25472 25473 25474 25475 25476 25477 25478 25479 25480 25481 145282 25082 144883 24683 144484 24284 144085 23885 23886 143687 23487 23488 143289 23089 23090 23091 23092 23093 142894 22694 22695 22696 22697 22698 142499 22299 142100 21900 141701 21501 141302 21102 140903 20703 20704 20705 20706 140507 20307 20308 20309 20310 20311 20312 140113 19913 19914 19915 19916 19917 19918 139719 19519 139320 19120 138921 18721 138522 18322 138123 17923 137724 17524 137325 17125 136926 16726 136527 16327 136128 15928 135729 15529 135330 15130 134931 14731 134532 14332 134131 13931 133732 13532 133333 13133 132934 12734 132535 12335 132136 11936 131737 11537 131338 11138 130939 10739 130540 10340 10341 10342 10343 10344 130145 9945 129746 9546 129347 9147 128948 8748 128549 8349 128150 7950 127751 7551 127352 7152 126953 6753 126554 6354 126155 5955 125756 5556 125355 5155 5154 124953 4753 124554 4354 124155 3955 123754 3554 123355 3155 122956 2756 122557 2357 122158 1958 121759 1559 121358 1357 1356 
Label: 965834
[2590,16849,]
27443 147244 27044 146845 26645 146446 26246 146047 25847 145648 25448 25449 25450 25451 25452 25453 25454 25455 25456 25457 25458 25459 25460 25461 25462 25463 25464 25465 25466 25467 25468 25469 25470 25471 25472 25473 25474 25475 25476 25477 25478 25479 25480 25481 145282 25082 144883 24683 144484 24284 144085 23885 23886 143687 23487 23488 143289 23089 23090 23091 23092 23093 142894 22694 22695 22696 22697 22698 142499 22299 142100 21900 141701 21501 141302 21102 140903 20703 20704 20705 20706 140507 20307 20308 20309 20310 20311 140112 100113 60114 20115 139916 19716 19717 19718 139519 19319 139120 18920 138721 18521 138322 18122 137923 17723 137524 17324 137125 16925 136726 16526 136327 16127 135928 15728 135529 15329 135130 14930 134731 14531 134332 14132 133931 13731 133532 13332 133133 12933 132734 12534 132335 12135 131936 11736 131537 11337 131138 10938 130739 10539 10540 10541 130342 10142 10143 10144 129945 9745 129546 9346 129147 8947 128748 8548 128349 8149 127950 7750 127551 7351 127152 6952 126753 6553 126354 6154 125955 5755 125556 5356 125155 4955 124754 4554 124353 4153 123954 3754 123555 3355 123156 2956 122757 2557 122358 2158 121959 1759 121558 1358 1357 1356 
Label: 2152398
[2790,15457,]
27443 147242 27241 27240 147041 26841 146642 26442 26443 146244 26044 26045 145846 25646 25647 25648 25649 145450 25250 25251 25252 25253 25254 25255 25256 25257 25258 25259 25260 25261 25262 25263 25264 25265 25266 25267 25268 25269 25270 25271 25272 25273 25274 25275 25276 25277 25278 25279 25280 25281 25282 145083 24883 144684 24484 144285 24085 143886 23686 23687 143488 23288 23289 23290 143091 22891 22892 22893 22894 22895 22896 22897 142698 22498 142299 22099 141900 21700 141501 21301 141102 20902 20903 140704 20504 20505 20506 140307 100308 60309 20310 140111 100112 60113 20114 139915 99916 59917 19918 139719 99720 59721 19722 139523 19323 139124 18924 138725 18525 138326 18126 137927 17727 137528 17328 137129 16929 136730 16530 136331 16131 135932 15732 135533 15333 135134 14934 134733 14533 134332 14132 133931 13731 133532 13332 133131 12931 132732 12532 132333 12133 131934 11734 131535 11335 131136 10936 130737 10537 10538 10539 10540 10541 130342 10142 10143 10144 10145 10146 129947 89948 129748 9548 129349 9149 128948 8748 128549 8349 128150 7950 127751 7551 127352 7152 126953 6753 126554 6354 126155 5955 125756 5556 125355 5155 5154 124953 4753 124554 4354 124155 3955 123754 3554 123355 3155 122956 2756 122557 2357 122158 1958 121759 1559 121358 1357 1356 
Label: 64329
[2450,205770,]
27443 147244 27044 146845 26645 146446 26246 146047 25847 145648 25448 25449 25450 25451 25452 25453 25454 25455 25456 145257 25057 144858 24658 144459 24259 144060 23860 143661 23461 143262 23062 142863 22663 142464 22264 142065 21865 141666 21466 141267 21067 140868 20668 140469 20269 140070 19870 139671 19471 139272 19072 19073 138874 18674 18675 138476 18276 18277 138078 17878 17879 137680 17480 17481 17482 17483 17484 17485 17486 17487 17488 17489 17490 17491 17492 137293 17093 136894 16694 136495 16295 136096 15896 135697 15497 135298 15098 134899 14699 134500 14300 14301 134102 13902 133703 13503 133304 13104 132905 12705 132506 12306 132107 11907 131708 11508 131309 11109 130910 10710 130511 10311 10312 10313 10314 10315 130116 9916 129717 9517 129318 9118 128919 8719 128520 8320 128121 7921 127722 7522 127323 7123 126924 6724 126525 6325 126126 5926 125727 5527 125328 5128 124929 4729 124530 84531 44532 4533 124334 4134 4135 4136 4137 4138 4139 4140 4141 4142 4143 4144 4145 4146 4147 4148 4149 123950 3750 123551 3351 123152 2952 122753 2553 122354 2154 121955 1755 121556 1356 
