graph_load_time: 0.684688
n_generated: 13735
n_expanded: 6138
n_domCheck: 37544
rt_initHeu: 0.556087
rt_search: 0.306282
N: 11
Label: 6530
[250,2015583,]
1337 1537 1737 1937 2137 2337 2537 2737 2937 3137 3337 3537 3737 3937 4137 4337 4537 4737 4937 5137 5337 5537 5737 5937 6137 6337 6537 6737 6937 7137 7337 7537 7737 7937 8137 8337 8537 8737 8937 9137 9337 9537 9737 9937 10137 10337 10537 10737 10937 11137 11337 11537 11737 11937 12137 12337 12537 12737 12937 13137 13337 13537 13737 13937 14137 14337 14537 14737 14937 15137 15337 15537 15737 15937 16137 16337 16537 16737 16937 17137 17337 17537 17737 17937 18137 18337 18537 18737 18937 19137 19337 19537 19737 19937 20137 20337 20537 20737 20937 21137 21337 21537 21737 21937 22137 22337 22537 22737 22937 23137 23337 23537 23737 23937 24137 24337 24537 24737 24937 25137 25337 25537 25737 25937 26137 26337 26537 26737 26937 27137 27337 27537 27737 27937 28137 28337 28336 28536 28535 28534 28533 28532 28531 28731 28730 28729 28728 28727 28726 28725 28724 28723 28722 28721 28720 28719 28718 28717 28716 28715 28714 28713 28712 28711 28710 28709 28708 28707 28706 28906 28905 29105 29104 29103 29303 29302 29502 29501 29701 29700 29699 29899 29898 30098 30097 30096 30095 30094 30093 30092 30091 30090 30089 30088 30087 30086 30286 30285 30485 30484 30684 30683 30883 31083 31082 31282 31482 31682 31882 31881 32081 32281 32280 32480 32680 32679 32879 32878 33078 33077 33277 33276 33476 33475 33675 33674 33673 33672 33872 33871 33870 34070 34069 34269 34268 34468 34467 34667 34666 34866 35066 35266 35265 35465 35665 35664 35864 35863 36063 36263 36262 
Label: 18854
[258,1765996,]
1337 1338 1339 1340 1341 1541 1741 1941 2141 2341 2541 2741 2941 3141 3341 3541 3741 3941 4141 4341 4541 4741 4941 5141 5341 5541 5741 5941 6141 6341 6541 6741 6941 7141 7341 7541 7741 7941 8141 8341 8541 8741 8941 9141 9341 9541 9741 9941 10141 10341 10541 10741 10941 11141 11341 11541 11741 11941 12141 12341 12541 12741 12941 13141 13341 13541 13741 13941 14141 14341 14541 14741 14941 15141 15341 15541 15741 15941 16141 16341 16541 16741 16941 17141 17341 17541 17741 17941 18141 18341 18541 18741 18941 19141 19341 19541 19741 19941 20141 20341 20541 20741 20941 21141 21341 21541 21741 21941 22141 22341 22541 22741 22941 23141 23341 23541 23741 23941 24141 24341 24541 24741 24941 25141 25341 25541 25741 25941 26141 26341 26541 26741 26941 27141 27341 27541 27741 27941 28141 28140 28340 28339 28338 28337 28336 28536 28535 28534 28533 28532 28531 28731 28730 28729 28728 28727 28726 28725 28724 28723 28722 28721 28720 28719 28718 28717 28716 28715 28714 28713 28712 28711 28710 28709 28708 28707 28706 28906 28905 29105 29104 29103 29303 29302 29502 29501 29701 29700 29699 29899 29898 30098 30097 30096 30095 30094 30093 30092 30091 30090 30089 30088 30087 30086 30286 30285 30485 30484 30684 30683 30883 31083 31082 31282 31482 31682 31882 31881 32081 32281 32280 32480 32680 32679 32879 32878 33078 33077 33277 33276 33476 33475 33675 33674 33673 33672 33872 33871 33870 34070 34069 34269 34268 34468 34467 34667 34666 34866 35066 35266 35265 35465 35665 35664 35864 35863 36063 36263 36262 
Label: 11410
[252,1932251,]
1337 1338 1538 1738 1938 2138 2338 2538 2738 2938 3138 3338 3538 3738 3938 4138 4338 4538 4738 4938 5138 5338 5538 5738 5938 6138 6338 6538 6738 6938 7138 7338 7538 7738 7938 8138 8338 8538 8738 8938 9138 9338 9538 9738 9938 10138 10338 10538 10738 10938 11138 11338 11538 11738 11938 12138 12338 12538 12738 12938 13138 13338 13538 13738 13938 14138 14338 14538 14738 14938 15138 15338 15538 15738 15938 16138 16338 16538 16738 16938 17138 17338 17538 17738 17938 18138 18338 18538 18738 18938 19138 19338 19538 19738 19938 20138 20338 20538 20738 20938 21138 21338 21538 21738 21938 22138 22338 22538 22738 22938 23138 23338 23538 23738 23938 24138 24338 24538 24738 24938 25138 25338 25538 25738 25938 26138 26338 26538 26738 26938 27138 27338 27538 27738 27938 28138 28338 28337 28336 28536 28535 28534 28533 28532 28531 28731 28730 28729 28728 28727 28726 28725 28724 28723 28722 28721 28720 28719 28718 28717 28716 28715 28714 28713 28712 28711 28710 28709 28708 28707 28706 28906 28905 29105 29104 29103 29303 29302 29502 29501 29701 29700 29699 29899 29898 30098 30097 30096 30095 30094 30093 30092 30091 30090 30089 30088 30087 30086 30286 30285 30485 30484 30684 30683 30883 31083 31082 31282 31482 31682 31882 31881 32081 32281 32280 32480 32680 32679 32879 32878 33078 33077 33277 33276 33476 33475 33675 33674 33673 33672 33872 33871 33870 34070 34069 34269 34268 34468 34467 34667 34666 34866 35066 35266 35265 35465 35665 35664 35864 35863 36063 36263 36262 
Label: 19886
[260,1739874,]
1337 1338 1339 1340 1341 1541 1741 1941 2141 2341 2541 2741 2941 3141 3341 3541 3741 3941 4141 4341 4541 4741 4941 5141 5341 5541 5741 5941 6141 6341 6541 6741 6941 7141 7341 7541 7741 7941 7942 8142 8342 8542 8742 8942 9142 9342 9542 9742 9942 10142 10342 10542 10742 10942 11142 11342 11542 11742 11942 12142 12342 12542 12742 12741 12941 13141 13341 13541 13741 13941 14141 14341 14541 14741 14941 15141 15341 15541 15741 15941 16141 16341 16541 16741 16941 17141 17341 17541 17741 17941 18141 18341 18541 18741 18941 19141 19341 19541 19741 19941 20141 20341 20541 20741 20941 21141 21341 21541 21741 21941 22141 22341 22541 22741 22941 23141 23341 23541 23741 23941 24141 24341 24541 24741 24941 25141 25341 25541 25741 25941 26141 26341 26541 26741 26941 27141 27341 27541 27741 27941 28141 28140 28340 28339 28338 28337 28336 28536 28535 28534 28533 28532 28531 28731 28730 28729 28728 28727 28726 28725 28724 28723 28722 28721 28720 28719 28718 28717 28716 28715 28714 28713 28712 28711 28710 28709 28708 28707 28706 28906 28905 29105 29104 29103 29303 29302 29502 29501 29701 29700 29699 29899 29898 30098 30097 30096 30095 30094 30093 30092 30091 30090 30089 30088 30087 30086 30286 30285 30485 30484 30684 30683 30883 31083 31082 31282 31482 31682 31882 31881 32081 32281 32280 32480 32680 32679 32879 32878 33078 33077 33277 33276 33476 33475 33675 33674 33673 33672 33872 33871 33870 34070 34069 34269 34268 34468 34467 34667 34666 34866 35066 35266 35265 35465 35665 35664 35864 35863 36063 36263 36262 
Label: 14786
[254,1860045,]
1337 1338 1339 1539 1739 1939 2139 2339 2539 2739 2939 3139 3339 3539 3739 3939 4139 4339 4539 4739 4939 5139 5339 5539 5739 5939 6139 6339 6539 6739 6939 7139 7339 7539 7739 7939 8139 8339 8539 8739 8939 9139 9339 9539 9739 9939 10139 10339 10539 10739 10939 11139 11339 11539 11739 11939 12139 12339 12539 12739 12939 13139 13339 13539 13739 13939 14139 14339 14539 14739 14939 15139 15339 15539 15739 15939 16139 16339 16539 16739 16939 17139 17339 17539 17739 17939 18139 18339 18539 18739 18939 19139 19339 19539 19739 19939 20139 20339 20539 20739 20939 21139 21339 21539 21739 21939 22139 22339 22539 22739 22939 23139 23339 23539 23739 23939 24139 24339 24539 24739 24939 25139 25339 25539 25739 25939 26139 26339 26539 26739 26939 27139 27339 27539 27739 27939 28139 28339 28338 28337 28336 28536 28535 28534 28533 28532 28531 28731 28730 28729 28728 28727 28726 28725 28724 28723 28722 28721 28720 28719 28718 28717 28716 28715 28714 28713 28712 28711 28710 28709 28708 28707 28706 28906 28905 29105 29104 29103 29303 29302 29502 29501 29701 29700 29699 29899 29898 30098 30097 30096 30095 30094 30093 30092 30091 30090 30089 30088 30087 30086 30286 30285 30485 30484 30684 30683 30883 31083 31082 31282 31482 31682 31882 31881 32081 32281 32280 32480 32680 32679 32879 32878 33078 33077 33277 33276 33476 33475 33675 33674 33673 33672 33872 33871 33870 34070 34069 34269 34268 34468 34467 34667 34666 34866 35066 35266 35265 35465 35665 35664 35864 35863 36063 36263 36262 
Label: 17066
[256,1803615,]
1337 1338 1339 1340 1540 1740 1940 2140 2340 2540 2740 2940 3140 3340 3540 3740 3940 4140 4340 4540 4740 4940 5140 5340 5540 5740 5940 6140 6340 6540 6740 6940 7140 7340 7540 7740 7940 8140 8340 8540 8740 8940 9140 9340 9540 9740 9940 10140 10340 10540 10740 10940 11140 11340 11540 11740 11940 12140 12340 12540 12740 12940 13140 13340 13540 13740 13940 14140 14340 14540 14740 14940 15140 15340 15540 15740 15940 16140 16340 16540 16740 16940 17140 17340 17540 17740 17940 18140 18340 18540 18740 18940 19140 19340 19540 19740 19940 20140 20340 20540 20740 20940 21140 21340 21540 21740 21940 22140 22340 22540 22740 22940 23140 23340 23540 23740 23940 24140 24340 24540 24740 24940 25140 25340 25540 25740 25940 26140 26340 26540 26740 26940 27140 27340 27540 27740 27940 28140 28340 28339 28338 28337 28336 28536 28535 28534 28533 28532 28531 28731 28730 28729 28728 28727 28726 28725 28724 28723 28722 28721 28720 28719 28718 28717 28716 28715 28714 28713 28712 28711 28710 28709 28708 28707 28706 28906 28905 29105 29104 29103 29303 29302 29502 29501 29701 29700 29699 29899 29898 30098 30097 30096 30095 30094 30093 30092 30091 30090 30089 30088 30087 30086 30286 30285 30485 30484 30684 30683 30883 31083 31082 31282 31482 31682 31882 31881 32081 32281 32280 32480 32680 32679 32879 32878 33078 33077 33277 33276 33476 33475 33675 33674 33673 33672 33872 33871 33870 34070 34069 34269 34268 34468 34467 34667 34666 34866 35066 35266 35265 35465 35665 35664 35864 35863 36063 36263 36262 
Label: 20918
[262,1721380,]
1337 1338 1339 1340 1341 1541 1741 1941 2141 2341 2541 2741 2941 3141 3341 3541 3741 3941 4141 4341 4541 4741 4941 5141 5341 5541 5741 5941 6141 6341 6541 6741 6941 7141 7341 7541 7741 7941 7942 8142 8143 8343 8543 8743 8943 9143 9343 9543 9743 9943 10143 10343 10543 10743 10943 11143 11343 11543 11743 11943 12143 12343 12342 12542 12742 12741 12941 13141 13341 13541 13741 13941 14141 14341 14541 14741 14941 15141 15341 15541 15741 15941 16141 16341 16541 16741 16941 17141 17341 17541 17741 17941 18141 18341 18541 18741 18941 19141 19341 19541 19741 19941 20141 20341 20541 20741 20941 21141 21341 21541 21741 21941 22141 22341 22541 22741 22941 23141 23341 23541 23741 23941 24141 24341 24541 24741 24941 25141 25341 25541 25741 25941 26141 26341 26541 26741 26941 27141 27341 27541 27741 27941 28141 28140 28340 28339 28338 28337 28336 28536 28535 28534 28533 28532 28531 28731 28730 28729 28728 28727 28726 28725 28724 28723 28722 28721 28720 28719 28718 28717 28716 28715 28714 28713 28712 28711 28710 28709 28708 28707 28706 28906 28905 29105 29104 29103 29303 29302 29502 29501 29701 29700 29699 29899 29898 30098 30097 30096 30095 30094 30093 30092 30091 30090 30089 30088 30087 30086 30286 30285 30485 30484 30684 30683 30883 31083 31082 31282 31482 31682 31882 31881 32081 32281 32280 32480 32680 32679 32879 32878 33078 33077 33277 33276 33476 33475 33675 33674 33673 33672 33872 33871 33870 34070 34069 34269 34268 34468 34467 34667 34666 34866 35066 35266 35265 35465 35665 35664 35864 35863 36063 36263 36262 
Label: 21874
[264,1709785,]
1337 1338 1339 1340 1341 1541 1741 1941 2141 2341 2541 2741 2941 3141 3341 3541 3741 3941 4141 4341 4541 4741 4941 5141 5341 5541 5741 5941 6141 6341 6541 6741 6941 7141 7341 7541 7741 7941 7942 8142 8143 8343 8344 8544 8744 8944 9144 9344 9544 9744 9944 10144 10344 10544 10744 10944 11144 11344 11544 11744 11944 12144 12143 12343 12342 12542 12742 12741 12941 13141 13341 13541 13741 13941 14141 14341 14541 14741 14941 15141 15341 15541 15741 15941 16141 16341 16541 16741 16941 17141 17341 17541 17741 17941 18141 18341 18541 18741 18941 19141 19341 19541 19741 19941 20141 20341 20541 20741 20941 21141 21341 21541 21741 21941 22141 22341 22541 22741 22941 23141 23341 23541 23741 23941 24141 24341 24541 24741 24941 25141 25341 25541 25741 25941 26141 26341 26541 26741 26941 27141 27341 27541 27741 27941 28141 28140 28340 28339 28338 28337 28336 28536 28535 28534 28533 28532 28531 28731 28730 28729 28728 28727 28726 28725 28724 28723 28722 28721 28720 28719 28718 28717 28716 28715 28714 28713 28712 28711 28710 28709 28708 28707 28706 28906 28905 29105 29104 29103 29303 29302 29502 29501 29701 29700 29699 29899 29898 30098 30097 30096 30095 30094 30093 30092 30091 30090 30089 30088 30087 30086 30286 30285 30485 30484 30684 30683 30883 31083 31082 31282 31482 31682 31882 31881 32081 32281 32280 32480 32680 32679 32879 32878 33078 33077 33277 33276 33476 33475 33675 33674 33673 33672 33872 33871 33870 34070 34069 34269 34268 34468 34467 34667 34666 34866 35066 35266 35265 35465 35665 35664 35864 35863 36063 36263 36262 
Label: 22774
[266,1703677,]
1337 1338 1339 1340 1341 1541 1741 1941 2141 2341 2541 2741 2941 3141 3341 3541 3741 3941 4141 4341 4541 4741 4941 5141 5341 5541 5741 5941 6141 6341 6541 6741 6941 7141 7341 7541 7741 7941 7942 8142 8143 8343 8344 8544 8545 8745 8945 9145 9345 9545 9745 9945 10145 10345 10545 10745 10945 11145 11345 11545 11745 11945 11944 12144 12143 12343 12342 12542 12742 12741 12941 13141 13341 13541 13741 13941 14141 14341 14541 14741 14941 15141 15341 15541 15741 15941 16141 16341 16541 16741 16941 17141 17341 17541 17741 17941 18141 18341 18541 18741 18941 19141 19341 19541 19741 19941 20141 20341 20541 20741 20941 21141 21341 21541 21741 21941 22141 22341 22541 22741 22941 23141 23341 23541 23741 23941 24141 24341 24541 24741 24941 25141 25341 25541 25741 25941 26141 26341 26541 26741 26941 27141 27341 27541 27741 27941 28141 28140 28340 28339 28338 28337 28336 28536 28535 28534 28533 28532 28531 28731 28730 28729 28728 28727 28726 28725 28724 28723 28722 28721 28720 28719 28718 28717 28716 28715 28714 28713 28712 28711 28710 28709 28708 28707 28706 28906 28905 29105 29104 29103 29303 29302 29502 29501 29701 29700 29699 29899 29898 30098 30097 30096 30095 30094 30093 30092 30091 30090 30089 30088 30087 30086 30286 30285 30485 30484 30684 30683 30883 31083 31082 31282 31482 31682 31882 31881 32081 32281 32280 32480 32680 32679 32879 32878 33078 33077 33277 33276 33476 33475 33675 33674 33673 33672 33872 33871 33870 34070 34069 34269 34268 34468 34467 34667 34666 34866 35066 35266 35265 35465 35665 35664 35864 35863 36063 36263 36262 
Label: 23662
[268,1701401,]
1337 1338 1339 1340 1341 1541 1741 1941 2141 2341 2541 2741 2941 3141 3341 3541 3741 3941 4141 4341 4541 4741 4941 5141 5341 5541 5741 5941 6141 6341 6541 6741 6941 7141 7341 7541 7741 7941 7942 8142 8143 8343 8344 8544 8545 8745 8945 8946 9146 9346 9546 9746 9946 10146 10346 10546 10746 10946 11146 11346 11546 11746 11745 11945 11944 12144 12143 12343 12342 12542 12742 12741 12941 13141 13341 13541 13741 13941 14141 14341 14541 14741 14941 15141 15341 15541 15741 15941 16141 16341 16541 16741 16941 17141 17341 17541 17741 17941 18141 18341 18541 18741 18941 19141 19341 19541 19741 19941 20141 20341 20541 20741 20941 21141 21341 21541 21741 21941 22141 22341 22541 22741 22941 23141 23341 23541 23741 23941 24141 24341 24541 24741 24941 25141 25341 25541 25741 25941 26141 26341 26541 26741 26941 27141 27341 27541 27741 27941 28141 28140 28340 28339 28338 28337 28336 28536 28535 28534 28533 28532 28531 28731 28730 28729 28728 28727 28726 28725 28724 28723 28722 28721 28720 28719 28718 28717 28716 28715 28714 28713 28712 28711 28710 28709 28708 28707 28706 28906 28905 29105 29104 29103 29303 29302 29502 29501 29701 29700 29699 29899 29898 30098 30097 30096 30095 30094 30093 30092 30091 30090 30089 30088 30087 30086 30286 30285 30485 30484 30684 30683 30883 31083 31082 31282 31482 31682 31882 31881 32081 32281 32280 32480 32680 32679 32879 32878 33078 33077 33277 33276 33476 33475 33675 33674 33673 33672 33872 33871 33870 34070 34069 34269 34268 34468 34467 34667 34666 34866 35066 35266 35265 35465 35665 35664 35864 35863 36063 36263 36262 
Label: 24546
[270,1701362,]
1337 1338 1339 1340 1341 1541 1741 1941 2141 2341 2541 2741 2941 3141 3341 3541 3741 3941 4141 4341 4541 4741 4941 5141 5341 5541 5741 5941 6141 6341 6541 6741 6941 7141 7341 7541 7741 7941 7942 8142 8143 8343 8344 8544 8545 8745 8945 8946 9146 9346 9347 9547 9747 9947 10147 10347 10547 10747 10947 11147 11347 11547 11546 11746 11745 11945 11944 12144 12143 12343 12342 12542 12742 12741 12941 13141 13341 13541 13741 13941 14141 14341 14541 14741 14941 15141 15341 15541 15741 15941 16141 16341 16541 16741 16941 17141 17341 17541 17741 17941 18141 18341 18541 18741 18941 19141 19341 19541 19741 19941 20141 20341 20541 20741 20941 21141 21341 21541 21741 21941 22141 22341 22541 22741 22941 23141 23341 23541 23741 23941 24141 24341 24541 24741 24941 25141 25341 25541 25741 25941 26141 26341 26541 26741 26941 27141 27341 27541 27741 27941 28141 28140 28340 28339 28338 28337 28336 28536 28535 28534 28533 28532 28531 28731 28730 28729 28728 28727 28726 28725 28724 28723 28722 28721 28720 28719 28718 28717 28716 28715 28714 28713 28712 28711 28710 28709 28708 28707 28706 28906 28905 29105 29104 29103 29303 29302 29502 29501 29701 29700 29699 29899 29898 30098 30097 30096 30095 30094 30093 30092 30091 30090 30089 30088 30087 30086 30286 30285 30485 30484 30684 30683 30883 31083 31082 31282 31482 31682 31882 31881 32081 32281 32280 32480 32680 32679 32879 32878 33078 33077 33277 33276 33476 33475 33675 33674 33673 33672 33872 33871 33870 34070 34069 34269 34268 34468 34467 34667 34666 34866 35066 35266 35265 35465 35665 35664 35864 35863 36063 36263 36262 
