0.28125  0.34375   0.043991255040930585   0.0   -2.0401342607560637e-21   3.7600973707645014e-12   2.350207161043194e-05
0.2822636258735609  0.343795541449707   0.04489905404347911   0.010146484293554655   0.009077990025485297   0.10146484293554654   0.09077990025485295
0.2841928950923907  0.3438857307523688   0.04671390020843958   0.0193137614902921   0.018148461649604666   0.09167277196737443   0.0907047162411937
0.28692292317413337  0.34402079000566516   0.049431444302051084   0.027333668485961336   0.027175440936114948   0.08019906995669238   0.09026979286510282
0.29032164691720824  0.34420120291387646   0.053032771865003665   0.03403508762907784   0.03601327562952588   0.06701419143116495   0.08837834693410931
0.2942358795603938  0.3444264492327836   0.05748206592834764   0.039207082382091196   0.04449294063343981   0.05171994753013366   0.08479665003913925
0.29848436697724434  0.3446932595506859   0.06271888159747821   0.04256857183049031   0.052368156691305734   0.03361489448399114   0.07875216057865929
0.3029327075339719  0.3449991484586705   0.0686566432141089   0.04458845336256346   0.05937761616630689   0.020198815320731475   0.07009459475001169
0.307517970769013  0.34534451628498797   0.0751793078421289   0.04598251610131346   0.06522664628019995   0.013940627387500022   0.05849030113893041
0.312216936016991  0.3457313716694129   0.08214253216255449   0.04714862828350671   0.06963224320425583   0.011661121821932572   0.04405596924055896
0.31702438931673277  0.3461621784823383   0.0893735482990005   0.04826717491138378   0.07231016136446031   0.011185466278770553   0.026779181602044733
0.3219333214849853  0.34663822169017133   0.09667261592557023   0.04931960276424483   0.07299067626569714   0.010524278528610556   0.006805149012368231
0.3269162881395334  0.3471574006718161   0.10381615502742092   0.05009940468241026   0.07143539101850693   0.007798019181654331   -0.015552852471902082
0.3319280323178545  0.3477137795077482   0.11056229218121202   0.050425328078267606   0.06746137153791096   0.0032592339585734817   -0.039740194805959715
0.3369235822184228  0.3482992082737352   0.11665795550899193   0.050297361411024546   0.06095663327779926   -0.0012796666724307257   -0.06504738260111698
0.34188708283240415  0.34890702128936024   0.12184986671110602   0.05000577467348865   0.051919112021140815   -0.002915867375358887   -0.09037521256658441
0.34684942283306625  0.34953507884712776   0.12589542043981855   0.05001927086437759   0.04045553728712549   0.00013496190888937903   -0.11463574734015328
0.3518780022851762  0.3501852245778759   0.1285768759917348   0.05070433983141093   0.026814555519162297   0.006850689670333394   -0.13640981767963192
0.3570386087039002  0.35085842263794803   0.12971691934916305   0.052043303351209984   0.011400433574282555   0.013389635197990541   -0.1541412194487974
0.36234182777078505  0.3515474185932415   0.12919665434140873   0.05347789066313465   -0.005202650077543393   0.014345873119246675   -0.1660308365182595
0.36767371142264005  0.3522280995792054   0.1269755555239797   0.053751567308843215   -0.022210988174289993   0.0027367664570856678   -0.170083380967466
0.3730087858047233  0.3528882491388066   0.12311187152251805   0.05375761909106701   -0.03863684001461663   6.0517822237879336e-05   -0.16425851840326638
0.37834757778118927  0.35351996183220685   0.11777740240166788   0.053760357788039725   -0.05334469120850167   2.738696972726779e-05   -0.1470785119388504
0.3836904798505032  0.3541168791502158   0.11126017841846009   0.05376142930281707   -0.06517223983207808   1.071514777336717e-05   -0.11827548623576392
0.38903763657572477  0.35467472907817454   0.10395041514318853   0.053761772279386076   -0.07309763275271558   3.4297656900617182e-06   -0.07925392920637503
0.3943888899281641  0.3551916869307775   0.09630615291763617   0.05376165721344684   -0.07644262225552363   -1.1506593923536597e-06   -0.03344989502808075
0.39974379043158986  0.35566851034184876   0.0888100807349019   0.05376087793826895   -0.0749607218273426   -7.792751778896418e-06   0.014819004281810403
0.40510161992447524  0.3561084197647197   0.08192214229188506   0.053758587383936816   -0.06887938443016843   -2.290554332136853e-05   0.06081337397174166
0.4103062020906413  0.356504961367598   0.07604394310802928   0.052196667295131755   -0.05878199183855764   -0.015619200888050602   0.10097392591610806
0.41509440617104854  0.3568478861243356   0.07149658519577204   0.04800468279700634   -0.04547357912257258   -0.04191984498125407   0.13308412715985057
0.41964660087718114  0.35716025140193947   0.0685112169827413   0.04562899156149929   -0.029853682130307216   -0.023756912355070447   0.1561989699226536
0.42418087143351035  0.3574655689469453   0.06723404532761028   0.045445382913209764   -0.01277171655131042   -0.0018360864828953067   0.17081965578996794
0.4288069771854388  0.35777938277266186   0.06773165465459055   0.04636737381525607   0.004976093269802719   0.009219909020462998   0.1774780982111314
0.4335357258033254  0.35811092842458564   0.06999821828356657   0.04740357160644475   0.022665636289760357   0.010361977911886842   0.17689543019957638
0.4383330060930015  0.3584663919689698   0.073961727890286   0.04810431634385916   0.03963509606719414   0.007007447374144075   0.16969459777433782
0.4431663039365482  0.35885139732406224   0.07948902378376536   0.048486077556225554   0.0552729589347937   0.003817612123663962   0.15637862867599558
0.44802374631771136  0.359272083276554   0.0863909064740762   0.04875625411877301   0.06901882690310836   0.0027017656254744934   0.13745867968314654
0.4529049476262923  0.35973438401819696   0.09442877172831679   0.04903044787743239   0.08037865254240577   0.002741937586593835   0.11359825639297405
0.457811618720082  0.3602431563110612   0.10332068002853372   0.049329778500027704   0.0889190830021693   0.0029933062259530985   0.08540430459763543
0.4627462786040444  0.3608019028388045   0.11274877765248938   0.04966192289133879   0.09428097623955664   0.0033214439131108928   0.05361893237387336
0.4677122411866183  0.3614126242767373   0.12236703940866378   0.05003375365318388   0.09618261756174411   0.0037183076184509195   0.01901641322187473
0.4727130635932105  0.36207562594533244   0.131809837176059   0.05044580850262413   0.09442797767395221   0.0041205484944025145   -0.017546398877918923
0.477751940432718  0.36278931482562754   0.14070062087515453   0.050891680677279935   0.0889078369909552   0.004458721746558054   -0.05520140682997033
0.48282983706412175  0.36354981084883387   0.1486610419635499   0.05134529033955679   0.07960421088395381   0.00453609662276845   -0.09303626107001393
0.4879407935417531  0.3643500932809975   0.1553205544292412   0.051732318803115435   0.06659512465691297   0.003870284635586491   -0.1300908622704083
0.4930715081253981  0.3651798041619433   0.1603265060944769   0.05197369746784113   0.05005951665235721   0.002413786647257039   -0.16535608004555752
0.49820348773289386  0.36602567307637357   0.1633544263642024   0.052012218672300214   0.03027920269725472   0.0003852120445907542   -0.1978031395510249
0.5033285139253847  0.366874417504284   0.16411827408179433   0.051948301779389076   0.00763847717591921   -0.0006391689291112662   -0.22640725521335514
0.5084577951324105  0.3677147193743545   0.16238204679871635   0.05197656484762491   -0.01736227283077974   0.00028263068235827234   -0.25000750006698946
0.513624267208678  0.3685377150219352   0.1579682519844632   0.05231611181155403   -0.04413794814253126   0.0033954696392912284   -0.2677567531175151
0.518865242320091  0.3693339217034002   0.15076674625639283   0.053011098081494526   -0.07201505728070404   0.006949862699404934   -0.27877109138172784
0.5241793263813985  0.370086811069254   0.14074140841186347   0.053671530449446316   -0.10025337844529326   0.00660432367951791   -0.28238321164589236
0.5295090912863126  0.37077241593203875   0.12793440371110654   0.05373681044640513   -0.12807004700756938   0.0006527999695880529   -0.2781666856227611
0.5348500378897278  0.3713756434990757   0.11246733503112763   0.05374904103159854   -0.1546706867997891   0.00012230585193422528   -0.26600639792219694
0.5402013354044063  0.3718830498730572   0.0945366757593755   0.05375299649225321   -0.17930659271752133   3.95546065465955e-05   -0.24635905917732262
0.5455618696339504  0.3722826462076984   0.07440650746136367   0.05375407375889933   -0.20130168298011852   1.077266646120734e-05   -0.21995090262597183
0.5509298273994393  0.3725641612859062   0.05239560907522112   0.05375334530178664   -0.22010898386142536   -7.284571126868813e-06   -0.18807300881306832
0.5563023902841066  0.3727192735971783   0.02886317729517373   0.053748015571565375   -0.23532431780047383   -5.329730221263777e-05   -0.15215333939048478
0.561676955581446  0.3727418164159769   0.004194327421361482   0.053746125733902986   -0.24668849873812254   -1.8898376623940023e-05   -0.1136418093764868
0.5670382759076683  0.37262806901112006   -0.02121312203805166   0.05362526840256984   -0.2540744945941314   -0.0012085733133314232   -0.0738599585600891
0.5722677274747298  0.3723823120930243   -0.04696022814246891   0.05235223028203639   -0.25747106104417256   -0.01273038120533462   -0.03396566450041131
0.5773598145801091  0.372011695905773   -0.07265465539552826   0.051055565266700326   -0.25694427253059343   -0.012966650153360551   0.005267885135791036
0.5823808388982049  0.3715184819148413   -0.09791562966615074   0.05045190307982444   -0.25260974270622466   -0.006036621868758834   0.04334529824368776
0.5874294077705814  0.3708975616132269   -0.12237480921920812   0.05086608858570279   -0.24459179553057392   0.0041418550587834415   0.08017947175650755
0.5925973524894498  0.3701393355957069   -0.1456777809527715   0.0522327093983496   -0.23302971733563402   0.013666208126468118   0.11562078194939926
0.5978958286456406  0.36924353554477785   -0.1674836978083043   0.053736679567096365   -0.21805916855532775   0.015039701687467688   0.14970548780306245
0.6031767780580569  0.36824177277102266   -0.1874662911507156   0.05375123752192234   -0.1998259334241131   0.0001455795482597654   0.18233235131214626
0.6084396379969448  0.36714576674463206   -0.20531833354342524   0.05375771939567048   -0.17852042392709644   6.4818737481409e-05   0.21305509497016703
0.6136851627040668  0.36596858154687106   -0.22075951606059666   0.05375992414694686   -0.15441182517171406   2.2047512763741993e-05   0.2410859875538235
0.6189152987185336  0.3647243807786364   -0.23354961609564562   0.053760913572498854   -0.12790100035048982   9.894255519976668e-06   0.2651082482122425
0.6241328369565489  0.363428159236174   -0.24350561914499952   0.053761413255507984   -0.09956003049353869   4.996830091304813e-06   0.2834096985695112
0.6293411741144235  0.362095370105122   -0.25051946192440283   0.053761606019490094   -0.07013842779403331   1.9276398210555737e-06   0.29421602699505367
0.6345440630245522  0.36074150561402607   -0.25456848983280156   0.05376151232191311   -0.04049027908398704   -9.369757697934166e-07   0.29648148710046285
0.6397453433428955  0.3593816763634141   -0.25571757875425283   0.053761001237702555   -0.011490889214512592   -5.110842105550496e-06   0.28999389869474446
0.6449486654476831  0.3580302607160519   -0.25410735997158973   0.053759543504488076   0.01610218782663078   -1.4577332144791368e-05   0.2759307704114337
0.6501571045377735  0.35670068345952205   -0.24993590637986918   0.053754640205532736   0.0417145359172053   -4.9032989553352977e-05   0.25612348090574527
0.6553579563932309  0.35540896706387953   -0.24344048455121037   0.053588610048391785   0.06495421828658807   -0.0016603015714095335   0.23239682369382775
0.6604207628336564  0.3541974490185297   -0.23488084458045821   0.05205745386342138   0.08559639970752154   -0.015311561849704064   0.20642181420933464
0.6654147522550728  0.35305691701544495   -0.2245301311706935   0.05122571970336841   0.10350713409764743   -0.00831734160052971   0.1791073439012589
0.6704312998742505  0.3519736775210073   -0.21266801732423712   0.051321689194519016   0.11862113846456342   0.0009596949115060837   0.1511400436691597
0.6755152943323852  0.35094533889655166   -0.19957711967782105   0.05186952860484721   0.1309089764641609   0.005478394103281882   0.12287837999597499
0.6806693680707376  0.3499779213993239   -0.1855407488176099   0.05244079777646209   0.14036370860211178   0.005712691716148822   0.09454732137950869
0.6858763488184287  0.34907960129354865   -0.1708405488163339   0.05283902678822239   0.14700200001275973   0.003982290117602926   0.06638291410647983
0.6911155647918701  0.34825691009269105   -0.15575379945167436   0.05303414449987174   0.1508674936465954   0.001951177116493609   0.03865493633835639
0.69636982457007  0.34751351499590905   -0.14055137907480214   0.05306588554497941   0.1520242037687223   0.0003174104510766642   0.011567101221269294
0.7016281785557149  0.34685013203570375   -0.12549492972078283   0.053000343008549194   0.15056449354019316   -0.0006554253643021197   -0.014597102285291472
0.7068884537546147  0.3462647172233376   -0.11083369695910658   0.05292750293627829   0.1466123276167624   -0.0007284007227090302   -0.03952165923430787
0.7121576320506472  0.3457530550148381   -0.09680124808814218   0.052939624225137386   0.1403244887096439   0.00012121288859093898   -0.06287838907118498
0.7174475825491089  0.34530971674300764   -0.08361224985904614   0.05308495558955109   0.1318899822909604   0.0014533136441370188   -0.08434506418683486
0.722765049052218  0.3449290843622312   -0.07145964390726689   0.053310722205745814   0.12152605951779243   0.002257666161947238   -0.10363922773167994
0.728094735292241  0.3446061793827848   -0.06051214639724951   0.053394590590098684   0.10947497510017393   0.0008386838435286686   -0.12051084417618478
0.7333795040233909  0.3443368841682294   -0.05091282260219407   0.05291625502085571   0.09599323795055432   -0.004783355692429694   -0.134817371496196
0.7385002435009663  0.34411769755806554   -0.04277759035763332   0.051254283301275835   0.08135232244560747   -0.01661971719579876   -0.14640915504946855
0.7429754028326581  0.34395565195335354   -0.036194205726109305   0.04478092207853095   0.06583384631524015   -0.06473361222744882   -0.1551847613036732
0.7464642684681144  0.3438466877239843   -0.03122184463646422   0.03490566805771075   0.049723610896450894   -0.09875254020820208   -0.16110235418789265
0.7488205831721482  0.3437809422697045   -0.027894576620442747   0.023572317343027366   0.033272680160214764   -0.11333350714683378   -0.1645093073623613
0.75  0.34375   -0.026229211630854125   0.011798226467883127   0.01665364989588622   -0.11774090875144239   -0.16619030264328546
0.75  0.34375   -0.026229211630854125   4.507748718846482e-28   -2.63933371604625e-22   -0.11798226467883127   -0.1665364989588622
