0.6875  0.875   0.43416225240930667   0.0   1.0059943162133094e-20   0.0   -6.295282378787814e-06
0.6885750089964183  0.875487975303899   0.42611458382875617   0.011805779261004   -0.0804766858055046   0.11805779261003999   -0.804766858055046
0.6907389904124727  0.8764285511838203   0.41001633651050473   0.023595547365803767   -0.16098247318251466   0.11789768104799765   -0.8050578737701004
0.6940136148456213  0.8777588601846998   0.3858807886720897   0.035345278632365335   -0.24135547838415033   0.11749731266561568   -0.8037300520163567
0.6984171564594945  0.8793851993262167   0.3537862957787697   0.04694268606326602   -0.3209449289332001   0.11597407430900684   -0.7958945054904978
0.702822764512845  0.8808156753549855   0.3139554213083562   0.0463202374655269   -0.3983087447041353   -0.0062244859773911325   -0.7736381577093517
0.7062739622223811  0.8817591789275385   0.2668635694399153   0.035778435714448   -0.4709185186844088   -0.10541801751078905   -0.7260977398027353
0.7087008792651391  0.8822848546174495   0.21330711224270174   0.0248319577629174   -0.5355645719721353   -0.10946477951530596   -0.646460532877265
0.710110239688454  0.8825041687079804   0.15437436874923077   0.014263223594656595   -0.5893274349347096   -0.10568734168260804   -0.5376286296257432
0.7117989497168113  0.8826589037064828   0.09137395893035037   0.01695784325802119   -0.6300040981888042   0.026946196633645975   -0.40676663254094664
0.7145360848560118  0.8827294047980652   0.025751562567102412   0.02738042946003649   -0.6562239636324794   0.104225862020153   -0.2621986544367513
0.7183808201011729  0.8825718495654727   -0.040956559094276326   0.03847962156349894   -0.6670812166137874   0.11099192103462444   -0.10857252981307997
0.7232850654800614  0.882044560075423   -0.10710550208802011   0.049325102070514396   -0.661489429937438   0.10845480507015468   0.055917866763493855
0.7285617878478239  0.8811336438396605   -0.17094436933893584   0.053547705212288826   -0.6383886725091572   0.04222603141774424   0.2310075742828077
0.7337825205230901  0.8799075989839008   -0.23066177979535188   0.05362763807490097   -0.5971741045641603   0.0007993286261214456   0.41214567944996927
0.7389336664414047  0.8784012120337606   -0.28450413223517523   0.05366889780433523   -0.5384235243982334   0.0004125972943425722   0.5875058016592702
0.7440111626505547  0.8766566575344863   -0.33094902806162013   0.053688395538394065   -0.46444895826444904   0.00019497734058834904   0.7397456613378423
0.7490197375792546  0.8747204611517754   -0.3688809338997934   0.05369793222166473   -0.3793190583817324   9.536683270672876e-05   0.8512989988271663
0.7539706581606124  0.8726406851465761   -0.3976948411987756   0.05370017023689473   -0.28813907298982183   2.2380152299959044e-05   0.9117998539191059
0.7588800775933914  0.8704659369167878   -0.4169962848869033   0.05369537133675078   -0.19301443688127837   -4.798900143956158e-05   0.951246361085435
0.7637671959881774  0.8682448394697702   -0.4265732246859581   0.05368165429064698   -0.09576939799054664   -0.00013717046103794392   0.9724503889073173
0.7686523343673594  0.8660259840535709   -0.4263454926356894   0.053654353357161164   0.002277320502686402   -0.00027300933485815683   0.9804671849323304
0.7735549114405421  0.863858360479119   -0.41629803875136334   0.0536039680611581   0.10047453884326077   -0.0005038529600305885   0.9819721834057435
0.7784915864418973  0.8617918045760644   -0.3964483132083425   0.05351767312716087   0.19849725543020824   -0.0008629493399724554   0.9802271658694747
0.783475956529876  0.8598766313753063   -0.36684308292845375   0.05339647325698363   0.2960523027988875   -0.001211998701772314   0.9755504736867927
0.7885146690275446  0.8581644587206251   -0.3275624490126726   0.05321668801569747   0.39280633915781127   -0.0017978524128615943   0.9675403635892379
0.7936045097789942  0.8567078968912522   -0.2787213106574963   0.052941525514384455   0.4884113835517633   -0.0027516250131301686   0.9560504439395195
0.7987246982304398  0.8555604091842273   -0.2204675889769643   0.05247195233273754   0.5825372168053197   -0.004695731816469178   0.9412583325355643
0.8037097749260647  0.8547917931427238   -0.15297875383619097   0.05043982581306032   0.6748883514077334   -0.020321265196772118   0.9235113460241366
0.8085181515937062  0.8544234420662192   -0.07645679044827725   0.04822465001789293   0.7652196338791374   -0.022151757951673977   0.9033128247140404
0.8132235205113378  0.8544651981962572   0.008873912909981647   0.047055541889781574   0.853307033582589   -0.011691081281113505   0.8808739970345166
0.817913091189424  0.8549486425207109   0.10272637116196445   0.04714423778110367   0.938524582519828   0.0008869589132209734   0.8521754893723893
0.8226209914195665  0.8559262840551936   0.2047497688604512   0.04808337295461103   1.0202339769848676   0.009391351735073628   0.8170939446503958
0.827302227166139  0.857449338777067   0.3145512636893756   0.04922769931736688   1.0980149482892434   0.011443263627558412   0.7778097130437596
0.8318449508361373  0.8595421134870095   0.4317057878702264   0.05001604175515863   1.1715452418085086   0.00788342437791752   0.7353029351926506
0.8361061435308043  0.862188543258329   0.5557565398800559   0.05016109420219118   1.240507520098296   0.0014505244703254762   0.6896227828978745
0.8399271691212793  0.8653179456318579   0.6862166588798377   0.04938967076071069   1.3046011899978178   -0.00771423441480488   0.6409366989952162
0.8431077327227441  0.8687442333161794   0.8225733419214003   0.046749793709381024   1.363566830415625   -0.026398770513296626   0.5896564041780729
0.8454508163951272  0.872121752856525   0.9642914143740163   0.04110678695933982   1.417180724526161   -0.056430067500412004   0.5361389411053606
0.8469312261974518  0.8751099155161187   1.110815595045802   0.03334775744035793   1.4652418067178565   -0.07759029518981896   0.4806108219169548
0.8476867216489722  0.877474738409173   1.2615721220077194   0.024825713872477267   1.5075652696191726   -0.08522043567880662   0.4232346290131636
0.847939424806909  0.8790938591728609   1.415971091213113   0.01638722347878649   1.543989692053936   -0.08438490393690777   0.3642442243476336
0.8479370823473311  0.8799900864327763   1.573410010117175   0.00896230321140906   1.5743891890406223   -0.07424920267377429   0.30399496986686314
0.8478710550256635  0.8803928712737289   1.733278230827424   0.004081607958976697   1.5986822071024887   -0.04880695252432365   0.24293018061866237
0.8477944247861875  0.8806209253274202   1.8949610235579664   0.00240584382301084   1.6168279273054225   -0.016757641359658567   0.18145720202933655
0.8477113984138867  0.8807776970730802   2.0578428521517695   0.0017739999643371213   1.6288182859380318   -0.00631843858673719   0.11990358632609453
0.8475922115687332  0.8809343128819843   2.221309299550597   0.0019680959238901263   1.634664473988275   0.0019409595955300536   0.05846188050243172
0.8474953346840118  0.8810258094665188   2.384748605989504   0.0013325447750376941   1.6343930643890727   -0.006355511488524325   -0.0027140959920238378
0.8473779924187581  0.8811050649803069   2.547553330967425   0.0014160029548246611   1.628047249779212   0.0008345817978696671   -0.06345814609860599
0.8472645660722706  0.8811574241764467   2.7091225584443204   0.001249280652930821   1.6156922747689484   -0.001667223018938402   -0.12354975010263576
0.8471385232493761  0.8811926780403119   2.8688644703357964   0.0013088020522850938   1.597419118914759   0.000595213993542729   -0.1827315585418925
0.8469988151019056  0.8812088715916011   3.0261977393478645   0.0014064351237443717   1.5733326901206834   0.000976330714592777   -0.24086428794075823
0.8468414525373028  0.8812027376627992   3.1805525231143537   0.0015748206825195487   1.5435478376648892   0.0016838555877517717   -0.2978485245579422
0.8466419607355431  0.8811644171034018   3.3313718706796958   0.00203138977652971   1.508193475653422   0.004565690940101616   -0.35354362011467094
0.8462038538575813  0.881011155334624   3.478113657548853   0.0046414093364639504   1.4674178686915724   0.02610019559934241   -0.4077560696184974
0.8451882794866197  0.880484163532388   3.620253647107369   0.011441641764091607   1.4213998955851628   0.06800232427627656   -0.4601797310640966
0.8435433021732417  0.8793204475902061   3.7572917148397855   0.020149901130321442   1.3703806773241642   0.08708259366229833   -0.5101921826099862
0.8413765957158362  0.8773133664691217   3.8887647271933683   0.02953471093336715   1.3147301235358333   0.0938480980304571   -0.5565055378833095
0.8388839647041464  0.874342747757061   4.014260055853093   0.03877858286849115   1.2549532865972415   0.09243871935124003   -0.5977683693859168
0.836335018241253  0.8704434025729525   4.133427070394584   0.0465854279099445   1.191670145414906   0.07806845041453345   -0.6328314118233539
0.8340793180435748  0.8659629293561185   4.245984121275037   0.05016255937307479   1.125570508804526   0.0357713146313029   -0.6609963661037987
0.832267980851365  0.8611604808540265   4.351717623926491   0.05132684876273755   1.0573350265145347   0.01164289389662764   -0.6823548228999168
0.8309315749743531  0.8561752382520894   4.4504746553503685   0.05161261906576793   0.9875703142387837   0.0028577030303038884   -0.6976471227575077
0.8300555433942939  0.8510790047126245   4.542154862442529   0.051709793673952564   0.9168020709216097   0.0009717460818462639   -0.7076824331717393
0.8296117653614999  0.8459124188122438   4.626705419698414   0.051856097817329194   0.845505572558848   0.001463041433766324   -0.7129649836276185
0.8295687139244149  0.8407073489648107   4.704118110508725   0.052052478848649754   0.7741269081031076   0.0019638103132056032   -0.7137866445574036
0.829892632555441  0.8354928124374374   4.7744276595459   0.05224587493270337   0.7030954903717548   0.0019339608405361229   -0.7103141773135273
0.8305477563245394  0.830292712865752   4.8377116634353285   0.05241204318501572   0.6328400388942794   0.0016616825231235482   -0.7025545147747545
0.8314973532507126  0.825124234184824   4.894091061556574   0.05254988696220624   0.5637939812124599   0.001378437771905224   -0.690460576818194
0.8327047414941666  0.8199986082528604   4.943730790533923   0.052659118455256455   0.49639728977349734   0.0010923149305021378   -0.6739669143896261
0.834134161425193  0.8149217280105152   4.986838853437154   0.05274272872570131   0.4310806290323096   0.0008361027044484744   -0.6531666074118777
0.8357510251706745  0.809896252151348   5.023663576405125   0.052791719031041455   0.36824722967970397   0.0004899030534014954   -0.6283339935260563
0.8375216415651098  0.8049240026929327   5.054487436282003   0.0527810070886805   0.30823859876878906   -0.0001071194236095885   -0.6000863091091493
0.8394141785479007  0.8000042163700103   5.079617964935791   0.05271242139614232   0.25130528653786344   -0.000685856925381741   -0.5693331223092561
0.841399041845161  0.7951338463531048   5.099377125220944   0.0525929523894435   0.19759160285153693   -0.0011946900669882994   -0.5371368368632646
0.8434487338970421  0.7903087913237614   5.114091736964862   0.05242365262334941   0.1471461174391756   -0.0016929976609408703   -0.5044548541236132
0.8455389885533741  0.7855217676210017   5.1240858894529095   0.052234816415011265   0.0999415248804826   -0.0018883620833814957   -0.4720459255869301
0.8476489933804724  0.7807622422946197   5.129676066722696   0.0520626561969801   0.05590177269785643   -0.0017216021803115814   -0.44039752182626174
0.8497600299566531  0.7760195066154846   5.131168505554054   0.051913405925746205   0.014924388313584946   -0.0014925027123389551   -0.4097738438427147
0.8518545721740121  0.7712844096668492   5.128858051037821   0.05177668414766738   -0.023104545162329793   -0.0013672177807882472   -0.38028933475914745
0.8539163474892841  0.7665489536723752   5.123027944817388   0.05164829225275996   -0.05830106220433112   -0.0012839189490742023   -0.3519651704200133
0.8559306046715919  0.7618054430371586   5.1139498116036135   0.051534575910636496   -0.09078133213774597   -0.00113716342123455   -0.3248026993341484
0.8578840364751908  0.7570463729642889   5.101884247900222   0.051443798236321385   -0.12065563703391231   -0.0009077767431511585   -0.2987430489616634
0.8597644062714975  0.7522650183070659   5.08708137193542   0.05137814995599855   -0.14802875964801904   -0.0006564828032283831   -0.2737312261410675
0.8615601496031299  0.747456222759347   5.069781555192605   0.051331480334062096   -0.1729981674281627   -0.00046669621936454986   -0.24969407780143676
0.8632601539921327  0.7426169650884227   5.0502165238444805   0.05129174371010148   -0.1956503134812319   -0.00039736623960621157   -0.2265214605306918
0.8648537761772473  0.7377464975054124   5.028610378551042   0.05124557165847799   -0.21606145293439444   -0.000461720516234854   -0.20411139453162525
0.866331040451303  0.7328460633458969   5.005180830633747   0.05118257973876239   -0.23429547917293864   -0.0006299191971558932   -0.1823402623854416
0.8676829055678152  0.7279183452985343   4.9801405374916765   0.05109789080534116   -0.25040293142071607   -0.0008468893342123057   -0.16107452247777465
0.8689014953484654  0.7229668439340962   4.953698517196264   0.05099247671523408   -0.2644202029541235   -0.001054140901070834   -0.1401727153340737
0.8699802368030405  0.7179953396642577   4.926061585201019   0.05087193512226687   -0.2763693199524453   -0.0012054159296721394   -0.1194911699832185
0.8709138898038613  0.7130075694677622   4.8974359499230715   0.05074402374564912   -0.28625635277947326   -0.001279113766177542   -0.0988703282702797
0.8716984855416173  0.7080072416392036   4.868028815213141   0.05061508556227316   -0.29407134709930305   -0.001289381833759542   -0.07814994319829835
0.8723312285395519  0.702998459744421   4.838050071800684   0.050485898794551266   -0.29978743412457476   -0.0012918676772189447   -0.05716087025271677
0.8728104370164904  0.6979865819446425   4.8077137515622805   0.0503473533011263   -0.3033632023840359   -0.0013854549342496518   -0.03575768259461135
0.8731356167323245  0.6929793316314462   4.777239688358649   0.05017798077503205   -0.3047406320363072   -0.0016937252609424882   -0.013774296522712502
0.8733077459879748  0.6879871568203386   4.74685513960161   0.04995141421952878   -0.3038454875703954   -0.0022656655550328175   0.00895144465911733
0.8733296309842775  0.6830210905323316   4.716795859665016   0.049661145103535295   -0.30059279936593886   -0.0029026911599347375   0.03252688204456615
0.8732058678076686  0.6780877797829081   4.6873069962118095   0.04934862943817596   -0.2948886345320682   -0.0031251566535933323   0.05704164833870574
0.8729420531861097  0.6731839118694571   4.658643536711716   0.049109590374104305   -0.2866345950009413   -0.0023903906407166564   0.08254039531126885
0.8725433720560897  0.668292031760114   4.631070154006468   0.04908099188853583   -0.2757338270524644   -0.0002859848556846181   0.10900767948476954
0.8720130663401549  0.663379291362667   4.6048603454971815   0.04941279425924224   -0.26209808509287386   0.003318023707064059   0.1363574195959054
0.871352081197311  0.6584045493109474   4.580294460745021   0.05018461899846558   -0.24565884752160552   0.007718247392233406   0.16439237571268323
0.870562067439759  0.6533397100055202   4.557655790961129   0.05126082220070619   -0.2263866978389167   0.010762032022406104   0.19272149682688844
0.8696524156784957  0.6481998214833674   4.5372238747016675   0.05219762479934404   -0.20431916259461322   0.009368025986378438   0.22067535244303463
0.8686409867327377  0.6430279225877826   4.51926396484678   0.05269869704126644   -0.17959909854887318   0.005010722419223994   0.24720064045740037
0.8675428439618363  0.6378344382729705   4.504012027792644   0.053083139388591855   -0.1525193705413645   0.0038444234732542227   0.2707972800750869
0.8663772869343642  0.6326401061676896   4.49165506548198   0.05323495957004622   -0.1235696231066492   0.001518201814543504   0.28949747434715306
0.865162032743317  0.6274517693756189   4.482308662617949   0.05328759838538118   -0.09346402864030195   0.0005263881533496907   0.30105594466347224
0.8639119909871408  0.6222626577805526   4.475995963753951   0.05337554078249691   -0.06312698863998177   0.0008794239711572908   0.3033704000032018
0.8626437941983245  0.6170748383407432   4.472634385518271   0.053405798969056575   -0.03361578235680601   0.00030258186559668884   0.2951120628317576
0.8613743455260794  0.6118953302447903   4.4720362533157525   0.053328045199040865   -0.005981322025179433   -0.0007775377001571182   0.27634460331626587
0.8601165180489286  0.6067209988479323   4.473924481145624   0.05325019752713697   0.01888227829871404   -0.000778476719038909   0.2486360032389347
0.8588907909043032  0.6015885819175198   4.477959417366676   0.052767518968261526   0.04034936221051858   -0.00482678558875446   0.21467083911804544
0.8577044504545394  0.5964901550841353   4.483769573777698   0.05234630821569645   0.05810156411022804   -0.00421210752565078   0.17752201899709466
0.8566087983473661  0.5916227833822142   4.490978041259267   0.0498916434131176   0.07208467481568351   -0.024546648025788535   0.1398311070545546
0.855616276604712  0.5870374716329516   4.499220837789521   0.04691501172073786   0.08242796530254101   -0.029766316923797415   0.10343290486857504
0.8547139767228991  0.5826810573557911   4.508156875941569   0.04448875187164527   0.08936038152048434   -0.024262598490925883   0.06932416217943342
0.8538800988428309  0.5784572785655585   4.517470979133624   0.043053059807276334   0.0931410319205525   -0.014356920643689352   0.03780650400068153
0.8530929003174303  0.5742627647406399   4.526873558209495   0.04267742699112534   0.09402579075871668   -0.003756328161509934   0.00884758838164192
0.852336454101716  0.5700163735540802   4.536099600945074   0.04313241123164895   0.09226042735578155   0.004549842405236153   -0.017653634029351495
0.8516032506218875  0.5656795418394769   4.544908367580011   0.043983743205442134   0.08808766634937103   0.00851331973793177   -0.04172761006410519
0.8508926037328016  0.5612564179667988   4.553084130105126   0.04479848635168838   0.08175762525114849   0.008147431462462495   -0.06330041098222537
0.8502066164236134  0.5567767290712785   4.560436585512766   0.04531908117892067   0.07352455407639802   0.005205948272322944   -0.08233071174750464
0.8495463261103228  0.5522734715327032   4.566801350890518   0.04551407667586089   0.06364765377752687   0.0019499549694021092   -0.09876900298871147
0.848909872221875  0.5477684931115734   4.57203992532734   0.04549714730284467   0.05238574436821639   -0.0001692937301621993   -0.1126190940931048
0.8482929913076058  0.543272309082108   4.5760392883652745   0.045383050678869885   0.03999363037935055   -0.0011409662397478535   -0.1239211398886584
0.847689831850942  0.5387871782065686   4.578711186846548   0.045255055298696015   0.02671898481272668   -0.0012799538017386415   -0.1327464556662388
0.847093535037625  0.5343096913062587   4.579991374159806   0.04517018799166148   0.012801873132573053   -0.0008486730703453104   -0.1391711168015362
0.8464969456056142  0.5298352359429064   4.5798384617984675   0.04514052475217613   -0.0015291236133824317   -0.0002966323948535925   -0.14330996745955485
0.8458932064130045  0.52536199163025   4.578232919347106   0.04513802797354634   -0.016055424513604092   -2.4967786297807897e-05   -0.14526300900221661
0.8452759819004586  0.5208919553285127   4.575176207559096   0.045124484083185125   -0.030567117880108657   -0.00013543890361224377   -0.1451169336650457
0.8446393796911442  0.5164294410341506   4.570689541050798   0.04507693002001215   -0.04486666508297526   -0.00047554063172966466   -0.14299547202866603
0.843977878364411  0.5119795929878478   4.564812679853302   0.04498747785823831   -0.058768611974953706   -0.0008945216177384331   -0.1390194689197845
0.843286253823107  0.507547086300732   4.557602482529248   0.044861408847093526   -0.07210197324054397   -0.0012606901114478556   -0.13333361265590268
0.8425594838197699  0.5031350254900459   4.549131566408731   0.04471518224825076   -0.0847091612051872   -0.0014622659884277142   -0.1260718796464323
0.8417928812250752  0.4987455499341932   4.539487203059344   0.0445591463042332   -0.09644363349386366   -0.001560359440175543   -0.1173447228867646
0.8409823718469814  0.49438118980639434   4.528769898073468   0.044389824033327474   -0.1071730498587568   -0.001693222709057327   -0.10729416364893131
0.8401244601471385  0.4900443160905496   4.517092371774871   0.04420914623911253   -0.11677526298596802   -0.0018067779421493374   -0.09602213127211219
0.8392156895825967  0.48573437580463347   4.504578460906711   0.044047076188028986   -0.12513910868160055   -0.0016207005108354116   -0.08363845695632552
0.8382525154857353  0.48144784522153516   4.4913621715922325   0.043934096987080576   -0.1321628931447821   -0.001129792009484175   -0.07023784463181558
0.8372310350004534  0.4771776975688222   4.4775870175241845   0.04390624483804244   -0.13775154068047588   -0.0002785214903813877   -0.05588647535693758
0.8361462195056453  0.4729111395666519   4.463404841087132   0.04402310966260736   -0.1418217643705229   0.0011686482456492507   -0.040702236900470014
0.834991729672324  0.4686301930972283   4.4489745147155295   0.04433886494861197   -0.14430326371602636   0.003157552860046141   -0.024814993455034743
0.833760491908169  0.4643147974298385   4.434460514955154   0.04487603614180759   -0.14513999760376492   0.005371711931956124   -0.00836733887738558
0.8324457889821497  0.45994674898500765   4.4200317285755615   0.045616105708481264   -0.14428786379591202   0.0074006956667368165   0.008521338078528954
0.8310425020482929  0.4555130524428025   4.405859639410983   0.046504708629444454   -0.14172089164579546   0.008886029209631859   0.02566972150116538
0.8295481444972216  0.45100779064676716   4.392116701494511   0.04746629155649279   -0.13742937916472028   0.009615829270483335   0.0429151248107521
0.82796350818149  0.44643247006508546   4.378974592475591   0.048419655800403784   -0.13142109018919906   0.009533642439109957   0.06008288975521223
0.8262928189894293  0.44179502771763596   4.366602444991419   0.049292062142283384   -0.12372147484172044   0.008724063418796061   0.0769961534747862
0.8245432421668931  0.43710744849314964   4.355165070903881   0.050034406205922394   -0.11437374087537384   0.007423440636390032   0.09347733966346582
0.8227237940932692  0.4323824417910179   4.344821066478534   0.050632084321904317   -0.10344004425347146   0.005976781159819229   0.10933696621902375
0.8208440499582136  0.4276302635509643   4.335721041842637   0.051104438201115474   -0.09100024635897123   0.00472353879211154   0.12439797894500228
0.8189136374093976  0.42285797045894025   4.328005722271337   0.051479388074071694   -0.07715319571300765   0.0037494987295622626   0.13847050645963604
0.8169416731339607  0.41806861321698613   4.3218040743551445   0.051794387625165916   -0.06201647916192286   0.003149995510942156   0.15136716551084775
0.8149379093102378  0.4132645405207476   4.31723132827008   0.052052073860709175   -0.04572746085064581   0.0025768623554326153   0.1628901831127706
0.812912057464357  0.40844613141555425   4.314387038994864   0.052269629811650925   -0.028442892752152695   0.002175559509417523   0.17284568098493108
0.8108743222308203  0.4036134468483813   4.313353295610273   0.05244731166398415   -0.010337433845912201   0.0017768185233322147   0.18105458906240499
0.8088350106643034  0.39876564967447053   4.314193566292113   0.0525927077689565   0.008402706818405591   0.00145396104972347   0.18740140664317792
0.806804497476321  0.3939012812069324   4.316951148974471   0.05271153990783486   0.02757582682357583   0.0011883213887836032   0.1917312000517024
0.8047931162288965  0.3890183495593174   4.321648454982849   0.05280973016194433   0.046973060083776476   0.000981902541094779   0.19397233260200644
0.8028110662129919  0.3841144500436587   4.328285775097956   0.05289305505000425   0.06637320115107165   0.0008332488805991533   0.19400141067295165
0.8008683440048915  0.3791869399755486   4.336840285254241   0.052966522492206854   0.08554510156284914   0.0007346744220260391   0.19171900411777484
0.798974709233633  0.3742331988357635   4.347265505354963   0.05303338941357712   0.10425220100723033   0.0006686692137026378   0.18707099444381214
0.7971396452873327  0.36925090721317827   4.359489993086454   0.05309490512233448   0.12224487731490494   0.0006151570875736467   0.179926763076746
0.7953722794668168  0.3642382511883077   4.373416940013713   0.053151013506048186   0.13926946927258158   0.0005610838371370267   0.17024591957676605
0.7936812400648753  0.35919399331225665   4.3889229824432245   0.053201646383382026   0.1550604242951212   0.0005063287733384499   0.15790955022539635
0.792074482540013  0.3541174634547295   4.405857730731804   0.05324737095676047   0.16934748288578944   0.0004572457337844539   0.1428705859066826
0.7905591263072136  0.34900857786390205   4.424043430996253   0.05328885107829799   0.18185700264449686   0.0004148012153751666   0.12509519758707402
0.7891413211409155  0.3438679608780033   4.443275009894698   0.05332552342480419   0.19231578898445056   0.00036672346506203517   0.10458786339953714
0.7878261007255372  0.33869702539218943   4.463321684665789   0.05335576682934948   0.20046674771089787   0.0003024340454527887   0.0815095872644731
0.7866171669636367  0.33349774531966625   4.48392904236986   0.05337980340278576   0.20607357704072063   0.00024036573436286786   0.05606829329822755
0.7855167118146841  0.32827239265241265   4.504822953454857   0.05339973036639034   0.20893911084997707   0.00019926963604578765   0.028655338092564566
0.7845253294111498  0.323023502466777   4.525713378314571   0.053416932943497364   0.2089042485971308   0.0001720257710701699   -0.000348622528462816
0.7836419357176676  0.3177537395581628   4.5462988448935375   0.053432935096895236   0.2058546657896588   0.00016002153397881791   -0.03049582807471997
0.7828637113447667  0.3124657595641752   4.566269316062113   0.05344938315022019   0.19970471168575793   0.0001644805332495621   -0.06149954103900868
0.7821860900415168  0.3071622699153437   4.58530857071977   0.053466038833901074   0.1903925465765672   0.00016655683680882   -0.09312165109190715
0.7816027197935742  0.3018459253262342   4.603094791917907   0.05348255849932633   0.1778622119813739   0.00016519665425252013   -0.1253033459519334
0.7811054249450193  0.296519204719767   4.619300264641926   0.053498836048797384   0.16205472724019784   0.00016277549471051727   -0.1580748474117602
0.7806841774730083  0.29118438726999174   4.633590549895485   0.05351422862669617   0.14290285253557422   0.00015392577898789528   -0.1915187470462362
0.7803270560850958  0.28584345554105295   4.645623365721886   0.05352857873966954   0.12032815826402232   0.00014350112973379527   -0.22574694271551932
0.7800202066046462  0.2804980419221753   4.655047655892717   0.053542136080412826   0.09424290170830758   0.00013557340743271105   -0.2608525655571473
0.7797478046369942  0.27514947873190115   4.661503013476871   0.05355495404940366   0.06455357584153917   0.0001281796899083535   -0.2968932586676842
0.7794920140013883  0.26979887337433045   4.664619424710266   0.05356716022128522   0.03116411233394922   0.00012206171881563375   -0.33389463507589934
0.7792329469081176  0.26444724466102165   4.66401772325763   0.05357895635781648   -0.006017014526355477   0.0001179613653126982   -0.37181126860304703
0.7789486310807601  0.2590957394312581   4.6593106849349715   0.05359052501503803   -0.04707038322658613   0.00011568657221541722   -0.4105336870023065
0.7786149904996691  0.2537459407303125   4.650104574519991   0.05360192363898098   -0.09206110414980152   0.00011398623942952307   -0.4499072092321538
0.7782058494675927  0.24840027540083143   4.636000935182431   0.05361299674420993   -0.1410363933756039   0.00011073105228949299   -0.4897528922580235
0.7776929707908516  0.2430625199647445   4.616597966456445   0.05362338821124031   -0.1940296872598529   0.0001039146703037944   -0.5299329388424905
0.7770461417599448  0.2377383988330285   4.59149117795051   0.05363268930457561   -0.25106788505935734   9.301093335304549e-05   -0.5703819779950445
0.7762333243953643  0.23243627856479054   4.560272792857819   0.05364061092775432   -0.3121838509269022   7.921623178710551e-05   -0.6111596586754482
0.7752208995967863  0.22716796885879612   4.52253096565954   0.05364707925978311   -0.37741827198280337   6.468332028783844e-05   -0.6523442105590117
0.7739740488386543  0.22194963738005122   4.477849657807427   0.05365223223232957   -0.4468130785211286   5.152972546460538e-05   -0.6939480653832526
0.7724573409727234  0.2168028291785543   4.4258117384153435   0.05365634856526901   -0.5203791939208235   4.116332939440281e-05   -0.7356611539969495
0.7706356074236528  0.21175555453001965   4.366006713338241   0.05365975633708558   -0.5980502507710299   3.40777181656825e-05   -0.776710568502064
0.7684751994459792  0.20684337272648723   4.298044489328992   0.05366273632694764   -0.6796222400924948   2.9799898620587027e-05   -0.8157198932146486
0.7659457223264515  0.20211034461901653   4.22157743012373   0.05366545403173789   -0.764670592052617   2.717704790258741e-05   -0.850483519601222
0.7630222819893553  0.19760968211574878   4.136324698936587   0.0536679293180628   -0.8525273118714293   2.4752863249042107e-05   -0.8785671981881232
0.7596880946399749  0.19340397911327148   4.042067450519673   0.05367005033146245   -0.9425724841691346   2.1210133996552595e-05   -0.9004517229770537
0.7559373378272511  0.1895649379860646   3.9386222640693926   0.053671606501558805   -1.0344518645028138   1.5561700963424128e-05   -0.9187938033367914
0.7517782712702211  0.1861723958145875   3.825832505968692   0.05367231782870854   -1.127897581007006   7.113271497468083e-06   -0.9344571650419204
0.7472365221303556  0.18331247073904913   3.703562343476333   0.053671833103744626   -1.2227016249235878   -4.847249639187544e-06   -0.9480404391658193
0.7423583618177105  0.18107463443018212   3.5716958690544574   0.05366969291988951   -1.3186647442187565   -2.1401838551168926e-05   -0.959631192951686
0.7372137017274174  0.17954753370340018   3.4301406734312048   0.05366522530875489   -1.415551956232529   -4.467611134621473e-05   -0.9688721201377243
0.7318984293015425  0.1788134535254291   3.278832214661182   0.05365724058219618   -1.5130845877002266   -7.98472655871144e-05   -0.9753263146769783
0.7265356598194295  0.17894142248313372   3.1177347053485684   0.05364296092910911   -1.6109750931261353   -0.0001427965308707152   -0.9789050542590871
0.7212750959340556  0.17997908687918776   2.946839392883125   0.053619287379581264   -1.7089531246544354   -0.0002367354952783574   -0.9797803152829996
0.7162943299245006  0.18194209704690362   2.7661671186642334   0.05353637918322038   -1.8067227421889145   -0.0008290819636088761   -0.9776961753447906
0.7126711914264534  0.18424305449259137   2.5757826005190596   0.042920318897810984   -1.9038451814517376   -0.1061606028540939   -0.9712243926282315
0.7104095033258699  0.18641766898960754   2.375819487100053   0.0313754382837181   -1.9996311341900697   -0.11544880614092884   -0.9578595273833204
0.7093002059499749  0.188054183993243   2.166495333471292   0.019770488171241364   -2.093241536287603   -0.1160495011247674   -0.9361040209753386
0.7089963913148274  0.18882074903750695   1.94813706717966   0.008245758301194952   -2.1835826629163235   -0.11524729870046413   -0.9034112662871986
0.7089928930219794  0.1888438142553961   1.721318753983068   0.00023329001888685772   -2.2681831319659187   -0.08012468282308094   -0.8460046904959535
0.7089941517081764  0.18885882211974062   1.48712370046028   0.00015060553878466705   -2.341950535227881   -0.0008268448010219069   -0.7376740326196218
0.7089980468345877  0.18887042990163677   1.2470416325200675   0.00012243880524905843   -2.4008206794021256   -0.0002816673353560862   -0.5887014417424472
0.7090038020985044  0.18887944834865583   1.0027854822287023   0.00010698385363635766   -2.4425615029136543   -0.00015454951612700762   -0.4174082351152869
0.7090109195269895  0.18888616137825287   0.7561667600642787   9.783790400854469e-05   -2.466187221644234   -9.145949627812975e-05   -0.23625718730579515
0.7090190504169201  0.18889069908286135   0.5090271398482678   9.311398078620743e-05   -2.47139620216011   -4.723923222337266e-05   -0.05208980515876072
0.7090279116448999  0.18889308684108885   0.26320969208116607   9.177295389326787e-05   -2.4581744776710166   -1.3410268929395558e-05   0.13221724489093392
0.7090372477981696  0.18889327855916718   0.020532132585653944   9.338121529222202e-05   -2.426775594955121   1.6082613989541355e-05   0.313988827158956
0.7090468122491321  0.18889116730355496   -0.21725590380431498   9.79469869252344e-05   -2.3778803638996893   4.565771633012395e-05   0.4889523105543174
0.7090563547335328  0.18888657465391975   -0.4485634044656879   0.00010590157657486418   -2.3130750066137287   7.954589649629763e-05   0.6480535728596029
0.7090656073621651  0.18887921212607564   -0.6721274651203232   0.00011824464167963182   -2.2356406065463528   0.00012343065104767652   0.7743440006737604
0.7090742614051837  0.18886859007788356   -0.8871412892065311   0.0001370110828967247   -2.1501382408620797   0.00018766441217092872   0.855023656842731
0.7090821965061535  0.18885326086807672   -1.0931319425882882   0.00017261242733445162   -2.059906533817573   0.00035601344437726916   0.9023170704450689
0.709087783614768  0.18883390791994353   -1.289742646753209   0.00020143296257410666   -1.9661070416492041   0.00028820535239655056   0.9379949216836871
0.7091373453420552  0.18830883486529976   -1.4766850052993383   0.005274069373118489   -1.869423585461295   0.05072636410544383   0.966834561879089
0.7089995607034948  0.18665194273603092   -1.653763913259358   0.016626112397841127   -1.7707890796001982   0.11352043024722637   0.9863450586109717
0.7083016565176057  0.18392034780880598   -1.8209384291027644   0.02819340543304933   -1.6717451584340643   0.11567293035208204   0.990439211661337
0.7067255830110575  0.1802682733540085   -1.9782065718214645   0.039776444689575995   -1.572681427186997   0.11583039256526659   0.9906373124706709
0.7040260409835174  0.1759118666145274   -2.1255548863409697   0.05125017740286751   -1.4734831451950545   0.11473732713291526   0.9919828199194278
0.7006092849419349  0.17179033370214647   -2.26297252576229   0.05353620774348156   -1.374176394213202   0.022860303406140443   0.9930675098185245
0.6966906205624827  0.16813138078405573   -2.390454578923059   0.053613307094038755   -1.274820531607693   0.0007709935055719112   0.9935586260550888
0.6923672008617547  0.16495525562453234   -2.5079994275068334   0.05364674168819856   -1.1754484858377396   0.0003343459415980705   0.9937204576995337
0.6877264572380771  0.16226113744740653   -2.6156079665839793   0.053660762325026215   -1.0760853907714631   0.00014020636827649663   0.9936309506627659
0.6828448076786647  0.16003229375912192   -2.7132836568090553   0.053663997808327944   -0.9767569022507535   3.235483301735316e-05   0.9932848852070958
0.6777867839660172  0.1582398997498811   -2.80103319146403   0.053662165593714735   -0.8774953465497528   -1.8322146132069673e-05   0.9926155570100086
0.672604905054293  0.15684625638324962   -2.8788638666103914   0.05366014432438058   -0.778306751463612   -2.0212693341610862e-05   0.9918859508614083
0.6673403765019755  0.15580747881204857   -2.9467788507722656   0.05366033891116011   -0.6791498416187477   1.945867795311161e-06   0.9915690984486412
0.662024283437512  0.1550755770496044   -3.0047761455289197   0.05366239433710779   -0.5799729475665372   2.0554259476789166e-05   0.991768940522106
0.6566788715142873  0.1545999960999329   -3.052856361843361   0.053665264248535655   -0.4808021631444091   2.8699114278693216e-05   0.9917078442212807
0.6513189041860468  0.15432883875691653   -3.091046380054695   0.053668217843046644   -0.3819001821133406   2.953594510987281e-05   0.989019810310685
0.6459531438879216  0.1542098415852413   -3.1194191567843155   0.05367079643885608   -0.2837277672962111   2.578595809441847e-05   0.981724148171295
0.64058590115794  0.15419096823838926   -3.1380762728310723   0.05367275912953471   -0.18657116046755887   1.9626906786180928e-05   0.9715660682865219
0.6352185720572471  0.15422067636840253   -3.1471275902557276   0.053674113172127565   -0.0905131742465578   1.3540425928588156e-05   0.9605798622100107
0.6298511321544095  0.15424796472619245   -3.1466766644356046   0.053675092701412484   0.004509258201230421   9.795292849206726e-06   0.9502243244778822
0.6244835895074027  0.15422227359752058   -3.1368063045704613   0.05367604130479246   0.09870359865142957   9.486033799761577e-06   0.9419434045019914
0.6191174145232282  0.1540933095817535   -3.1175645151102187   0.053677244413394276   0.1924178946024265   1.2031086018142225e-05   0.9371429595099694
0.6137569675576768  0.15381089393176128   -3.088956225330024   0.05367881357654642   0.28608289780195006   1.569163152147298e-05   0.9366500319952357
0.6084109399688917  0.15332493921774273   -3.0509416332225032   0.053680688300481894   0.3801459210752041   1.874723935471301e-05   0.9406302327325408
0.603093813421651  0.15258566661493184   -3.0034421958015765   0.05368273344441843   0.4749943742092726   2.04514393653175e-05   0.9484845313406848
0.5978273262672189  0.15154417243399476   -2.946353019411197   0.05368481822334062   0.5708917639037979   2.0847789221978056e-05   0.9589738969452539
0.5926419043931263  0.150153434263177   -2.8795578302093956   0.053686825825422294   0.6679518920180078   2.0076020816764872e-05   0.970601281142098
0.5875779659446393  0.1483698408231719   -2.802946212936462   0.05368861906335191   0.7661161727293323   1.793237929610013e-05   0.9816428071132448
0.5826869303184814  0.14615535273382785   -2.716442012914821   0.05369002420766331   0.8650420002164163   1.405144311407844e-05   0.9892582748708405
0.578031723262612  0.14348026127999508   -2.620025207396821   0.053690843743964746   0.9641680551800015   8.195363014357032e-06   0.9912605496358514
0.5736866979193511  0.14032624177467903   -2.5136999751104083   0.053690859811978395   1.0632523228641206   1.606801364645445e-07   0.9908426768411895
0.5697368329418978  0.13668968846496696   -2.3974700577730252   0.053689806587925666   1.1622991733738344   -1.053224052727763e-05   0.9904685050971381
0.5662759983206164  0.1325853138766493   -2.2713330676265   0.0536873048653847   1.2613699014652553   -2.5017225409696897e-05   0.9907072809142092
0.5634040757752091  0.12804985081542022   -2.1352811494849044   0.05368273864715872   1.3605191814159523   -4.566218225982716e-05   0.9914927995069716
0.5612227194346139  0.12314559018170487   -1.9893075169172516   0.05367502943461063   1.4597363256765277   -7.709212548083509e-05   0.9921714426057522
0.5598296299741147  0.1179633830350174   -1.8334095481423898   0.05366187581153938   1.5589796877486202   -0.00013153623071249454   0.9924336207209273
0.5593112239774087  0.11262425586117877   -1.667588561068958   0.05364235617107096   1.6582098707343154   -0.00019519640468425168   0.9923018298569493
0.5597018379446043  0.10768664624503453   -1.4918508099682029   0.04953036239803465   1.7573775110075522   -0.04111993773036316   0.9916764027323695
0.5606926296619954  0.10402973382214062   -1.3062116609474326   0.037887566160899624   1.8563914902077026   -0.11642796237135015   0.990139792001505
0.561854753370049  0.10168478449439161   -1.1106862684027332   0.026171203378007494   1.955253925446995   -0.11716362782892134   0.9886243523929225
0.5627469869733066  0.10054817283997991   -0.9052724461586548   0.014449798807342058   2.0541382224407836   -0.11721404570665438   0.9888429699378839
0.5629610653608356  0.10037145547724487   -0.6900854059837964   0.0027759427641614537   2.151870401748585   -0.11673856043180603   0.9773217930780145
0.5629693796290558  0.10036727920795029   -0.46548710340210897   9.304207717920544e-05   2.245983025816874   -0.026829006869822484   0.9411262406828931
0.5629761884226735  0.10036567081532194   -0.23197049601219402   6.99618448703899e-05   2.335166073899149   -0.00023080232308815535   0.8918304808227494
0.5629820913978368  0.10036572834585143   0.00974571409399679   5.9032555035628264e-05   2.417162101061908   -0.00010929289834761648   0.8199602716275923
0.562987220872588  0.10036708307180926   0.2582103712571614   5.3053551854825504e-05   2.4846465716316457   -5.979003180802759e-05   0.6748447056973771
0.5629916687489254  0.10036957883313835   0.511335225833877   5.100238085036678e-05   2.531248545767156   -2.0511710044587207e-05   0.46601974135509777
0.5629954507226118  0.10037322252783142   0.766778558281993   5.25165078631627e-05   2.554433324481161   1.514127012795906e-05   0.23184778714005191
0.5629985017788816  0.10037821369062867   1.0221154676983737   5.849841914967627e-05   2.5533690941638074   5.981911286513572e-05   -0.010642303173541178
0.5630006324722834  0.1003852033428891   1.2749093158414584   7.307194611724895e-05   2.5279384814308465   0.00014573526967572693   -0.2543061273296012
0.5630233941242263  0.10085897459308116   1.5227896918035233   0.004743177103036785   2.4788037596206487   0.046701051569195365   -0.49134721810198256
0.5627077408745796  0.10247553122381499   1.7636326906976685   0.01647086006977762   2.4084299889414527   0.11727682966740836   -0.703737706791961
0.5615435275703942  0.10504756570324832   1.9958459668131554   0.02823252376433269   2.3221327611548688   0.11761663694555065   -0.8629722778658395
0.5591300755248156  0.10823662826674506   2.2186291681001755   0.03999358799883299   2.2278320128702003   0.11761064234500312   -0.9430074828466767
0.5552079412240108  0.11160771124486259   2.431607886313584   0.05171782856897865   2.129787182134089   0.1172424057014565   -0.9804483073611108
0.5505132400950877  0.11421467209402156   2.6346905421935807   0.05369959362877907   2.0308265587999634   0.019817650598004194   -0.9896062333412624
0.5454042518481218  0.11587217906830874   2.827876755189463   0.053711349152153566   1.931862129958823   0.00011755523374498655   -0.9896442884114032
0.5400780130041213  0.11657081694734515   3.0111681654042726   0.05371863280963506   1.8329141021480966   7.283657481492441e-05   -0.9894802781072632
0.5347106530640433  0.11634001631473594   3.1845669533488046   0.05372319951228462   1.7339878794453227   4.566702649556936e-05   -0.9892622270277417
0.52945219508379  0.11523834997820087   3.348109450643839   0.05372620314813296   1.635424972950343   3.0036358483437696e-05   -0.9856290649497965
0.5244244192449797  0.11334392416586682   3.5019334831636764   0.05372837150311193   1.5382403251983734   2.1683549789735858e-05   -0.971846477519696
0.5197212429627133  0.11074595458802873   3.6462660179872963   0.05373017129085765   1.4433253482362   1.799787745710978e-05   -0.9491497696217324
0.5154107543477485  0.10753801793074665   3.7813820214395384   0.05373189899573462   1.3511600345224202   1.7277048769682046e-05   -0.9216531371377973
0.5115382048231434  0.10381290718491948   3.9075874388500575   0.05373368579318042   1.2620541741051894   1.7867974458025166e-05   -0.8910586041723092
0.5081294405427746  0.0996589502044067   4.025208759876319   0.05373549340526668   1.1762132102626208   1.807612086262105e-05   -0.8584096384256851
0.5051944970007107  0.09515751443656675   4.134607912163289   0.053737154341386116   1.093991522869697   1.6609361194364324e-05   -0.8222168739292399
0.5027310614382744  0.0903815640683743   4.236181355024356   0.053738456146154266   1.015734428610664   1.3018047681499221e-05   -0.78257094259033
0.5007273978128046  0.0853951460428415   4.330310973883915   0.0537392153360998   0.9412961885955939   7.591899455293278e-06   -0.7443824001506997
0.4991645459034428  0.08025349009453443   4.417304168125411   0.053739307756395106   0.8699319424149602   9.242029531145821e-07   -0.7136424618063371
0.4980178793321866  0.07500338595086686   4.49735735421929   0.05373866182275069   0.8005318609387851   -6.459336444186723e-06   -0.6940008147617506
0.4972582252180313  0.06968362579392401   4.570549332993447   0.05373725197714961   0.731919787741577   -1.4098456010748225e-05   -0.6861207319720819
0.4968527433056514  0.06432543487630114   4.6368577910209785   0.05373511467464233   0.6630845802753152   -2.1373025072864388e-05   -0.6883520746626178
0.4967657017497886  0.05895290096026598   4.6961891866024015   0.053732389590823784   0.593313955814231   -2.7250838185406338e-05   -0.6977062446108431
0.49695921295903933  0.053583451268409736   4.748412689724985   0.053729355646131904   0.5222350312258363   -3.0339446918761654e-05   -0.7107892458839468
0.49739392957085177  0.048228426877458846   4.793390559779846   0.05372640390000853   0.4497787005485989   -2.951746123371513e-05   -0.7245633067723737
0.4980296609170654  0.04289382409089067   4.83100085287893   0.05372349694037292   0.3761029309908439   -2.906959635617402e-05   -0.7367576955775497
0.49872959261293964  0.038223543300006546   4.861151098010681   0.04722438675577749   0.3015024513175118   -0.06499110184595432   -0.7460047967333217
0.4993340128903313  0.034731675979130884   4.883784407636625   0.03543791932143096   0.22633309625944584   -0.11786467434346523   -0.7516935505806589
0.4997721480525447  0.03240954785527507   4.89887495904347   0.0236309996487034   0.1509055140684423   -0.11806919672727564   -0.7542758219100354
0.5  0.03125   4.906417560866192   0.011817223610612819   0.07542601822722443   -0.1181377603809058   -0.7547949584121786
0.5  0.03125   4.906417560866192   6.56133529656483e-27   1.0246609210543396e-21   -0.11817223610612816   -0.7542601822722445
