0.6875  0.875   0.8631042345401401   4.749315639043849e-29   -2.7939772467061137e-22   0.0   0.0
0.6882717962448957  0.875896195168119   0.8598404210504446   0.011827236460792069   -0.032638134896955766   0.11827236460792069   -0.32638134896955767
0.6898270241460149  0.8776784500853887   0.8533169608874345   0.023654104114408128   -0.065234601630099   0.1182686765361606   -0.3259646673314324
0.692186044040299  0.8803286331609314   0.8434584853695276   0.03548019897847466   -0.09858475517906981   0.1182609486406653   -0.3335015354897081
0.6953783213236563  0.8838194678000353   0.8300418840317549   0.0473038695366543   -0.13416601337772646   0.11823670558179647   -0.3558125819865667
0.6990743102953103  0.8877231083310883   0.8127152721064754   0.05375755191065647   -0.17326611925279523   0.06453682374002159   -0.3910010587506873
0.702853536476885  0.8915458340802976   0.7911202586264185   0.05375479763255603   -0.2159501348005699   -2.7542781004418267e-05   -0.42684015547774695
0.7067312003365409  0.8952678393417464   0.7649187407151946   0.053749046665717524   -0.2620151791122383   -5.7509668385038235e-05   -0.4606504431166842
0.7107214474925546  0.898867045516917   0.7339194237155755   0.05373672622840358   -0.30999316999619075   -0.0001232043731394866   -0.4797799088395238
0.714836158714995  0.9023191134048184   0.6980482957369727   0.053709981518110905   -0.3587112797860286   -0.00026744710292667665   -0.4871810978983787
0.7190839827116452  0.9055984459553097   0.6574349089814239   0.053663796626059884   -0.4061338675554886   -0.00046184892051020544   -0.4742258776945995
0.7234569728811533  0.9086700469658765   0.6123368342669627   0.05343947584953704   -0.4509807471446109   -0.002243207765228447   -0.44846879589122396
0.7277437742835049  0.9113769243536994   0.563220182400176   0.050698965922306945   -0.49116651866786754   -0.027405099272300934   -0.40185771523256586
0.7318469541385559  0.9136756823514952   0.5106696189755553   0.04703230087432097   -0.5255056342462059   -0.036666650479859765   -0.34339115578338436
0.7358763947666248  0.915649388771492   0.45547165649791954   0.04486859570732059   -0.551979624776358   -0.02163705167000378   -0.264739905301521
0.7401059606795353  0.9174302152845529   0.3985137407791734   0.04589179761272688   -0.5695791571874621   0.010232019054062874   -0.17599532411104096
0.7448161433597185  0.9191009700106914   0.3408657317509219   0.04997723705409616   -0.5764800902825143   0.04085439441369278   -0.06900933095052217
0.7499672580363592  0.9206027431740165   0.2836804450394454   0.05365566609966662   -0.5718528671147657   0.03678429045570458   0.046272231677487195
0.7551970499519757  0.9218177111516651   0.2282675714581734   0.053690660889357936   -0.5541287358127196   0.0003499478969132498   0.17724131302046037
0.7604868447587109  0.9227584148566819   0.17599381964223534   0.053727881549523605   -0.5227375181593807   0.00037220660165664424   0.3139121765333887
0.7658161050986461  0.9234458638720362   0.12828677854332718   0.05373416224295222   -0.4770704109890817   6.280693428616102e-05   0.45667107170299
0.7711698082291295  0.9239107159407525   0.08661091598473947   0.05373846355743515   -0.41675862558587684   4.301314482925876e-05   0.6031178540320491
0.7765365604086016  0.9241925063917089   0.05245852761540912   0.053741450309905674   -0.3415238836933036   2.9867524705306887e-05   0.752347418925732
0.781908972981319  0.9243389464147652   0.02725102913924225   0.05374408016874493   -0.25207498476166856   2.6298588392513292e-05   0.8944889893163502
0.787283252614638  0.92440330876956   0.011975424132078681   0.05374665021173325   -0.15275605007163567   2.5700429883204295e-05   0.993189346900329
0.7926580091815514  0.9244392368153534   0.006684490772232153   0.053748766477058056   -0.05290933359846529   2.1162653248092184e-05   0.9984671647317042
0.7980326613722338  0.9245004355767997   0.011386060827992055   0.053750006008567504   0.04701570055759902   1.239531509446457e-05   0.9992503415606431
0.8034058513044949  0.9246406138272212   0.026082543709515005   0.05375018138578112   0.1469648288152295   1.7537721361374353e-06   0.9994912825763046
0.8087738477491042  0.9249134079592546   0.050774933425875385   0.05374923484833148   0.2469238971636038   -9.46537449637585e-06   0.9995906834837436
0.8141289373744026  0.9253721915427158   0.0854637509434752   0.05374706249780866   0.3468881751759983   -2.172350522823185e-05   0.9996427801239444
0.819457814182127  0.9260696836119772   0.1301492615733753   0.0537433002509013   0.44685510629900105   -3.762246907362219e-05   0.9996693112300278
0.8247402772185178  0.9270573219752466   0.18483155661529185   0.05373997140624079   0.5468229504191654   -3.328844660511533e-05   0.999678441201643
0.8294176637682812  0.9282492166739718   0.24951057758161457   0.048268579747862715   0.6467902096632273   -0.05471391658378071   0.9996725924406197
0.8328764165947546  0.9294115018352029   0.32418609587652886   0.03648818700710715   0.7467551829491427   -0.1178039274075556   0.9996497328591536
0.8351414534061151  0.9303928827984127   0.4088576530284456   0.02468501641030162   0.8467155715191681   -0.11803170596805534   0.9996038857002545
0.8362695616048326  0.9310143436550963   0.5035244404568391   0.012879602883642366   0.9466678742839357   -0.11805413526659253   0.9995230276476758
0.8363584546918842  0.9310762328478414   0.6081849051961022   0.0010831552568391271   1.0466046473926292   -0.11796447626803237   0.999367731086934
0.8363598444091063  0.9310774587141458   0.7228357995295418   1.853122271641036e-05   1.1465089433343971   -0.010646240341227166   0.999042959417679
0.8363606249028266  0.9310783426478892   0.8474658476668337   1.17919858815063e-05   1.2463004813729193   -6.739236834904057e-05   0.9979153803852225
0.8363611244050673  0.9310790906794597   0.9820402524156296   8.994741346639571e-06   1.345744047487959   -2.7972445348667282e-05   0.9944356611503964
0.8363614345501682  0.9310797413603424   1.126005031415   7.208159228955267e-06   1.4396477899937052   -1.786582117684305e-05   0.9390374250574638
0.8363616080972958  0.9310803184908019   1.2786911007074164   6.02659250945819e-06   1.5268606929241646   -1.1815667194970773e-05   0.8721290293045917
0.8363616765590856  0.931080836043838   1.4392801105157451   5.2206145395493355e-06   1.605890098083285   -8.059779699088536e-06   0.7902940515912061
0.8363616597699004  0.9310813022026883   1.606796783160533   4.664610922411209e-06   1.6751667264478771   -5.5600361713812785e-06   0.6927662836459209
0.8363615706304105  0.9310817215840225   1.7802295300162734   4.287499878237715e-06   1.7343274685574064   -3.7711104417349293e-06   0.5916074210952904
0.8363614175632614  0.9310820963535245   1.958548849190224   4.048230870839526e-06   1.7831931917395067   -2.3926900739818915e-06   0.4886572318210051
0.836361205834012  0.9310824267664115   2.140678289301317   3.924308231747675e-06   1.8212944011109293   -1.2392263909185208e-06   0.38101209371422845
0.8363609382324023  0.9310827113522339   2.3254461270666154   3.9064013078866895e-06   1.8476783776529773   -1.790692386098408e-07   0.2638397654204778
0.8363606152898756  0.9310829467821714   2.5116577879137494   3.99648759567534e-06   1.8621166084713487   9.008628778865074e-07   0.14438230818371456
0.8363602350921352  0.9310831273819253   2.698131811811124   4.2091162133023166e-06   1.8647402389737464   2.126286176269752e-06   0.026236305023975223
0.8363597925871672  0.9310832441081179   2.8836824982270213   4.576413997262611e-06   1.85550686415897   3.672977839602943e-06   -0.09233374814776169
0.8363592780021308  0.9310832824827882   3.0671564254008965   5.160139289231969e-06   1.8347392717387503   5.837252919693573e-06   -0.20767592420219866
0.8363586733876037  0.9310832182110879   3.2474968842370973   6.080210340963434e-06   1.8034045883620078   9.200710517314662e-06   -0.31334683376742295
0.8363579436705687  0.9310830067007831   3.423714009827524   7.597523019145957e-06   1.7621712559042726   1.5173126781825222e-05   -0.4123333245773517
0.8363569868205558  0.9310825406479031   3.5948428129105006   1.0643153828582792e-05   1.711288030829763   3.0456308094368354e-05   -0.5088322507450964
0.8358352481579736  0.9307113606447764   3.7599479593418508   0.006403013562019046   1.6510514643135046   0.06392370408190462   -0.6023656651625854
0.8345360024880444  0.9294349175916063   3.9181380309899447   0.0182135833344669   1.581900716480934   0.11810569772447857   -0.6915074783257055
0.8327335552262711  0.9270330402985006   4.068611001199612   0.030029703066481447   1.5047297020966792   0.11816119732014546   -0.7717101438425482
0.8307212923902957  0.923364123206644   4.210727084703446   0.04184513633382567   1.42116083503834   0.11815433267344214   -0.8356886705833922
0.8287895565897685  0.9183587937619017   4.344065400966205   0.0536515853013146   1.3333831626275872   0.11806448967488942   -0.877776724107528
0.8274908556038881  0.9131428454113162   4.468364379570395   0.05375196875157306   1.242989786041901   0.0010038345025844978   -0.9039337658568621
0.8268000830841358  0.907811916628523   4.583528721621654   0.053754970338804636   1.1516434205125967   3.0015872315817886e-05   -0.9134636552930407
0.8266777230248123  0.90243764131738   4.689625181316905   0.05375668061188189   1.0609645969524995   1.710273077254079e-05   -0.9067882356009728
0.8270781096606523  0.8970768152797102   4.78693805792628   0.053757571805576956   0.9731287660937582   8.9119369506703e-06   -0.8783583085874139
0.8279535299716123  0.8917727952876391   4.87596277071162   0.05375777971338766   0.8902471278533977   2.0790781070078563e-06   -0.8288163824036052
0.8292570987157578  0.886557504418696   4.957321809781173   0.05375737188367327   0.8135903906955301   -4.078297143853519e-06   -0.766567371578676
0.8309445622214595  0.8814535887104885   5.031696767913498   0.05375638440181982   0.7437495813232535   -9.874818534524243e-06   -0.6984080937227658
0.8329752873254512  0.876476435529245   5.099780855804119   0.05375490511343447   0.6808408789062087   -1.4792883853524491e-05   -0.6290870241704466
0.8353127097036295  0.8716359363937964   5.162254088780127   0.0537531164252724   0.6247323297600758   -1.788688162071189e-05   -0.5610854914613302
0.8379243853143032  0.8669379531653348   5.2197615052169075   0.053751182229131764   0.5750741643678033   -1.934196140637907e-05   -0.4965816539227237
0.8407817444556394  0.862385463898352   5.272889950949798   0.053749102121405136   0.5312844573289093   -2.0801077266258864e-05   -0.437897070388941
0.8438597448618296  0.8579794447571005   5.32216793193478   0.05374671261908092   0.4927798098498172   -2.3895023242126e-05   -0.38504647479092086
0.8471364854898499  0.8537195344254553   5.368067871344317   0.05374371142466385   0.4589993940953673   -3.0011944170640246e-05   -0.33780415754449944
0.8505926963244882  0.8496044148810397   5.410979047456319   0.053739745252747766   0.42911176112002597   -3.966171916086756e-05   -0.29887632975341255
0.8542113948651242  0.8456321166559579   5.451239334956545   0.053734655779105474   0.40260287500226327   -5.0894736422968244e-05   -0.26508886117762775
0.857977431377637  0.8418002070644793   5.48911750758589   0.05372761127283152   0.37878172629344253   -7.044506273951463e-05   -0.23821148708820694
0.8618769118717651  0.8381060640589855   5.524821334079759   0.053714654117032024   0.35703826493868435   -0.00012957155799495844   -0.2174346135475823
0.8658968224775038  0.834546873588474   5.558500663732397   0.05369126379915912   0.33679329652638634   -0.00023390317872907997   -0.2024496841229796
0.8700194648689115  0.8311238761962151   5.590244546160909   0.05358459800618387   0.31743882428511416   -0.0010666579297524642   -0.19354472241272166
0.8742390312822909  0.8278282446976049   5.620115479729346   0.05354057124419859   0.29870933568438085   -0.0004402676198528669   -0.18729488600733307
0.8784801431706999  0.8247028754213295   5.648106697865748   0.05268297937957773   0.2799121813640072   -0.008575918646208481   -0.18797154320373682
0.8826679024267258  0.8217821769038668   5.674181506409135   0.051056642482971336   0.26074808543386846   -0.01626336896606401   -0.1916409593013882
0.8867656907004589  0.8190685581506698   5.698270641216516   0.04914834226507149   0.24089134807382115   -0.019083002178998377   -0.19856737360047205
0.8907617251537903  0.8165470307695962   5.720277710012614   0.04725081130067039   0.22007068796097548   -0.01897530964401107   -0.20820660112845682
0.8946579010834887  0.8141950991201204   5.740085354704107   0.045510184968826035   0.19807644691492166   -0.017406263318443593   -0.21994241046053845
0.8984647104099749  0.8119869409123991   5.7575604725127585   0.044008817205816224   0.1747511780865195   -0.015013677630098077   -0.2332526882840216
0.902199196885785  0.8098949533053686   5.772559361814535   0.04280514149722786   0.14998889301776816   -0.012036757085883643   -0.2476228506875133
0.9058830662066609  0.8078907952573745   5.784932402761145   0.04193750428271971   0.12373040946609852   -0.008676372145081483   -0.2625848355166965
0.9095399651340458  0.8059465501919346   5.794527777938289   0.04141617877061624   0.09595375177144273   -0.00521325512103467   -0.27776657694655776
0.9131919000161357  0.8040360716860291   5.80119639273503   0.041214750399040816   0.06668614796741709   -0.0020142837157543013   -0.29267603804025655
0.9168555164192144  0.8021362377876874   5.804793951371237   0.041269182194703186   0.03597558636206228   0.0005443179566237205   -0.30710561605354797
0.9205390105671823  0.8002279266498388   5.805185710084103   0.041484672515220866   0.003917587128663545   0.002154903205176798   -0.3205799923339873
0.9242403647696302  0.7982965560437182   5.802249336848754   0.041749509398513386   -0.029363732353499487   0.0026483688329251714   -0.3328131948216303
0.9279469424415646  0.79633230630983   5.795876527729141   0.041948772395818595   -0.06372809119612706   0.001992629973052079   -0.34364358842627585
0.9316362835262807  0.7943301579691951   5.7859759220903975   0.041975987918428596   -0.09900605638743529   0.00027215522610000645   -0.35277965191308225
0.9352777977849988  0.7922898630486026   5.772478147822122   0.041741381696635924   -0.13497774268274443   -0.0023460622179266814   -0.35971686295309135
0.9388353012518122  0.7902156434463783   5.755318674316001   0.04118035681565   -0.17159473506120554   -0.005610248809859141   -0.366169923784611
0.9422707790240037  0.7881154468156436   5.734479515045408   0.040265783751183414   -0.20839159270593935   -0.009145730644665933   -0.36796857644733855
0.945548836228278  0.785999330962616   5.7099520613373285   0.039017438842048065   -0.2452745370807975   -0.01248344909135353   -0.3688294437485813
0.9486414767208065  0.7838769679024808   5.6817387947639055   0.03750846594444061   -0.28213266573423607   -0.015089728976074563   -0.36858128653438577
0.9515323895017136  0.7817545193626396   5.649886522246642   0.035863859958299986   -0.318522725172632   -0.01644605986140622   -0.36390059438395994
0.9542193708342185  0.7796312339452998   5.614441098685429   0.034246473752368875   -0.3544542356121322   -0.016173862059311084   -0.35931510439500125
0.9567144875369339  0.7774965938614501   5.575491186089094   0.032836406087980115   -0.38949912596335   -0.014100676643887628   -0.3504489035121783
0.9590413456997348  0.7753286699691856   5.533132145871507   0.03180277175411666   -0.4235904021758695   -0.010336343338634509   -0.3409127621251948
0.9612299697155837  0.7730943978158353   5.487466639967205   0.03127626438369261   -0.45665505904301956   -0.005265073704240537   -0.330646568671501
0.9633102643894973  0.7707521351241231   5.438621767700173   0.03132701780779592   -0.4884487226703112   0.0005075342410331291   -0.31793663627291635
0.965305412110579  0.7682563304827075   5.386764326273337   0.0319525511298387   -0.5185744142683623   0.006255333220427732   -0.30125691598050947
0.9672261472978025  0.7655638781067818   5.332036882531698   0.03307343867224235   -0.5472744374163856   0.011208875424036523   -0.2870002314802333
0.9690678932814314  0.7626408291911277   5.274630866956147   0.034548868623327615   -0.5740601557555103   0.014754299510852692   -0.2678571833912472
0.970810845963668  0.7594681120608823   5.214737983940064   0.03619947242856918   -0.5989288301608325   0.016506038052415618   -0.2486867440532225
0.9724230969130423  0.7560450630294052   5.1525673901803115   0.03783730671659223   -0.6217059375975308   0.016378342880230507   -0.22777107436698313
0.9738658280704305  0.7523899462995199   5.088331452553723   0.03929548511163339   -0.6423593762658872   0.014581783950411643   -0.20653438668356472
0.9750993821223096  0.748537148634912   5.022247026463799   0.04045454911788644   -0.6608442608992339   0.011590640062530532   -0.1848488463334652
0.976088809665442  0.7445318332426134   4.954569103418607   0.041257142720858266   -0.6767792304519209   0.008025936029718263   -0.15934969552687112
0.9768073886387925  0.7404236103719373   4.885549613485335   0.041705935903762446   -0.6901948993327253   0.004487931829041703   -0.13415668880804413
0.9772379338915935  0.7362610889435922   4.815456229190333   0.04184728647850638   -0.7009338429500241   0.0014135057474394148   -0.107389436172988
0.9773721884613761  0.7320885113619799   4.7445533359815055   0.0417473687363408   -0.7090289320882704   -0.0009991774216558517   -0.08095089138246389
0.9772093432226283  0.7279448872453388   4.673108999062971   0.041468228068960784   -0.7144433691853428   -0.0027914066738001547   -0.054144370970722486
0.9767547661809591  0.7238652528750397   4.6014207932616324   0.041048820789564996   -0.7168820580133912   -0.004194072793957865   -0.024386888280484468
0.9760193353180381  0.7198827680433498   4.52977986029232   0.040498202415386986   -0.7164093296931233   -0.005506183741780115   0.004727283202678285
0.9750196679483222  0.7160306038501938   4.458481837335628   0.039797617794420106   -0.7129802295669104   -0.007005846209668824   0.03429100126212953
0.9737786221616243  0.7123420835907702   4.387825545834099   0.03891706097440945   -0.7065629150152917   -0.008805568200106466   0.0641731455161884
0.9723250392984364  0.7088483512339211   4.318119633677806   0.03784054561108777   -0.6970591215629353   -0.010765153633216843   0.09503793452356374
0.9706916779635194  0.7055741409311881   4.249656530314256   0.03659005651392858   -0.684631033635495   -0.01250489097159185   0.12428087927440089
0.9689112210124746  0.7025330209227811   4.182728571595064   0.03523980400067071   -0.6692795871919223   -0.013502525132578781   0.15351446443572883
0.9670110778118439  0.6997240486317248   4.117640454102677   0.033912931921061665   -0.6508811749238718   -0.013268720796090434   0.18398412268050476
0.9650084050037716  0.6971313048887501   4.054696254831627   0.03276128583088081   -0.6294419927104963   -0.011516460901808644   0.2143918221337545
0.9629067720367718  0.6947265044959966   3.9941639619485496   0.0319373230828247   -0.6053229288307782   -0.008239627480560953   0.24119063879718125
0.9606957866662476  0.6924738486365953   3.936326083025437   0.031564085175350524   -0.5783787892311275   -0.0037323790747418855   0.26944139599650624
0.9583538960963816  0.690336102567958   3.881450659898465   0.03170868918009946   -0.5487542312697199   0.001446040047489407   0.2962455796140758
0.9558536833621796  0.6882801373056397   3.8297936460060646   0.03236982680850315   -0.5165701389240003   0.006611376284036896   0.3218409234571959
0.9531683270209977  0.6862807507894303   3.7815976947933176   0.0334793744271392   -0.48195951212747096   0.011095476186360484   0.3461062679652945
0.950277594964601  0.6843221437452444   3.737090068337855   0.034917722399112186   -0.44507626455462435   0.014383479719729907   0.36883247572846606
0.9471720392509717  0.682397168124205   3.696479305100958   0.036537661983290386   -0.4061076323689714   0.016199395841782028   0.38968632185652935
0.9438545618031138  0.680504921979547   3.6599532617720385   0.038191952148350305   -0.3652604332891992   0.016542901650599136   0.4084719907977223
0.9403397934278315  0.678647831618912   3.627676096028277   0.03975220917062053   -0.3227716574376096   0.015602570222702209   0.4248877585158963
0.9366519963584738  0.6768290067831669   3.599786203909245   0.04111930326244215   -0.2788989211903171   0.013670940918216263   0.43872736247292426
0.9328226410162079  0.6750504837239987   3.576393495162191   0.04222215841158831   -0.23392708747054142   0.011028551491461607   0.44971833719775695
0.9288887316649505  0.6733126204690704   3.557577240867453   0.043006757000199076   -0.1881625429473811   0.007845985886107638   0.4576454452316033
0.9248926371024706  0.6716146481216666   3.543385331025445   0.043418753833831765   -0.14191909842008207   0.004119968336326885   0.4624344452729902
0.9208829967877596  0.6699559575696321   3.533832508623363   0.04339178470720539   -0.09552822402082381   -0.0002696912662637334   0.4639087439925826
0.916915877256041  0.6683377256502615   3.528900248438634   0.042844733543124555   -0.049322601847289545   -0.005470511640808304   0.46205622173534266
0.9130542675260573  0.666764167653454   3.5285371276354103   0.04169905811408769   -0.0036312080322356494   -0.01145675429036867   0.456913938150539
0.90936434472979  0.6652427677462246   3.5326676661430327   0.03991263950195639   0.0413053850762294   -0.01786418612131296   0.44936593108465045
0.9059073837635503  0.6637829422558094   3.5411620958381964   0.037525550741556335   0.08494429695163888   -0.023870887604000638   0.43638911875409475
0.9027293509000873  0.6623929984944611   3.5538853982169423   0.03468693780223518   0.12723302378745316   -0.02838612939321148   0.422887268358143
0.8998518807350134  0.6610766223278175   3.5706469578744   0.03164282029623411   0.1676155965745802   -0.030441175060010844   0.4038257278712699
0.8972691754321902  0.6598300974628869   3.5912585668760535   0.02867785019857999   0.20611609001653303   -0.02964970097654107   0.38500493441952827
0.8949518400745197  0.6586416171636845   3.615479247795555   0.026043288159334342   0.24220680919501422   -0.026345620392456526   0.360907191784812
0.8928578828817046  0.6574936384882809   3.643079053639373   0.0238799325051887   0.2759980584381823   -0.021633556541456385   0.3379124924316806
0.8909465853647994  0.6563681571751492   3.673778631663484   0.022180546396193206   0.3069957802411097   -0.016993861089954973   0.30997721802927386
0.8891890566401962  0.6552522051386721   3.7073187698719012   0.02081887644788354   0.3354013820841721   -0.013616699483096647   0.28405601843062417
0.8875670300731408  0.6541382258699614   3.7433925411925957   0.019677194910228547   0.3607377132069455   -0.01141681537654991   0.25336331122773376
0.8860553909727098  0.653012440887369   3.781721781334656   0.018847929851795626   0.3832924014206053   -0.00829265058432923   0.2255468821365984
0.8845900559367862  0.6518265429697032   3.8219795953055664   0.018850890267118912   0.4025781397091005   2.9604153232881658e-05   0.19285738288495247
0.8830348715995646  0.6504562398657673   3.863878020482765   0.020727587701889715   0.41898425177198795   0.018766974347707986   0.16406112062887418
0.8811753096059716  0.6486692252114165   3.907098798477981   0.025790293102018143   0.43220777995216086   0.05062705400128434   0.13223528180172975
0.8787882584297984  0.6461632148877798   3.95129783178744   0.03460939332008546   0.44199033309459007   0.0881910021806731   0.0978255314242913
0.875814420043352  0.6427464922834509   3.996183054372643   0.045296476798571426   0.4488522258520287   0.10687083478485972   0.06861892757438653
0.8724851881343733  0.6385525301466034   4.041430503054837   0.05354727211452704   0.45247448682193536   0.08250795315955617   0.036222609699066106
0.8693385152127384  0.6341974848761387   4.086698369533306   0.053728921246892936   0.4526786647846957   0.0018164913236589334   0.0020417796276036
0.8663901633814218  0.6297041485054402   4.1316948779037475   0.053742767198451925   0.4499650837044083   0.00013845951558986896   -0.02713581080287405
0.8636442062484652  0.6250838874101992   4.176149451353437   0.0537467144709654   0.4445457344968999   3.947272513475543e-05   -0.05419349207508364
0.8611023959536908  0.6203481061118363   4.219795117983033   0.05374795259407171   0.43645666629594726   1.2381231063135418e-05   -0.08089068200952683
0.8587645056056823  0.6155085844196565   4.262366383166403   0.05374635009783582   0.4257126518337057   -1.6024962358865823e-05   -0.10744014462241447
0.85662865420795  0.610577191691937   4.3036664791126675   0.05374057631641113   0.4130009594626508   -5.7737814246935935e-05   -0.12711692371054956
0.8546912496186992  0.6055655045853249   4.343507159030578   0.053731316936247185   0.3984067991791023   -9.259380163947881e-05   -0.14594160283548438
0.8529504412137394  0.6004942672566093   4.381721401176762   0.05361703269198958   0.3821424214618365   -0.0011428424425760845   -0.16264377717265852
0.851503089516457  0.5957179036219301   4.418160402346621   0.04990839258713359   0.3643900116985972   -0.03708640104855987   -0.1775240976323936
0.8503698667947238  0.5914528209058572   4.4526914318297806   0.0441306291729427   0.3453102948315971   -0.05777763414190891   -0.19079716867000074
0.8494491215823842  0.5874700990587233   4.485195501651227   0.04087767735290873   0.3250406982144671   -0.03252951820033967   -0.2026959661713001
0.8486529465807267  0.5834773330085107   4.515566206547014   0.04071372663487795   0.3037070489578567   -0.0016395071803078588   -0.21333649256610357
0.8479415271498326  0.579299828328157   4.543709501188082   0.042376482818929966   0.28143294641068584   0.016627561840520166   -0.222741025471709
0.8473096370283798  0.5749065418145778   4.569537825828137   0.04438496537791659   0.2582832464005503   0.020084825589866316   -0.23149700010135527
0.8467642882495837  0.5703610374688176   4.592984288588468   0.04578101686054977   0.2344646276033098   0.013960514826331758   -0.23818618797240496
0.8463096804753425  0.5657566010511824   4.613975380255485   0.0462682428372279   0.20991091667016806   0.0048722597667812196   -0.2455371093314174
0.8459423121462316  0.561167948360288   4.632499204434383   0.046033349874723885   0.18523824178898318   -0.0023489296250400883   -0.24672674881184883
0.8456522624828107  0.5566320594341571   4.6485304302724275   0.045451531500543756   0.16031225838043647   -0.005818183741801268   -0.24925983408546742
0.8454266448265971  0.5521533382264635   4.662056064625187   0.04484400403960387   0.13525634352760596   -0.006075274609398882   -0.2505591485283048
0.8452521258050391  0.5477166240453454   4.673074052878232   0.04440145224406587   0.11017988253044834   -0.004425517955380054   -0.25076460997157624
0.8451161540999038  0.5433026287299219   4.681594040479656   0.044160891011368344   0.0851998760142377   -0.0024056123269751467   -0.24980006516210643
0.8450071354583493  0.538899222983254   4.687636236318445   0.044047550708291215   0.06042195838789012   -0.001133403030771294   -0.24777917626347587
0.8449141828852473  0.5345063008629957   4.691232515110301   0.04393905430878331   0.03596278791856482   -0.001084963995079079   -0.244591704693253
0.8448268996861782  0.5301351369982035   4.692423679597227   0.04372035211398045   0.011911644869258478   -0.0021870219480286867   -0.2405114304930634
0.8447352913758385  0.5258044114191665   4.691239025524362   0.04331694370965155   -0.011846540728653664   -0.004034084043288979   -0.2375818559791214
0.844630090521123  0.5215344014904871   4.6877568181707705   0.04271305656453645   -0.03482207353591909   -0.006038871451150916   -0.22975532807265422
0.8445027974500536  0.5173408366580992   4.68204391543353   0.04195496338859716   -0.057129027372397514   -0.007580931759392981   -0.2230695383647843
0.8443456322786149  0.5132296143152609   4.674179254728043   0.04114225327247615   -0.07864660705487758   -0.008127101161210055   -0.21517579682480056
0.8441511683124461  0.5091936500086578   4.664243438747754   0.04040646497568772   -0.09935815980288924   -0.0073578829678842715   -0.20711552748011658
0.8439117253777751  0.5052134338546512   4.652303120322862   0.03987411886371798   -0.11940318424891097   -0.005323461119697448   -0.2004502444602173
0.8436190676458246  0.5012617490081902   4.638464958740614   0.03962506993535851   -0.1383816158224848   -0.00249048928359468   -0.18978431573573826
0.8432643313491685  0.4973115487058728   4.622827116011147   0.039660963514008704   -0.15637842729466153   0.0003589357865018948   -0.17996811472176744
0.8428386166791102  0.49334387051802586   4.605502236489954   0.03990451501098632   -0.17324879521193795   0.002435514969776106   -0.16870367917276435
0.842333843566759  0.48935222439861337   4.586599284850422   0.04023435675834173   -0.18902951639532542   0.003298417473554132   -0.1578072118338747
0.8417433848891712  0.48534156465707207   4.566216679789395   0.04053891095276221   -0.20382605061026401   0.003045541944204814   -0.14796534214938573
0.8410622129431372  0.48132278340967183   4.544487594919637   0.04076100824871849   -0.21729084869757959   0.002220972959562861   -0.13464798087315594
0.8402862617748922  0.4773061609542818   4.521554820108681   0.04090886965518024   -0.22932774810956036   0.0014786140646174282   -0.1203689941198076
0.8394115983852595  0.4732975780837715   4.497558461075896   0.041028980824428504   -0.23996359032785466   0.0012011116924826833   -0.10635842218294322
0.8384339528218999  0.4692983820370454   4.472630698123993   0.04116960027460469   -0.24927762951902185   0.001406194501761912   -0.09314039191167146
0.8373490975337198  0.46530797384077843   4.446938992056156   0.041352470989201764   -0.256917060678366   0.0018287071459707155   -0.07639431159344169
0.8361535766385597  0.46132693649450723   4.420653435525013   0.04156672775570752   -0.2628555653114333   0.0021425676650574928   -0.05938504633067298
0.8348455072466798  0.4573589116091073   4.393954810441074   0.04178069772649396   -0.2669862508393874   0.0021396997078644985   -0.041306855279541255
0.8334250887361122  0.45341065431022465   4.36704734619065   0.04195989089993359   -0.26907464250424423   0.0017919317343963394   -0.020883916648568663
0.8318945885599244  0.4494910894617498   4.340118890866825   0.042077808154311454   -0.26928455323824896   0.0011791725437785715   -0.002099107340046966
0.8302582812233826  0.4456102044222171   4.313374073394317   0.04211741966180861   -0.2674481747250878   0.0003961150749715243   0.01836378513161152
0.828522413507629  0.44177832677470247   4.287037177568089   0.04206723550712418   -0.2633689582622742   -0.0005018415468442499   0.04079216462813648
0.8266951596781633  0.43800577672556756   4.261335448616809   0.04191776524401482   -0.2570172895127923   -0.0014947026310936592   0.06351668749481933
0.8247866765268079  0.434302810973054   4.236502829018442   0.041658448486826156   -0.24832619598368197   -0.0025931675718865906   0.08691093529110261
0.8228087790518672  0.43067894012415797   4.2127784438973235   0.04128500738870568   -0.23724385121117847   -0.0037344109812048215   0.11082344772503538
0.8207743236342859  0.427141836591089   4.190422791241688   0.04080454662139354   -0.22355652655635155   -0.0048046076731213675   0.13687324654826888
0.8186958774250055  0.42369568154969767   4.169678268691159   0.040244158848431445   -0.2074452255052965   -0.005603877729620852   0.16111301051055063
0.8165841082024449  0.42033947977914426   4.150765093012853   0.03965306996188306   -0.18913175678305638   -0.005910888865483896   0.18313468722240114
0.8144465643634577  0.4170657971933638   4.1339442838565335   0.03909743129162617   -0.16820809156320038   -0.0055563867025689925   0.2092366521985599
0.8122865568985197  0.4138603660050761   4.119423839556576   0.038652841229895867   -0.14520444299957894   -0.004445900617302972   0.23003648563621432
0.8101033690337618  0.4107028051697535   4.107447399022736   0.03838814879828002   -0.11976440533839264   -0.0026469243161584255   0.2544003766118633
0.8078929348268282  0.4075680470579305   4.098223620073949   0.03835717377860669   -0.09223778948787296   -0.0003097501967333735   0.27526615850519665
0.8056494548509281  0.40442859662323166   4.09192536674881   0.03858672237207503   -0.06298253325138965   0.0022954859346834416   0.2925525623648331
0.8033679318088692  0.40125724286126263   4.088750565363028   0.039067674713247784   -0.031748013857823415   0.004809523411727509   0.3123451939356624
0.8010463291684865  0.39802958221125023   4.088838049509435   0.03975881297457387   0.0008748414640769597   0.0069113826132608585   0.32622855321900374
0.7986878954410238  0.394726435388501   4.092331336753046   0.04058692964424851   0.03493287243610764   0.008281166696746372   0.3405803097203069
0.7963023714375079  0.39133541893421964   4.0993289443611145   0.041460484035475184   0.06997607608069598   0.008735543912266766   0.3504320364458833
0.7939065477996211  0.38785200664147584   4.109911072164222   0.04227780990673151   0.10582127803105656   0.008173258712563282   0.358452019503606
0.7915233738492851  0.38427922470428644   4.124130771102703   0.04294681460628841   0.14219698938480688   0.006690046995568962   0.3637571135375031
0.7891800208467318  0.38062645105170445   4.141993238770416   0.04339822421663587   0.17862467667713633   0.004514096103474621   0.3642768729232943
0.7869056692848673  0.37690779341793473   4.163479677910028   0.04359023930210746   0.2148643913961254   0.0019201508547158654   0.3623971471898908
0.7847291086723283  0.3731402208585472   4.188521191143773   0.04351094010741133   0.25041513233745283   -0.00079299194696127   0.3555074094132742
0.782676976017913  0.36934222240284315   4.217008376683625   0.04316948077154669   0.28487185539850646   -0.0034145933586464134   0.34456723061053673
0.7807726411982852  0.36553300311049114   4.248799091239346   0.04258713740376913   0.3179071455572145   -0.005823433677775571   0.3303529015870802
0.7790355433636302  0.36173218200464025   4.283702441994443   0.041789651788266144   0.3490335075509724   -0.007974856155029868   0.3112636199375794
0.7774806587263489  0.3579592250405528   4.321484166010094   0.04080792874933872   0.37781724015652124   -0.009817230389274175   0.287837326055488
0.7761180735061535  0.35423241377917764   4.361869848237535   0.039680928240413096   0.40385682227440145   -0.011270005089256296   0.2603958211788018
0.7749527343608857  0.3505672216045898   4.404548877424032   0.0384599128966176   0.42679029186497464   -0.012210153437954955   0.2293346959057317
0.7739843439364267  0.34697368973003145   4.44916046183268   0.03721726930828165   0.44611584408647637   -0.012426435883359553   0.19325552221501766
0.7732079970458979  0.3434536482095669   4.495313657529715   0.03604636847205078   0.4615319569703553   -0.01170900836230861   0.15416112883879016
0.7726155913052799  0.3399985424341868   4.542582057800991   0.035055242804155264   0.47268400271275857   -0.009911256678955196   0.11152045742403195
0.7721978539658702  0.3365884794939954   4.59049493949961   0.03435554357131284   0.4791288169861904   -0.006996992328424232   0.06444814273431851
0.7719467028858006  0.33319279239856464   4.6385616196098   0.03404962219334527   0.48066680110189586   -0.00305921377967567   0.015379841157054236
0.7718572849061498  0.3297723875701876   4.686252419904148   0.03421573434119188   0.4769080029434733   0.0016611214784660634   -0.037587981584224966
0.771929256568721  0.3262838154432759   4.733016747724141   0.034893144605895376   0.46764327819993146   0.0067741026470349   -0.09264724743541837
0.7721668250625653  0.32268374278113776   4.778283358154631   0.036079027096003795   0.4526661043049101   0.011858824901084215   -0.14977173895021376
0.7725775789854046  0.31893339011609473   4.821478252001251   0.03772779333240107   0.43194893846619453   0.01648766236397277   -0.20717165838715607
0.7731701444090532  0.31500196204235187   4.861988129537464   0.039758345640025415   0.4050987753621228   0.020305523076243497   -0.26850163104071717
0.7739513809156537  0.3108687088393441   4.899197657858881   0.04206437033811375   0.37209528321418267   0.02306024698088335   -0.3300349214794014
0.7749235481552933  0.3065235910667876   4.932501750885358   0.0445254506986904   0.33304093026476483   0.024610803605766514   -0.39054352949417853
0.7760816243429078  0.30196737703399257   4.961293278989562   0.04701087828254006   0.28791528104203484   0.02485427583849659   -0.45125649222729924
0.7774106946179196  0.29721284222020866   4.984968658238797   0.04936803529755141   0.23675379249234785   0.023571570150113564   -0.5116148854968703
0.7788833604147064  0.2922881298093575   5.002961042824464   0.0514018840886381   0.17992384585668025   0.02033848791086677   -0.5682994663566763
0.780456966956005  0.28724292647633526   5.014728512962799   0.05284913832633049   0.11767470138335072   0.014472542376923851   -0.6224914447332951
0.782074786631069  0.2821464022991674   5.019764260004547   0.05347139346368417   0.050357470417480524   0.006222551373536927   -0.6731723096587019
0.783684277825328  0.2770375710114335   5.017587081584393   0.053563624812856966   -0.021771784201533678   0.0009223134917279538   -0.7212925461901419
0.785245884158178  0.2719049160580419   5.007739580205893   0.053649567760954614   -0.09847501378500736   0.0008594294809763863   -0.7670322958347371
0.7867165828288218  0.26673993703908794   4.989791690614127   0.053702851736260875   -0.17947889591767438   0.0005328397530626387   -0.8100388213266703
0.7880505067125575  0.26153667908412753   4.963347517366208   0.05371521783764671   -0.2644417324791798   0.0001236610138584289   -0.8496283656150536
0.7892001413612868  0.2562888407052967   4.928050354539938   0.0537228698748382   -0.3529716282627039   7.652037191489217e-05   -0.8852989578352409
0.7901154510100474  0.25099475523157955   4.883589404393507   0.053726281051397005   -0.4446095014643136   3.411176558801652e-05   -0.916378732016097
0.790744358385112  0.24565898142576084   4.82971386755595   0.053727094275859276   -0.5387553683755635   8.132244622675573e-06   -0.9414586691124995
0.7910335505553848  0.24029420394949466   4.766242573540256   0.05372566377551749   -0.6347129401569327   -1.4305003417827261e-05   -0.9595757178136922
0.7909296979533068  0.23492285264446308   4.693056849938559   0.05372355182322009   -0.7318572360169783   -2.1119522973998792e-05   -0.9714429586004556
0.7903810614908047  0.22957888776021929   4.610082729574654   0.05372053857885   -0.8297412036390401   -3.013244370090002e-05   -0.978839676220619
0.7893396434946238  0.22430907628356958   4.517283318218017   0.05371728254686575   -0.9279941135663787   -3.256031984255344e-05   -0.9825290992733849
0.7877639523708169  0.21917409457083736   4.414655777300067   0.05371297767554697   -1.026275409179505   -4.3048713187738716e-05   -0.9828129561312622
0.7856225646945518  0.21424934526887818   4.3022287958250764   0.05370167303465226   -1.124269814749905   -0.00011304640894713267   -0.979944055704003
0.7828978628348965  0.20962365780694808   4.1800693825186235   0.05368517925784208   -1.2215941330645228   -0.00016493776810177498   -0.9732431831461749
0.7795892574422113  0.2053964606891366   4.048289393089631   0.05368059716260516   -1.317799894289934   -4.582095236920567e-05   -0.9620576122541146
0.775720447666482  0.20167894156734598   3.907050921891039   0.05365411214590915   -1.4123847119859105   -0.00026485016696007344   -0.9458481769597642
0.7716835327889575  0.19882744483375492   3.7565712822832045   0.049424402222038345   -1.5047963960783493   -0.042297099238708   -0.9241168409243847
0.7681237153746598  0.19708341367348436   3.597145020013676   0.03964081824474786   -1.594262622695288   -0.09783583977290491   -0.894662266169391
0.7654037173584296  0.19627894980281474   3.429154087574617   0.028364681079662068   -1.6799093243905818   -0.11276137165085795   -0.8564670169529359
0.7637177975776983  0.19609025833610086   3.253050775789707   0.01696446278746094   -1.7610331178490994   -0.11400218292201128   -0.8112379345851773
0.763051446475546  0.19613848724938424   3.069341012119122   0.006680941695721055   -1.8370976367058542   -0.10283521091739886   -0.7606451885675473
0.7630030100757832  0.19615152923317494   2.8785706903849357   0.0005016152074227563   -1.9077032173418587   -0.061793264882982986   -0.7060558063600452
0.7629710281342177  0.1961673856893078   2.681315467465042   0.00035696943670260073   -1.97255222919894   -0.0014464577072015557   -0.6484901185708113
0.762958150926709  0.19617745049635085   2.4781732386675155   0.00016343892254641956   -2.031422287975269   -0.001935305141561812   -0.5887005877632955
0.762954162318672  0.1961821958720257   2.2697640237719505   6.198998658522562e-05   -2.0840921489556443   -0.0010144893596119391   -0.526698609803751
0.7629515912661857  0.19618706365141136   2.056731157021159   5.505051047451212e-05   -2.1303286675079196   -6.939476110713521e-05   -0.4623651855227475
0.7629502212423693  0.19619203434481855   1.839739098420879   5.156040942988491e-05   -2.1699205860027964   -3.490101044627195e-05   -0.39591918494877276
0.7629499928597191  0.19619672263801194   1.619471238405955   4.693852543732192e-05   -2.20267860014924   -4.621883992562997e-05   -0.32758014146443415
0.7629506895004481  0.19620068257809267   1.3966561610623194   4.020750396163259e-05   -2.228150773436358   -6.731021475689333e-05   -0.2547217328711785
0.7629519633087851  0.19620370624378136   1.1720812011964648   3.281027564108929e-05   -2.2457495986585436   -7.397228320543294e-05   -0.17598825222186149
0.7629535397907019  0.19620589500774774   0.9466012251127033   2.6974029981519064e-05   -2.2547997608376162   -5.83624565957022e-05   -0.09050162179072183
0.7629552152358411  0.19620736775392705   0.7211010686398296   2.2307168630052086e-05   -2.2550015647287367   -4.666861351466975e-05   -0.0020180389112054854
0.762956867803424  0.19620826296203814   0.49645425664885806   1.87946193852298e-05   -2.246468119909715   -3.5125492448222886e-05   0.08533444819021398
0.7629584335713592  0.19620870220613792   0.2734996431583771   1.626211734697418e-05   -2.22954613490481   -2.532502038255624e-05   0.16921985004905213
0.7629598880439017  0.19620877942707765   0.05304225708159627   1.4565210092187075e-05   -2.2045738607678076   -1.6969072547871064e-05   0.2497227413700243
0.7629612218560483  0.19620855843994076   -0.16418935609116694   1.351994880580084e-05   -2.1723161317276327   -1.0452612863862384e-05   0.32257729040175287
0.7629624305008679  0.19620807919278735   -0.37749942814944293   1.3001923449905427e-05   -2.1331007205827595   -5.180253558954139e-06   0.39215411144873147
0.7629635103938225  0.19620736206322445   -0.5862060002389508   1.2963192521722108e-05   -2.087065720895079   -3.8730928183316604e-07   0.46034999687679967
0.7629644538873105  0.19620641051153115   -0.7896503873307193   1.3400114129521064e-05   -2.034443870917684   4.369216077989552e-06   0.5262184997739512
0.7629652433096595  0.1962052150134261   -0.9871940183161796   1.432621151715953e-05   -1.9754363098546044   9.260973876384661e-06   0.5900756106307963
0.7629658643485043  0.1962037151810749   -1.1782179323202027   1.623325700039521e-05   -1.910239140040231   1.9070454832356828e-05   0.6519716981437353
0.7629662236847142  0.19620201825286826   -1.3621220623490709   1.7345569608088565e-05   -1.8390413002886803   1.1123126076933495e-05   0.7119783975155062
0.7629665960168805  0.19619055583651746   -1.538324875959931   0.00011468461964920836   -1.7620281361086032   0.0009733905004111979   0.7701316418007704
0.7629174938900287  0.19583031691314942   -1.706265821471862   0.0036356993931117914   -1.6794094551193102   0.03521014773462583   0.8261868098929296
0.7624706115126993  0.19435766314423478   -1.8654187223058716   0.015389649061189786   -1.5915290083400946   0.11753949668077995   0.8788044677921579
0.7613019219345165  0.19190413704345802   -2.0153297595525377   0.027176507607390796   -1.4991103724666641   0.1178685854620101   0.9241863587343024
0.7591514718660146  0.18865629533729447   -2.1556422999587315   0.03895242129240885   -1.4031254040619343   0.11775913685018051   0.959849684047299
0.7558239763975269  0.1848261453572276   -2.2860833574379957   0.050736845548981266   -1.304410574792643   0.11784424256572423   0.9871482926929147
0.7518361892119223  0.18122104803462774   -2.4065529949301894   0.05375795135892557   -1.2046963749219348   0.030211058099442974   0.9971419987070798
0.7474763698282054  0.17807851956654272   -2.517047359331052   0.05374338120304353   -1.104943644008626   -0.00014570155882037052   0.9975273091330907
0.7428232293519222  0.17538936359185198   -2.6175645860402166   0.053743163424045635   -1.0051722670916496   -2.1777899789075276e-06   0.9977137691697651
0.7379457250686221  0.17313181932477933   -2.7081056487135062   0.053746213030690194   -0.9054106267328943   3.0496066445572735e-05   0.9976164035875503
0.7329021613975949  0.17127407900553757   -2.7886746676245746   0.05374824052696036   -0.8056901891106791   2.027496270163056e-05   0.997204376222153
0.7277399875125883  0.16977672810875868   -2.8592779680454874   0.05374951062765838   -0.7060330042091307   1.270100698015289e-05   0.9965718490154821
0.7224963342471122  0.16859547590216964   -2.920018616234283   0.05375058729363564   -0.6074064818879562   1.0766659772712832e-05   0.9862652232117465
0.7171989709606558  0.1676840857617897   -2.971214643943231   0.053751920688173596   -0.5119602770894836   1.3333945379498073e-05   0.9544620479847269
0.7118677218727897  0.1669969516222359   -3.013411304335938   0.05375348375929813   -0.42196660392706786   1.563071124535849e-05   0.8999367316241563
0.7065160953125684  0.1664911125960465   -3.047352027652211   0.053754795098186835   -0.33940723316272897   1.3113388887052761e-05   0.8255937076433892
0.7011528598167728  0.16612760703495602   -3.0739188638903285   0.053755400915912646   -0.2656683623811769   6.058177258103583e-06   0.7373887078155207
0.6957834159591008  0.16587230920376492   -3.0940820141692273   0.05375509680328155   -0.2016315027889902   -3.0411263110059435e-06   0.6403685959218671
0.6904109174278443  0.16569631978389757   -3.1088469002352217   0.053753802418300606   -0.14764886065993862   -1.2943849809381134e-05   0.5398264212905155
0.6850371027999868  0.16557604318006072   -3.119214411336955   0.05375160473512118   -0.10367511101733491   -2.197683179428971e-05   0.4397374964260373
0.6796628410822314  0.16549311284728727   -3.1261628595617883   0.05374901529425858   -0.06948448224833102   -2.5894408625936287e-05   0.3419062876900388
0.6742884865878823  0.1654339316632831   -3.130581323363578   0.05374680329421463   -0.044184638017899625   -2.212000043958592e-05   0.252998442304314
0.6689141429313471  0.16538896716967938   -3.1332263399760456   0.0537453175115987   -0.02645016612467756   -1.4857826159206232e-05   0.17734471893222067
0.6635398258300328  0.16535235886925342   -3.1347810469149935   0.05374441782468164   -0.015547069389476012   -8.99686917062726e-06   0.10903096735201545
0.6581655268348812  0.16532111735556937   -3.135779586283896   0.05374389799918396   -0.009985393689028267   -5.1982549768489074e-06   0.05561675700447745
0.6527912267987034  0.1652944320650666   -3.1366273425688727   0.05374366286697466   -0.008477562849761587   -2.3513220929588006e-06   0.0150783083926668
0.6474168996474432  0.1652728824824263   -3.1375829484594977   0.05374370355054154   -0.009556058906251861   4.0683566879404227e-07   -0.010784960564902727
0.6420425134805033  0.16525801394042142   -3.1388261043301924   0.05374406734229976   -0.012431558706947118   3.637917582151457e-06   -0.028754998006952578
0.6366680337876921  0.1652514812890276   -3.1403771595234238   0.05374483663011358   -0.015510551932315562   7.692878138201213e-06   -0.03078993225368445
0.6312934301265626  0.16525432887795205   -3.14212247659399   0.05374604415488684   -0.01745317070566335   1.207524773263108e-05   -0.01942618773347788
0.6259186871171754  0.1652662920298673   -3.1438184590168494   0.05374756323216905   -0.016959824228591845   1.519077282215659e-05   0.004933464770715064
0.6205438091109633  0.1652849793638962   -3.1450694317994174   0.05374910492102687   -0.012509727825678777   1.5416888578158193e-05   0.04450096402913067
0.6151688126549415  0.16530546297343884   -3.1454035417550004   0.053750354864416136   -0.0033410995558296394   1.2499433892700078e-05   0.09168628269849138
0.609793720570041  0.16531953254785003   -3.144210198006928   0.053751104987789455   0.011933437480719658   7.501233733134154e-06   0.15274537036549296
0.604418595657941  0.1653151936152452   -3.1407854292492545   0.053751266633461074   0.03424768757673678   1.6164567161719572e-06   0.22314250096017127
0.5990436532002805  0.16527632185374033   -3.1343607466181   0.053750830167545546   0.06424682631154566   -4.3646591552488524e-06   0.2999913873480887
0.5936694887613213  0.1651823811643173   -3.1241143787227195   0.05374985420454847   0.10246367895380429   -9.759629970798398e-06   0.3821685264225864
0.5882974500115641  0.1650085766692935   -3.1092503906642865   0.053748496101178656   0.1486398805843314   -1.358103369812056e-05   0.46176201630527103
0.5829301876973888  0.16472588717238199   -3.0889720592009637   0.053747016755193326   0.202783314633226   -1.4793459853262588e-05   0.5414343404889458
0.5775724100848596  0.16430139554337275   -3.0625287622231627   0.05374567339648619   0.2644329697780103   -1.3433587071324752e-05   0.6164965514478432
0.5722318442520908  0.1636987878639929   -3.0292319781502286   0.05374456198480411   0.3329678407293425   -1.1114116820854555e-05   0.6853487095133217
0.5669203645493619  0.16287908929712472   -2.988474763844947   0.053743578568073574   0.40757214305281875   -9.834167305372296e-06   0.7460430232347621
0.5616552281193372  0.16180163660068464   -2.9397404414515687   0.05374250267696834   0.4873432239337777   -1.0758911052304496e-05   0.7977108088095902
0.5564603613906288  0.16042524451768653   -2.8825914586133203   0.05374113461323777   0.5714898283824897   -1.3680637305745636e-05   0.8414660444871194
0.5513676419734084  0.15870967174678616   -2.816664532497146   0.05373916727563623   0.6592692611617407   -1.967337601535782e-05   0.8777943277925097
0.546418028868082  0.15661745513189865   -2.7416691409114504   0.05373643108360371   0.7499539158569587   -2.736192032520103e-05   0.9068465469521804
0.5416624922948339  0.15411621308676868   -2.6573900780316784   0.05373205734738364   0.8427906287977174   -4.373736220074704e-05   0.9283671294075865
0.5371623443635047  0.15118132217863617   -2.5636888734566488   0.0537260793716445   0.9370120457502932   -5.97797573913329e-05   0.9422141695257588
0.5329894915024419  0.14779934695328065   -2.4604996325451154   0.053712621817405305   1.0318924091153363   -0.00013457554239198   0.9488036336504294
0.5292227039943295  0.14396893671576616   -2.3478201863698502   0.05372218416904034   1.1267944617526535   9.562351635040838e-05   0.9490205263731734
0.5259685599789559  0.1397316563604449   -2.2257052998487206   0.05342658334797139   1.2211488652112965   -0.002956008210689648   0.943544034586431
0.5235235159082542  0.13549543157166685   -2.094263822600591   0.048912003607216974   1.314414772481294   -0.0451457974075441   0.9326590726999751
0.5220039560339668  0.13172235507163607   -1.953660496622104   0.040675752588763284   1.4060332597848693   -0.08236251018453689   0.9161848730357516
0.5212972349865461  0.12874860337410757   -1.8041209643348657   0.03056575501671286   1.4953953228723829   -0.10109997572050426   0.8936206308751372
0.5211388792675404  0.12664508741784522   -1.6459360385314301   0.021094681585626718   1.581849258034357   -0.09471073431086147   0.8645393516197397
0.521261920100156  0.1253017790158571   -1.4794558261234008   0.013489316177411049   1.6648021240802942   -0.07605365408215664   0.8295286604593715
0.5214736854790587  0.1245236575228707   -1.3050821252041946   0.008064227387349045   1.74373700919206   -0.054250887900620035   0.789348851117661
0.5216650168168662  0.1241250668366329   -1.1232604300686089   0.004421337082631715   1.8182169513558577   -0.03642890304717331   0.7447994216379749
0.5217727943109456  0.12397919389654212   -0.934472719273218   0.0018136952026387685   1.8878771079539085   -0.026076418799929467   0.6966015659805113
0.5217828777683451  0.12397000094470728   -0.7392343319894223   0.0001364501654698902   1.9523838728379554   -0.01677245037168878   0.6450676488404673
0.521798026406082  0.12396095964209324   -0.5380922277253509   0.00017641609287083395   2.0114210426407158   0.0003996592740094372   0.5903716980276069
0.5218004985196368  0.12396010839071919   -0.33162500019212854   2.6145696261813214e-05   2.0646722753322226   -0.0015027039660902074   0.5325123269150643
0.5218027659510918  0.1239598339663078   -0.12044295368001921   2.2839777057294723e-05   2.1118204651210934   -3.3059192045184954e-05   0.4714818978887047
0.5218044930117008  0.12395999820247929   0.09481066747630704   1.7348521168924793e-05   2.1525362115632625   -5.491255888369921e-05   0.4071574644216939
0.5218057699243066  0.12396041210912942   0.3134596728591648   1.3423205718991867e-05   2.1864900538285776   -3.925315449932929e-05   0.3395384226531531
0.5218066851840175  0.12396095427498288   0.5347850267020257   1.0637876437755283e-05   2.213253538428608   -2.7853292812365838e-05   0.2676348460002993
0.5218073301887435  0.12396156493809354   0.7580556965827036   8.882232440578677e-06   2.23270669880678   -1.755643997176607e-05   0.19453160378171788
0.5218077606410022  0.12396221016181354   0.9824685631706156   7.75630579487177e-06   2.2441286658791206   -1.125926645706908e-05   0.11421967072341474
0.5218080117328788  0.12396286988296776   1.2071224742490079   7.058888948270868e-06   2.2465391107839223   -6.974168466009021e-06   0.024104449048015827
0.5218081049929586  0.12396353291290914   1.4310556631674234   6.695566784676648e-06   2.239331889184156   -3.6332216359421997e-06   -0.07207221599766896
0.5218080503186044  0.12396419382723864   1.6533337155475036   6.631719504995095e-06   2.2227805238008016   -6.384727968155235e-07   -0.16551365383354466
0.5218078452837925  0.1239648514948833   1.8730073704330834   6.8888751254004125e-06   2.1967365488557977   2.571556204053182e-06   -0.2604397494500318
0.5218074703300928  0.12396550887841201   2.089146207786198   7.567981109276147e-06   2.161388373531142   6.791059838757339e-06   -0.353481753246554
0.5218068814182566  0.12396616684349886   2.3008700371231523   8.830261640742448e-06   2.1172382933695477   1.2622805314662996e-05   -0.44150080161595323
0.5218058911580334  0.12396689531858734   2.5073454287769397   1.2293458683068641e-05   2.0647539165378745   3.4631970423261945e-05   -0.5248437683167277
0.5207887587043134  0.12443809175790782   2.7077668646407087   0.01120974804729615   2.0042143586376895   0.1119745458861308   -0.6053955790018544
0.51855294465882  0.12498581885874492   2.9013453555594433   0.023019273279180828   1.9357849091873438   0.11809525231884678   -0.6842944945034529
0.5150747297887994  0.12517468196896858   3.087347061413949   0.03483338622131657   1.860017058545059   0.11814112942135739   -0.7576785064228482
0.5104460007661547  0.12459986412514383   3.2651449211978334   0.04664284287932119   1.7779785978388398   0.11809456658004625   -0.8203846070621902
0.5052994108988322  0.12304898378054008   3.4342795907193193   0.05375185308964017   1.6913466952148621   0.07109010210318985   -0.8663190262397794
0.5004658136411055  0.1206967376197069   3.5944993325708077   0.0537556736085174   1.602197418514884   3.820518877224343e-05   -0.8914927669997804
0.4960416672309343  0.11764292899823812   3.7457513400393347   0.0537576213714733   1.5125200746852694   1.9477629559047407e-05   -0.8967734382961455
0.4920956316194896  0.1139920437641423   3.888159030364696   0.05375886907230092   1.4240769032536138   1.24770082762028e-05   -0.8844317143165565
0.48867219751842134  0.10984702778415462   4.02204427686856   0.05375970472269145   1.3388524650386417   8.356503905267613e-06   -0.8522443821497211
0.48579621229144226  0.10530496610681073   4.147922334164602   0.05376022256892018   1.258780572960416   5.178462287266958e-06   -0.8007189207822573
0.4834775095885632  0.10045465708038619   4.266452967726113   0.053760468632773395   1.1853063356151032   2.4606385322320623e-06   -0.7347423734531274
0.48171500521094457  0.09537573516021926   4.378368443634953   0.053760459031036996   1.1191547590884077   -9.601736405421211e-08   -0.6615157652669571
0.4804998819107904  0.09013884259681221   4.484392151114302   0.05376017890153156   1.0602370747934917   -2.801295054345221e-06   -0.5891768429491591
0.47981773573645964  0.08480633826592789   4.585157694945028   0.05375958132468651   1.007655438307254   -5.975768450515086e-06   -0.5258163648623739
0.47964980303663357  0.07943310226890216   4.6811456004310115   0.05375859603022167   0.9598790548598386   -9.852944648395482e-06   -0.47776383447415605
0.47997353671020065  0.07406714425908408   4.772646952945712   0.0537571472964611   0.9150135251469974   -1.4487337605711208e-05   -0.44865529712841234
0.48076285498397237  0.06874989425887569   4.859757633702526   0.05375515873107238   0.871106807568152   -1.9885653887148685e-05   -0.4390671757884545
0.48198833048232637  0.0635162034729253   4.942396504931814   0.053752497095493165   0.8263887122928801   -2.661635579219785e-05   -0.44718095275271774
0.4836174458053873  0.058394149341365394   5.020330213940661   0.05374891186104484   0.779337090088477   -3.585234448319523e-05   -0.4705162220440318
0.4856151929374853  0.053404767396672714   5.093239895936661   0.0537446981513827   0.729096819959995   -4.213709662139452e-05   -0.5024027012848195
0.48794482014819374  0.04856198548051553   5.160763155705047   0.053739835902553545   0.675232597683866   -4.8622488291582586e-05   -0.5386422227612908
0.49056690729686064  0.04387569409356648   5.222513995822955   0.053699783964740504   0.6175084011790775   -0.0004005193781303707   -0.577241965047885
0.49304488260686685  0.03997322788893793   5.278130441418819   0.046227269133347244   0.5561644559586332   -0.07472514831393272   -0.6134394522044427
0.4950924848108795  0.037074008950146106   5.32730390522157   0.03549386600657439   0.4917346380275096   -0.10733403126772846   -0.6442981793112356
0.4966640749198075  0.03503815256700967   5.369794043267337   0.02571887766454445   0.4249013804576711   -0.09774988342029944   -0.6683325756983848
0.4978437045732122  0.03361764173779727   5.405409217969555   0.018464498734331654   0.3561517470221815   -0.07254378930212795   -0.6874963343548959
0.49873377525410256  0.03260613994075375   5.434015470698114   0.013473535921957684   0.2860625272855854   -0.0499096281237397   -0.700892197365961
0.4993860436160832  0.03189626909324261   5.455524073204244   0.009640387109380094   0.2150860250613064   -0.03833148812577588   -0.7097650222427904
0.4998049292154895  0.031453327429317626   5.469881528733618   0.006096412576513076   0.14357455529374005   -0.035439745328670204   -0.7151146976756633
0.5  0.03125   5.477065507184083   0.002817705706464793   0.07183978450464859   -0.03278706870048283   -0.7173477078909147
0.5  0.03125   5.477065507184083   0.0   7.28429327716314e-22   -0.028177057064647928   -0.7183978450464859
