0.3125  0.125   1.0372030877978728   2.928642124187208e-29   -1.1412601367520912e-22   0.0   0.0
0.31309640182043863  0.12601992148808733   1.0416635404182897   0.011814969205566031   0.04460452620416656   0.11814969205566032   0.44604526204166556
0.31427045687860594  0.12807017377850508   1.050737977499592   0.023626129039627877   0.0907443708130199   0.11811159834061842   0.4613984460885335
0.31598933741860696  0.13116816445572824   1.0642469053351389   0.03542893809720504   0.1350892783554712   0.11802809057577167   0.443449075424513
0.31820606042591565  0.13533578682260247   1.0819621893205902   0.04720480598837584   0.17715283985451447   0.11775867891170802   0.4206356149904328
0.32062492160082  0.14012961833272583   1.1034931515815078   0.053695167315980216   0.21530962260917433   0.06490361327604373   0.3815678275465983
0.32292176256627975  0.14497716178170192   1.1283149230223852   0.05364154724681743   0.24821771440877768   -0.000536200691627851   0.3290809179960338
0.32498130040569884  0.14965219946531394   1.1558377137042672   0.0510858820567791   0.2752279068188163   -0.025556651900383347   0.27010192410038647
0.3264841768869002  0.15335752975068315   1.1854729756389264   0.03998513503968948   0.2963526193465926   -0.11100747017089618   0.21124712527776268
0.32749292335589075  0.15608600086488955   1.2166704107641688   0.029089730249281742   0.3119743512524244   -0.10895404790407735   0.15621731905831776
0.3282205965354493  0.1582681537365962   1.2489266286997955   0.023002824634697723   0.3225621793562692   -0.060869056145840233   0.10587828103844801
0.32892428082726466  0.16063476199995114   1.2817828506042885   0.0246900916456936   0.32856221904492977   0.016872670109958767   0.060000396886605446
0.3297087098057717  0.16363204139296894   1.3148237817078015   0.03098227328994878   0.33040931103512733   0.0629218164425518   0.0184709199019757
0.3305638757586058  0.16740106613771172   1.3476806750882684   0.03864822936871756   0.3285689338046678   0.07665956078768787   -0.01840377230459526
0.33142473010517665  0.1718589605426085   1.3800365445458842   0.0454025249641691   0.32355869457616004   0.06754295595451534   -0.050102392285077534
0.3322161664833149  0.17678930670577278   1.4116306821553892   0.04993464211273539   0.31594137609505013   0.045321171485662885   -0.0761731848110988
0.33288382292973956  0.18195499800322468   1.4422606718981208   0.05208659300724375   0.3062998974273143   0.021519508945083535   -0.09641478667735888
0.3334045591953976  0.18719696669344388   1.4717813530361605   0.052677701171947214   0.29520681138040095   0.005911081647034666   -0.11093086046913318
0.3337752742736255  0.19243208147436824   1.5001011652721872   0.05248224122374963   0.28319812236026515   -0.0019545994819758342   -0.12008689020135827
0.3340039281398594  0.19767077643479994   1.5271769076103623   0.05243682625693129   0.2707574233817509   -0.0004541496681833477   -0.12440698978514211
0.33409705784797367  0.20290553337061606   1.5530075572842603   0.052355852891160584   0.2583064967389811   -0.0008097336577070787   -0.12450926642769775
0.33406134071888566  0.20813356603517577   1.5776280693845537   0.05228154670150245   0.24620512100293118   -0.0007430618965813465   -0.12101375736049935
0.3339029830201879  0.21335712797279074   1.6011030818027423   0.052259617752942675   0.2347501241818876   -0.00021928948559773851   -0.11454996821043602
0.3336277660505  0.21857221507575936   1.623520643001146   0.0522234409742921   0.22417561198403735   -0.00036176778650578344   -0.10574512197850247
0.3332416485552845  0.22376712629471168   1.6449860112625156   0.052092407597373006   0.2146536826136972   -0.001310333769190888   -0.09521929370340156
0.3327511533605389  0.2289245579337018   1.6656156827118405   0.05180703296553938   0.20629671449324652   -0.002853746318336242   -0.08356968120450645
0.3321630253875975  0.23402799825383325   1.6855316668906246   0.0513721691324197   0.19915984178784263   -0.004348638331196791   -0.0713687270540391
0.33148349309932107  0.23906647135565498   1.7048560969715199   0.05084090413101595   0.19324430080895263   -0.005312650014037612   -0.05915540978890006
0.33071753729453435  0.24403656614176966   1.7237062398647074   0.050287702749132523   0.1885014289318732   -0.005532013818834186   -0.04742871877079431
0.32986805076096587  0.24894428654129674   1.7421899717147293   0.04980697430144511   0.1848373185002206   -0.004807284476874227   -0.036641104316526084
0.3289362721142869  0.2537995585348148   1.7604017522513429   0.04943872730708979   0.18211780536613684   -0.0036824699435531543   -0.027195131340837533
0.32792411111241687  0.2586043058959399   1.778419150013456   0.049102003113870134   0.18017397762113216   -0.0033672419321965075   -0.019438277450046892
0.326834922675291  0.26335218196842636   1.7962999210097068   0.04871207104122975   0.17880770996250703   -0.0038993207264039244   -0.013662676586251064
0.3256733351135036  0.26803223775931223   1.8140796960719212   0.04822054320463804   0.17779775062214148   -0.004915278365917106   -0.010099593403655882
0.32444466582102083  0.2726328803670663   1.8317703006730006   0.047618841475378496   0.1769060460107968   -0.006017017292595429   -0.008917046113446646
0.32315420598743666  0.27714500091106253   1.849358756069919   0.046930287007056926   0.1758845539691813   -0.006885544683215676   -0.010214920416154792
0.32180695562855804  0.28156264217438837   1.8668069711928656   0.046185103508530716   0.1744821512294681   -0.007451834985262137   -0.014024027397132027
0.3204082711654841  0.28588062023196503   1.8840521431429158   0.0453886029009034   0.17245171950050192   -0.007965006076273122   -0.020304317289661915
0.3189655076745356  0.290089857935222   1.9010078546207958   0.04449634651669032   0.16955711477879934   -0.008922563842130766   -0.028946047217025796
0.3174902330023053  0.29417228570953147   1.9175658747263127   0.043408123538085874   0.16558020105516777   -0.010882229786044464   -0.03976913723631559
0.31600009770826953  0.2980977687511453   1.9335986454570484   0.04198799864786176   0.16032770730735735   -0.014201248902241101   -0.05252493747810449
0.3145191453844877  0.30182542436722515   1.9489624681044007   0.040110642200551466   0.15363822647352468   -0.018773564473103015   -0.06689480833832644
0.3130755274728318  0.30531082504272544   1.9634752490407261   0.037725390049185965   0.14512780936325234   -0.023852521513655   -0.08510417110272346
0.3116958196003328  0.3085184341556745   1.9770090831634426   0.0349175457827563   0.13533834122716698   -0.028078442664296627   -0.09789468136085334
0.31039740169820385  0.31143694580337783   1.989393015715287   0.03194307324968777   0.12383932551844339   -0.029744725330685295   -0.11499015708723621
0.3091805471002107  0.3140925554676404   2.0004652973854333   0.029211295420746866   0.1107228167014602   -0.027317778289409077   -0.13116508816983183
0.3080227710007906  0.31655641581637756   2.0100780042096815   0.027223249832574365   0.09612706824248149   -0.019880455881725025   -0.14595748458978688
0.30689026131534786  0.3189173972663501   2.0180541611511167   0.02618551430607461   0.07976156941435139   -0.010377355264997562   -0.1636549882813012
0.3057503742987875  0.32125614894835175   2.024306120636886   0.026017497651750775   0.06251959485768994   -0.0016801665432383376   -0.17241974556661438
0.30458105658773965  0.3236286639666811   2.028715624389691   0.026450201174222823   0.04409503752805665   0.00432703522472049   -0.1842455732963331
0.30337393684734126  0.32606262408686676   2.0311977727775945   0.027168547871230252   0.024821483879034767   0.007183466970074319   -0.19273553649021877
0.3021198979460829  0.32858836079104264   2.031643393250557   0.028199218898208207   0.004456204729623399   0.010306710269779527   -0.20365279149411367
0.3008086689566726  0.3312399526701298   2.030039355529056   0.029580840008205933   -0.016040377215011243   0.013816211099977261   -0.20496581944634648
0.2994323670425287  0.334049436791187   2.026312864663527   0.031284833362747816   -0.0372649086552906   0.017039933545418853   -0.21224531440279348
0.297991305419124  0.3370350608653909   2.020481472724011   0.03315208849366146   -0.05831391939515821   0.018672551309136434   -0.21049010739867613
0.29648813863608825  0.34021358689837156   2.0125406106382675   0.0351604011921904   -0.07940862085743003   0.0200831269852894   -0.21094701462271825
0.29493673055853775  0.34358118695978157   2.002501572950504   0.037077752354609195   -0.10039037687763526   0.019173511624187914   -0.20981756020205228
0.2933563720539727  0.3471239261384753   1.990388757593505   0.03879243984490134   -0.12112815356999196   0.01714687490292154   -0.20737776692356694
0.2917659447596503  0.3508293035691134   1.976237098993843   0.04032279861568085   -0.14151658599662126   0.015303587707795016   -0.20388432426629302
0.2901799104735849  0.35469551891301015   1.9600897268163346   0.04178890503705221   -0.1614737217750822   0.014661064213713593   -0.1995713577846095
0.2886076070880477  0.3587348971164233   1.9419959657971955   0.04334595045258642   -0.18093761019139318   0.015570454155342082   -0.19463888416310984
0.2870560920843535  0.3629693345930824   1.9220095997672404   0.04509729432063908   -0.19986366029955052   0.01751343868052665   -0.18926050108157338
0.2855352501290075  0.36741826160058094   1.9001874198404274   0.04701692436898737   -0.2182217992681318   0.01919630048348296   -0.1835813896858125
0.28406254397773745  0.37208324723917996   1.8765880239573878   0.04891927474556761   -0.23599395883039362   0.019023503765802384   -0.17772159562261824
0.2826642746589294  0.3769372008126709   1.8512708238355444   0.050513386722259496   -0.2531720012184341   0.015941119766918796   -0.17178042388040476
0.2813713920939437  0.38192763428002985   1.8242951347575564   0.05155188795667956   -0.26975689077987886   0.010385012344200648   -0.16584889561444754
0.28021158300792803  0.3869968531482046   1.7957194224962265   0.05200205481465456   -0.285757122613302   0.0045016685797499385   -0.16000231833423126
0.2792022504497133  0.39211240379813017   1.7656008653800586   0.05214174015606501   -0.3011855711616791   0.0013968534141045098   -0.15428448548377072
0.2783559923559396  0.3972517193072856   1.7339954248401155   0.052085234629329825   -0.3160544053994308   -0.0005650552673517911   -0.1486883423775176
0.27768129840621725  0.40240588412656664   1.7009588991205995   0.051981368691201325   -0.33036525719516124   -0.001038659381284985   -0.14310851795730406
0.27718489704869526  0.40757422500634244   1.6665491685617297   0.051921249751245686   -0.3440973055886924   -0.00060118939955636   -0.13732048393531188
0.27687418075710096  0.41274373898548883   1.630829616137749   0.05178843441778409   -0.35719552423980944   -0.0013281533346159845   -0.13098218651117022
0.27675538858623855  0.4178903825596483   1.5938737130929672   0.05148014341403357   -0.3695590304478195   -0.0030829100375051885   -0.12363506208010115
0.2768321557654653  0.4229989745121156   1.5557703857167706   0.0510916871287501   -0.3810332737619671   -0.003884562852834741   -0.11474243314147517
0.27710517837749515  0.42803446832919834   1.5166297342456085   0.05042889977835963   -0.3914065147116171   -0.006627873503904632   -0.10373240949650038
0.2775711533883407  0.4329660955609927   1.4765889468449394   0.04953592621936935   -0.4004078740066934   -0.00892973558990286   -0.0900135929507632
0.27822597433287044  0.4377878958360705   1.4358178335137293   0.04866060867080794   -0.407711133312101   -0.008753175485614129   -0.0730325930540761
0.2790687296317837  0.4425192453641829   1.3945234834953881   0.048058198937346384   -0.41294350018341347   -0.00602409733461554   -0.052323668713124716
0.2801037387781233  0.4471950271185267   1.3529536433472056   0.04788964287532472   -0.415698401481823   -0.001685560620216628   -0.027549012984095202
0.28133847748437707  0.4518478017036012   1.3113984983021343   0.048138229103527296   -0.4155514504507118   0.002485862282025778   0.001469510311112081
0.2827766421277666  0.4564870386999269   1.2701904257765229   0.04857039988467565   -0.4120807252561151   0.004321707811483507   0.03470725194596713
0.2844081589904477  0.46108325534769945   1.2297011875037454   0.04877197427465237   -0.4048923827277738   0.0020157438997672056   0.07188342528341297
0.2862008619547665  0.4655656116294148   1.19033602166025   0.04827556499359734   -0.3936516584349541   -0.004964092810550195   0.11240724292819694
0.2881000960492629  0.46983901448165927   1.1525829521704785   0.04676436900383557   -0.3775306948977163   -0.015111959897617815   0.1612096353723784
0.29004295706378985  0.4738208033507641   1.1168458280522264   0.044305024003938875   -0.3573712411825207   -0.024593449998966867   0.2015945371519548
0.2919805565110509  0.47747824459511123   1.0836180089733018   0.04138981526158095   -0.33227819078924453   -0.029152087423579314   0.25093050393276245
0.2938956237561558  0.48084240622285596   1.0532899668776514   0.03871054896389774   -0.3032804209565054   -0.026792662976832086   0.28997769832739057
0.29580422623659847  0.48399427585916766   1.0263087614536994   0.03684704280217823   -0.2698120542395216   -0.018635061617195074   0.3346836671698387
0.29772898075773185  0.4870117919050508   1.003002363266477   0.035791176362039594   -0.23306398187222263   -0.01055866440138636   0.3674807236729897
0.29968520402125653  0.48995209021389136   0.9837303841908004   0.035315950506429036   -0.19271979075676615   -0.0047522585561056195   0.40344191115456485
0.3016616367145161  0.49282822148318106   0.9687232828165142   0.03489758912757577   -0.1500710137428617   -0.004183613788532683   0.4264877701390445
0.3036280335486361  0.4956263486217386   0.9582240012496095   0.03419975437451232   -0.10499281566904708   -0.006978347530634483   0.4507819807381461
0.3055384004832512  0.4983110219734237   0.9523390077393324   0.032949920834682775   -0.058849935102769875   -0.012498335398295405   0.4614288056627722
0.30734957647165073  0.5008500391204832   0.9511750347180389   0.031188085119189052   -0.01163973021293719   -0.017618357154937238   0.47210204889832685
0.30902388097695516  0.5032147694040359   0.9547001328232929   0.028974548987746766   0.03525098105254134   -0.022135361314422865   0.46890711265478535
0.31053958483679234  0.5053929267879977   0.9628508095873749   0.026536254031103608   0.08150676764081986   -0.024382949566431562   0.462557865882785
0.31188606285169246  0.5073811710906163   0.9755233846085624   0.024012743390759643   0.12672575021187407   -0.02523510640343969   0.45218982571054234
0.3130755368796516  0.5092034116209402   0.9924878089817245   0.021760994953228256   0.1696442437316219   -0.02251748437531387   0.4291849351974782
0.3141449572948869  0.5109195716670437   1.0135304347895542   0.020220942926491636   0.21042625807829757   -0.015400520267366208   0.40782014346675677
0.3151623208435913  0.512646086195851   1.0383123480020562   0.020039663191817575   0.247819132125019   -0.001812797346740614   0.373928740467214
0.316240680309891  0.5145999420645675   1.0664851912623128   0.022316836456533012   0.2817284326025671   0.0227717326471544   0.3390930047754808
0.31751519687190943  0.517089632786878   1.0976601363167253   0.02796954121829373   0.31174945054412534   0.05652704761760719   0.3002101794155829
0.3190896155083669  0.520439238524309   1.1314100237460083   0.037011690908488735   0.33749887429282976   0.0904214969019501   0.257494237487044
0.32093450238713633  0.5247602663842951   1.1672704673819525   0.04698392210345105   0.35860443635944017   0.09972231194962311   0.2110556206661038
0.3228500766620379  0.5297574573495598   1.2047425318986553   0.053517606771966174   0.3747206451670301   0.0653368466851512   0.16116208807589918
0.32457426980416126  0.5348326878898091   1.2433024993835295   0.05360112594715283   0.3855996748487421   0.0008351917518665338   0.10879029681712024
0.3260988587343884  0.539972211545839   1.2824248314568487   0.053608837720156996   0.39122332073319205   7.711773004174441e-05   0.05623645884449953
0.32742138501311724  0.5451694603481995   1.3216182345714176   0.053628789723025094   0.3919340311456897   0.00019952002868094262   0.0071071041249766475
0.3285414032989977  0.5504157794944924   1.3604672502314683   0.053645415037509823   0.3884901566005055   0.00016625314484724414   -0.03443874545184228
0.3294605270897047  0.5557028680350887   1.3986734162304362   0.05366385541381635   0.3820616599896784   0.00018440376306536104   -0.06428496610827092
0.33018155130103943  0.5610229913631156   1.436089355796416   0.053687603912584925   0.37415939565979867   0.00023748498768575197   -0.07902264329879687
0.3307073562946941  0.5663680234034799   1.4727391650856807   0.05370832189137325   0.3664980928926446   0.00020717978788322266   -0.07661302767154027
0.33104009544647195  0.5717298448131687   1.5088186936290837   0.0537213590413742   0.3607952854340307   0.00013037150000941845   -0.05702807458613955
0.33118044609253494  0.5771007732875874   1.5446707298304239   0.053727619509123595   0.3585203620134039   6.260467749401125e-05   -0.02274923420626802
0.33112705344632365  0.5824733821623674   1.5807339362185437   0.05372874174595574   0.3606320638811975   1.1222368321432033e-05   0.021117018677936552
0.33087638486166465  0.5878400576760371   1.6174707587018935   0.05372526482797023   0.3673682248334967   -3.476917985505428e-05   0.06736160952299158
0.33042307000631777  0.5931925856800092   1.6552864344201985   0.05371689714734415   0.3781567571830525   -8.367680626082765e-05   0.10788532349555784
0.3297606630374192  0.5985219972187878   1.6944548459349693   0.053704199409462645   0.3916841151477087   -0.00012697737881504952   0.13527357964656186
0.3288826366036793  0.6038188922884594   1.7350651208501688   0.05369173846827494   0.4061027491519942   -0.00012460941187701876   0.14418634004285516
0.3277834523753567  0.6090738013216678   1.7769961630926967   0.05368638087549629   0.41931042242527683   -5.357592778648413e-05   0.13207673273282572
0.32645976917847563  0.61427679491628   1.8199193740388486   0.053687316520087174   0.429232109461521   9.356445908805355e-06   0.09921687036244226
0.3249114858748647  0.6194177236357149   1.8633243509435231   0.0536901567203446   0.43404976904674447   2.8402002574266223e-05   0.04817659585223429
0.3231424195948962  0.6244870056307887   1.906560105011813   0.05369098196950828   0.43235754068289795   8.252491636721107e-06   -0.016922283638464854
0.3211617688468272  0.6294735825359732   1.9488835344034052   0.05365531345276604   0.4232342939159227   -0.00035668516742229264   -0.09123246766975249
0.3189795921922933  0.6343772277736481   1.9894937593267665   0.05367274128322915   0.4061022492336122   0.00017427830463104428   -0.17132044682310474
0.31663634803980906  0.6391448023377804   2.0276176758999114   0.05312302738240062   0.3812391657314509   -0.005497139008285251   -0.24863083502161343
0.3144966836801055  0.6431398799103548   2.062497404518161   0.0453197621166218   0.34879728618249456   -0.07803265265778817   -0.3244187954895637
0.3127690421522843  0.6461388248629292   2.0934442097406176   0.034609848420968446   0.30946805222456747   -0.10709913695653367   -0.39329233957927046
0.31147872236311663  0.6482479223664227   2.1198381565362094   0.024724921511625322   0.2639394679559197   -0.09884926909343118   -0.4552858426864776
0.31039581639398645  0.6499362624373849   2.141104026605545   0.02005786013809669   0.21265870069335466   -0.04667061373528633   -0.5128076726256506
0.3093022935511675  0.6515839064617708   2.156734477983549   0.019775042449666578   0.1563045137800401   -0.0028281768843011266   -0.5635418691331453
0.30807413764363367  0.6533966690350157   2.1662649811100843   0.02189628982309073   0.09530503126535314   0.021212473734241545   -0.6099948251468699
0.3066827715970045  0.655437063195104   2.1692781867768516   0.024696371806877174   0.03013205666767557   0.028000819837864423   -0.6517297459767758
0.30515086153026977  0.6577022047336131   2.165436980575373   0.027345227448391102   -0.038412062014785676   0.02648855641513928   -0.6854411868246123
0.30351911393262565  0.6601729889135395   2.1544596706122383   0.029609752930735773   -0.10977309963134775   0.022645254823446734   -0.7136103761656206
0.30182461428097773  0.6628440607752079   2.136119089400318   0.03163218923759514   -0.1834058121192058   0.02022436306859367   -0.7363271248785809
0.3000813693865713  0.6657554024679635   2.110316190819567   0.033933483779081335   -0.25802898580751166   0.023012945414861923   -0.7462317368830587
0.2982933057242386  0.6689808230934675   2.0769854034309514   0.03687886911495664   -0.33330787388615546   0.0294538533587531   -0.7527888807864379
0.2964783539475957  0.6725954019956668   2.036138368650927   0.04044654570141187   -0.4084703478002459   0.03567676586455226   -0.7516247391409041
0.2946804956451094  0.6766531821096605   1.9878677386286543   0.04438228692771627   -0.4827063002227245   0.03935741226304402   -0.7423595242247861
0.29297775552898075  0.6811556434360572   1.932351885747306   0.04813676546961958   -0.5551585288134825   0.037544785419033035   -0.7245222859075797
0.2914778341436411  0.686020617413264   1.869859666856192   0.05090946470068041   -0.624922188911142   0.0277269923106084   -0.6976366009765961
0.2902912594615374  0.6910893337916152   1.8007530065701876   0.052057511658143006   -0.6910666028600445   0.011480469574625906   -0.6614441394890236
0.2894877191918987  0.6962423733687443   1.7254857587377157   0.05215313398865791   -0.7526724783247185   0.0009562233051490851   -0.6160587546467412
0.289106731915289  0.7013953472486778   1.6445974633995615   0.051670389114285356   -0.8088829533815426   -0.004827448743725536   -0.5621047505682404
0.2891671635831981  0.7063921923018058   1.5587029516352395   0.04997210468997288   -0.8589451176432169   -0.016982844243124847   -0.5006216426167442
0.2896429996536406  0.7110265957734369   1.46848014578457   0.04658767594954595   -0.9022280585066967   -0.033844287404269265   -0.4328294086347976
0.29046751495306317  0.71517626056351   1.3746564328501638   0.042307851929582425   -0.9382371293440622   -0.04279824019963519   -0.360090708373655
0.2915901506714482  0.7189001774800172   1.2779947814420143   0.03889456023307395   -0.9666165140814948   -0.03413291696508475   -0.2837938473743263
0.2930337052207589  0.7223971665958834   1.1793050236832037   0.037832238386490406   -0.986897577588107   -0.010623218465835488   -0.2028106350661225
0.2949023070544167  0.7258882312766791   1.0793458666927043   0.039596976422763004   -0.9995915699049928   0.017647380362726003   -0.12693992316885613
0.2973253472098436  0.7294928382567405   0.9789682703934477   0.04343306928541678   -1.003775962992566   0.03836092862653771   -0.04184393087573283
0.30036864970982413  0.7331661901125477   0.8789285196582837   0.047702414994369446   -1.0003975073516407   0.0426934570895267   0.03378455640925325
0.3039725399854697  0.7367317782848838   0.7800558307299725   0.05069659173316876   -0.9887268892831113   0.029941767387993125   0.11670618068529448
0.30797850149509004  0.7399916600634394   0.6830736310815874   0.05164741699903122   -0.9698219964838511   0.009508252658624658   0.18904892799260054
0.3122404880883342  0.7428376090782912   0.5887534403384597   0.051248371209365554   -0.9432019074312779   -0.003990457896656732   0.26620089052573376
0.3166913577855785  0.745256200877204   0.4977600423378166   0.050655530153791366   -0.9099339800064297   -0.005928410555741897   0.3326792742484807
0.3213844006339043  0.747300181502498   0.41075926155170456   0.0511883853748068   -0.8700078078611208   0.005328552210154358   0.3992617214530898
0.32633267602417876  0.7489860173227167   0.3283583043258118   0.05227568435776715   -0.8240095722589275   0.010872989829603568   0.45998235602193255
0.3314692069569846  0.7503036858608735   0.25111399111632854   0.05302848328975705   -0.7724431320948324   0.007527989319899029   0.5156644016409505
0.3367084373707098  0.7512545103154221   0.17952776840026854   0.05324810087831317   -0.7158622271606002   0.0021961758855611113   0.5658090493423218
0.3420013598689746  0.7518607615507144   0.11404298711355407   0.05327529364811716   -0.6548478128671446   0.00027192769803991953   0.6101441429345574
0.3473267527156266  0.7521541914150495   0.05504447448020101   0.05333470732689507   -0.5899851263335307   0.0005941367877790859   0.6486268653361386
0.35267650640836673  0.7521694864527557   0.002859009388322011   0.05349775557083242   -0.5218546509187899   0.0016304824393734436   0.6813047541474074
0.3580241477183311  0.7519434470419335   -0.04224384597783325   0.05352416407126941   -0.45102855366155264   0.00026408500436994007   0.7082609725723732
0.3633570738710867  0.7515156245837895   -0.08005140033126182   0.053500591965358   -0.3780755435342857   -0.0002357210591140413   0.7295301012726693
0.3680146377684878  0.7509992920558988   -0.11040810384760803   0.046860965352553526   -0.3035670351634622   -0.06639626612804475   0.7450850837082353
0.3715091354661095  0.7505309929511913   -0.13321673317714125   0.03525736548602741   -0.22808629329533206   -0.11603599866526117   0.7548074186813011
0.37383669692406657  0.7501829571390902   -0.14842838704793723   0.023534381799980235   -0.15211653870796016   -0.11722983686047175   0.7596975458737191
0.375  0.75   -0.1559960228561472   0.01177602378233071   -0.07567635808209909   -0.11758358017649526   0.7644018062586105
0.375  0.75   -0.1559960228561472   0.0   -8.71159481277156e-21   -0.11776023782330712   0.756763580820991
