0.6875  0.875   5.170977354236862   5.26646675449177e-28   -1.1290710988989685e-20   0.0   0.000913329521633666
0.688016715523191  0.8739360476416618   5.164496196351186   0.011827888876380331   -0.06481157885675458   0.11827888876380331   -0.6481157885675458
0.689022467841646  0.871794925718327   5.1515298891358166   0.023655740987468855   -0.12966307215368406   0.11827852111088523   -0.6485149329692946
0.690468814901665  0.8685547284076043   5.132225293369098   0.035483515088615955   -0.19304595766718083   0.11827774101147104   -0.6338288551349678
0.6922875905617253  0.8641871886342462   5.1069786355575415   0.04731104371443677   -0.2524665781155711   0.11827528625820811   -0.5942062044839027
0.6942020483591216  0.8591633151081904   5.076472438215844   0.05376286252034456   -0.30506197341697605   0.06451818805907793   -0.5259539530140496
0.695940439769905  0.8540758603083426   5.041651967242153   0.053762627388903854   -0.3482047097369212   -2.3513144070738703e-06   -0.431427363199451
0.697484216925784  0.8489260506244649   5.003638085366572   0.053762242965833394   -0.38013881875580496   -3.8442307046122125e-06   -0.3193410901888383
0.6988207826949693  0.8437186625956796   4.963632756403731   0.05376178767274606   -0.4000532896284053   -4.552930873315272e-06   -0.19914470872600337
0.6999439471949759  0.8384611496268034   4.922855667243789   0.05376145562759404   -0.40777089159941315   -3.3204515202150707e-06   -0.07717601971007802
0.7008540964806524  0.8331626227997012   4.882502827434225   0.05376128556846423   -0.4035283980956496   -1.7005912980772512e-06   0.04242493503763537
0.7015580788445428  0.8278328076992294   4.843712629237547   0.05376106413928628   -0.38790198196678155   -2.214291779532852e-06   0.1562641612886806
0.702068790077048  0.8224810714455302   4.8075299449539175   0.053760493759047415   -0.3618268428362863   -5.703802388716726e-06   0.26075139130495256
0.7024044667397411  0.8171153726087227   4.774867286299068   0.05376188503874709   -0.3266265865484982   1.391279699689845e-05   0.352002562877881
0.7025782732185779  0.8120171171756195   4.746467145784929   0.05101217222708015   -0.284001405141387   -0.027497128116669455   0.42625181407111207
0.7026203869068272  0.8079995169062051   4.722870895722888   0.04017820987492664   -0.2359625006204116   -0.10833962352153512   0.48038904520975384
0.7025940292467227  0.8046987701678046   4.704403787343906   0.03300851974461723   -0.1846710837898241   -0.07169690130309408   0.5129141683058751
0.702519509540076  0.8011817812964088   4.691203653833876   0.035177782630803   -0.1320013351002983   0.021692628861857712   0.526697486895258
0.7023875953577319  0.796655834320295   4.68325102355257   0.045278689669752764   -0.07952630281306508   0.1010090703894976   0.5247503228723323
0.7022154823568663  0.7912824874568473   4.680369053117347   0.053761026217875395   -0.028819704352231357   0.0848233654812263   0.5070659846083373
0.7020531613847156  0.7859088401715759   4.68219131008557   0.05376098329132652   0.018222569682232875   -4.2926548882953597e-07   0.4704227403446423
0.7019227766229662  0.7805342296323449   4.6881343498577355   0.05376191833864341   0.05943039772165047   9.350473169020663e-06   0.41207828039417604
0.7018422886296006  0.7751585968552585   4.69741735140121   0.05376235306528412   0.09283001543475669   4.347266407059901e-06   0.3339961771310623
0.7018246046788007  0.7697823684077271   4.70909970665008   0.05376257531235077   0.11682355248869278   2.2224706665726904e-06   0.23993537053936068
0.7018769862919235  0.7644063544072408   4.722132250315878   0.05376269186603103   0.13032543665797655   1.1655368025764813e-06   0.13501884169283773
0.7020007936877045  0.7590315050671301   4.735419487446539   0.05376275076680792   0.13287237130662757   5.890077688141565e-07   0.025469346486510096
0.7021916011691669  0.7536586143398958   4.747887064752804   0.05376277732947039   0.12467577306264911   2.6562662472226776e-07   -0.08196598243978444
0.7024396656114461  0.7482880618350529   4.7585459173116815   0.053762784688664834   0.10658852558876766   7.359194449804948e-08   -0.18087247473881454
0.7027306703532941  0.7429196656894225   4.766542996950297   0.053762776096661656   0.07997079638615154   -8.592003180878107e-08   -0.266177292026161
0.7030466172222883  0.7375526825268887   4.771189733749911   0.053762747968224694   0.04646736799613944   -2.8128436961289044e-07   -0.33503428390012113
0.703366718910522  0.7321859505593509   4.771963951025274   0.053762698130024655   0.007742172753638854   -4.983820004292789e-07   -0.3872519524250058
0.7036681621795903  0.7268181440954798   4.76848768369285   0.053762639702717344   -0.034762673324249885   -5.842730730508362e-07   -0.4250484607788873
0.7039266656637674  0.7214481014114041   4.760489917769351   0.05376261013020732   -0.07997765923498647   -2.957251002538134e-07   -0.4521498591073659
0.7041168283284815  0.7160752014968927   4.74776714196346   0.05376264068143197   -0.12722775805890532   3.055122464492778e-07   -0.4725009882391885
0.7042123366269796  0.7106997792768064   4.730154701148641   0.0537627062928196   -0.17612440814820599   6.561138763020974e-07   -0.4889665008930066
0.704186147944538  0.7053235680902372   4.707517803566268   0.05376274971546668   -0.22636897582371973   4.34226470808936e-07   -0.5024456767551374
0.7040107846802187  0.6999501562801298   4.679765192671172   0.05376272570794185   -0.2775261089509587   -2.400752482357282e-07   -0.5115713312723897
0.7036588552353799  0.6945854287914133   4.6468822218011985   0.053762584910265095   -0.32882970869973127   -1.4079767675917537e-06   -0.5130359974877257
0.7031038678286657  0.6892379306152241   4.60897472248879   0.05376220583826311   -0.37907499312409443   -3.7907200198240274e-06   -0.5024528442436318
0.7023213342892863  0.6839190692295284   4.5663126731085795   0.053761180400449825   -0.42662049380210293   -1.0254378132884278e-05   -0.47545500678008523
0.7012901028006677  0.6786431198278763   4.519363610966122   0.05375786497984423   -0.4694906214245647   -3.315420605599702e-05   -0.4287012762246172
0.6999938045174982  0.6734269805956135   4.46880674709654   0.05374802110710572   -0.5055686386958244   -9.843872738495956e-05   -0.36078017271259727
0.6984214455090506  0.6682869851018101   4.415522052292759   0.05375115489714034   -0.5328469480378092   3.133790034610248e-05   -0.2727830934198473
0.6965689143165901  0.6632406579546603   4.360557983571929   0.05375619917283904   -0.5496406872083042   5.0442756987016e-05   -0.16793739170495048
0.6944394207008697  0.6583046875101358   4.305090180745076   0.053757369065656105   -0.5546780282685314   1.1698928170604447e-05   -0.050373410602272704
0.6920431687163566  0.6534927589771856   4.250357375609268   0.05375563205795597   -0.5473280513580719   -1.7370077001278056e-05   0.07349976910459599
0.689465308296391  0.6489356646993809   4.197586581682926   0.05235692179800576   -0.5277079392634285   -0.013987102599502147   0.19620112094643397
0.6871093920809586  0.6452147972381892   4.147941049022385   0.0440399771547309   -0.4964553266054147   -0.08316944643274855   0.3125261265801381
0.6850953475833638  0.642333084760277   4.102398004766334   0.03515770476530957   -0.45543044256051274   -0.08882272389421335   0.4102488404490192
0.6832252926876085  0.6398762762121051   4.061775786960743   0.03087557862697966   -0.4062221780559027   -0.04282126138329906   0.4920826450461002
0.6812314013978267  0.6374389710580369   4.02672520904135   0.03148977435536001   -0.35050577919392034   0.0061419572838035145   0.5571639886198232
0.6789405995675734  0.634798600912272   3.9977619261940274   0.034956154725797016   -0.2896328284732351   0.03466380370437001   0.6087295072068529
0.6763450159006782  0.6319394847025918   3.9752662115754367   0.038615541006581634   -0.22495714618591045   0.036593862807846225   0.6467568228732467
0.6735856777690052  0.6289946530092722   3.95949830246766   0.040355892539855755   -0.15767909107776334   0.01740351533274115   0.6727805510814712
0.6708659594672526  0.6261436688671512   3.950550063768751   0.03940174897071638   -0.08948238698908852   -0.00954143569139374   0.6819670408867484
0.6683551388172211  0.6235226734526004   3.948456481519366   0.036295781159414356   -0.02093582249385112   -0.031059678113020198   0.6854656449523738
0.66613457752731  0.6211830744014893   3.953088744573251   0.032256187254868125   0.046322630538853646   -0.04039593904546233   0.6725845303270478
0.6642065452469528  0.6191056821081273   3.964262981148473   0.028342313269420345   0.11174236575221522   -0.03913873985447779   0.6541973521336157
0.6625339092549758  0.6172393598120897   3.9816660206264634   0.025061664099464583   0.17403039477990462   -0.03280649169955764   0.6228802902768941
0.6610761654476218  0.6155345428531476   4.004956851082501   0.022430822257276734   0.2329083045603772   -0.02630841842187849   0.5887790978047256
0.6597940854303443  0.6139446845051543   4.033750810049274   0.020423953430680493   0.2879395896677334   -0.020068688265962416   0.5503128510735625
0.6586285827763101  0.6123948817997474   4.067588071844723   0.0193914539481877   0.33837261795448376   -0.010324994824927915   0.5043302828675031
0.6574740482023237  0.6107303127012362   4.105975525451138   0.020257690801886344   0.38387453606414473   0.008662368536986419   0.45501918109660994
0.6561746547217077  0.6086760736765077   4.148384224160068   0.024307038873927395   0.4240869870893169   0.04049348072041053   0.4021245102517216
0.6545665142039847  0.6058552351795361   4.19425019749251   0.03247036456638307   0.45865973332440624   0.08163325692455671   0.34572746235089313
0.6525967719257957  0.6019719338994362   4.242970966409499   0.04354298275785766   0.4872076891698892   0.11072618191474592   0.2854795584548304
0.6504264711682639  0.5970922563546064   4.2938985464277675   0.05340548503633325   0.5092758001826876   0.09862502278475588   0.22068111012798336
0.648502323216043  0.5920727080265672   4.346334590627229   0.053757056057374276   0.5243604419946115   0.003515710210410309   0.15084641811923943
0.6468477408380076  0.586957652883189   4.399538794134195   0.05376005205122461   0.5320420350696615   2.995993850340039e-05   0.07681593075049868
0.6454675672798168  0.5817617395976327   4.4527577165172785   0.05376094671948222   0.5321892238308392   8.946682576095213e-06   0.0014718876117776982
0.6443619739499857  0.5765005318308491   4.505262133458643   0.053761179094427056   0.525044169413644   2.323749448358984e-06   -0.07145054417195149
0.6435266783715978  0.5711897255928531   4.556384743833471   0.05376093526047602   0.511226103748287   -2.4383395104163556e-06   -0.13818065665356877
0.642953396904457  0.5658443847832243   4.6055485536883465   0.05375994792747678   0.49163809854874974   -9.873329992420966e-06   -0.1958800519953734
0.642630476950942  0.5604785636259509   4.652280574813137   0.05375529182156899   0.46732021124791323   -4.65610590778399e-05   -0.2431788730083652
0.6425438028403831  0.5551211549240416   4.696212027205159   0.05358109778712624   0.4393145239202125   -0.0017419403444274676   -0.2800568732770083
0.6426611464032798  0.5503679461537679   4.737071197928331   0.04754656993470494   0.40859170723171634   -0.06034527852421301   -0.30722816688496124
0.6429362995465835  0.5459558854922949   4.77467218119484   0.04420632141763045   0.3760098326651014   -0.03340248517074501   -0.32581874566614966
0.643380802867888  0.5413644991169408   4.808900647733091   0.04612852918795204   0.3422846653824958   0.019222077703215875   -0.3372516728260556
0.6440301467444234  0.536291859937692   4.8397056562699845   0.051140312584930354   0.3080500853689421   0.05011783396978327   -0.34234580013553745
0.6448580163535943  0.5309834479304496   4.867097043697941   0.053725790946643516   0.2739138742795649   0.025854783617131567   -0.34136211089377194
0.6458137733124125  0.5256937817191641   4.891144173706145   0.05375317664207801   0.24047130008204315   0.000273856954345005   -0.33442574197521735
0.6468795193060835  0.5204249269914089   4.911968965717134   0.05375559939691459   0.20824792010988313   2.4227548365776944e-05   -0.32223379972160016
0.6480386601341597  0.5151759283999618   4.929731641730637   0.05375462182205802   0.1776267601350257   -9.775748565706861e-06   -0.306211599748574
0.6492756474786728  0.5099453574126825   4.94461423287078   0.05374849815897507   0.14882591140144216   -6.123663082948996e-05   -0.2880084873358355
0.6505746222930717  0.5047369802913224   4.956803863014211   0.05367916523824758   0.12189630143431192   -0.0006933292072749233   -0.2692960996713024
0.6518181499496145  0.49994872028545967   4.966479248954514   0.04947099646897322   0.09675385940302311   -0.04208168769274359   -0.25142442031288814
0.652981344635438  0.49560089363395693   4.973801641551119   0.04500735325326901   0.0732239259660498   -0.04463643215704211   -0.23529933436973305
0.654099590002667  0.4915050185981857   4.978911099858554   0.042457820257266354   0.05109458307435839   -0.025495329960026604   -0.22129342891691417
0.655221396629526  0.4874443176485647   4.981925626607418   0.042128069395970406   0.030145267488636582   -0.0032975086129594564   -0.2094931558572181
0.6563798662032592  0.4832674418330944   4.982941557060341   0.04334552264205216   0.010159304529229482   0.012174532460817525   -0.199859629594071
0.6575841197572571  0.4789101427298213   4.982034137049991   0.04520650627697443   -0.009074200103500829   0.018609836349222766   -0.19233504632730314
0.6588239880932707  0.4743749923771959   4.979258506575782   0.04701580820486589   -0.027756304742094628   0.018093019278914546   -0.1868210463859379
0.6600796105425657  0.46969760169684893   4.974650967022182   0.04842991979321238   -0.04607539553599712   0.014141115883464938   -0.1831909079390249
0.6613296323888819  0.4649187595944141   4.96823100418063   0.04939624120950061   -0.06419962841551964   0.009663214162882244   -0.18124232879522517
0.6625552364770306  0.4600706942911941   4.960003751696604   0.05000584222385695   -0.08227252484027316   0.00609601014356341   -0.18072896424753515
0.6637404228061867  0.45517620404933923   4.949963076506232   0.050359409609755185   -0.10040675190371466   0.00353567385898231   -0.1813422706344151
0.6648705975099991  0.45025423905272244   4.938095099046485   0.05050052899629655   -0.11867977459747164   0.0014111938654136542   -0.18273022693756982
0.6659317355413964  0.4453239205844236   4.924382174172981   0.05043218627079902   -0.13712924873502824   -0.0006834272549753115   -0.18449474137556593
0.666911160870468  0.4404017846052482   4.908807235700756   0.05018634931205956   -0.15574938472225544   -0.0024583695873945967   -0.18620135987227196
0.6677993917405248  0.4354918570109725   4.891358460871464   0.04989623538860642   -0.17448774829291197   -0.002901139234531318   -0.18738363570656563
0.6685921646138977  0.43056827253051944   4.872034129909018   0.04987000397524928   -0.1932433096244641   -0.0002623141335714449   -0.1875556133155212
0.6692892585831813  0.42556581213216826   4.8508475783543465   0.050507969706852285   -0.21186551554672062   0.006379657316030074   -0.18622205922256518
0.6698883339470927  0.42039953735728475   4.827832254321894   0.05200892840776722   -0.23015324032452514   0.015009587009149361   -0.18287724777804504
0.6703740030784537  0.4150570571458003   4.803046846310422   0.0536451016545408   -0.24785408011472676   0.016361732467735784   -0.17700839790201633
0.6707188289788905  0.4096926281959778   4.776580741646589   0.053755002427035445   -0.2646610466383206   0.0010990077249464886   -0.16806966523593747
0.6709132303271752  0.404320366117648   4.7485593235352965   0.05375778243424393   -0.2802141811129327   2.780007208483995e-05   -0.15553134474612226
0.6709495625657445  0.39894446771659975   4.719147234114778   0.05376021172758918   -0.2941208942051786   2.4292933452414015e-05   -0.1390671309224587
0.6708214064889503  0.3935698809404363   4.688548673844781   0.05376114488599573   -0.30598560269997455   9.331584065574858e-06   -0.11864708494795916
0.67052380191709  0.38820198378674897   4.657004124418675   0.05376140654201401   -0.3154454942610594   2.616560182786685e-06   -0.09459891561084884
0.6700534244840294  0.38284648028123874   4.62478312451672   0.053761206019829005   -0.32220999901954   -2.005221850036498e-06   -0.06764504758480576
0.6694086932315818  0.37750924170085653   4.59217280933675   0.05376038881165481   -0.3261031517997083   -8.172081741988948e-06   -0.038931527801682804
0.6685898780888988  0.37219621263864017   4.559477461146951   0.05375754463686258   -0.3269534818979837   -2.8441747922264267e-05   -0.008503300982753835
0.6675988696950618  0.36691328375716864   4.526957057058404   0.05375075367224324   -0.3252040408854839   -6.790964619343061e-05   0.017494410124998142
0.6664926993019095  0.3619083340482501   4.494870466915157   0.05125732584469255   -0.3208659014324572   -0.02493427827550689   0.043381394530266626
0.665385685154223  0.35755496383449703   4.463377705163204   0.044919163550950394   -0.3149276175195332   -0.06338162293742149   0.05938283912924036
0.6643121301732605  0.35381800683083353   4.432641885949502   0.038881059584814956   -0.3073581921370238   -0.060381039661354476   0.07569425382509308
0.663280640791698  0.35059313243102525   4.402818365759613   0.0338582120597271   -0.2982352018988769   -0.0502284752508786   0.09122990238146939
0.6623059947006454  0.3478236229695157   4.374004615091651   0.029360036887229914   -0.28813750667962806   -0.04498175172497179   0.10097695219248809
0.6614005492466437  0.3454619489488428   4.34628185860029   0.02529295484931283   -0.27722756491360967   -0.04067082037917082   0.10909941766018377
0.6605333418653311  0.3433684210763866   4.319673695017785   0.02266033449654657   -0.26608163582504507   -0.026326203527662635   0.11145929088564636
0.6595811478942368  0.34122570665143165   4.294212801763111   0.0234475978844275   -0.2546089325467446   0.007872633878809343   0.11472703278300414
0.658310822882326  0.33854480952774574   4.2698848693701565   0.029666369888601937   -0.24327932392954685   0.062187720041744346   0.11329608617197823
0.6564563110432388  0.33485477798720054   4.2466847406223245   0.041298361870093975   -0.23200128747832344   0.11631991981492043   0.11278036451223405
0.653972291261486  0.33017316741815156   4.224569228003589   0.05299795448540502   -0.2211551261873479   0.11699592615311044   0.10846161290975562
0.6513530849963219  0.32547854585273395   4.203488258631646   0.05375845338359249   -0.21080969371942315   0.007604988981874692   0.10345432467924714
0.6486397881270243  0.32083735220804344   4.183361132918776   0.053761192647164405   -0.2012712571287123   2.7392635719180153e-05   0.09538436590710843
0.645837495675999  0.31624926583692636   4.164083699042611   0.0537618633697756   -0.1927743387616507   6.707226111901391e-06   0.08496918367061582
0.6429506868424285  0.31171385465126145   4.145559632312292   0.053762086887168326   -0.1852406673031873   2.235173927279148e-06   0.07533671458463415
0.6399833074452244  0.3072307481256577   4.127691905477477   0.05376205409660487   -0.1786772683481367   -3.2790563464204586e-07   0.06563398955050632
0.6369388173270083  0.3027996822350483   4.110387906133722   0.05376175686009284   -0.17303999343755566   -2.972365120261672e-06   0.05637274910581014
0.6338206899933746  0.298420217151347   4.093662494655057   0.05376098258785154   -0.16725411478667035   -7.742722412941677e-06   0.057858786508853045
0.6306326451684353  0.2940918424450375   4.077554519592684   0.05375728546349963   -0.1610797506237246   -3.697124351913635e-05   0.061743641629457884
0.6277854501084847  0.2903485414714489   4.062131489426468   0.04703065158838065   -0.15423030166214727   -0.06726633875118984   0.06849448961577315
0.6256124660159755  0.28757691624925397   4.047473877685619   0.03521898101678264   -0.14657611740849438   -0.11811670571598012   0.07654184253652871
0.624142408859985  0.2857541142019114   4.033708039243535   0.02341724865494599   -0.1376583844208438   -0.11801732361836642   0.08917732987650594
0.6231004942158473  0.2844952546902174   4.021004965550258   0.016341093585959497   -0.12703073693277075   -0.07076155068986492   0.10627647488073054
0.6221327883418766  0.28335305611661116   4.0095047459782185   0.014970211221173087   -0.11500219572039448   -0.013708823647864101   0.1202854121237626
0.621011776231215  0.28205684458560004   3.999343903973053   0.017137189050064405   -0.10160842005165173   0.021669778288913148   0.13393775668742758
0.619640548801034  0.28049888346095375   3.9906539598085975   0.020754535724004174   -0.0868994416445551   0.036173466739397704   0.14708978407096635
0.6180108538584855  0.27867359106018164   3.9835435258181344   0.02446956876220812   -0.0711043399046336   0.03715033038203943   0.1579510173992148
0.6161563823662127  0.2766190422274933   3.9781296907545656   0.027677130309253506   -0.05413835063568615   0.03207561547045386   0.1696598926894746
0.6141191695549555  0.27437834157591673   3.9745220673852977   0.030283618423704823   -0.03607623369268036   0.026064881144513215   0.18062116943005802
0.6119367228020265  0.27198611300636644   3.9728159167421975   0.03238183342299117   -0.017061506430997433   0.020982149992863474   0.19014727261682926
0.6096436302582215  0.2694713786517308   3.9730584068187826   0.034032575995415926   0.0024249007658527616   0.01650742572424759   0.19486407196850192
0.6072784521058489  0.2668659071020785   3.975295663583982   0.03518884722253478   0.022372567651988882   0.011562712271188436   0.1994766688613612
0.6048877314726117  0.2642098275068861   3.9795220874910875   0.03573556206663429   0.042264239071057946   0.005467148440995161   0.19891671419069065
0.6025232502375226  0.2615498982237227   3.985725712249177   0.03558931764240285   0.06203624758089831   -0.0014624442423144062   0.19772008509840366
0.6002340641945698  0.25893218870132784   3.993842439047886   0.034774668773241695   0.08116726798708475   -0.008146488691611563   0.19131020406186428
0.5980576621925796  0.25639289137912663   4.003794164935045   0.03344361906971877   0.09951725887160105   -0.013310497035229183   0.18349990884516323
0.5960146344922406  0.25395217232382394   4.015455529650645   0.03182934446587029   0.11661364715599647   -0.01614274603848486   0.17096388284395403
0.5941081960892336  0.25161245007780003   4.028680168505051   0.03018080113747576   0.13224638854406157   -0.016485433283945323   0.156327413880651
0.592327298863325  0.24936044662315665   4.043279500977427   0.02871082459452305   0.14599332472374588   -0.014699765429527025   0.13746936179684302
0.5906495810690522  0.24716877740205945   4.059042886422576   0.02760099811949584   0.15763385445150196   -0.011098264750272138   0.11640529727756112
0.5890419445139067  0.24499449540624796   4.075714652356704   0.02704070541008423   0.16671765934127566   -0.005602927094116151   0.09083804889773706
0.5874580890096996  0.24277292438653905   4.0930285578615075   0.02728365088073391   0.17313905504803595   0.0024294547064968087   0.06421395706760259
0.58583633169923  0.2404111759445068   4.110660997880701   0.028649524389601486   0.17632440019193407   0.013658735088675752   0.031853451438981134
0.5841027436143081  0.23778864460772972   4.128294545467677   0.03143723629799593   0.17633547586975548   0.02787711908394444   0.00011075677821419798
0.5821847475595965  0.23477535108640218   4.145554507958039   0.03571924790860498   0.1725996249036265   0.04282011610609052   -0.03735850966128966
0.5800357069120131  0.23127275186256352   4.162061440550474   0.04109328050642903   0.16506932592434873   0.05374032597824048   -0.0753029897927781
0.577664224339626  0.22727088284472893   4.177433049241873   0.046517615187195924   0.15371608691399627   0.054243346807668895   -0.11353239010352426
0.5751506690510719  0.22289238496067632   4.191255445718051   0.05048683383741883   0.13822396476176496   0.039692186502229096   -0.15492122152231302
0.572632857909849  0.21838307376135355   4.203151337559923   0.05164616194375384   0.1189589184187257   0.011593281063350159   -0.1926504634303926
0.5702568915019547  0.2140298374980112   4.212781355230892   0.04959423589079865   0.09630017670969482   -0.020519260529551997   -0.2265874170903089
0.5681220642728988  0.2100517240481598   4.219858369717422   0.04514739629015892   0.07077014486530696   -0.04446839600639727   -0.25530031844387857
0.5662495232637611  0.20652648514536137   4.224108603788951   0.03991706295897326   0.04250234071528023   -0.052303333311856604   -0.2826780415002674
0.5645889226141032  0.2033911059927754   4.225316866300039   0.03547984913738385   0.012082625110880962   -0.04437213821589409   -0.30419715604399256
0.5630463891587707  0.20049245688308215   4.2233487273886094   0.03283531044766535   -0.019681389114299327   -0.02644538689718495   -0.31764014225180287
0.5615141695068449  0.19764894365778918   4.2181485438226725   0.03230056427396213   -0.052001835659369944   -0.005347461737032227   -0.32320446545070614
0.5598943535805643  0.19470249118143246   4.2097367698785595   0.03362348261328819   -0.0841177394411206   0.013229183393260605   -0.3211590378175065
0.5581182771719817  0.19155820832959267   4.198209340686009   0.03611227223742348   -0.11527429192551578   0.024887896241352903   -0.3115655248439519
0.5561616590367663  0.1882084403014389   4.18373855531604   0.038793427754576525   -0.14470785369968828   0.026811555171530475   -0.29433561774172495
0.5540513529545672  0.18473389818253574   4.166573563151264   0.0406519798983989   -0.17164992164775264   0.018585521438223777   -0.2694206794806437
0.5518584674617216  0.1812774256863802   4.1470381604827145   0.04093403095397894   -0.19535402668550747   0.002820510555800413   -0.23704105037754833
0.5496766295016488  0.17799658584122124   4.125524317193385   0.03940092254452572   -0.21513843289329632   -0.015331084094532243   -0.1978440620778887
0.5475917815815394  0.17501303359416417   4.102481988854318   0.03639804233870793   -0.23042328339066595   -0.030028802058177918   -0.15284850497369626
0.5456556143831205  0.17237962354135952   4.078406615722998   0.0326857643729599   -0.2407537313131971   -0.03712277965748031   -0.10330447922531139
0.5438719675386483  0.17007459126066746   4.053825563750864   0.029145445408894174   -0.24581051972134021   -0.03540318964065724   -0.05056788408143092
0.5421979538031166  0.16801726827022406   4.029358794337046   0.026523385669546665   -0.24466769413817657   -0.026220597393475084   0.011428255831636203
0.540555945283278  0.16609484507214656   4.005499354421544   0.02528221298013597   -0.23859439915502492   -0.012411726894106924   0.060732949831516746
0.5388510786275078  0.16418815761334637   3.982814738671901   0.025577387238541544   -0.22684615749642995   0.0029517425840557107   0.11748241658594963
0.5369913789491371  0.16219396927750318   3.961873538996664   0.027267691527786745   -0.20941199675236502   0.016903042892452032   0.17434160744064917
0.534908689264808  0.1600424664355079   3.9432411645756678   0.029944216136549844   -0.18632374420996337   0.026765246087630954   0.2308825254240167
0.5325759516967952  0.1577074738068185   3.927473934135356   0.033005840600191995   -0.15767230440311833   0.030616244636421555   0.28651439806845064
0.5300158032896738  0.15520744388392302   3.9151106712793533   0.03578338927751058   -0.12363262856002913   0.027775486773185826   0.3403967584308918
0.5272972228969436  0.15259719831020838   3.906663657082011   0.037688275772225735   -0.08447014197341932   0.019048864947151595   0.391624865866098
0.5245092522041627  0.14994195900428559   3.9026108852604553   0.038500748506389904   -0.04052771821555686   0.0081247273416416   0.4394242375786246
0.5217144740308258  0.14727599380182485   3.903406283178119   0.038624028141678736   0.007953979176639711   0.001232796352888407   0.48481697392196577
0.5189256454955435  0.14458340663910957   3.9094348624491424   0.03876543592947634   0.06028579271022512   0.001414077877975866   0.523318135335854
0.516064083267055  0.14175574137980693   3.9210327904948383   0.040229627398446724   0.1159792804569611   0.014641914689703963   0.5569348774673597
0.5129835874775253  0.13860363314461616   3.938480283382743   0.044074074732962196   0.17447492887904703   0.03844447334515476   0.5849564842208594
0.5095879449211599  0.13496150890490016   3.9619992205387744   0.04979503725084117   0.23518937156031397   0.05720962517878967   0.6071444268126694
0.5060416718674672  0.13092331053989842   3.9917596342493247   0.05374299824763082   0.29760413710550176   0.03947960996789647   0.6241476554518781
0.5026424718352205  0.12675866002800906   4.027845981467941   0.053757673634008955   0.36086347218617404   0.0001467538637814208   0.6325933508067229
0.4994228654320949  0.12245332933785531   4.070285424980188   0.05376033644112232   0.424394435122467   2.6628071133636802e-05   0.6353096293629293
0.49641666016368213  0.11799622563970923   4.119000032501042   0.05376155084431627   0.4871460752085328   1.2144031939485827e-05   0.627516400860659
0.4936591300905501  0.11338105926439798   4.173814826410406   0.0537621918973088   0.5481479390936413   6.410529925269093e-06   0.6100186388510846
0.49118630118184997  0.10860725266921714   4.2344457644596325   0.053762544787142486   0.6063093804922716   3.528898336884051e-06   0.5816144139863023
0.4890338984130465  0.10368064317694548   4.300487867057579   0.053762736880198225   0.6604210259794543   1.9209305573661434e-06   0.5411164548718277
0.4872359668900828  0.09861390251574018   4.371400244724259   0.05376282980757005   0.7091237766668073   9.292737182953754e-07   0.4870275068735297
0.48582319672716157  0.09342655988976745   4.446488585534546   0.0537628524656888   0.7508834081028548   2.2658118748387257e-07   0.41759631436047495
0.4848210357797479  0.08814450758860504   4.524888157574575   0.053762815287832846   0.7839957204003101   -3.717785594929412e-07   0.33112312297455315
0.4842477575391409  0.08279888786154266   4.605554682681507   0.05376271775823093   0.8066652510693125   -9.75296019199116e-07   0.2266953066900254
0.48411272714650905  0.07742432845037588   4.687270271670455   0.05376255394891127   0.8171558898894766   -1.6380931966332038e-06   0.10490638820164007
0.4844151428473323  0.07205660912777344   4.768669184051093   0.05376231578191543   0.8139891238063756   -2.3816699582819185e-06   -0.031667660831010754
0.48514348849302585  0.06672997547065129   4.84828280707944   0.05376198796248821   0.7961362302834752   -3.2781942722359717e-06   -0.17852893522900445
0.48627581527145974  0.06147442056021279   4.924598395596817   0.05376153025146568   0.7631558851737673   -4.577110225309305e-06   -0.32980345109707854
0.48778081329602574  0.056313289461436246   4.996123826382749   0.05376085311144708   0.715254307859322   -6.7714001860383356e-06   -0.4790157731444533
0.48961948983303094  0.051261512612981404   5.0614513583161225   0.05375981839098557   0.6532753193337358   -1.0347204615069958e-05   -0.6197898852558602
0.49174715693051246  0.046324725816325844   5.119315650449131   0.053757633089020825   0.5786429213300892   -2.1853019647512352e-05   -0.7463239800364678
0.4941156410430617  0.04149887357227902   5.1686421630658606   0.05375738728097734   0.4932651261672996   -2.4580804347863805e-06   -0.8537779516278952
0.4963667182957919  0.03734080224612319   5.20858646113727   0.04728308994890041   0.3994429807140862   -0.06474297332076931   -0.938221454532134
0.49814779681002247  0.03427427248008515   5.238580461706543   0.03546243855102307   0.2999400056927281   -0.11820651397877335   -0.9950297502135814
0.4993758815417921  0.032253972026599374   5.258576855904881   0.023642770630280613   0.1999639419833839   -0.11819667920742462   -0.9997606370934415
0.5  0.03125   5.268575138820433   0.011821521391385379   0.09998282915551299   -0.11821249238895234   -0.9998111282787094
0.5  0.031249999999999997   5.268575138820433   1.8445456924827763e-27   7.016180472314944e-20   -0.11821521391385378   -0.9998282915551299
