0.21875  0.875   0.6579842048548934   1.763536063660787e-28   -5.14579507283811e-22   0.0   0.0
0.2196859577599718  0.875723086665047   0.6577859614867079   0.01182738878036242   -0.0019824336818567235   0.1182738878036242   -0.019824336818567233
0.22155847515789875  0.8771684045239593   0.6573442056220719   0.02365431275438662   -0.004417558646358534   0.11826923974024198   -0.024351249645018103
0.2243705836282737  0.8793318149507255   0.6557514908160581   0.035479992564516435   -0.015927148060138698   0.11825679810129822   -0.11509589413780162
0.22812551400164272  0.8822082780987063   0.6536940130423451   0.04730067901258508   -0.020574777737129187   0.11820686448068635   -0.0464762967699049
0.23227727679630117  0.8853668205682194   0.6503592498761556   0.05216658397364981   -0.033347631661895756   0.04865904961064738   -0.12772853924766575
0.23550073167754235  0.8877978367056838   0.6461612430787214   0.040373878723739966   -0.0419800679743419   -0.11792705249909845   -0.08632436312446136
0.23800205022021045  0.8896634917504538   0.6408517870202075   0.031204588120916765   -0.05309456058513977   -0.09169290602823205   -0.11114492610797869
0.2406181703242656  0.8915856047363161   0.6336492835926424   0.03246321414963631   -0.07202503427565102   0.012586260287195412   -0.18930473690511254
0.24401436800310636  0.894033931443365   0.6246170405921649   0.04186700650654976   -0.09032243000477312   0.09403792356913457   -0.18297395729122098
0.2482467495172911  0.8970116555821339   0.6131096203435125   0.05174929403208591   -0.11507420248652475   0.09882287525536147   -0.24751772481751647
0.25268396488272993  0.9000414929836553   0.5991052349634594   0.05372968907309556   -0.1400438538005306   0.019803950410096575   -0.24969651314005836
0.25717230237124644  0.9029953442368728   0.5820602324085549   0.053731192650943525   -0.17045002554904423   1.5035778479586591e-05   -0.3040617174851363
0.26147033289588506  0.9057005843986089   0.5617670622295293   0.05078522494128499   -0.20293170179025738   -0.029459677096585316   -0.32481676241213164
0.2649830758097  0.9077980313345604   0.5382819304454235   0.040912890911879496   -0.2348513178410563   -0.09872334029405488   -0.31919616050798916
0.26758396415777996  0.909257598307634   0.5113862963276598   0.02982441273194933   -0.2689563411776382   -0.11088478179930172   -0.34105023336581924
0.26941309556795207  0.9102125454866395   0.48115270812265915   0.020634063657856198   -0.30233588205000755   -0.09190349074093138   -0.3337954087236931
0.27069764657064954  0.9108297150430276   0.44789009022547865   0.014251208860519634   -0.3326261789718041   -0.06382854797336561   -0.3029029692179652
0.27175987927930817  0.911293508035522   0.4116723290081481   0.011590695696246519   -0.3621776121733053   -0.02660513164273113   -0.295514332015012
0.27300616621377943  0.9117811299752477   0.37294906303678554   0.01338284827357068   -0.38723265971362647   0.01792152577324158   -0.25055047540321207
0.2748857356278363  0.9124290040859149   0.3319390317112179   0.01988095079599483   -0.41010031325567603   0.06498102522424153   -0.22867653542049549
0.27787546734288066  0.9133180976504915   0.2890535911942737   0.031191317853699968   -0.4288544051694423   0.11310367057705134   -0.18754091913766271
0.2820386083540256  0.9143579422425931   0.24476599323521658   0.04291039484132691   -0.44287597959057057   0.11719076987626943   -0.14021574421128302
0.2873025542674447  0.9154228924401506   0.19961596099971798   0.05370590796426255   -0.4515003223549862   0.10795513122935634   -0.086243427644156
0.29261241033466595  0.9162482721028594   0.1542088236587174   0.05373622897282644   -0.45407137341000586   0.00030321008563892574   -0.02571051055019639
0.2979542354212588  0.9168339322997442   0.10920057863359929   0.05373834117457516   -0.45008245025118093   2.1122017487224897e-05   0.039889231588249106
0.303316924436576  0.9171844163822626   0.06526321701783779   0.053741299358209274   -0.4393736161576152   2.9581836341108923e-05   0.10708834093565683
0.3086622391790629  0.9173076127116363   0.023043455577472474   0.05346734239870721   -0.42219761440365294   -0.002739569595020619   0.17176001753962244
0.31337565124974176  0.9172280631065733   -0.01687568413772694   0.047140833136122565   -0.39919139715199414   -0.06326509262584645   0.23006217251658867
0.31728181297151925  0.9170169104256968   -0.054003747692835384   0.03911864625893439   -0.3712806355510844   -0.08022186877188169   0.27910761600909745
0.32057795636224934  0.9167254023411544   -0.08820964034812326   0.03309008645441026   -0.3420589265528787   -0.060285598045241306   0.29221708998205703
0.32354201130499155  0.9163716070146712   -0.1187998690235629   0.02985095113498705   -0.3059022867543965   -0.032391353194232135   0.36156639798482215
0.3263869888557354  0.9159533231223013   -0.14597951746329857   0.028755623239379545   -0.2717964843973564   -0.010953278956075037   0.3410580235704013
0.32924744210203843  0.9154646168876623   -0.16921541780292362   0.029019005079532534   -0.23235900339625074   0.0026338184015298636   0.3943748100110562
0.3322643688752412  0.9148879959443339   -0.18885098271623124   0.030715368900848316   -0.19635564913307607   0.01696363821315785   0.36003354263174636
0.3354673107611903  0.9142236378871129   -0.20452104146718772   0.03271117294283475   -0.15670058750956475   0.019958040419864372   0.3965506162351135
0.33890112529058036  0.9134677713348252   -0.2166690114593502   0.035160228194818684   -0.1214796999216252   0.024490552519839243   0.3522088758793954
0.34252139192688147  0.9126373586391358   -0.2254783916465413   0.03714285363710957   -0.08809380187191057   0.01982625442290897   0.3338589804971463
0.3463006217794251  0.9117492644552899   -0.23080573374139846   0.038821758792895684   -0.05327342094857189   0.016789051557861052   0.348203809233387
0.3501290925291839  0.9108396838725098   -0.23325861879891385   0.039350381342915935   -0.024528850575154023   0.0052862255002025646   0.2874457037341786
0.35391286859309296  0.9099409304258825   -0.2332064769826369   0.03889051177297073   0.0005214181627697129   -0.004598695699452041   0.2505026873792373
0.35766451784907627  0.9090596057821653   -0.23073291257174874   0.038537780511522256   0.024735644108881436   -0.003527312614484843   0.24214225946111725
0.3613806787597123  0.9082029605942025   -0.22656112632506112   0.0381361939524632   0.04171786246687651   -0.004015865590590574   0.16982218357995071
0.3651042801046686  0.9073664475848241   -0.22098280790391125   0.03816406816760939   0.05578318421149837   0.00027874215146194277   0.14065321744621861
0.3689709891530622  0.9065239543287463   -0.21453090537360867   0.039574276685067376   0.06451902530302599   0.014102085174579936   0.08735841091527623
0.3730388664353805  0.9056664179811904   -0.20776482807018556   0.041572820654098085   0.06766077303423089   0.019985439690307052   0.03141747731204876
0.377312944102965  0.904794409960103   -0.20126034170621124   0.04362125387627063   0.06504486363974335   0.020484332221725462   -0.02615909394487522
0.381763901468131  0.9039125288161204   -0.19559964002987745   0.04537481219644889   0.05660701676333786   0.017535583201782563   -0.08437846876405485
0.38634506871889757  0.9030250097365156   -0.19136151764411052   0.046663458397497394   0.042381223857669396   0.012886462010485062   -0.14225792905668466
0.3910083219569775  0.9021324682512099   -0.18911174732074884   0.047479007008827664   0.022497703233616873   0.008155486113302713   -0.19883520624052517
0.39571692547786874  0.9012298698134095   -0.18939383239151386   0.047943332233852276   -0.002820850707650281   0.00464325225024608   -0.2531855394126716
0.40045593153078285  0.9003050899734519   -0.19272021856769808   0.048283947769348044   -0.03326386176184217   0.003406155354957777   -0.30443011054191893
0.40522924064832183  0.8993396584150971   -0.19956407786144578   0.04869962836144548   -0.0684385929374771   0.004156805920974361   -0.3517473117563494
0.41004408780480023  0.8983116400527561   -0.21035162564961735   0.0492337027792313   -0.10787547788171557   0.005340744177858196   -0.39436884944238465
0.41489541874572294  0.8971990925151963   -0.22543035391189387   0.04977265707359902   -0.15078728262276545   0.00538954294367709   -0.4291180474104986
0.41975700158219903  0.8959823987987197   -0.2452299346250581   0.050115198568506   -0.19799580713164225   0.0034254149490699085   -0.47208524508876837
0.42458134616803656  0.8946478710100005   -0.2698750741421935   0.050055234593135024   -0.24645139517135453   -0.0005996397537098679   -0.4845558803971228
0.4293375871685085  0.8931788099059328   -0.2995745946181662   0.04977948270324923   -0.29699520475972646   -0.002757518898857829   -0.5054380958837191
0.43400174329123725  0.8915581193036444   -0.3344260856428704   0.04937711045161459   -0.3485149102470422   -0.004023722516346496   -0.5151970548731566
0.43846283617716547  0.8898049431434992   -0.37445089244335944   0.04793221921146476   -0.40024806800489005   -0.0144489124014982   -0.5173315775784793
0.4425296841083375  0.8879907772706461   -0.4195946768201386   0.044531393319192016   -0.45143784376779134   -0.034008258922727554   -0.5118977576290127
0.4460601014037401  0.8861986384178187   -0.4697314119266673   0.03959243355425202   -0.5013673510652865   -0.049389597649399826   -0.49929507297495107
0.44900733343381977  0.8844925290453762   -0.5247493024110735   0.03405434749023252   -0.5501789048440634   -0.05538086064019499   -0.48811553778776895
0.4514326946801616  0.8828890432629729   -0.5841616481836491   0.029074978640783948   -0.5941234577257558   -0.049793688494485774   -0.4394455288169247
0.4534975654224104  0.8813264069674055   -0.6478210991154473   0.02589502534158961   -0.6365945093179818   -0.031799532991943415   -0.4247105159222596
0.45542469836160865  0.879651796968899   -0.715401388456085   0.025530687441659608   -0.675802893406377   -0.0036433789993000174   -0.3920838408839535
0.457416709001648  0.8776551789032672   -0.786553303136273   0.028203882871039584   -0.7115191468018806   0.026731954293799837   -0.35716253395503456
0.45957444278737514  0.8751442249608073   -0.8609115701105432   0.033106955147246   -0.7435826697427018   0.049030722762064036   -0.32063522940821315
0.46187329896231255  0.8720090882090354   -0.9380981268204593   0.038876499540663835   -0.7718655670991617   0.05769544393417843   -0.28282897356459663
0.464192802529501  0.8682518455327487   -1.0177228778094256   0.044155372636523645   -0.7962475098896644   0.05278873095859816   -0.24381942790502942
0.4663709589456834  0.8639788154096615   -1.0993830191169338   0.04796160110563175   -0.8166014130750824   0.03806228469108103   -0.20353903185417926
0.46825491250690243  0.8593711739637607   -1.18266180390095   0.04977915298074345   -0.8327878478401588   0.018175518751117038   -0.16186434765076277
0.46974781363645285  0.8546070159061055   -1.2671272911355447   0.04992590087411692   -0.8446548723459487   0.0014674789337346295   -0.11867024505790029
0.47082646734765043  0.8497483916470474   -1.3523314810016596   0.04976919079046536   -0.8520418986611491   -0.0015671008365156737   -0.07387026315200439
0.47147943388315977  0.8448673483329527   -1.4378098681113178   0.049245252695617206   -0.8547838710965817   -0.005239380948481544   -0.02741972435432513
0.47171392568681253  0.8399567066848816   -1.5230808077046059   0.049162371588174034   -0.8527093959328795   -0.0008288110744316741   0.02074475163702127
0.47153320900923873  0.8350546695114769   -1.6076452670820311   0.049053671592430535   -0.8456445937742544   -0.001086999957435001   0.07064802158625126
0.4709382269051171  0.8301282063643683   -1.6909868837764448   0.049622618677397395   -0.8334161669441326   0.005689470849668662   0.1222842683012191
0.46992881727417063  0.8251936764268588   -1.7725730577824745   0.05036714554866518   -0.8158617400603008   0.007445268712677797   0.17554426883831808
0.46851922475968083  0.820311174904335   -1.8518568890251272   0.05081906352376748   -0.7928383124265258   0.004519179751023021   0.23023427633774785
0.466760266573576  0.8156021991417234   -1.9282803040134546   0.05026767016015514   -0.7642341498832731   -0.005513933636123391   0.2860416254325281
0.4647628571854293  0.8112524850063637   -2.001278505125433   0.04786403380741524   -0.7299820111197831   -0.0240363635273989   0.3425213876348986
0.462660592345465  0.8073996411955767   -2.0702857958626018   0.04389068567206795   -0.6900729073716888   -0.03973348135347305   0.39909103748094404
0.4605586979297537  0.8040762812076072   -2.1347426232956703   0.039322616576736844   -0.6445682743306865   -0.04568069095331103   0.4550463304100235
0.45850023914217375  0.8012131464669717   -2.1941293751796063   0.035263002032124   -0.5938675188393545   -0.04059614544612841   0.5070075549133185
0.45645985281097  0.7986745015886455   -2.2478078316662593   0.03256976235527984   -0.5367845648665335   -0.026932396768441575   0.5708295397282114
0.454360312055055  0.7963027537630796   -2.2953906475335932   0.03167532025694933   -0.4758281586733402   -0.00894442098330514   0.6095640619319328
0.45210509220855083  0.7939560733509345   -2.336322584855472   0.03254677482145729   -0.40931937321879297   0.008714545645079739   0.665087854545473
0.44961144665547986  0.7915310945704817   -2.3701541479094463   0.03478331529622598   -0.33831563053973723   0.022365404747686866   0.7100374267905571
0.44685377231861195  0.7889878066275601   -2.3966153820246245   0.03751410575875751   -0.2646123411517807   0.027307904625315186   0.7370328938795662
0.4438770622260244  0.7863443281844702   -2.4154170543075333   0.039810527821606934   -0.18801672282908874   0.022964220628494264   0.7659561832269185
0.4407730225827756  0.7836471480553363   -2.4262132825416556   0.04112157919609413   -0.10796228234122263   0.013110513744871995   0.8005444048786612
0.4376581325766277  0.7809546216462867   -2.4287949784310703   0.041173095843985534   -0.025816958894146556   0.000515166478914014   0.8214532344707607
0.43464728203216657  0.7783223436256674   -2.4231796969662796   0.03999263504555712   0.05615281464790345   -0.0118046079842841   0.8196977354205
0.43183585249212675  0.775794955103924   -2.4093473549483417   0.03780453517556957   0.13832342017937754   -0.02188099869987553   0.8217060553147412
0.42927048456345507  0.7733846327984633   -2.387345036703255   0.035200520203010156   0.2200231824508701   -0.02604014972559412   0.8169976227149255
0.42694066764574085  0.7710596929384939   -2.3572422476004293   0.03291411888918641   0.3010278910282587   -0.022864013138237507   0.8100470857738862
0.42478172528490826  0.7687352522408077   -2.3192975252066605   0.03172389741887543   0.3794472239376835   -0.011902214703109803   0.7841933290942477
0.42270215502609015  0.7662809942245977   -2.2737391792519577   0.032168299413349324   0.45558345954702967   0.00444401994473897   0.761362356093462
0.42063716708567167  0.7635649819688619   -2.2208578028095496   0.034118759894462496   0.5288137644240791   0.019504604811131705   0.7323030487704942
0.41856638898370374  0.7604736255176129   -2.161006904543488   0.03720834134471193   0.5985089826606218   0.030895814502494314   0.6969521823654284
0.4165224090290721  0.7569350419677868   -2.0946023193219543   0.04086493312610576   0.6640458522153302   0.0365659178139383   0.6553686955470827
0.4145853808588994  0.7529386022113713   -2.0221198312846402   0.04441126980697395   0.7248248803731487   0.03546336680868187   0.6077902815781853
0.4128632763329174  0.7485416452064938   -1.9440909282444754   0.04722168453277495   0.7802890304016447   0.02810414725801009   0.554641500284958
0.4114625218635257  0.7438527686266567   -1.861096655638345   0.04893636343706805   0.8299427260613019   0.01714678904293101   0.4965369565965752
0.41046149694871176  0.7389886375530467   -1.773759923272165   0.04966067053647558   0.8733673236618033   0.00724307099407536   0.43424597600501214
0.4099036068403918  0.734025663698015   -1.6827368543446068   0.04994231758606859   0.9102306892755805   0.0028164704959300047   0.36863365613777255
0.40981410719120354  0.729029489092817   -1.588708046192945   0.04996976172929452   0.9402880815166168   0.00027444143225934214   0.30057392241036246
0.4102073202540103  0.7240259552476105   -1.492370442959399   0.05018960794117115   0.9633760323354615   0.002198462118766304   0.23087950818844785
0.4110748252296338  0.7191582897490185   -1.3944301247378466   0.04944363688980634   0.9794031822155225   -0.00745971051364811   0.16027149880060904
0.4123532545626353  0.7146300744408249   -1.2956327624343564   0.04705222145322972   0.9879736230349004   -0.02391415436576616   0.08570440819378077
0.41392400077013014  0.7106296697324453   -1.1966449218319035   0.042977298052792205   0.9898784060245315   -0.0407492340043753   0.019047829896308613
0.41565948420433535  0.7072364493968842   -1.0980258512900345   0.038112789186919   0.9861907054186909   -0.04864508865873196   -0.03687700605840531
0.41748689531103467  0.7043869833358614   -1.0005493665990821   0.033850979580817994   0.9747648469095211   -0.04261809606101009   -0.11425858509169724
0.4194533159126983  0.7018836048102036   -0.9049554525954614   0.031833494978358474   0.9559391400362077   -0.020174846024595225   -0.18825706873313328
0.4216200280608222  0.699599850873967   -0.8116908738795313   0.031480428164341996   0.9326457871593006   -0.0035306681401646805   -0.2329335287690712
0.42401607231983757  0.6974920701381205   -0.7214811903202014   0.03191201610924231   0.9020968355933008   0.004315879449003105   -0.3054895156599994
0.42671977422666374  0.6954999459826169   -0.6350082173481385   0.033583571358500604   0.8647297297206284   0.01671555249258292   -0.37367105872672457
0.4298422289592256  0.6935737985006498   -0.552731379078143   0.03668755603632325   0.8227683826999542   0.031039846778226517   -0.4196134702067407
0.4334655153462266  0.6917100955507846   -0.47507591072641897   0.0407450523714973   0.7765546835172408   0.040574963351740496   -0.4621369918271343
0.4376230820252076  0.6899391621834343   -0.40267866281915543   0.045190226467415426   0.7239724790726361   0.044451740959181266   -0.5258220444460475
0.44211736040835714  0.6883702293284478   -0.3358688999059699   0.047602613886944575   0.6680976291318554   0.024123874195291457   -0.558748499407807
0.446797270626807  0.6870500143417059   -0.27495740610634545   0.04862563857057464   0.6091149379962438   0.010230246836300637   -0.5898269113561149
0.4515160002806852  0.6859929845594729   -0.2203693539764258   0.048356717741083965   0.545880521299197   -0.0026892082949067225   -0.632344166970469
0.45619620140197553  0.6851788629732254   -0.17222681054101688   0.04750481711670215   0.4814254343540893   -0.008519006243818137   -0.644550869451076
0.4608594779300949  0.6845657067517701   -0.13073616514761485   0.04703414560679346   0.41490645393402015   -0.004706715099086915   -0.6651898042006915
0.46562512558619795  0.6841068296876386   -0.09599256565401362   0.04787688977168077   0.34743599493601224   0.008427441648873083   -0.6747045899800789
0.4704603457667598  0.6837774420930174   -0.06801747769453764   0.04846426557990286   0.2797508795947598   0.005873758082220957   -0.6768511534125251
0.4753507408112982  0.6835486245959277   -0.04675506503098393   0.04895745207689051   0.21262412663553737   0.004931864969876417   -0.6712675295922241
0.48030672165711413  0.6833896244887817   -0.032071469524805864   0.04958530747928994   0.1468359550617806   0.0062785540239942705   -0.6578817157375676
0.4853195245325471  0.6832705162253864   -0.02375634125414598   0.05014217730249395   0.08315128270659887   0.0055686982320402294   -0.6368467235518172
0.4903474036763438  0.6831622699993428   -0.02152587668052732   0.050290442362409545   0.02230464573618657   0.0014826505991558608   -0.608466369704123
0.4953662117849846  0.6830366371976994   -0.025027171274941258   0.05020380307526296   -0.0350129459441394   -0.0008663928714657827   -0.5731759168032596
0.5004199856441428  0.6828655316867986   -0.03384405030457143   0.05056669587323311   -0.08816879029630169   0.0036289279797015322   -0.5315584435216227
0.5055487266893667  0.6826217133723455   -0.04750383834986629   0.051345332874000775   -0.1365978804529486   0.007786370007676452   -0.48429090156646926
0.5107307259972319  0.6822818871797967   -0.06548443653436781   0.05193129949062398   -0.17980598184501526   0.005859666166232176   -0.4320810139206662
0.5158628119905307  0.6818331188307559   -0.08722179425010809   0.05151669600596003   -0.21737357715740294   -0.004146034846639455   -0.375675953123877
0.520721847236488  0.6812860383669818   -0.11211817923931619   0.0488973624598401   -0.24896384989208095   -0.026193335461199344   -0.3159027273467803
0.52503144812768  0.6806806717271023   -0.1395561947548099   0.04351910914763186   -0.2743801551549369   -0.05378253312208249   -0.25416305262855954
0.5285861199051016  0.6800745028228604   -0.16890269000427305   0.03605985605304587   -0.2934649524946315   -0.07459253094585985   -0.1908479733969459
0.531339407616066  0.6795177628481339   -0.1995188397460118   0.028090127480669465   -0.3061614974173877   -0.07969728572376404   -0.1269654492275616
0.5334367136362171  0.6790249759606855   -0.23077579986570493   0.02154421374430407   -0.31256960119693084   -0.06545913736365393   -0.06408103779543173
0.5352328035416677  0.6785432066252516   -0.26206351678048195   0.018595807702340976   -0.3128771691477703   -0.029484060419630954   -0.003075679508394925
0.5371210413413084  0.6779740026058939   -0.2927839820393112   0.019721651055739847   -0.30720465258829194   0.011258433533988746   0.05672516559478411
0.5395398228542493  0.6771661005878334   -0.3223612178506472   0.025501391487776172   -0.2957723581133609   0.05779740432036322   0.11432294474930998
0.5429104808503654  0.6759347575950948   -0.35025045665891935   0.03588529070878852   -0.2788923880827218   0.10383899221012348   0.16879970030639116
0.5473070337722789  0.6741992721825029   -0.37596174024615203   0.04726688821204168   -0.2571128358723261   0.11381597503253169   0.21779552210395733
0.5522564677956996  0.6721122187122172   -0.39905112572549695   0.053714699422051926   -0.23089385479344957   0.06447811210010235   0.2621898107887653
0.5571657700460463  0.6699250584632652   -0.419116661331778   0.05374469140281827   -0.2006553560628105   0.0002999198076634994   0.3023849873063903
0.5620382031700694  0.6676559441942768   -0.4358368081880809   0.05374893870002623   -0.16720146856302898   4.247297207952857e-05   0.3345388749978151
0.5668802780780243  0.665322857424598   -0.4490112317920641   0.05374847280535971   -0.1317442360398319   -4.658946665145979e-06   0.354572325231971
0.5716996005011155  0.6629443387006939   -0.4584646540391996   0.053743111128457866   -0.09453422247135496   -5.3616769018431254e-05   0.3721001356847694
0.5765028254570856  0.6605395991758954   -0.46416829790589176   0.053715679423951564   -0.05703643866692191   -0.00027431704506310103   0.3749778380443305
0.5805410243751099  0.6585080166597624   -0.4661175448973204   0.045204400251942986   -0.01949246991428616   -0.08511279172008572   0.3754396875263576
0.5836614333868271  0.6569451452389957   -0.464331109938155   0.03489916829703725   0.017864349591653596   -0.10305231954905734   0.3735681950593976
0.5861119844344823  0.6557341485944024   -0.4589753103681622   0.02733443489515977   0.05355799569992785   -0.0756473340187748   0.3569364610827426
0.5882843367229202  0.6546842666414715   -0.4501926386017785   0.024127508325911443   0.08782671766383754   -0.032069265692483306   0.3426872196390968
0.5905682212902487  0.6536143535588147   -0.4381003974625432   0.025220711174186   0.12092241139235342   0.0109320284827456   0.3309569372851588
0.5931953399341299  0.6524317663144256   -0.4229754267045759   0.028810180422235463   0.15124970757967213   0.03589469248049461   0.30327296187318714
0.5962556469046503  0.6511198351303347   -0.40499421483900505   0.03329660971570678   0.17981211865570898   0.044864292934713175   0.2856241107603685
0.5997519242968347  0.6497055230828263   -0.3843963333858775   0.03771502906113468   0.20597881453127576   0.04418419345427897   0.2616669587556674
0.603549654332246  0.648269630116515   -0.3614790789536477   0.040601160122049576   0.22917254432229744   0.02886131060914896   0.23193729791021728
0.6074608239358624  0.6469017662774124   -0.3364366552236686   0.04143464631268325   0.25042423729979163   0.00833486190633678   0.21251692977494174
0.6113236143560044  0.6456658899857037   -0.3096520688018773   0.04055679972377596   0.2678458642179131   -0.008778465889072865   0.17421626918121488
0.6150633915381524  0.6445849718335448   -0.28136499355864897   0.03892854662555299   0.28287075243228205   -0.016282530982229718   0.15024888214368837
0.6187334747395661  0.643640263085596   -0.2519386468252987   0.03789721008695465   0.2942634673335037   -0.010313365385983436   0.113927149012218
0.6223672821474139  0.6428214913429185   -0.22161959332434158   0.037249085148410715   0.3031905350095711   -0.006481249385439331   0.08927067676067323
0.625988370320702  0.6421218724477681   -0.19085519543409699   0.03688054521990815   0.3076439789024462   -0.00368539928502566   0.04453443892875088
0.6296325939314381  0.6415339204970512   -0.1599596453448813   0.036913484286094984   0.30895550089215673   0.0003293906618683918   0.013115219897105379
0.6333886406767968  0.6410454653663454   -0.12931926423438872   0.03787674163392617   0.3064038111049257   0.009632573478311807   -0.025516897872309555
0.6372404604209421  0.6406615552067786   -0.09934172552531838   0.03870904590920098   0.29977538709070345   0.008323042752748113   -0.06628424014222332
0.6411261661406946  0.6403873375316876   -0.07045407608672148   0.03895369593998785   0.2888764943859688   0.00244650030786867   -0.10898892704734593
0.6450061379202671  0.6402200053114514   -0.04310046618780279   0.038835783862576634   0.27353609898918685   -0.001179120774112194   -0.1534039539678198
0.6489213174215681  0.640150544514498   -0.017739546945576203   0.039157956189925104   0.253609192422266   0.0032217232734847866   -0.19926906566920888
0.6530135526940936  0.6401716550091266   0.005158625043852408   0.040922897232095225   0.2289817198942861   0.017649410421701078   -0.24627472527979855
0.6574792002643614  0.6402838404511639   0.025116592565381495   0.04467056502356218   0.19957967521529088   0.037476677914669645   -0.294020446789952
0.6624441303876133  0.6404907754955955   0.04165523724522036   0.04969240710751511   0.16538644679838868   0.050218420839529314   -0.3419322841690225
0.667800228877769  0.6407819112821975   0.05430250535323278   0.05364005134457758   0.12647268108012422   0.0394764423706247   -0.3891376571826445
0.6731580771855151  0.6411177879940648   0.06260680452665034   0.05368365827176009   0.08304299173417555   0.0004360692718250055   -0.4342968934594865
0.6785157552733583  0.6414727490493222   0.06615609486287904   0.053694237906600155   0.03549290336228699   0.0001057963484008081   -0.4755008837188857
0.6838736976927006  0.6418193584070685   0.06460074283354665   0.05369141925472345   -0.015553520293323847   -2.8186518767111585e-05   -0.5104642365561084
0.6892324335797968  0.6421287721285369   0.05767601934848042   0.053676612373253815   -0.06924723485066236   -0.00014806881469639092   -0.5369371455733852
0.6945942097992159  0.642371393430545   0.045219326555522334   0.053672627402912336   -0.12456692792958092   -3.984970341471294e-05   -0.5531969307891853
0.6999385950040509  0.6425166813258341   0.027178452668140687   0.05346359676469096   -0.18040873887381637   -0.002090306382213811   -0.5584181094423549
0.7052652963732624  0.6425359074960741   0.0036093795025669887   0.053267360665217416   -0.235690731655737   -0.001962360994735464   -0.5528199278192066
0.7106152958797399  0.642400337711026   -0.025334727334029045   0.053517169101071176   -0.2894410683659604   0.0024980843585376044   -0.5375033671022333
0.7156956462034948  0.6420981069791972   -0.05942010463423089   0.050893322575106016   -0.3408537730020184   -0.026238465259651584   -0.5141270463605804
0.7202875519830858  0.6416450267935954   -0.09835096711402765   0.04614204193924113   -0.3893086247979677   -0.04751280635864886   -0.48454851795949283
0.7243568376096691  0.6410641617858641   -0.14178590799053217   0.04110533988172616   -0.43434940876504496   -0.05036702057514968   -0.45040783967077286
0.727987488560068  0.6403682028269908   -0.18939241778211513   0.03696753331785744   -0.47606509791582985   -0.04137806563868732   -0.41715689150784835
0.731306830629429  0.6395537324854325   -0.24061725117287747   0.03417805393919855   -0.5122483339076231   -0.02789479378658881   -0.3618323599179334
0.7344620675517035  0.6385944826947502   -0.2951392263751118   0.03297829619099318   -0.5452197520223434   -0.011997577482053748   -0.32971418114720297
0.7375908135346881  0.6374438627125814   -0.3524060631587308   0.03333613320319088   -0.5726683678361907   0.0035783701219769828   -0.27448615813847294
0.7408194308521724  0.6360328397897065   -0.412021160040516   0.035234862667019785   -0.5961509688178506   0.018987294638289125   -0.23482600981659904
0.7441579354185537  0.634322399158734   -0.4734687166478193   0.037511624720651796   -0.6144755660730342   0.02276762053632006   -0.1832459725518354
0.7475627962458361  0.6322984348773375   -0.5363166367883974   0.0396099844301049   -0.6284792014057795   0.020983597094530983   -0.1400363533274535
0.7509207779843655  0.6300006347080851   -0.6000976188677734   0.040688975133459246   -0.6378098207937607   0.010789907033543624   -0.09330619387981215
0.7541321347627424  0.6274856679052325   -0.664380371254542   0.04078954569185236   -0.6428275238676856   0.0010057055839310007   -0.050177030739249444
0.7571094181806209  0.624828020699062   -0.7287348128309865   0.039909028079922006   -0.643544415764445   -0.008805176119303496   -0.0071689189675932345
0.759805813922065  0.6220918427303415   -0.7927209386279751   0.038415127060818594   -0.6398612579698866   -0.014939010191034068   0.036831577945584615
0.762214324839005  0.6193169827433317   -0.8559585931241822   0.03674339775323559   -0.6323765449620721   -0.01671729307583007   0.07484713007814481
0.7643637751511736  0.6165060011300152   -0.9179775007820805   0.03538609087605437   -0.6201890765789819   -0.013573068771812195   0.12187468383090069
0.7662898497992708  0.6136439745885299   -0.9784385598951191   0.03449776728167551   -0.6046105911303853   -0.008883235943788552   0.1557848544859679
0.7680551651802523  0.6106575673664154   -1.0369342210621737   0.034691449221134735   -0.584956611670548   0.0019368193945922458   0.19653979459837298
0.7697169379935724  0.6074488624678536   -1.092935275667102   0.03613485299422502   -0.5600105460492821   0.014434037730902752   0.24946065621265706
0.7713428422770321  0.603852951101143   -1.1461529060515454   0.03946408911429079   -0.5321763038444339   0.03329236120065779   0.27834242204848253
0.772967847689956  0.5997199497778942   -1.1961847373201482   0.04440984410015771   -0.5003183126860256   0.04945754985866917   0.31857991158408366
0.7745539467604152  0.5950613773747951   -1.2426375587746337   0.04921179441579204   -0.46452821454485554   0.04801950315634333   0.35790098141170024
0.7760645720150708  0.5899179763069002   -1.2851278269379651   0.0536064951337249   -0.4249026816333147   0.04394700717932862   0.3962553291154093
0.7773748216838844  0.5847328403118149   -1.3232843053893861   0.053481201820964566   -0.38156478451421094   -0.0012529331276034095   0.43337897119103713
0.7785165657856633  0.5794803993932858   -1.3567521650195318   0.05375101412678817   -0.33467859630145697   0.0026981230582360186   0.46886188212753915
0.7795085642705366  0.5741970074037861   -1.385199265584151   0.05375713153498338   -0.28447100564619426   6.117408195214914e-05   0.5020759065526276
0.7802737661527955  0.5695287089278381   -1.408326607414657   0.04730596641138175   -0.2312734183050591   -0.06451165123601628   0.5319758734113516
0.7807861345153345  0.5660177595719114   -1.4258848471037073   0.03548138486419595   -0.17558239689049937   -0.11824581547185804   0.5569102141455972
0.7811000002632478  0.5636732002336048   -1.4377177111297514   0.02365474624373085   -0.11832864026044242   -0.11826638620465102   0.5725375663005696
0.78125  0.5625   -1.443631064896882   0.01182750484741323   -0.05913353767130495   -0.1182724139631762   0.5919510258913745
0.78125  0.5625   -1.443631064896882   1.675681495841942e-24   9.686090083862401e-22   -0.11827504847413228   0.5913353767130495
