0.8125  0.09375   -4.3106443720942496   3.390090180435836e-26   -1.2928718383584604e-21   2.1638339592298024e-20   0.0
0.8120356117772342  0.09483654287842117   -4.308487427217555   0.011816225489094955   0.021569448766942882   0.11816225489094954   0.21569448766942878
0.8111132339395883  0.09696918137753414   -4.304178338532303   0.02323559304876736   0.04309088685252239   0.11419367559672405   0.21521438085579514
0.8098588542628848  0.09981882321237028   -4.297724158279544   0.03113507180042238   0.06454180252758676   0.07899478751655017   0.21450915675064364
0.8083746289538426  0.10311357610747461   -4.289134689736429   0.0361362994892955   0.08589468543115422   0.0500122768887312   0.21352882903567455
0.8067320358310763  0.10665806066343211   -4.278429314890815   0.039065948003830765   0.10705374845613105   0.029296485145352658   0.2115906302497684
0.8049866224656218  0.11030147834061153   -4.265633779532367   0.04039920814408503   0.12795535358449106   0.01333260140254267   0.20901605128360032
0.8031819679583965  0.11392929108160971   -4.250783659353035   0.04051888840306133   0.14850120179331783   0.0011968025897629527   0.20545848208826728
0.801350191128051  0.11746100633480373   -4.233921171009568   0.039784945627503315   0.16862488343466503   -0.007339427755580155   0.20123681641347227
0.7995117755569816  0.12084797429290253   -4.215097388188799   0.03853741527546793   0.1882378282076897   -0.012475303520353781   0.19612944773024663
0.7976755461580805  0.12406981150298088   -4.194371479562159   0.03708365329041145   0.20725908626639988   -0.014537619850564773   0.19021258058710186
0.7958404957413868  0.1271271095285449   -4.171807972578988   0.035657371256059965   0.22563506983170845   -0.014262820343514936   0.18375983565308554
0.7939980496639609  0.13003404353140452   -4.147478904814213   0.034416381049151075   0.2432906776477505   -0.012409902069088864   0.17655607816042057
0.7921345232353018  0.13281170506012044   -4.121462992206138   0.03344866861090254   0.260159126080755   -0.009677124382485398   0.16868448433004457
0.7902336288019189  0.13548256200321382   -4.093842431766177   0.03278242891754061   0.27620560439960185   -0.006662396933619241   0.1604647831884686
0.7882775439597751  0.1380680620846502   -4.0647029448984835   0.03242079360653017   0.2913948686769446   -0.003616353110104413   0.1518926427734281
0.7862470712986149  0.14058796416155372   -4.034136948389021   0.03236159097587979   0.3056599650946277   -0.0005920263065038214   0.1426509641768309
0.7841214428957791  0.14306024820984656   -4.002242586446688   0.03260442381393288   0.31894361942331534   0.0024283283805309292   0.13283654328687614
0.7818782491008269  0.145500874138934   -3.969117828412093   0.03314901707056514   0.3312475803459559   0.0054459325663226065   0.1230396092264063
0.779494015993523  0.1479229650918795   -3.934867327657529   0.033986897614088414   0.3425050075456468   0.008378805435232681   0.11257427199690809
0.7769461917925972  0.1503348715158018   -3.899593408108473   0.035083758003640546   0.352739195490552   0.010968603895521324   0.10234187944905192
0.7742175227521445  0.15273684888960504   -3.86340210068528   0.03635262031351724   0.36191307423193314   0.012688623098767008   0.09173878741381197
0.7712974576600516  0.15512150226102694   -3.8264002470721454   0.03770059925769467   0.3700185361313493   0.013479789441774345   0.08105461899416086
0.768184353533052  0.15747390015224513   -3.7886960321993173   0.03901947352816221   0.3770421487282809   0.013188742704675304   0.07023612596931687
0.7648866884225068  0.15977282904759854   -3.7503954809883955   0.04019909109320559   0.3830055121092162   0.011796175650433793   0.0596336338093522
0.761423216479053  0.16199286226992424   -3.7116042421487014   0.04113901482938267   0.38791238839693887   0.009399237361770818   0.04906876287722685
0.7578220993644977  0.16410685285222362   -3.6724263346247996   0.04175763481663201   0.39177907523901545   0.006186199872493318   0.03866686842076598
0.7541186927553849  0.16608873568266222   -3.63296427678677   0.042003666585201334   0.3946205783803001   0.0024603176856932926   0.028415031412847187
0.7503527713971536  0.16791590869617026   -3.5933191323203566   0.0418577649877233   0.3964514446641296   -0.0014590159747803189   0.01830866283829425
0.7465636856764057  0.16957176941444027   -3.5535900511605414   0.041350991907673273   0.3972908115981557   -0.005067730800500214   0.00839366934026117
0.7427837615524954  0.17104779395765196   -3.513874419873815   0.04057890441434216   0.3971563128672609   -0.007720874933311181   -0.0013449873089478148
0.7390315598176402  0.17234424195380052   -3.474267785102696   0.03969860862268095   0.39606634771119176   -0.00880295791661203   -0.010899651560691741
0.7353029676857843  0.17347019823060586   -3.434863993421912   0.038948911182489596   0.39403791680784345   -0.007496974401913631   -0.020284309033482634
0.7315622494575348  0.17444196628354214   -3.3957557011440147   0.03864881112254929   0.39108292277896806   -0.003001000599403024   -0.029549940288754076
0.727738430403142  0.17527876630671851   -3.3570351089962296   0.03914310467952812   0.3872059214778538   0.0049429355697883075   -0.038770013011142884
0.7237295989489264  0.17599666333012426   -3.3187932307405092   0.0407260429756237   0.38241878255720546   0.015829382960955797   -0.04787138920648322
0.7194232828110038  0.17660145111923914   -3.281122103513982   0.04348577577736842   0.3767112722652701   0.02759732801744713   -0.05707510291935329
0.7147366403024463  0.17708362534638872   -3.244114598433124   0.04711380900367152   0.3700750508085765   0.0362803322630311   -0.06636221456693639
0.7096715109442209  0.17741980288138773   -3.2078664206326257   0.050762733132284125   0.36248177800498804   0.036489241286126003   -0.0759327280358844
0.7043505671638142  0.17758418286753236   -3.172475844483888   0.05323482271417249   0.353905761487373   0.024720895818883638   -0.08576016517615034
0.6989743044082778  0.17756510537741704   -3.1380442016425447   0.0537629660335035   0.3443164284134345   0.005281433193310148   -0.09589333073938462
0.6936544635492707  0.17736862203586737   -3.104675370311751   0.053234680865642016   0.33368831330794047   -0.005282851678614816   -0.10628115105494144
0.6885399254731633  0.17701455310635703   -3.0724749895583323   0.051267791583797   0.32200380753418145   -0.019668892818450245   -0.11684505773758962
0.6837881225026518  0.17653757364129324   -3.0415491354698907   0.047756822424293424   0.3092585408844209   -0.035109691595035755   -0.12745266649760537
0.679458438788773  0.17597332932512574   -3.0120029954067853   0.043662950782734716   0.2954614006310498   -0.040938716415587   -0.13797140253371135
0.6755282476256482  0.1753485371490732   -2.983939438664068   0.03979543672578578   0.28063556742717877   -0.03867514056948939   -0.14825833203871025
0.6719330701212639  0.1746789721102238   -2.957462408722904   0.03656995847588573   0.26477029941163105   -0.03225478249900054   -0.1586526801554769
0.6686013626967313  0.17397259941778678   -2.9326711384491686   0.034057652214012225   0.24791270273735708   -0.025123062618735006   -0.16857596674273956
0.6654746132751983  0.1732341300235802   -2.909664646136893   0.032127712323221556   0.23006492312275587   -0.01929939890790672   -0.1784777961460126
0.6625119224075176  0.1724679838785254   -2.8885382016591348   0.030601498481319798   0.2112644447775828   -0.015262138419017584   -0.18800478345173044
0.6596844320202694  0.17167873049859134   -2.8693856375416464   0.029355787824068693   0.1915256411748856   -0.012457106572511024   -0.1973880360269719
0.6569595041373733  0.17086766598472167   -2.852296676761387   0.028430718620259303   0.17088960780259638   -0.009250692038093897   -0.20636033372289228
0.6542819899647041  0.1700269739891393   -2.8373579542005647   0.028063936246151205   0.14938722560822149   -0.003667823741081004   -0.21502382194374922
0.6515549977363954  0.16913252989612057   -2.8246528527119863   0.028699332481423617   0.12705101488578313   0.006353962352724122   -0.2233621072243835
0.6486309744233922  0.16813968988135902   -2.8142612832142566   0.03087983748321439   0.10391569497730081   0.021805050017907706   -0.2313531990848231
0.6453269253292621  0.16698823636184756   -2.806256809935558   0.03498940643111452   0.08004473278698238   0.041095689479001316   -0.23870962190318418
0.6414719182646216  0.16562074129012536   -2.800708317028188   0.04090369450259092   0.05548492907370284   0.05914288071476401   -0.2455980371327955
0.6369933395961465  0.16401674949957995   -2.7976779940672953   0.04757147943238445   0.03030322960892615   0.06667784929793533   -0.251816994647767
0.6320275985779602  0.1622357184519516   -2.7972205614576624   0.05275476798575993   0.004574326096332793   0.05183288553375477   -0.2572890351259335
0.6269644331806308  0.16043209407662434   -2.7993832780279346   0.053748213670771185   -0.021627165702722738   0.009934456850112497   -0.2620149179905554
0.6218914097133268  0.15865244911157256   -2.80420034419019   0.05376123445518344   -0.04817066162255489   0.00013020784412250244   -0.26543495919832155
0.6168052483485261  0.15691090228701735   -2.811696464238016   0.053760601532078504   -0.07496120047826181   -6.3292310492600524e-06   -0.2679053885570691
0.6117013481722742  0.1552211848703002   -2.821885921527789   0.05376331645044102   -0.10189457289773518   2.714918362516038e-05   -0.26933372419473367
0.6066643908449582  0.1536253587395433   -2.834773858420869   0.052837108320581506   -0.12887936893079158   -0.009262081298595163   -0.26984796033056396
0.6019777084486169  0.1522204804912364   -2.8503563834676506   0.048927165027969004   -0.1558252504678186   -0.039099432926125055   -0.26945881537027033
0.5977073060976571  0.15102493437517722   -2.8686201148015362   0.04434598826805827   -0.18263731333886235   -0.04581176759910722   -0.2681206287104375
0.5937519098851718  0.15000631382390897   -2.889542579824865   0.040844518634951046   -0.20922465023328304   -0.035014696331072265   -0.2658733689442069
0.5899417015819888  0.14912020328211434   -2.9130921332031843   0.039118894674983196   -0.2354955337831926   -0.017256239599678546   -0.2627088354990958
0.586112312367333  0.14833451163473035   -2.9392269433816676   0.03909160155595038   -0.2613481017848328   -0.00027293119032819127   -0.2585256800164023
0.582144829421118  0.14763835384717697   -2.96789501074402   0.04028095901747877   -0.28668067362352984   0.011893574615283908   -0.25332571838697004
0.5779772748666979  0.14704017043808515   -2.999032898268424   0.04210265354461654   -0.31137887524403096   0.018216945271377714   -0.246982016205011
0.5735968340082642  0.14656067352385085   -3.032563576075149   0.04406606336512866   -0.33530677806725534   0.019634098205121138   -0.23927902823224445
0.5690224436968035  0.14622523797404252   -3.068394646684526   0.04586672402696662   -0.358310706093772   0.018006606618379672   -0.2300392802651663
0.5642867684797365  0.14605858839109295   -3.1064169212994295   0.04738606529882179   -0.38022274614902946   0.015193412718551706   -0.21912040055257395
0.5594241397499621  0.1460824482837208   -3.146499403100921   0.04862687267149903   -0.4008248180149185   0.01240807372677235   -0.206020718658891
0.5544679182505248  0.14631505626088195   -3.1884907627610177   0.04961676936532975   -0.41991359660096894   0.009898966938307241   -0.19088778586050417
0.5494552742323172  0.14677055166988454   -3.232213067172727   0.05033296744768146   -0.43722304411709334   0.007161980823517099   -0.17309447516124346
0.5444372229797528  0.14745658093042377   -3.277462636918059   0.05064728474427696   -0.45249569745331575   0.00314317296595497   -0.15272653336222447
0.5394921692449361  0.14836876951722308   -3.324006928048712   0.05028483315882747   -0.4654429113065302   -0.0036245158544948187   -0.12947213853214487
0.5347342471190736  0.14948275697859512   -3.371583005183972   0.04886592986925223   -0.4757607713526033   -0.014189032895752518   -0.10317860046073106
0.5303059910446042  0.15074799062763278   -3.4198959929031325   0.04605460677036773   -0.48312987719160155   -0.02811323098884491   -0.07369105838998223
0.5263695031876626  0.15208326837800623   -3.4686186827317114   0.04156790025788082   -0.4872268982857898   -0.04486706512486916   -0.04097021094188278
0.5230934271491374  0.1533758438173771   -3.5173918479463384   0.035218497237479225   -0.4877316521462709   -0.06349403020401591   -0.005047538604810536
0.5205830052997135  0.15450970081025212   -3.565826133014471   0.027546051518061825   -0.4843428506813295   -0.07672445719417402   0.033888014649413836
0.5188172081712762  0.15541091740922325   -3.6135048235150724   0.019824809852955434   -0.47678690500601567   -0.07721241665106393   0.07555945675313826
0.5176205329694233  0.15609354324727787   -3.659989711621767   0.013776826824451664   -0.4648488810669404   -0.060479830285037686   0.1193802393907527
0.516645116162824  0.15670948460102097   -3.704827294169403   0.011536124556570663   -0.448375825476358   -0.022407022678809983   0.16473055590582378
0.5153865542379523  0.15758156823788155   -3.747551605950722   0.01531178627207565   -0.42724311781319313   0.03775661715504984   0.21132707663164843
0.5133204296189612  0.1591395603089875   -3.7876902316536496   0.02587703660551321   -0.40138625702927394   0.10565250333437562   0.2585686078391925
0.5104003688943977  0.16151625703870076   -3.8247641417917198   0.03765028815317105   -0.37073910138069854   0.11773251547657836   0.30647155648575336
0.5066725314551502  0.16476412463748855   -3.8582931658010655   0.049442305683202625   -0.3352902400934643   0.1179201753003158   0.35448861287234285
0.502724856212577  0.16841387657789192   -3.8877971888429705   0.053763211443611736   -0.29504023041904875   0.0432090576040911   0.4025000967441554
0.49886968967706025  0.1721612295762557   -3.9128104771511527   0.05376333649515907   -0.2501328830818224   1.2505154732831521e-06   0.44907347337226344
0.49509057710509174  0.17598527677239142   -3.9329007415961534   0.05376339720468358   -0.20090264445001055   6.070952451889018e-07   0.49230238631811873
0.4913684223515906  0.179864788384168   -3.9476881720849875   0.05376341354017877   -0.14787430488833408   1.6335495185473685e-07   0.5302833956167649
0.48768207721275436  0.18377834333554016   -3.956878335644851   0.05376341957133478   -0.09190163559863666   6.031156011766735e-08   0.5597266928969742
0.4840091090599586  0.1877044559243482   -3.960291010370382   0.05376342168375425   -0.03412674725530942   2.112419478770867e-08   0.5777488834332724
0.48032667924754674  0.1916216953753425   -3.957878340269071   0.05376342087308793   0.024126701013108515   -8.106663278633708e-09   0.5825344826841793
0.4766125025319597  0.19550884615994557   -3.949742661518587   0.05376341683417462   0.08135678750483795   -4.038913307715221e-08   0.5723008649172945
0.47284575365830933  0.19934507387638686   -3.9361289365129415   0.05376340778777056   0.13613725005645363   -9.04640406503746e-08   0.547804625516157
0.46900785606898726  0.20311011824419592   -3.9174088693321885   0.05376338623793828   0.18720067180753955   -2.1549832279305592e-07   0.510634217510859
0.46508306140168854  0.206784467006834   -3.8940456185916457   0.05376323279896677   0.23363250740542577   -1.5343897151253282e-06   0.4643183559788621
0.46109788600414603  0.21031495746490933   -3.8665661731789602   0.053240948360957795   0.27479445412685094   -0.005222844380089667   0.41161946721425186
0.45790830025265117  0.21296862850374257   -3.835531614130702   0.04149147773758223   0.3103455904825836   -0.11749470623375569   0.3555113635573266
0.4555645896896339  0.2147872866740072   -3.801510870034099   0.02966563119751516   0.3402074409660285   -0.11825846540067073   0.2986185048344494
0.4541155287175147  0.21582941983679563   -3.7650743140360863   0.017848863352893415   0.36436555998013254   -0.11816767844621741   0.24158119014103985
0.45354545051446093  0.2162071617135991   -3.7267844099756418   0.006838699314110136   0.3828990406044419   -0.11010164038783284   0.1853348062430935
0.453328830620681  0.2163386674120955   -3.687202094502298   0.002534125630631327   0.39582315473343305   -0.04304573683478809   0.12924114128991188
0.45293387165136273  0.21655715624798516   -3.646884577570795   0.004513645520567599   0.40317516931503256   0.019795198899362716   0.07352014581599478
0.4519869846958557  0.21703196035781003   -3.6063891641319725   0.010592609920204554   0.40495413438822225   0.06078964399636954   0.017789650731897165
0.45029208013885397  0.21779838059188683   -3.566266949787993   0.018601347888116508   0.4012221434397968   0.08008737967911958   -0.03731990948425474
0.4478002038097387  0.21880948127692162   -3.52705361196207   0.026891954623796357   0.39213337825923317   0.08290606735679851   -0.0908876518056358
0.44457546893248623  0.2199780767071371   -3.4892579618612958   0.03429946108627503   0.37795650100774125   0.07407506462478668   -0.1417687725149192
0.4407605834853075  0.22120748307508056   -3.4533494017976762   0.040080906916679676   0.35908560063619677   0.057814458304046516   -0.18870900371544516
0.4365391196865647  0.22241295382487333   -3.4197473759017147   0.043902068667320104   0.33602025895960963   0.038211617506404214   -0.23065341676587112
0.43210429656695715  0.2235322116290783   -3.3888094541186136   0.045738817359523065   0.3093792178310146   0.01836748692202968   -0.26641041128595067
0.42763583301107144  0.22452786721969062   -3.3608295840807605   0.04578045063713839   0.27979870037853055   0.0004163327761531872   -0.29580517452484045
0.4232759344097945  0.22538644694255952   -3.336031219151474   0.04443633080479993   0.24798364929286332   -0.013441198323384607   -0.3181505108566723
0.4190984303076018  0.22611635349679318   -3.3145696557577295   0.04240790504345716   0.2146156339374505   -0.02028425761342771   -0.333680153554128
0.4150813325460852  0.22674379629735872   -3.296533814195189   0.04065803597514406   0.18035841562540367   -0.017498690683131025   -0.3425721831204682
0.41109282524143687  0.2273073087552215   -3.2819477369574472   0.04028118271525476   0.14586077237741515   -0.0037685325988929498   -0.34497643247988546
0.4069205229129328  0.2278493094864567   -3.2707737161375166   0.04207359208945305   0.11174020819931027   0.017924093741982908   -0.3412056417810487
0.40235149692693384  0.22840636537440756   -3.262913943730585   0.046028588641225276   0.07859772406931236   0.03954996551772224   -0.3314248412999792
0.3973032328421373  0.228997772169766   -3.258211616233464   0.05082787844031857   0.04702327497120991   0.04799289799093295   -0.3157444909810245
0.39196536125133224  0.22961358390409567   -3.2564514132950952   0.05373276208427897   0.017602029383687604   0.029048836439604007   -0.294212455875223
0.38662501795521176  0.23023461062772108   -3.2573623234734614   0.0537633152920004   -0.009109101783661474   0.000305532077214328   -0.2671113116734908
0.3812868956781096  0.2308730461499035   -3.260626518512751   0.05376164930624161   -0.03264195039289767   -1.6659857587979825e-05   -0.23532848609236195
0.3760991236066721  0.23152122822613264   -3.265892714758095   0.05228108555598919   -0.05266196245343832   -0.014805637502524161   -0.20020012060540662
0.3715114462365939  0.23212660862738518   -3.2727925626314596   0.04627447361358595   -0.06899847873364702   -0.06006611942403241   -0.16336516280208685
0.3676633549054023  0.23266638809524232   -3.2809553565500766   0.038857648882954045   -0.08162793918617017   -0.07416824730631912   -0.12629460452523159
0.36445956071566393  0.23314543632086118   -3.2900182957720765   0.03239411121279351   -0.09062939221999547   -0.06463537670160531   -0.09001453033825295
0.361700368315688  0.23358516491638415   -3.2996322034250456   0.02794012157776697   -0.09613907652968905   -0.04453989635026535   -0.05509684309693582
0.35918217047475337  0.234011914866372   -3.309464163523606   0.025541017767312588   -0.09831960098560373   -0.023991038104543852   -0.021805244559146883
0.3567476410188301  0.23444890745979932   -3.3191990749032643   0.024734381331393194   -0.09734911379659038   -0.00806636435919394   0.009704871890133507
0.3542951296357018  0.23491281717931586   -3.3285408558346217   0.024960016651106056   -0.09341780931357155   0.0022563531971286402   0.039313044830188305
0.3517653694801129  0.23541409972118252   -3.3372127553573945   0.02578947582170838   -0.08671899522772467   0.008294591706023233   0.066988140858469
0.34912230087435336  0.23595915554397262   -3.3449625700675143   0.02698684402576338   -0.07749814710120248   0.011973682040549999   0.09220848126522171
0.34633805309513643  0.2365525010274397   -3.3515597084314948   0.028467691439286867   -0.06597138363979971   0.014808474135234867   0.1152676346140278
0.3433867171939272  0.23719764606520208   -3.3568017045029968   0.030210256075570513   -0.052419960715023584   0.01742564636283645   0.13551422924776121
0.3402472336791137  0.23789613304248194   -3.360511689990369   0.032162463831638774   -0.0370998548737257   0.019522077560682645   0.15320105841297896
0.33691040456908833  0.23864564488540418   -3.362543462232928   0.03419970250191216   -0.020317722425584966   0.020372386702733905   0.1678213244814072
0.33338524033417516  0.23943834993324425   -3.362783725560182   0.036131930720599455   -0.002402633272540541   0.019322282186872878   0.17915089153044428
0.3297004228983359  0.24026063482919946   -3.361150166715227   0.03775451229400418   0.01633558844954826   0.01622581573404719   0.187382217220888
0.32590212024459325  0.24109409033107168   -3.3575976884587666   0.038886695826503094   0.03552478256460331   0.01132183532498923   0.19189194115055055
0.322047326414875  0.24191781384645986   -3.3521145259559115   0.0394182139365002   0.05483162502855038   0.005315181099971012   0.19306842463947063
0.3181935019592539  0.24271160814490023   -3.3447274474073887   0.03934726461010986   0.07387078548523313   -0.0007094932639033635   0.19039160456682752
0.31438929627784923  0.24345864603847503   -3.3354969294633365   0.03876860389654015   0.09230517944052258   -0.00578660713569708   0.18434393955289452
0.31066613711039703  0.24414741649294064   -3.3245207862142636   0.03786333176719711   0.10976143249072225   -0.009052721293430424   0.1745625305019967
0.307034793989657  0.2447720206804961   -3.3119295124228616   0.036846686759678005   0.12591273791402482   -0.010166450075191125   0.16151305423302578
0.3034844812421809  0.2453314700548425   -3.2978849862187802   0.035941207836337426   0.14044526204080915   -0.009054789233405679   0.14532524126784313
0.2999862384829886  0.2458279650575291   -3.282578022438306   0.03533300113199392   0.15306963780474656   -0.006082067043435128   0.12624375763937432
0.296496424955014  0.24626519010014   -3.2662293129635707   0.035170959892958605   0.1634870947473531   -0.0016204123903531076   0.10417456942606546
0.29296074780201314  0.2466467169968313   -3.2490844572206643   0.03556202427189952   0.17144855742906187   0.003910643789409186   0.07961462681708772
0.28931842052232004  0.2469747508049621   -3.2314119285708554   0.0365706907122004   0.17672528649808986   0.010086664403008743   0.05276729069027951
0.2855100349478439  0.24724907885940908   -3.213501091440781   0.038182530776960634   0.17910837130074375   0.01611840064760237   0.02383084802653903
0.2814849481110409  0.24746691472356722   -3.195659452885373   0.04030977115727534   0.17841638555408398   0.02127240380314707   -0.006919857466597831
0.2772156410248383  0.24762331333745594   -3.1782095342551   0.04272170820873992   0.17449918630272757   0.02411937051464576   -0.03917199251356405
0.27271358490632863  0.24771288075588568   -3.1614848099474875   0.04502946992432345   0.16724724307612485   0.023077617155835266   -0.07251943226602718
0.2680386828091606  0.24773266512778203   -3.1458246681591517   0.046749439611058395   0.15660141788335796   0.0171996968673495   -0.10645825192766856
0.2632930451823771  0.24768508987040438   -3.1315679388061715   0.0474587609297366   0.14256729352979827   0.007093213186782089   -0.14034124353559727
0.25859660689612785  0.24757917931303697   -3.1190452245662   0.04697632342224315   0.12522714239971658   -0.004824375074934547   -0.17340151130081677
0.25405244793980625  0.24742906101182757   -3.108569221020016   0.045466378924077386   0.10476003546183761   -0.015099444981657653   -0.20467106937878962
0.24971701245373853  0.24725049869060192   -3.100429209532076   0.043391111251520564   0.08140011487940664   -0.02075267672556816   -0.23359920582430968
0.24558709706886733  0.24705745781091965   -3.094884559357855   0.04134424490473421   0.05544650174220819   -0.02046866346786356   -0.2595361313719846
0.24160599628003304  0.2468604868226868   -3.092156452174151   0.03985970529377247   0.027281071837037058   -0.01484539610961744   -0.28165429905171135
0.2376822455996652  0.24666741802718   -3.0924271430543264   0.03928497799603186   -0.002706908801753299   -0.005747272977406095   -0.29987980638790357
0.23371432823009153  0.24648573301520688   -3.095836106334465   0.03972074734360111   -0.03408963280138525   0.004357693475692465   -0.31382723999631956
0.22961118355841645  0.24632515245092346   -3.1024766415200666   0.04106285707829299   -0.06640535185601709   0.013421097346918896   -0.3231571905463183
0.22530850468071817  0.246199484919767   -3.1123941426261372   0.043045136604476016   -0.09917501106070414   0.01982279526183017   -0.32769659204687057
0.22077748836123826  0.24612693545804357   -3.125582280289576   0.04531597103868816   -0.13188137663439284   0.022708344342121475   -0.3270636557368869
0.21602820982667176  0.24612878104973698   -3.1419812582127635   0.04749278893169495   -0.1639897792318724   0.021768178930067855   -0.32108402597479585
0.2111064743302548  0.246226648485188   -3.161474774347803   0.049227084345525945   -0.19493516135039254   0.017342954138310003   -0.3094538211852014
0.20608375806193863  0.2464392228633507   -3.1838900046292737   0.05027212605237849   -0.22415230281470672   0.01045041706852546   -0.29217141464314134
0.2010449550250381  0.2467793774255757   -3.2089974024669945   0.05050271395765116   -0.25107397837720785   0.0023058790527266462   -0.2692167556250119
0.19608501250513166  0.24725160228527757   -3.236514265843496   0.04982371535614277   -0.2751686337650178   -0.006789986015083797   -0.24094655387809918
0.19131040528590995  0.24784920535878788   -3.2661079124775645   0.048118607140393836   -0.2959364663406878   -0.01705108215748938   -0.20767832575669978
0.1868407191748498  0.24855130914700158   -3.2974007115779496   0.0452449374635778   -0.31292799100384566   -0.028736696768160413   -0.16991524663157898
0.18280221723114864  0.24932122330443296   -3.3299756086826684   0.041112365243431134   -0.3257489710471898   -0.04132572220146667   -0.12820980043344085
0.1792959065332384  0.25011189066977435   -3.363381405969427   0.035943524580787915   -0.33405797286758415   -0.05168840662643211   -0.08309001820394438
0.17633885712126465  0.2508844426934305   -3.397138444045266   0.030563013356196798   -0.3375703807583881   -0.05380511224591122   -0.035124078908038266
0.1738037840965737  0.25163859855435267   -3.4307440159851463   0.026448716987936043   -0.33605571939880996   -0.04114296368260756   0.015146613595780872
0.17139329827364377  0.25244299324732433   -3.463678985175806   0.02541159720408708   -0.3293496919065935   -0.010371197838489605   0.06706027492216436
0.16867732453953327  0.2534461849508684   -3.49541588602448   0.028953250108474157   -0.3173690084867394   0.03541652904387074   0.11980683419854057
0.16522364805282874  0.2548409800679567   -3.5254205212689227   0.03724692563617781   -0.3000463524444281   0.08293675527703653   0.17322656042311368
0.16085189931285568  0.25674923610521116   -3.5531610818977493   0.04770076325298689   -0.27740560628826616   0.10453837616809084   0.2264074615616195
0.15597974447726656  0.2590222642899013   -3.5781112540525823   0.05376295180730983   -0.24950172154833278   0.060621885543229434   0.2790388473993336
0.1511579170262766  0.2614002723691789   -3.599765925544461   0.05376331685473844   -0.21654671491878677   3.6504742859786583e-06   0.32955006629545974
0.14637939275382103  0.26386414806823777   -3.617653572727078   0.05376334967508967   -0.17887647182616698   3.282035123068552e-07   0.37670243092619815
0.1416350726795197  0.26639326702779825   -3.6313554870881006   0.053763385011572365   -0.13701914361022474   3.5336482701435554e-07   0.41857328215942224
0.1369141144398532  0.2689657332547808   -3.640514513756287   0.05376339757645391   -0.09159026668186536   1.256488154250794e-07   0.45428876928359396
0.13220434040929185  0.27155862056645913   -3.6448451948950416   0.05376340393800456   -0.04330681138754343   6.361550650591343e-08   0.4828345529432193
0.1274927077381917  0.274148129632275   -3.6441280181177036   0.0537634072853615   0.007171767773381092   3.347356940044251e-08   0.5047857916092452
0.12276581765496589  0.27670968216687664   -3.638204099252334   0.05376340878926735   0.05923918865369031   1.5039058560672322e-08   0.5206742088030921
0.11801041012696532  0.27921789687579196   -3.626954233685257   0.05376340928863976   0.11249865567076886   4.993724102121897e-09   0.5325946701707854
0.11321385731824717  0.2816465020796729   -3.61028589088732   0.05376340956741175   0.1666834279793741   2.7877198074485272e-09   0.5418477230860529
0.10836462817400312  0.28396814365038725   -3.5881084702955572   0.053763410305008016   0.22177420591762576   7.375962711867078e-09   0.5509077793825161
0.10345276980607908  0.28615416559331147   -3.560322433619838   0.053763411872279086   0.2778603667571935   1.5672710627848585e-08   0.5608616083956776
0.0984704057937398  0.2881743378438653   -3.5268010012425113   0.05376341420831706   0.33521432377327126   2.336037980197406e-08   0.5735395701607773
0.09341230799588365  0.28999661573334223   -3.487386710566556   0.053763416966504746   0.3941429067595491   2.758187690702797e-08   0.5892858298627788
0.08827655174006882  0.29158691782447255   -3.4418816728405988   0.05376341977607275   0.45505037725957503   2.809567997779952e-08   0.6090747050002588
0.08306530214242394  0.2929090121866092   -3.390050687716048   0.053763422390445376   0.5183098512455063   2.6143726282240564e-08   0.632594739859313
0.07778573743703282  0.29392451938713604   -3.331618622079172   0.05376342469813448   0.5843206563687615   2.307689104368144e-08   0.660108051232551
0.07245112939509923  0.2945931130772778   -3.266273898667594   0.05376342667980359   0.6534472341157751   1.981669106177752e-08   0.6912657774701371
0.0670820756595235  0.29487297783697863   -3.19367104861348   0.05376342836836938   0.7260285005411429   1.6885657899460954e-08   0.725812664253678
0.06170786342027754  0.29472162833549315   -3.113437921024454   0.05376342982367007   0.8023312758902607   1.4553006949397623e-08   0.7630277534911784
0.056367906583925126  0.29409718760371556   -3.025183925524258   0.05376343110479097   0.8825399550019605   1.2811208921880079e-08   0.8020867911169965
0.0511131550550035  0.2929602387016135   -2.9285113355239214   0.05376343221622144   0.9667259000033607   1.1114304825659638e-08   0.8418594500140021
0.04600732632572201  0.2912763205579363   -2.8230226668013785   0.05376343304454184   1.0548866872254328   8.283203964155193e-09   0.8816078722207222
0.04112774003635048  0.2890191751726783   -2.7083356394567843   0.053763433340518155   1.14687027344594   2.959763078290072e-09   0.9198358622050686
0.03656544434294522  0.28617479034958776   -2.5841053164985412   0.05376343275487754   1.2423032295824334   -5.856406098028626e-09   0.9543295613649372
0.032424165034851196  0.2827462526670566   -2.450073448738707   0.05376343083191006   1.3403186775983384   -1.9229674780681977e-08   0.9801544801590485
0.02881751381855285  0.27875913243781253   -2.306133577500414   0.05376342689828044   1.439398712382931   -3.933629620410727e-08   0.9908003478459266
0.025864572678591557  0.2742663390592531   -2.152259525976647   0.0537634203883072   1.5387405152376716   -6.509973244982648e-08   0.993418028547408
0.023796365275531327  0.26960597545142306   -1.9884712748038715   0.050986734372046885   1.6378825117277547   -0.027766860162603137   0.9914199649008292
0.022850128339166303  0.26580612702789724   -1.8148520978911873   0.039158922842070995   1.7361917691268416   -0.11827811529975893   0.9830925739908694
0.022684021914182555  0.26307807540545325   -1.6316095480469697   0.02733103912978775   1.8324254984421777   -0.11827883712283241   0.9623372931533598
0.022887521815530713  0.2615411738657963   -1.4391528967319696   0.015503156299439616   1.9245665131500016   -0.11827882830348134   0.9214101470782418
0.02300758248980624  0.261193801003019   -1.2380245454494307   0.003675356735088695   2.0112835128253885   -0.1182779956435092   0.8671699967538666
0.02300758402590645  0.26119379845159013   -1.028867254753249   2.97815264675687e-08   2.091572906961816   -0.03675326953562228   0.8028939413642736
0.023007585585103952  0.2611937968059413   -0.8123668049084976   2.2669929139274184e-08   2.165004498447514   -7.111597328294268e-08   0.7343159148569861
0.023007587058475564  0.26119379582108687   -0.5892264336573926   1.7722195531621493e-08   2.231403712511051   -4.947733607652948e-08   0.6639921406353649
0.023007588432679905  0.26119379530357467   -0.36016428336058537   1.4684197089777812e-08   2.2906215029680714   -3.037998441843237e-08   0.5921779045702064
0.0230075896722303  0.261193795146669   -0.12591307705628813   1.2494417039278474e-08   2.3425120630429728   -2.189780050499328e-08   0.5189056007490088
0.02300759073986265  0.2611937952675893   0.1127796539526143   1.0744582617147893e-08   2.3869273100890243   -1.7498344221328967e-08   0.4441524704605187
0.023007591606518454  0.26119379558901207   0.35515117303899624   9.243402460157191e-09   2.4237151908638186   -1.501180156993623e-08   0.3678788077479477
0.023007592260134033  0.2611937960365817   0.6004241521223608   7.92169082185832e-09   2.4527297908336454   -1.3217116383019487e-08   0.290145999698267
0.023007592708881024  0.26119379654514097   0.8477968190505087   6.782377050904957e-09   2.473726669281479   -1.1393137709532758e-08   0.20996878447833348
0.02300759297680766  0.2611937970669581   1.0964472714239417   5.865814658504782e-09   2.4865045237343315   -9.16562392399912e-09   0.12777854452852397
0.02300759309362689  0.2611937975767097   1.3455174096161036   5.229660207966363e-09   2.4907013819216166   -6.361544505387897e-09   0.041968581872846175
0.023007593082086757  0.2611937980711633   1.5941312638856813   4.945881874881408e-09   2.48613854269578   -2.837783330874081e-09   -0.04562839225836504
0.02300759294530424  0.26119379856422265   1.841407211444956   5.116805389887377e-09   2.4727594755927464   1.7092351500577005e-09   -0.13379067103033196
0.02300759265342957  0.261193799079137   2.0864774142264353   5.918848236042506e-09   2.4507020278147924   8.020428461563269e-09   -0.22057447777954164
0.023007592124166705  0.26119379963855627   2.32850163395504   7.701098167786366e-09   2.420242197286049   1.782249931742595e-08   -0.3045983052874341
0.023007591072626097  0.2611938003199201   2.5666477718167964   1.2529941546611536e-08   2.381461378617563   4.828843378826274e-08   -0.3878081866848594
0.022994566107604402  0.2611984296346589   2.800098759483975   0.00013823178678096161   2.334509876671786   0.00138219256839415   -0.4695150194577674
0.021805658585781765  0.26133401253774263   3.028043291417965   0.011966134793888477   2.2794453193399   0.11827903007107517   -0.5506455733188658
0.01944013795730851  0.261077326088488   3.249681346604787   0.0237940660185759   2.216380551868219   0.11827931224687421   -0.6306476747168032
0.016061787969566813  0.2599477156640817   3.4642736650168096   0.035621999313067136   2.145923184120229   0.11827933294491239   -0.7045736774799016
0.011966836395028758  0.2575505678258319   3.671200988481545   0.047449916919039596   2.0692732346473535   0.11827917605972461   -0.7664994947287557
0.007954891758067987  0.2539715498901704   3.8700206729233604   0.053763434743164404   1.9881968444181481   0.06313517824124804   -0.810763902292054
0.004693175817931257  0.24969764284183996   4.060512467881809   0.053763437698784305   1.904917949584492   2.9556199022201872e-08   -0.8327889483365615
0.0022597200933283466  0.24490354566266986   4.24268451736448   0.053763439740151533   1.8217204948267014   2.0413672254034146e-08   -0.8319745475779055
0.0006932952298847324  0.23976045428230117   4.416745969408089   0.05376344086021505   1.7406145204360939   1.1836185930319222e-08   -0.8110597439060763
0.0  0.23442899993434957   4.583074245218874   0.05376344086021505   1.6632827581078478   7.011435488179457e-09   -0.7733176232824593
0.00016014340723371996  0.22905504163592266   4.742181779670663   0.05376344086021505   1.59107534451789   1.0266537531163446e-09   -0.7220741358995794
0.0011347794212338196  0.22376777773076284   4.894679180628186   0.05376344014531806   1.524974009575226   -1.582260990010173e-08   -0.6610133494266397
0.002869472865927225  0.21867897520722784   5.040920039396551   0.05376343782776399   1.4624085876836557   -2.317554075479571e-08   -0.6256542189157044
0.005297524000354928  0.21388213910839987   5.180966472419694   0.05376343447959298   1.400464330231429   -3.348170993995286e-08   -0.6194425745222663
0.008342894041809486  0.20945147488098653   5.314567256003729   0.05376343012259272   1.3360078358403444   -4.357000269275255e-08   -0.6445649439108446
0.01192323554638699  0.2054407124755222   5.441147091112176   0.05376342656721787   1.2657983510844877   -3.555374845983514e-08   -0.7020948475585704
0.015953229924250717  0.20188203194233326   5.559815000050333   0.05376342792541344   1.186679089381559   1.358195572223607e-08   -0.7911926170292822
0.02034941783048788  0.19878710060844118   5.669777532152892   0.05376343373376797   1.0996253210256073   5.808354522364264e-08   -0.8705376835595204
0.025032587069725727  0.1961464567839063   5.769764624880012   0.053763439186307445   0.9998709272711965   5.4525394738719456e-08   -0.9975439375441056
0.029934139507517988  0.19393741595738279   5.859764480754577   0.05376344086021505   0.8999985587456444   3.4803176711693044e-08   -0.9987236852555219
0.03499655017192675  0.1921271457918022   5.939764382652931   0.05376344086021505   0.7999990189835386   1.9844672366620336e-08   -0.9999953976210573
0.04017317844462213  0.19067538800395317   6.0097643129049745   0.05376344086021505   0.6999993025204382   1.0608868484374612e-08   -0.9999971646310045
0.045427544781675364  0.18953665368610056   6.069764261222872   0.05376344086021505   0.5999994831789731   4.671985706566486e-09   -0.9999981934146506
0.05073225748888983  0.18866195114752163   6.119764222224066   0.05376344086021505   0.49999961001194254   -1.2587107932664117e-10   -0.9999987316703062
0.05542745062409159  0.188079504747507   6.1597641929989155   0.04731181922705538   0.3999997077484915   -0.06451626939535285   -0.9999990226345101
0.05896036430936121  0.18774849240861013   6.189764171951616   0.03548386714560197   0.299999789527006   -0.11827952081453406   -0.999999182214855
0.06131958232724945  0.18757496398780882   6.209764158234868   0.023655912091386996   0.1999998628325229   -0.11827955054214977   -0.9999992669448311
0.0625  0.1875   6.21976415144466   0.01182795621233875   0.09999993209791236   -0.11827955879048245   -0.9999993073461053
0.0625  0.1875   6.21976415144466   1.7856567681663968e-25   7.071087763284204e-21   -0.1182795621233875   -0.9999993209791236
