0.8125  0.09374999999999996   -9.595254297029625   3.537851199780262e-23   1.4497095532668016e-19   4.823060468681064e-22   0.0
0.8113348084346015  0.09395330892176768   -9.597524279458025   0.011827957988376308   -0.022699824283999526   0.11827956989247312   -0.22699824283999523
0.8090062952840475  0.09437050205994589   -9.602064099984664   0.02365591597646059   -0.04539820526640751   0.11827956989247312   -0.2269838098240798
0.805517848825415  0.09501995907941573   -9.608844357441551   0.03548387396396018   -0.06780257456885849   0.11827956989247312   -0.22404369302450985
0.8008745056803958  0.09592740542049483   -9.617774994568164   0.047311831949701184   -0.08930637126613851   0.11827956989247312   -0.2150379669728001
0.7956095277629781  0.09701602565237738   -9.628671073704716   0.05376344086021505   -0.10896079136550461   0.06451618906996051   -0.1965442009936611
0.790358619827185  0.09817060450632782   -9.641215477103062   0.05376344086021505   -0.1254440339834671   6.56420013935966e-14   -0.1648324261796247
0.7851240447416445  0.0993971077284971   -9.654934108862845   0.05376344086021505   -0.1371863175978178   -1.006837946061103e-13   -0.11742283614350724
0.7799074844450384  0.10069810163778785   -9.66918890951794   0.05376344086021505   -0.14254800655097122   -1.0574854934315423e-13   -0.05361688953153414
0.7747096238082811  0.10207190339967911   -9.68317080384346   0.05376344086021505   -0.1398189432551897   -1.0470784612438438e-13   0.027290632957815496
0.7695296610303188  0.10351172008906775   -9.695892939201876   0.05376344086021505   -0.12722135358416634   -9.443847506265732e-14   0.12597589671023343
0.7643647905801055  0.10500477056129662   -9.706184707427875   0.05376344086021505   -0.1029176822599678   -7.251143478106779e-14   0.243036713241986
0.7592097378027922  0.10653137376554549   -9.712687200335235   0.05376344086021505   -0.06502492907361913   -3.7053680053291294e-14   0.3789275318634865
0.7540564649916389  0.10806397476187307   -9.713850879411964   0.05376344086021505   -0.011636790767291402   1.2004218048907994e-14   0.5338813830632768
0.7488942181271622  0.10956607122692875   -9.707936598151488   0.05376344086021505   0.05914281260477549   7.209502390339203e-14   0.7077960337206689
0.7437101452515053  0.11099101855930041   -9.69302352668486   0.05376344086021505   0.14913071466628122   1.3669628988284205e-13   0.8998790206150572
0.7384921849262168  0.11228638589094683   -9.668110455163617   0.05376344086021505   0.24913071521242303   1.8852965672506987e-13   1.0
0.7332321883574257  0.11339882581135481   -9.633197383557249   0.05376344086021505   0.3491307160636775   2.1781222159297006e-13   1.0
0.7279275497892401  0.1142739807354471   -9.588284311859566   0.05376344086021505   0.4491307169768369   2.4279148967450684e-13   1.0
0.7225828738392219  0.1148566688763752   -9.533371240067936   0.05376344086021505   0.5491307179163034   3.0656061432644393e-13   1.0
0.7172116568651913  0.11509143407442465   -9.468458168180922   0.05376344086021505   0.6491307188701358   4.1418328470795876e-13   1.0
0.7118379338566956  0.1149235427156874   -9.393545096197634   0.05376344086021505   0.7491307198328804   3.8406775151631275e-13   1.0
0.7064978111451727  0.11430050507136467   -9.308632024117475   0.05376344086021505   0.8491307208015716   -1.1934955235334604e-13   1.0
0.7012407692781327  0.1131741848289706   -9.213718951940038   0.05376344086021505   0.9491307217743886   -1.2045222880682061e-12   1.0
0.6961305814301416  0.11150353626083638   -9.108805879665029   0.05376344086021505   1.0491307227501   -2.5478224814206346e-12   1.0
0.6912456536455912  0.10925797018091565   -8.993892807292248   0.05376344086021505   1.1491307237278066   -3.744088420561389e-12   1.0
0.6866785584430828  0.10642129468127363   -8.868979734821567   0.05376344086021505   1.2491307247068102   -4.824058110081555e-12   1.0
0.6825345090061467  0.10299610260744928   -8.734066662252912   0.05376344086021505   1.3491307256865321   -6.363937091162943e-12   1.0
0.6789285152837821  0.09900838449409187   -8.58915358958627   0.05376344086021505   1.4491307266664404   -9.544032064952695e-12   1.0
0.6759809853586066  0.09451203555204751   -8.43424051682167   0.05376344086021505   1.5491307276459785   -8.278974689850103e-11   1.0
0.6742888615390878  0.09067503508213619   -8.269327443959225   0.04193549287498466   1.649130728624463   -0.11827956989247312   1.0
0.6735719320724276  0.08775088585316564   -8.094414370999136   0.03010753489320219   1.7491307296009078   -0.11827956989247312   1.0
0.673470496605761  0.08592574471716603   -7.909501297941741   0.018279576910355217   1.8491307305739242   -0.11827956989247312   1.0
0.6735601369689063  0.08528684059800996   -7.7145882247876125   0.006451618930001336   1.9491307315412896   -0.11827956989247312   1.0
0.6735601366315488  0.08528684153879947   -7.509675151537719   0.0   2.0491307324989254   -0.0645162892447428   1.0
0.6735601361012411  0.08528684238612214   -7.29476207819394   0.0   2.149130733437802   -1.4364324238073084e-11   1.0
0.6735601353952699  0.08528684309388235   -7.06984900476113   0.0   2.249130734328101   -6.887338922295235e-12   1.0
0.6735601345439233  0.0852868436179003   -6.834935931281766   0.0   2.349130734793636   -3.316218176300466e-12   1.0
0.6735601335917255  0.08528684392240495   -6.5926990298454715   0.0   2.4223690143629417   -8.768631937001134e-13   0.732382795693053
0.6735601325940573  0.0852868439859196   -6.346762599387552   0.0   2.459364304579189   1.3769863210127334e-12   0.36995290216247234
0.6735601316110005  0.08528684380456242   -6.100753577430538   0.0   2.4600902195701435   4.247222687279483e-12   0.0072591499095485046
0.6735601307003244  0.08528684339253069   -5.858299172014362   0.0   2.4245440541617707   9.50171597987401e-12   -0.3554616540837286
0.6740697400321061  0.08568248488950209   -5.623024665596342   0.006451618906651206   2.3527450641801955   0.06451628902156031   -0.7179898998157493
0.6752267507392862  0.0870976723456204   -5.3977501592157795   0.018279576889244715   2.252745063805627   0.11827956989247312   -1.0
0.6765905123516924  0.08978184648795154   -5.182475652923657   0.030107534873961818   2.152745062921229   0.11827956989247312   -1.0
0.6776880815632906  0.093829215687623   -4.977201146724911   0.041935492858394395   2.052745061987445   0.11827956989247312   -1.0
0.6780616387959848  0.09919256738734701   -4.781926640621301   0.05376344086021505   1.9527450610361055   0.11827956989247312   -1.0
0.6774407857992516  0.104532944530927   -4.596652134613636   0.05376344086021505   1.8527450600766542   1.6915061066957136e-10   -1.0
0.6758981984142888  0.1096832368177706   -4.421377628702294   0.05376344086021505   1.752745059113413   8.720801895341345e-12   -1.0
0.6735292894477024  0.11450955599378315   -4.256103122887428   0.05376344086021505   1.6527450581486731   5.087319453777894e-12   -1.0
0.6704424839768914  0.11891145540954014   -4.100828617169032   0.05376344086021505   1.552745057183957   3.21194461945666e-12   -1.0
0.6667509574997278  0.12282012765848901   -3.9555541115469826   0.05376344086021505   1.452745056220487   2.1258689558326923e-12   -1.0
0.6625660229400019  0.12619524383608594   -3.8202796060210416   0.05376344086021505   1.3527450552594105   1.4461352311787514e-12   -1.0
0.6579921730608402  0.12902101519351505   -3.695005100590847   0.05376344086021505   1.2527450543019492   9.78245219989495e-13   -1.0
0.6531236602286795  0.13130195124801775   -3.579730595255893   0.05376344086021505   1.1527450533495387   6.090266741115713e-13   -1.0
0.6480424195538761  0.13305867538299274   -3.474456090015492   0.05376344086021505   1.0527450524040105   2.792209146357282e-13   -1.0
0.6428171053114817  0.13432405182892096   -3.3791815848687032   0.05376344086021505   0.9527450514678864   -3.69148711904857e-14   -1.0
0.6375030045033648  0.13513978406612837   -3.2939070798142085   0.05376344086021505   0.8527450505449403   -3.4555636734076113e-13   -1.0
0.632142606233835  0.13555356767334834   -3.2186325748500653   0.05376344086021505   0.7527450496414315   -6.380314285612346e-13   -1.0
0.6267666332540983  0.13561682115256896   -3.1533580699731396   0.05376344086021505   0.652745048769258   -8.931749700430363e-13   -1.0
0.621395376185824  0.1353829750752214   -3.0980835651775194   0.05376344086021505   0.5527450479562026   -1.082189789527485e-12   -1.0
0.616040206775821  0.13490627068943736   -3.052809060447745   0.05376344086021505   0.4527450472977453   -1.1771833482735046e-12   -1.0
0.6107051807382319  0.13424100107538534   -3.017534555637871   0.05376344086021505   0.3527450480987386   -1.1647631272289187e-12   -0.9999999919900674
0.6053893915798451  0.13343634456195666   -2.99136210966271   0.05376344086021505   0.26172445975161146   -1.0578341583011017e-12   -0.9102058834712717
0.6000891420632756  0.13253498916976286   -2.9731451065957044   0.05376344086021505   0.1821700306700557   -8.942152846151135e-13   -0.7955442908155566
0.5947994929742132  0.13157337646422965   -2.9617650801608435   0.05376344086021505   0.11380026434860854   -7.217143156514713e-13   -0.6836976632144719
0.589515333368929  0.13058204213783406   -2.956143351331443   0.05376344086021505   0.05621728829400962   -5.766916045263912e-13   -0.5758297605459891
0.5842320573599059  0.12958600946103674   -2.9552541384203392   0.05376344086021505   0.008892129111034937   -4.7420415561157e-13   -0.47325159182974685
0.5789459318276018  0.128605212164212   -2.958137058396521   0.05376344086021505   -0.028829199761821758   -4.112683213989923e-13   -0.3772132887285669
0.5736542346398119  0.12765493465030017   -2.9639075650557447   0.05376344086021505   -0.057705066592236336   -3.769207142820035e-13   -0.28875866830414587
0.5683552339710947  0.12674626617741203   -2.971765182655813   0.05376344086021505   -0.07857617600067755   -3.5915714015859057e-13   -0.20871109408441216
0.5630480683394194  0.12588656888264319   -2.9809995900246986   0.05376344086021505   -0.09234407368885693   -3.4909576754904217e-13   -0.1376789768817937
0.5577325749553045  0.12507996082164016   -2.990994976619297   0.05376344086021505   -0.09995386594598867   -3.3958945766453995e-13   -0.07609792257131733
0.5524091021587346  0.12432781464913699   -3.0012330790542263   0.05376344086021505   -0.1023810243492873   -3.241157799224826e-13   -0.024271584032986303
0.5470783307495038  0.12362927140556584   -3.011295261904935   0.05376344086021505   -0.1006218285070885   -2.956662761266669e-13   0.017591958421987856
0.5417411194383708  0.12298176704194122   -3.0208637983134095   0.05376344086021505   -0.0956853640847481   -2.496613470114538e-13   0.0493646442234039
0.5363983817640645  0.12238156655532319   -3.02972218663314   0.05376344086021505   -0.08858388319729807   -1.8776645751312162e-13   0.07101480887450026
0.5310509958167902  0.12182429641304662   -3.0377539204238713   0.05376344086021505   -0.08031733790731736   -1.23581750125556e-13   0.08266545289980719
0.5256997440659211  0.12130546004250986   -3.0449386868384187   0.05376344086021505   -0.07184766414547303   -8.236459192082079e-14   0.08469673761844335
0.5203452784625907  0.12082091429306137   -3.0513447038642836   0.05376344086021505   -0.06406017025865289   -9.048317806263629e-14   0.07787493886820127
0.5149881055760518  0.12036727881797081   -3.0571160316755583   0.05376344086021505   -0.05771327811274365   -1.5834563337663266e-13   0.06346892145909254
0.5096285873734294  0.11994224809408599   -3.0624543740866867   0.05376344086021505   -0.05338342411128516   -2.6180453303773167e-13   0.04329854001458493
0.5042669546534104  0.11954477978584951   -3.0675960524614827   0.05376344086021505   -0.05141678374796005   -3.282790483627e-13   0.019666403633251093
0.4989033312814727  0.11917514374271027   -3.072786082868804   0.05376344086021505   -0.051900304073213006   -2.2884470967995273e-13   -0.004835203252529615
0.4935377675812662  0.11883483115198154   -3.0782521781474736   0.05376344086021505   -0.05466095278669683   2.0483609080438473e-13   -0.027606487134838143
0.48817028034397575  0.11852633927526866   -3.0841816423735833   0.05376344086021505   -0.05929464226110004   1.0856593483881766e-12   -0.04633689474403219
0.4828008953167424  0.11825286000728409   -3.0907035574640376   0.05376344086021505   -0.06521915090454167   2.2764428598923814e-12   -0.05924508643441609
0.4774296865073635  0.11801790808224527   -3.09787768177954   0.05376344086021505   -0.07174124315501776   3.3008318653250363e-12   -0.06522092250476116
0.4720568060199586  0.11782492686691987   -3.1056904419059643   0.05376344086021505   -0.0781276012642454   3.661654299556115e-12   -0.06386358109227637
0.46668249893585756  0.11767690711308283   -3.114057505174505   0.05376344086021505   -0.08367063268540886   3.276961981463314e-12   -0.055430314211634704
0.46130709998949204  0.1175760475601872   -3.1228316796963207   0.05376344086021505   -0.08774174521815596   2.4349272462841407e-12   -0.040711125327470885
0.45593101193057334  0.11752347698951737   -3.131814373439713   0.05376344086021505   -0.08982693743391888   1.4405837515964273e-12   -0.020851922157629158
0.4505546686693573  0.11751904756800806   -3.1407687812490748   0.05376344086021505   -0.08954407809362093   4.34166598614933e-13   0.0028285934029795225
0.4451784888486872  0.11756120225885301   -3.1494335049697924   0.05376344086021505   -0.08664723720717755   -5.824507619304722e-13   0.028968408864433765
0.4398028270740748  0.11764691670887069   -3.1575362137875027   0.05376344086021505   -0.08102708817710319   -1.6648488048277734e-12   0.056201490300743645
0.4344279306705965  0.11777171708367373   -3.1648076041510604   0.05376344086021505   -0.07271390363558122   -2.845085260399626e-12   0.08313184541521955
0.42905390947457134  0.11792977614202281   -3.1709958695467857   0.05376344086021505   -0.06188265395724236   -4.038297433453898e-12   0.1083124967833888
0.42368072456835437  0.11811408686969828   -3.175881161010973   0.05376344086021505   -0.048852914641876875   -4.953121176048763e-12   0.1302973931536547
0.41830819892387844  0.1183167064137685   -3.17928880885208   0.05376344086021505   -0.034076478411074605   -5.1636472239065045e-12   0.1477643623080227
0.41293604904889897  0.11852905565553454   -3.1810998816984273   0.05376344086021505   -0.018110728463474467   -4.473227272992907e-12   0.15965749947600139
0.40756393281999  0.11874225439491995   -3.181258012111554   0.05376344086021505   -0.0015813041312635525   -3.2230467657598516e-12   0.16529424332210915
0.40219150570178397  0.11894746974214225   -3.179771975816614   0.05376344086021505   0.014860362949402729   -2.0254630911913915e-12   0.1644166708066628
0.39681847614503496  0.11913625496757846   -3.1767139189133977   0.05376344086021505   0.030580569032164072   -1.2573969363760416e-12   0.15720206082761343
0.39144465137924417  0.11930085711068715   -3.172213431462164   0.05376344086021505   0.04500487451233456   -9.409139993455733e-13   0.1442430548017048
0.38606996694244106  0.1194344747877773   -3.166448096082238   0.05376344086021505   0.05765335379925964   -9.226647087820533e-13   0.12648479286925088
0.38069449658996163  0.119531454003836   -3.1596317627567982   0.05376344086021505   0.06816333325439827   -1.0322298366453213e-12   0.10509979455138635
0.37531844279825344  0.11958741923650189   -3.1520023729328774   0.05376344086021505   0.07629389823921276   -1.144154222713693e-12   0.08130564984814488
0.36994211094431456  0.1195993471365665   -3.143811244409397   0.05376344086021505   0.08191128523479861   -1.1911999243460594e-12   0.056173869955858456
0.36456587178831973  0.11956559782697428   -3.1353152419448644   0.05376344086021505   0.0849600246453267   -1.1561584795418613e-12   0.03048739410528084
0.35919011713036075  0.11948592138335976   -3.126772295307084   0.05376344086021505   0.08542946637780705   -1.0499934507562228e-12   0.004694417324803588
0.3538152129952411  0.11936145445438363   -3.118439740611085   0.05376344086021505   0.08332554695998692   -8.910233606062205e-13   -0.021039194178201152
0.34844145411168415  0.1191947153184573   -3.1105742062762194   0.05376344086021505   0.07865534334865272   -6.994405263586873e-13   -0.04670203611334234
0.34306902329939953  0.11898959670591022   -3.1034313371238156   0.05376344086021505   0.07142869152404133   -5.120209457717809e-13   -0.0722665182461136
0.3376979598142098  0.11875134575414809   -3.0972634678512923   0.05376344086021505   0.061678692725230994   -3.8954947829927464e-13   -0.09749998798810351
0.33232814148263784  0.11848651077944986   -3.092313414567522   0.05376344086021505   0.04950053283770192   -3.931577244969333e-13   -0.1217815988752907
0.32695928592878987  0.11820282694175727   -3.088802954367495   0.05376344086021505   0.035104602000271115   -5.178496413224494e-13   -0.14395930837430806
0.32159097537648834  0.11790901017601303   -3.0869155056787743   0.05376344086021505   0.018874486887209073   -6.163819303924973e-13   -0.16230115113062035
0.31622270648179873  0.11761443327256184   -3.0867739079362835   0.05376344086021505   0.0014159774249057572   -4.0745182884828866e-13   -0.17458509462303318
0.31085396105220714  0.11732867290091382   -3.0884161763650018   0.05376344086021505   -0.0164226842871861   2.5549008243019175e-13   -0.17838661712091855
0.30548428620951545  0.11706094437865745   -3.091774553479504   0.05376344086021505   -0.03358377114502257   9.440365159236108e-13   -0.17161086857836472
0.30011336612759504  0.11681948226656719   -3.0966655968505714   0.05376344086021505   -0.048910433710671435   7.99707448007626e-13   -0.15326662565648871
0.2947410660151208  0.11661096852745272   -3.1027993759367773   0.05376344086021505   -0.061337790862060496   -5.632300078155681e-13   -0.12427357151389057
0.2893674360073528  0.11644012644475984   -3.1098106819243965   0.05376344086021505   -0.07011305987618882   -2.6582207962917513e-12   -0.08775269014128331
0.283992676537976  0.11630956181148962   -3.117305248618277   0.05376344086021505   -0.07494566693880263   -4.523256668050502e-12   -0.04832607062613815
0.2786170799308756  0.11621985342682105   -3.124906122786485   0.05376344086021505   -0.07600874168208076   -5.282163461380906e-12   -0.010630747432781145
0.2732409676364362  0.1161698227001417   -3.132286805845058   0.05376344086021505   -0.07380683058573022   -4.7840203314269755e-12   0.02201911096350526
0.2678646381085211  0.11615688891098316   -3.1391869669329964   0.05376344086021505   -0.06900161087938347   -3.737982066789028e-12   0.04805219706346762
0.26248833229846896  0.11617743914503981   -3.14541500572161   0.05376344086021505   -0.06228038788613327   -2.905384170390019e-12   0.06721222993250185
0.25711221729308403  0.116227177700783   -3.15084415521124   0.05376344086021505   -0.05429149489629959   -2.5013323949480437e-12   0.07988892989833682
0.2517363851826711  0.11630144475571774   -3.1554067625931546   0.05376344086021505   -0.045626073819141924   -2.3975958885319404e-12   0.08665421077157667
0.2463608629573558  0.11639550473484242   -3.159088699065847   0.05376344086021505   -0.03681936472693416   -2.449290690072824e-12   0.08806709092207773
0.24098562907343607  0.11650480783368074   -3.1619244269615745   0.05376344086021505   -0.02835727895727582   -2.590566575096858e-12   0.08462085769658333
0.2356106327634227  0.11662522851834888   -3.163992769995422   0.05376344086021505   -0.0206834303384737   -2.805255927806341e-12   0.07673848618802122
0.23023581294550488  0.1167532847502902   -3.1654133609895228   0.05376344086021505   -0.014205909941001828   -3.0880158407130777e-12   0.06477520397471873
0.22486111457820104  0.11688634088037848   -3.1663436162253595   0.05376344086021505   -0.009302552358366856   -3.424482734277408e-12   0.049033575826349755
0.21948650142826243  0.11702279585959441   -3.166976000729215   0.05376344086021505   -0.0063238450385573   -3.788635873012631e-12   0.029787073198095527
0.2141119654288759  0.11716225647660447   -3.167535233404304   0.05376344086021505   -0.005592326750888365   -4.153691113436198e-12   0.007315182876689361
0.20873753408352425  0.11730569352208324   -3.1682751050888984   0.05376344086021505   -0.007398716845943939   -4.505770585465528e-12   -0.018063900950555743
0.20336327866622803  0.11745557741399286   -3.1694746647749343   0.05376344086021505   -0.011995596860366338   -4.85202135242501e-12   -0.045968800144224
0.19798932718631426  0.11761598926630702   -3.1714336812210697   0.05376344086021505   -0.01959016446135272   -5.217007089105625e-12   -0.07594567600986381
0.19261588708332789  0.11779270352674401   -3.1744674211747035   0.05376344086021505   -0.030337399536337066   -5.6342427938606486e-12   -0.10747235074984342
0.18724328324012504  0.11799323884424574   -3.178900870017532   0.05376344086021505   -0.04433448842828081   -6.13689621466148e-12   -0.13997088891943743
0.18187201701009073  0.11822687436151583   -3.18506254077887   0.05376344086021505   -0.06161670761337994   -6.75300050079884e-12   -0.17282219185099132
0.17650285144891054  0.1185046290098404   -3.1932780173569446   0.05376344086021505   -0.08215476578074647   -7.504274575255671e-12   -0.2053805816736654
0.17113692675073802  0.1188392012750798   -3.2038633193931587   0.05376344086021505   -0.10585302036214195   -8.404387813585638e-12   -0.2369825458139546
0.16577590798249212  0.11924486644812478   -3.217118142105755   0.05376344086021505   -0.13254822712596628   -9.468189540552466e-12   -0.26695206763824336
0.16042216456405936  0.11973732748672286   -3.23331896217509   0.05376344086021505   -0.16200820069335192   -1.0760905317860239e-11   -0.29459973567385633
0.1550789775229934  0.12033351429284071   -3.2527119117848997   0.05376344086021505   -0.1939294960980951   -1.2498889910514783e-11   -0.31921295404743166
0.14975076630560044  0.12105132463326819   -3.275505226343087   0.05376344086021505   -0.227933145581871   -1.513164478645669e-11   -0.34003649483775955
0.14444332185638806  0.12190929892101095   -3.3018610690162613   0.05376344086021505   -0.2635584267317445   -1.9283531536994102e-11   -0.35625281149873517
0.13916402699893574  0.12292622186068082   -3.331886689874362   0.05376344086021505   -0.30025620858100666   -2.560403050377857e-11   -0.3669778184926213
0.13392203967714594  0.12412064865693026   -3.365625357010689   0.05376344086021505   -0.33738667136327105   -3.48306765844186e-11   -0.37130462782264384
0.12872841035996196  0.12551036120414658   -3.4030477666030268   0.05376344086021505   -0.37422409592337297   -4.83658198127645e-11   -0.3683742456010186
0.12359610292358093  0.12711176896583637   -3.444044640482543   0.05376344086021505   -0.40996873879516316   -6.94792743953078e-11   -0.35744642871790205
0.1185398893899483  0.12893927850936807   -3.4884209885683792   0.05376344086021505   -0.44376348085836004   -1.0550149375573695e-10   -0.3379474206319683
0.11357609313606687  0.13100466301611613   -3.5358920582030366   0.05376344086021505   -0.47471069634657675   -1.7323958256802931e-10   -0.3094721548821686
0.10872216351927198  0.13331647045875278   -3.5860811164785407   0.05376344086021505   -0.5018905827550361   -3.174622200240652e-10   -0.27179886408459353
0.10399607763155719  0.13587951522719643   -3.638519393991722   0.05376344086021505   -0.5243827751318181   -6.838073981074669e-10   -0.22492192376781892
0.0994155832668089  0.13869450269887304   -3.692649122910656   0.05376344086021505   -0.5412972891893396   -2.987084387817618e-08   -0.1691451405752152
0.09596792205021211  0.1410848841359449   -3.7478309041897906   0.04195270108004926   -0.5518178127913536   -0.11810746624859383   -0.10520523602013926
0.09357320410540639  0.14295021634352084   -3.8033571285480687   0.030354799093045344   -0.555262243582775   -0.11597901987003914   -0.03444430791421573
0.09155801945156498  0.14470660795163753   -3.858481520778506   0.02673178009436955   -0.551243922304372   -0.03623018998675796   0.04018321278403061
0.08914412962213336  0.14705126712253155   -3.912443152430858   0.0336515835233409   -0.5396163165235212   0.06919803428971351   0.1162760578085083
0.08605103802668394  0.15038543390809378   -3.9644814883489032   0.045479538005317954   -0.5203833591804513   0.11827954481977056   0.19232957343069865
0.0825935292001339  0.15450255896502949   -4.013853948043555   0.05376344086021505   -0.4937245969465256   0.082839124234767   0.2665876223392582
0.07932904876302163  0.15877435645437105   -4.059865661610005   0.05376344086021505   -0.46011713566450085   2.735236284486534e-09   0.3360746128202472
0.07624697600569899  0.16317957084870977   -4.101903363263869   0.05376344086021505   -0.4203770165386366   2.53736954314786e-10   0.39740119125864165
0.07333245263911017  0.16769738446877927   -4.13945333036239   0.05376344086021505   -0.37549967098521   1.7257753451350452e-10   0.448773455534267
0.07056699140951989  0.17230794957352147   -4.172109488948671   0.05376344086021505   -0.32656158586280676   3.4739165037005516e-10   0.4893808512240312
0.06792918055825502  0.17699271641371697   -4.199573243282729   0.05376344086021505   -0.27463754334058305   3.404910118736208e-10   0.5192404252222373
0.06569947094401854  0.1811655439240985   -4.221648065328154   0.047311831918864185   -0.2207482204542463   -0.06451618894873812   0.5388932288633679
0.06407931192370399  0.18432246296897717   -4.238230159555986   0.035483873952838106   -0.1658209422783155   -0.11827956989247312   0.549272781759308
0.06302253501906371  0.1864388859367495   -4.249283784008968   0.023655915971884697   -0.11053624452982524   -0.11827956989247312   0.5528469774849022
0.0625  0.1875   -4.254807634196567   0.011827957986796122   -0.055238501875987917   -0.11827956989247312   0.5529774265383736
0.0625  0.18750000000000003   -4.254807634196567   1.2585861281239324e-23   1.8703365086099125e-19   -0.11827956989247312   0.5523850187598792
