0.8125  0.09375   -4.312622701915711   9.829835443357106e-23   3.3712148954867906e-22   6.935630351559887e-19   0.0
0.8120478745387947  0.09481293375934426   -4.310216669833847   0.011550954979670687   0.024060320818651646   0.11550954979670686   0.24060320818651648
0.811168739280153  0.09685244557689653   -4.305403583470831   0.022209203625799614   0.048130863630148325   0.10658248646128929   0.24070542811496679
0.8099080976802194  0.09972102851254723   -4.298330476446775   0.03133366448755997   0.07073107024056101   0.09124460861760347   0.22600206610412674
0.8083232078759061  0.10323660877645058   -4.288854317809581   0.038563169324840274   0.09476158637193666   0.07229504837280308   0.24030516131375657
0.806508204772548  0.10713868517083401   -4.277018038672299   0.043035376671761015   0.11836279137282242   0.044722073469207424   0.23601205000885764
0.8045588528802964  0.11117853175043035   -4.262813845602306   0.044855694383768914   0.14204193069993426   0.018203177120079062   0.23679139327111856
0.8025385425126006  0.11519415627203078   -4.24625457692326   0.04495207924033961   0.16559268679046077   0.0009638485657068346   0.235507560905265
0.8004846007907951  0.11909190597185319   -4.227410021910172   0.0440580631882962   0.18844555013087957   -0.008940160520433992   0.2285286334041881
0.798420679124209  0.12281615589029804   -4.20633876116494   0.042579114717007115   0.21071260745232104   -0.01478948471289087   0.2226705732144144
0.7963575448368482  0.1263427746136139   -4.183058742073245   0.04085775655530448   0.23280019091695242   -0.01721358161702638   0.22087583464631405
0.794301719804783  0.12966097794967518   -4.157711366510242   0.0390344590610828   0.25347375563001723   -0.018232974942216776   0.2067356471306483
0.7922532823843398  0.1327743242675824   -4.130442780912929   0.03726797708582861   0.2726858559731398   -0.017664819752541968   0.19212100343122543
0.7902050288527842  0.1356982064961982   -4.101310539765999   0.035699341473402035   0.29132241146930354   -0.01568635612426561   0.18636555496163734
0.7881469436547793  0.13845079698024002   -4.070367720735453   0.03436927269391158   0.3094281903054576   -0.013300687794904642   0.1810577883615407
0.7860651302031423  0.14105392168593237   -4.037808820819527   0.03333197486018907   0.32558899915925876   -0.010372978337225038   0.16160808853801165
0.7839402631612127  0.14353297933208367   -4.003771896278935   0.03265086026251048   0.3403692454059232   -0.0068111459767859865   0.14780246246664466
0.7817629367356232  0.14589821479352172   -3.9683335590078714   0.03214823346875252   0.35438337271063186   -0.005026267937579609   0.1401412730470862
0.7795208069223099  0.14816162239832484   -3.931713368668024   0.03185931588284541   0.3662019033984752   -0.0028891758590710117   0.11818530687843304
0.7771980723407796  0.15033594850891982   -3.8940015735624924   0.03181633223904317   0.3771179510553134   -0.00042983643802244965   0.1091604765683826
0.7747776189861697  0.15243251935165802   -3.8554106907360444   0.03202218565379714   0.38590882826448125   0.0020585341475397173   0.08790877209167862
0.7722423332912766  0.15445974025115938   -3.81609119955051   0.032461204737508555   0.39319491185534405   0.004390190837114084   0.07286083590862778
0.7695796831907064  0.15641994097616832   -3.77619280584649   0.03306371491588865   0.3989839370401975   0.006025101783801   0.05789025184853441
0.7667821870116381  0.15831026164674963   -3.7358359419999423   0.033762845125268934   0.4035686384654775   0.006991302093802855   0.04584701425280057
0.7638455952530854  0.16012539678148988   -3.695221619349365   0.03452287171393608   0.4061432265057718   0.007600265886671421   0.02574588040294238
0.760764966822761  0.16186009507129087   -3.6544369012331295   0.03535456078409334   0.40784718116235447   0.008316890701572627   0.017039546565826284
0.7575303497894593  0.16351140549669707   -3.6136143596686106   0.03631745237923419   0.4082254156451979   0.00962891595140857   0.0037823448284346126
0.7541229092543671  0.16507963124979297   -3.572925906564096   0.037509976023536784   0.4068845310451427   0.011925236443025896   -0.01340884600055209
0.7505287342985477  0.1665607922125849   -3.5324866979055938   0.03887406771967581   0.40439208658502085   0.013640916961390184   -0.02492444460121768
0.7467400249203557  0.16794706988092073   -3.492358889926555   0.040343629641029874   0.40127807979039093   0.014695619213540687   -0.031140067946300195
0.7427537993227312  0.16922869332101723   -3.4526674752114426   0.041871891714325316   0.39691414715111867   0.015282620732954394   -0.04363932639272238
0.7385905348792394  0.17038948817818034   -3.4135053516658553   0.04322061490406999   0.39162123545587046   0.013487231897446753   -0.05292911695248164
0.7342957767838935  0.17141035714195546   -3.374962860955277   0.04414421880466138   0.38542490710578803   0.009236039005913875   -0.06196328350082466
0.7298990438393372  0.17228120739686742   -3.337129428813853   0.04482146890969523   0.37833432141424167   0.0067725010503385825   -0.07090585691546346
0.7253984355435524  0.17300060339168508   -3.3000959711672033   0.04557741285927316   0.37033457646649726   0.007559439495779192   -0.07999744947744429
0.7207419503288026  0.17357325432222678   -3.2639574670091616   0.04691565159244232   0.3613850415804131   0.013382387331691616   -0.08949534886084107
0.7158214418599237  0.1740035260019804   -3.228815343824196   0.049392851011767464   0.3514212318496566   0.024771994193251497   -0.09963809730756575
0.7106500520835776  0.17427883459520407   -3.1947793126117348   0.0517871287487538   0.34036031212461626   0.02394277736986333   -0.1106091972504033
0.7053381010728095  0.17438708626103916   -3.16196872327491   0.0531305392067092   0.32810589336824425   0.01343410457955405   -0.12254418756371992
0.7000186816895946  0.17432813975257122   -3.1305117269732867   0.05319745977523942   0.31456996301623014   0.0006692056853021298   -0.13535930352014142
0.6947202680961995  0.17411051090482793   -3.1005413878988044   0.05302881190640156   0.2997033907448277   -0.0016864786883785772   -0.14866572271402415
0.6895856412398311  0.17375358003746014   -3.0721898302204576   0.05147017835428439   0.28351557678346606   -0.015586335521171597   -0.16187813961361572
0.6847359713144522  0.1732865241218472   -3.045582012411994   0.04872108333507596   0.2660781780846341   -0.027490950192084387   -0.17437398698832066
0.6801767541821729  0.17273325441903203   -3.020831223541891   0.0459266461036758   0.2475078887010301   -0.027944372314001615   -0.18570289383603958
0.6758353206791502  0.17210570234547462   -2.9980374762756137   0.043865551935652836   0.22793747266277323   -0.020610941680229613   -0.1957041603825689
0.6716244039185274  0.17140753449588833   -2.9772878345066545   0.04268402313640332   0.2074964176895942   -0.011815287992495187   -0.20441054973178996
0.6674834682743707  0.1706415271723839   -2.958676244834763   0.042111892891093496   0.18611589671891143   -0.005721302453098164   -0.21380520970682765
0.663385918141047  0.16981411672502883   -2.942343856130519   0.04180254196038015   0.16332388704244116   -0.0030935093071335035   -0.2279200967647029
0.659322252848463  0.1689341661874862   -2.928343954389973   0.04157846625198368   0.13999901740546114   -0.002240757083964743   -0.23324869636980025
0.6552743027792997  0.1680080888873394   -2.9166862637496083   0.04152531628812262   0.11657690640364374   -0.0005314996386104969   -0.23422111001817408
0.6511926661630035  0.16703434725782992   -2.9074035711592217   0.04196180433266554   0.09282692590386712   0.0043648804454291664   -0.23749980499776602
0.6470094586021029  0.16600589880133945   -2.9005221202048928   0.043077757282889054   0.0688145095432923   0.011159529502235067   -0.24012416360574826
0.6426449183735634  0.16491220761953027   -2.8960628596319635   0.044994857270253374   0.044592605729293855   0.019170999873643242   -0.24221903813998447
0.6380322464627624  0.16374642508916454   -2.8940417591220435   0.047577085939346564   0.020211005099200683   0.025822286690931954   -0.24381600630093167
0.6331529013083752  0.162515465660338   -2.894469602400007   0.05032223191697589   -0.00427843277964125   0.02745145977629321   -0.24489437878841933
0.628064265090697  0.1612471476213048   -2.8973245373975973   0.052443158947570886   -0.028549349975899717   0.02120927030594999   -0.24270917196258468
0.6228910105739432  0.1599870995745601   -2.902675134706885   0.053244984153644925   -0.05350597309287488   0.008018252060740354   -0.24956623116975157
0.6177005885846174  0.15876552138976774   -2.910446778149938   0.053322353369706116   -0.07771643443053176   0.0007736921606118831   -0.2421046133765689
0.612492495216962  0.157595815429079   -2.9206647840379674   0.05337831822068412   -0.10218005888029319   0.0005596485097800625   -0.24463624449761429
0.6073460478572038  0.15650811369260595   -2.9333078152922964   0.052601345509681006   -0.12643031254328965   -0.007769727110031175   -0.24250253662996424
0.6023309191773024  0.15552673914190474   -2.948351648330771   0.0511024575580603   -0.15043833038474938   -0.014988879516206989   -0.24008017841459783
0.5974586292252323  0.15466115200989278   -2.965771955292961   0.04948580651070364   -0.17420306962189866   -0.01616651047356665   -0.23764739237149252
0.5926898751448305  0.15391090431356105   -2.9855459955615635   0.04827409976913106   -0.19774040268602655   -0.01211706741572576   -0.23537333064127888
0.587949978627464  0.1532722202916201   -3.007652988686421   0.04782733138617019   -0.2210699312485728   -0.0044676838296087255   -0.2332952856254627
0.5831631327936602  0.15274585932836005   -3.0320727735746917   0.048156981737074715   -0.24419784888270957   0.003296503509045186   -0.2312791763413677
0.5782758323218397  0.15234021540992562   -3.0587828759401554   0.04904105717704339   -0.2671010236546386   0.008840754399686838   -0.22903174771929025
0.5732666225269755  0.1520702675137954   -3.087754416207031   0.05016478310088388   -0.289715402668755   0.01123725923840494   -0.22614379014116448
0.5681449116657753  0.15195426186737115   -3.1189467412738425   0.05123024444187148   -0.31192325066810944   0.010654613409875868   -0.2220784799935434
0.5629451950318001  0.15200994664599712   -3.152301439072047   0.05200014794999002   -0.3335469779820455   0.007699035081185459   -0.2162372731393614
0.5577117041708297  0.1522516081495725   -3.187735843842389   0.05239067366828724   -0.35434404770342093   0.0039052571829722212   -0.20797069721375389
0.5524932559397232  0.15268859253374842   -3.2251361220154338   0.052367124508371624   -0.37400278173044676   -0.00023549159915619823   -0.19658734027025893
0.5473849526504845  0.15331884620200234   -3.2643505592396473   0.05147036252174118   -0.3921443722421344   -0.008967619866304443   -0.18141590511687597
0.5425035920409019  0.15412458916191213   -3.305182782533388   0.04947413780777466   -0.4083222329374132   -0.0199622471396651   -0.16177860695278776
0.5379856959354248  0.15506769238389326   -3.3473857341383466   0.0461528210483369   -0.42202951604958117   -0.033213167594377695   -0.13707283112167962
0.5339610394060713  0.1560913451314994   -3.3906568752104436   0.04152797265331985   -0.4327114107209697   -0.04624848395017044   -0.10681894671388503
0.5305134045454184  0.15713159776285293   -3.4346352531242266   0.036011542135025006   -0.43978377913783023   -0.055164305182948466   -0.07072368416860539
0.5276460976095952  0.15813719443299612   -3.4789009224889544   0.030385315083478633   -0.44265669364728166   -0.056262270515463744   -0.02872914509451435
0.5252605189189715  0.1590938559724084   -3.5229768663075998   0.02570250374992503   -0.44075943818645286   -0.04682811333553599   0.01897255460828806
0.5231475216808935  0.16004950188698394   -3.5663329659819922   0.023190550752774736   -0.4335609967439191   -0.025119529971502987   0.07198441442533707
0.5209994091164221  0.16113203236399426   -3.6083912392662394   0.024054645753566882   -0.420582732842473   0.008640950007921477   0.12978263901446085
0.5184607813333918  0.16254170441398147   -3.648487436310938   0.029037572745132346   -0.40096197044698667   0.04982926991565463   0.19620762395486385
0.5152416533479102  0.16449079396710825   -3.6860254475420513   0.03763208082609692   -0.3753801123111343   0.08594508080964573   0.2558185813585234
0.5112733537322365  0.167083194065227   -3.7202683336823013   0.04740035876286437   -0.34242886140249845   0.09768277936767455   0.32951250908635893
0.506867810134681  0.1701555924311305   -3.750567283162781   0.05371074949092355   -0.3029894948048012   0.06310390728059179   0.3943936659769722
0.5025620384447981  0.17332561405660582   -3.77622004841677   0.05346840838418426   -0.2565276525398864   -0.0024234110673929084   0.46461842264914793
0.4982986148029502  0.17659994304750662   -3.7965174822677463   0.053756870714840095   -0.20297433850976712   0.0028846233065583904   0.5355331403011928
0.4940828180094831  0.17993523561125496   -3.8109087937556465   0.05375604067414342   -0.1439131148789944   -8.300406966822756e-06   0.5906122363077271
0.48989371427061795  0.18330427200406568   -3.8189124023211836   0.05375778673927868   -0.08003608565537532   1.7460651352632325e-05   0.638770292236191
0.48570880115988113  0.18667857792890075   -3.8201647893351347   0.0537581977179233   -0.012523870139511475   4.1097864461523865e-06   0.6751221551586385
0.48150511243321137  0.190029186935248   -3.8145407941929395   0.05375646902852344   0.05623995142195677   -1.72868939985203e-05   0.6876382156146824
0.47726023323184774  0.19332695756191037   -3.8020774978987792   0.05375340969673124   0.12463296294159602   -3.059331792206322e-05   0.6839301151963927
0.4729536189806965  0.1965424731284873   -3.782943634368322   0.0537461316441635   0.19133863530457837   -7.278052567733115e-05   0.6670567236298235
0.4685699826619947  0.19964468594809992   -3.757454567459128   0.05370287864985502   0.25489066909193037   -0.000432529943084857   0.6355203378735197
0.464098841664682  0.2026032722111139   -3.7261539279286677   0.05361374310150811   0.3130063953046035   -0.0008913554834690223   0.5811572621267316
0.45957294011392785  0.20536614493438385   -3.6896663804757837   0.05302570181723904   0.3648754745288431   -0.005880412842690804   0.5186907922423962
0.45534375816247485  0.20771582279475426   -3.648715068070882   0.04838074619723281   0.40951312404901774   -0.04644955620006222   0.4463764952017462
0.4516237416635659  0.2095704439530275   -3.6040810825550333   0.0415669849674834   0.4463398551584866   -0.06813761229749413   0.3682673110946889
0.44850772688665086  0.21094321833018026   -3.5565640063187827   0.03405004784213865   0.4751707623625055   -0.07516937125344754   0.28830907204018885
0.44586738223780875  0.21195323444836278   -3.506950248005491   0.02826933395688312   0.4961375831329179   -0.057807138852555257   0.20966820770412364
0.44344402530854066  0.21274127658849115   -3.4559929210483085   0.0254826788647697   0.5095732695718249   -0.027866550921134204   0.13435686438907102
0.4409502797845478  0.21341216997057105   -3.4044005586611985   0.025824145036289103   0.5159236238710982   0.0034146617151940457   0.06350354299273292
0.4381507810613855  0.214012485273533   -3.3528303514107076   0.02863140157931118   0.5157020725049085   0.028072565430220735   -0.0022155136618979923
0.43490214610816386  0.21453771434949043   -3.3018824838452794   0.032908197522083335   0.5094786756542862   0.0427679594277216   -0.06223396850622274
0.43115832857683684  0.21495310437431686   -3.252094279715818   0.037667915499263356   0.4978820412946109   0.04759717977180022   -0.11596634359675317
0.4269563882073909  0.21521540087692867   -3.203934473360398   0.042101190391319536   0.4815980635542025   0.04433274892056173   -0.16283977740408415
0.42239287970596884  0.21528936357215878   -3.157798653872989   0.045641078342691856   0.4613581948740871   0.035398879513723266   -0.20239868680115358
0.4175962842968442  0.2151570133037987   -3.1140071092224813   0.04798421001993336   0.43791544650507824   0.023431316772415025   -0.23442748369008823
0.4127028215251194  0.2148198739940925   -3.0728054954443613   0.049050627735437724   0.4120161377811984   0.010664177155043674   -0.25899308723879894
0.4078378831748414  0.21429622367509793   -3.0343678724798413   0.04893039424385351   0.3843762296452017   -0.0012023349158422098   -0.276399081359967
0.4031117398592754  0.21361675146414533   -2.998802235785672   0.04774736969166552   0.35565636694169067   -0.011830245521879857   -0.28719862703511034
0.39861761389051764  0.21282025726621692   -2.9661840194390434   0.04564161613089112   0.3261821634662876   -0.021057535607744055   -0.29474203475403077
0.3944214261854189  0.21194742775000922   -2.936511619606881   0.04286003105550106   0.2967239983216319   -0.027815850753900556   -0.2945816514465571
0.39055112689077626  0.21103352982646048   -2.9097090854394554   0.03976735601567995   0.2680253416742533   -0.030926750398211147   -0.28698656647378507
0.38698710692311994  0.21010106405080164   -2.8856954635345997   0.0368398300113177   0.24013621904855875   -0.02927526004362246   -0.278891226256946
0.3836615248258205  0.20915441817871924   -2.8642719681833624   0.034576921050042946   0.21423495351236874   -0.02262908961274749   -0.25901265536190027
0.3804774170077727  0.20818247054961897   -2.8453267004439717   0.03329147757409819   0.18945267739390775   -0.012854434759447645   -0.2478227611846094
0.3773126456784974  0.20715829215965298   -2.8286108268796357   0.03326367228836295   0.16715873564335498   -0.00027805285735229657   -0.2229394175055283
0.3740469355957604  0.20604828628702432   -2.813946253638032   0.034491992377593386   0.14664573241604287   0.012283200892304376   -0.2051300322731206
0.3705952626495627  0.2048252332193716   -2.8010599838403127   0.03661953704487354   0.1288626979771914   0.02127544667280149   -0.17783034438851492
0.36692258261962396  0.20347662357235358   -2.789677443823758   0.039124578697208694   0.11382540016554632   0.025050416523351535   -0.1503729781164508
0.3630479009650075  0.2020089794774631   -2.7795139016030217   0.041433244036508124   0.10163542220736498   0.023086653392994316   -0.12189977958181338
0.35902813351699225  0.20044379063719872   -2.77028093399358   0.04313739264467709   0.09232967609441604   0.01704148608168964   -0.09305746112948934
0.35494032656828406  0.19881154659335046   -2.761693514334309   0.04401634499658695   0.0858741965927069   0.008789523519098607   -0.06455479501709159
0.35084836869977976  0.19713853435470538   -2.7534771284969874   0.04420756626220253   0.08216385837321714   0.0019122126561557414   -0.03710338219489751
0.3468010337724534  0.19544536188504813   -2.745374400721254   0.04387226119766488   0.08102727775733562   -0.0033530506453765107   -0.011365806158815274
0.3428289948249706  0.19374536209644339   -2.7371907222671807   0.04320543100303066   0.08183678454073447   -0.006668301946342092   0.008095067833988475
0.33894275354220404  0.19204307366213874   -2.7287378422442203   0.04242718140702553   0.08452880022960246   -0.007782495960051347   0.02692015688868003
0.3351349476974432  0.19033449519262022   -2.7198168394588667   0.04173562715222747   0.08921002785353256   -0.006915542547980622   0.046812276239301044
0.33138811999107326  0.18861027350563866   -2.7103039246345206   0.04124519158287205   0.09512914824346383   -0.004904355693554257   0.05919120389931256
0.3276873598878933  0.1868609026115206   -2.7000178136128596   0.04093400037435363   0.10286111021661111   -0.0031119120851840977   0.07731961973147275
0.32404668980988693  0.1850900454377061   -2.6888762898175007   0.04048507595020843   0.11141523795359057   -0.004489244241452001   0.08554127736979467
0.320528839114386  0.18332625969393643   -2.6768403451974128   0.0393525268131053   0.12035944620087598   -0.011325491371031355   0.08944208247285418
0.31723716362886234  0.18162229916649553   -2.6639190306858818   0.03706562960624546   0.12921314511531118   -0.022868972068598364   0.08853698914435186
0.31429026339557276  0.1800450810164411   -2.650173368522853   0.033424299660311865   0.13745662163028755   -0.03641329945933596   0.08243476514976376
0.31177897432229573  0.17865394051394132   -2.635718240055262   0.028708613180117765   0.14455128467590567   -0.047156864801940986   0.07094663045618113
0.30971576302742787  0.17747023611462406   -2.620721291853716   0.023786544415348117   0.14996948201546312   -0.04922068764769652   0.054181973395574436
0.3079911830967257  0.17644543311699992   -2.605424088809882   0.02006090008279802   0.15297203043833713   -0.037256443325500925   0.030025484228740296
0.30634644339383665  0.1754334918496233   -2.5900286278718974   0.019311120679233355   0.1539546093798464   -0.007497794035646685   0.009825789415092798
0.3043823252791767  0.17418355921592313   -2.5748491988555036   0.023281090088576272   0.15179429016394055   0.03969969409342916   -0.02160319215905863
0.30167510398795594  0.17240466958366082   -2.560248975061456   0.03239366518844301   0.1460022379404766   0.09112575099866752   -0.05792052223463955
0.2980630199157017  0.1699598189460554   -2.546570955424312   0.04361702188966216   0.13678019637143837   0.1122335670121914   -0.09222041569038253
0.293679235184632  0.1669133588867121   -2.5342718644657536   0.053383974619293145   0.12299090958558181   0.09766952729630991   -0.1378928678585653
0.289307417294819  0.1638069787299591   -2.5238234763692176   0.053630578348511405   0.10448388096536605   0.0024660372921825125   -0.18507028620215746
0.28495053372937523  0.16065791569045076   -2.5157419319823218   0.053757820295870944   0.0808154438689547   0.0012724194735953618   -0.23668437096411357
0.28060980859984846  0.1574861335690288   -2.510556254723916   0.053760670081275386   0.05185677258405836   2.849785404453354e-05   -0.2895867128489634
0.2762754405659586  0.15430672284113608   -2.5087126787574716   0.05375444058851861   0.018435759664442917   -6.229492756776492e-05   -0.3342101291961545
0.2720017929303748  0.15118410666874876   -2.510579472953955   0.05292900516086226   -0.018667941964831448   -0.008254354276563533   -0.37103701629274366
0.2686020120291907  0.1487299461765296   -2.51634674139481   0.04193019663396   -0.057672684408548475   -0.10998808526902261   -0.3900474244371703
0.26611550992977767  0.14697170156141984   -2.5261070144766786   0.030453434645287006   -0.09760273081868988   -0.11476761988672997   -0.39930046410141407
0.2640861744649694  0.14557806065023596   -2.5398165172795704   0.024617955678841726   -0.1370950280289127   -0.05835478966445275   -0.39492297210222854
0.2617516324319256  0.14403433818845934   -2.5573474809663677   0.02798779295164565   -0.17530963686797446   0.0336983727280392   -0.3821460883906172
0.2586191642631311  0.1420568707099778   -2.5784894452960234   0.03704420934095208   -0.21141964329655633   0.0905641638930644   -0.3611000642858186
0.25456991572871096  0.13963731052231987   -2.6029889958740116   0.047170631960154044   -0.24499550577988174   0.10126422619201954   -0.33575862483325425
0.24994348002533728  0.1370426824496655   -2.6304753121956743   0.05304338050393924   -0.27486316321662824   0.05872748543785201   -0.2986765743674652
0.24520010309997647  0.1345665707624406   -2.660488922974002   0.05350771322310206   -0.3001361077832768   0.004643327191628196   -0.25272944566648564
0.24038286883117446  0.13224499770669662   -2.692504700851754   0.05347471126960553   -0.32015777877751767   -0.00033001953496535877   -0.20021670994240837
0.23556502671901844  0.13011871112333387   -2.725967128790043   0.05266184316205826   -0.33462427938289646   -0.008128681075472682   -0.14466500605378774
0.23085688309521288  0.12823129689297247   -2.76032539475299   0.050723711279195276   -0.34358265962946904   -0.019381318828629805   -0.08958380246572595
0.22635998127006268  0.1266074671409525   -2.7950639130461497   0.0478110333381162   -0.3473851829315936   -0.029126779410790768   -0.038025233021246024
0.22221438986173853  0.12527098291042746   -2.8297260554052523   0.0435569951020651   -0.34662142359102727   -0.04254038236051101   0.007637593405663386
0.21835629080935254  0.12417132165793436   -2.8639287997181033   0.04011755621701821   -0.3420274431285109   -0.034394388850469   0.045939804625163734
0.2146007613030084  0.1232354438921184   -2.8973671201770386   0.03870383581193242   -0.3343832045893535   -0.014137204050857843   0.07644238539157407
0.2107489317568608  0.12240728586844726   -2.9298128529560405   0.039398523531658784   -0.324457327790022   0.006946877197263649   0.09925876799331489
0.20665895273413754  0.12166100396216459   -2.9611121861318868   0.04157507076357318   -0.31299333175846056   0.02176547231914405   0.11463996031561458
0.20227321903062684  0.1209963287982431   -2.9911833208629517   0.04435814828376365   -0.30071134731064325   0.02783077520190469   0.12281984447817304
0.19761076284813314  0.12042666399567982   -3.020013983196292   0.04697128446290702   -0.2883066233334091   0.026131361791433605   0.12404723977234185
0.1927352490436229  0.11996733371760547   -3.047658248367637   0.048971031398496914   -0.2764426517134467   0.01999746935589902   0.11863971619962405
0.18771847809174297  0.11962888632571998   -3.074231529044219   0.050281743625992574   -0.26573280676582106   0.013107122274956579   0.10709844947625621
0.18261973565130413  0.11941620318910247   -3.099903959929183   0.051031763236766274   -0.2567243088496444   0.007500196107736951   0.09008497916176644
0.17747704709312304  0.1193303107001682   -3.1248923415518925   0.05143405790534333   -0.24988381622709543   0.0040229466857706125   0.06840492622548969
0.17230598427537522  0.11937094923674013   -3.1494513281805636   0.05171222501087021   -0.2455898662867073   0.0027816710552687474   0.04293949940388166
0.16710559175733994  0.11953883165212627   -3.1738640889912872   0.0520310165641931   -0.24412760810723905   0.003187915533228942   0.014622581794681974
0.16187050930356683  0.11983671590850542   -3.198432901481756   0.05243550641311837   -0.24568812490467953   0.004044898489252793   -0.015605167974404572
0.15660320037626452  0.1202689537579319   -3.223469668619571   0.05285013991856195   -0.2503676713781513   0.00414633505443567   -0.04679546473471749
0.15132607843664217  0.12083947377945684   -3.2492863365858833   0.05307872366646008   -0.258166679663129   0.0022858374789813903   -0.07799008284977761
0.14606680541328732  0.12155163731745405   -3.276185025272151   0.05307271393007973   -0.2689868868626754   -6.00973638036126e-05   -0.10820207199546353
0.1408235630664104  0.12241315659208592   -3.3044478799903145   0.05313549262841769   -0.28262854718163183   0.0006277869833796873   -0.13641660318956458
0.13560457554280497  0.12343167552933564   -3.334326619608065   0.05317444084998459   -0.2987873961775119   0.0003894822156689561   -0.16158848995880012
0.1304550453095001  0.1246072395936579   -3.3660322540976524   0.05282008376843659   -0.3170563448958728   -0.0035435708154799733   -0.1826894871836095
0.12546611899315602  0.12592442953761634   -3.399725018534516   0.05159881310493142   -0.33692764436862965   -0.012212706635051715   -0.19871299472756873
0.12073699419928588  0.1273558356880483   -3.435505311644712   0.0494100646462761   -0.35780293110196226   -0.021887484586553214   -0.2087528673333262
0.11634906104852051  0.12886770822409194   -3.4734060843257826   0.04641089947504647   -0.3790077268107085   -0.02999165171229631   -0.21204795708746238
0.11235672542931434  0.13042443604058346   -3.513387182163154   0.042851073721694416   -0.39981097837371554   -0.03559825753352052   -0.20803251563007014
0.10878991306535155  0.13199056654465738   -3.555331904894772   0.038954993512396605   -0.4194472273161732   -0.038960802092978135   -0.19636248942457624
0.10565953644213112  0.1335315922706722   -3.599046219752022   0.03489128557597825   -0.43714314857250125   -0.04063707936418351   -0.17695921256328034
0.1029570350376893  0.13501735277392587   -3.644261055731871   0.03083990615102206   -0.4521483597984947   -0.04051379424956193   -0.15005211225993467
0.10064523741936399  0.13643179331494767   -3.6906695232333884   0.027101753212994715   -0.4640846750151715   -0.03738152938027343   -0.11936315216676795
0.0986443105684242  0.13778984743426215   -3.7378884009174507   0.0241826782094103   -0.4721887768406215   -0.029190750035844152   -0.08104101825450002
0.09682348029299631  0.13915661644539135   -3.785496552946015   0.0227672581170809   -0.4760815202856449   -0.014154200923294027   -0.03892743445023386
0.0950095180857156  0.1406580015310622   -3.8329868320867715   0.023547008440388928   -0.47490279140756453   0.007797503233080301   0.011787288780803457
0.09301874662766019  0.14246931321497971   -3.879825441078441   0.02691471904832815   -0.46838608991669634   0.03367710607939223   0.0651670149086822
0.09071080207100385  0.14477039482894927   -3.9255017958013103   0.03259077272902277   -0.45676354722869106   0.05676053680694617   0.11622542688005215
0.08803732280678345  0.1476818986815329   -3.969583718009023   0.039527643567288155   -0.4408192220771282   0.06936870838265381   0.15944325151562908
0.08507257924522987  0.1511956173336612   -4.011527349354171   0.04597382206439632   -0.41943631345148413   0.0644617849710816   0.21382908625644018
0.08199553739278874  0.15514753210668272   -4.0508209458101545   0.05008574341556695   -0.3929359645598255   0.0411192135117064   0.2650034889165869
0.07899801337394638  0.15929970552571684   -4.0871046500513355   0.05121102844629332   -0.3628370424118141   0.01125285030726374   0.3009892214801141
0.07617303277537141  0.1634970795940515   -4.119990325097928   0.050594925093187804   -0.328856750465925   -0.006161033531055187   0.3398029194588906
0.07345335468789717  0.16780405387562214   -4.149158399268543   0.050937880169475466   -0.29168074170614355   0.003429550762876645   0.3717600875978145
0.07071483470923229  0.1723933650607237   -4.174386951237086   0.053442743967020284   -0.2522855196854331   0.02504863797544814   0.3939522202071045
0.06806071813757063  0.17706202151865005   -4.1954557108529835   0.05370352679117676   -0.21068759615897578   0.0026078282415647218   0.41597923526457314
0.06579226626019652  0.1812136282458192   -4.212311296142224   0.04730931444973401   -0.16855585289241656   -0.06394212341442748   0.4213174326655925
0.06413066338991363  0.18434866308987666   -4.225021833738924   0.03548149880146917   -0.12710537596700194   -0.11827815648264843   0.41450476925414625
0.06304061147960019  0.1864480234908458   -4.233475609039781   0.02365486685723531   -0.08453775300856167   -0.11826631944233856   0.4256762295844024
0.0625  0.1875   -4.23768274231854   0.01182757518550512   -0.04207133278758849   -0.11827291671730189   0.42466420220973194
0.0625  0.1875   -4.23768274231854   2.4421366577050905e-23   -4.989089407243095e-21   -0.11827575185505121   0.4207133278758849
