0.09375  0.15625   -0.8066578046892808   0.0   5.6268990376266715e-22   0.0   0.0
0.09457106042334876  0.15540095745303653   -0.8021513254259506   0.011811068814226272   0.04506479263330242   0.11811068814226272   0.45064792633302414
0.09622790241133251  0.15371824864050454   -0.7931436084659643   0.023614898519618854   0.09007716959986264   0.11803829705392585   0.4501237696656024
0.09874537090716377  0.15122908782978067   -0.7797441830980298   0.03540278120310173   0.1339942536793446   0.11787882683482871   0.4391708407948192
0.10215498232633663  0.14797403128117947   -0.7622121360491635   0.047138989344645714   0.17532047048866375   0.11736208141543994   0.4132621680931918
0.10610979062870525  0.14435622370639958   -0.7409249558596293   0.05359947794206515   0.21287180189534227   0.06460488597419424   0.3755133140667853
0.11015240181082102  0.1408361244284922   -0.7164172238759563   0.053603921587970046   0.24507731983672895   4.443645904902207e-05   0.3220551794138666
0.11366399535353759  0.13794241271411672   -0.6892316413429453   0.04550258970120631   0.2718558253301095   -0.08101331886763732   0.2677850549338054
0.11639281724371743  0.13582500249021676   -0.6598989396753118   0.034539680028340174   0.2933270166763364   -0.10962909672866138   0.21471191346226964
0.11853174473061238  0.13426902306437344   -0.6289173055550185   0.026450109201745623   0.30981634120293317   -0.0808957082659455   0.16489324526596733
0.12046687228118381  0.13295430390000487   -0.5967639632949906   0.023394882171404105   0.3215334226002787   -0.030552270303415216   0.11717081397345464
0.12249915630534831  0.13166921634026313   -0.5638576817132115   0.024045016928830206   0.3290628158177902   0.006501347574261011   0.07529393217511571
0.12479946372987437  0.13031946244334788   -0.5306355698231163   0.02667067646230175   0.33222111890095263   0.02625659533471543   0.031583030831624434
0.12744033526331056  0.12888540606932547   -0.4974715120345088   0.030051156616656496   0.3316405778860751   0.03380480154354748   -0.005805410148775587
0.1304402323584233  0.12738145422958982   -0.4647146202367052   0.03355779152076396   0.3275689179780359   0.03506634904107463   -0.040716599080392456
0.13380183318610234  0.12582886347989963   -0.4326732555250689   0.037028229988316   0.32041364711636294   0.03470438467552046   -0.07155270861672883
0.13753037070729315  0.12424538184891151   -0.4016100973989999   0.040508525180022126   0.31063158126069046   0.03480295191706122   -0.09782065855672493
0.14162480764986574  0.12264910339909825   -0.3717390589063854   0.04394601092936899   0.29871038492614455   0.03437485749346864   -0.11921196334545944
0.14604869024354974  0.12106814624643973   -0.3432242173447418   0.046978891771989134   0.2851484156164361   0.030328808426201385   -0.1356196930970843
0.1507105658869678  0.11954298451527288   -0.316180911323378   0.04905018126461001   0.2704330602136378   0.020712894926208848   -0.14715355402798333
0.15547966518763037  0.11811629796964715   -0.2906788145143471   0.04977925535707681   0.2550209680903092   0.007290740924667921   -0.15412092123328566
0.1602298432280144  0.11681826844480087   -0.26674701987970584   0.04924334682240816   0.23931794634641243   -0.005359085346686441   -0.15703021743896772
0.16487961838080115  0.11565881062901087   -0.2443741712433334   0.04792155193445828   0.22372848636372417   -0.013217948879498885   -0.15589459982688278
0.1694044531458684  0.11463020922296667   -0.22352490697532273   0.04640274830619208   0.208492642680107   -0.015188036282662017   -0.15235843683617137
0.17382312730738778  0.11371537722263586   -0.2041533007536615   0.04512382844408085   0.1937160622166124   -0.012789198621112207   -0.14776580463494632
0.1781749981627206  0.11289565166110319   -0.18618020335931426   0.04428400381370869   0.17973097394347243   -0.008398246303721574   -0.13985088273139964
0.18250266823629469  0.11215503847417709   -0.1694924790304211   0.043905849448971954   0.16687724328893155   -0.0037815436473674726   -0.12853730654540865
0.1868448595084501  0.11148104920730616   -0.15398985810476892   0.043941878175425934   0.15502620925652183   0.00036028726453988814   -0.11851034032409721
0.19123541261640187  0.11086443968707343   -0.13952751116155526   0.04433640027583065   0.14462346943213622   0.0039452210040471   -0.10402739824385594
0.1957027466950713  0.11029868216363677   -0.12597259485896922   0.045030162497782154   0.1355491630258609   0.0069376222195150355   -0.09074306406275345
0.20026767564798573  0.10977984411955126   -0.11317176877521823   0.0459431923805334   0.12800826083750982   0.009130298827512462   -0.07540902188351055
0.2049404142828723  0.10930646026023658   -0.10096312128429628   0.04696656111343591   0.12208647490921931   0.010233687329025135   -0.059217859282905176
0.20971755539389544  0.10887931089600819   -0.08917811263592693   0.04796199930568736   0.11785008648369363   0.009954381922514544   -0.04236388425525686
0.21458160212260008  0.10850088834641185   -0.07764353887335174   0.04878745146558177   0.11534573762575186   0.008254521598944114   -0.025043488579417596
0.21950346442235888  0.1081746668376371   -0.06618329435781438   0.049326614490124515   0.11460244515537356   0.0053916302454274185   -0.007432924703783138
0.22444691504574613  0.10790438652132672   -0.054620042401011454   0.049508338202015736   0.11563251956802928   0.0018172371189122043   0.010300744126557399
0.22937325080532348  0.10769352534505203   -0.04277673227528992   0.04930846423460144   0.1184331012572154   -0.0019987396741430246   0.02800581689186103
0.23424442276415725  0.10754501607530233   -0.030477939292283908   0.04873435262289696   0.12298792983006007   -0.0057411161170447395   0.04554828572844665
0.23902361814472645  0.10746112708601907   -0.017551150063651   0.047799315735872074   0.12926789228632904   -0.009350368870248899   0.06279962456268971
0.24367376039959893  0.10744332693178708   -0.003827854359158193   0.046501763231128576   0.13723295704492808   -0.012975525047434927   0.07965064758599047
0.24815654635682202  0.1074919906526581   0.010855260512265829   0.04483050088500474   0.14683114871424022   -0.01671262346123843   0.09598191669312142
0.2524367223770675  0.1076061084909425   0.02665563487802719   0.042816970520223624   0.1580037436576136   -0.020135303647811055   0.11172594943373382
0.2564954559236538  0.10778368562304014   0.0437239726307771   0.04062616354029385   0.1706833775274991   -0.021908069799297745   0.126796338698855
0.26035103611126875  0.10802382669945308   0.06220367857238719   0.03863051425972562   0.18479705941610092   -0.01995649280568232   0.14113681888601826
0.264079808624167  0.10833113819792495   0.08223041793128845   0.0374141481394898   0.20026739358901258   -0.012163661202358234   0.15470334172911657
0.26782881206685905  0.10872218683331548   0.10393151721832936   0.03769342893470294   0.21701099287040895   0.0027928079521314124   0.1674359928139638
0.2718078837565349  0.1092319807647757   0.12742463532514253   0.04011595862512962   0.2349311810681317   0.02422529690426684   0.17920188197722733
0.27623865704991574  0.10991439387430646   0.1528159332782988   0.04483016800034606   0.25391297953156244   0.047142093752164355   0.1898179846343071
0.2812278090754689  0.11082327492767285   0.18019544106833338   0.05071262436834097   0.27379507790034635   0.0588245636799491   0.19882098368783888
0.28647187061163504  0.11193890632231907   0.20961679002653616   0.053614191035407786   0.2942134895820278   0.029015666670668197   0.20418411681681492
0.29155965860508437  0.11319001107517544   0.24111941040063628   0.05239355854387203   0.3150262037410012   -0.012206324915357569   0.20812714158973383
0.2967239985128379  0.11464514642624238   0.2746455538490668   0.053654287408121754   0.3352614344843054   0.01260728864249721   0.20235230743304203
0.3018283257324737  0.11628063992797759   0.3100776619075618   0.05359943596655284   0.35432108058495015   -0.0005485144156891896   0.19059646100644806
0.30685944884719946  0.1181010770692112   0.34717922315522964   0.053503449590379844   0.3710156124766783   -0.0009598637617298821   0.16694531891728087
0.3118196589483097  0.12011477421931564   0.3856424240723624   0.05353378415494929   0.38463200917132706   0.0003033456456944115   0.13616396694648789
0.3166958759812196  0.12232196414775101   0.42505042450834307   0.05352492870823729   0.39408000435980683   -8.855446712004685e-05   0.09447995188479759
0.32135569504335376  0.124659536652155   0.46496232641559576   0.05213267584266716   0.39911901907252745   -0.013922528655701198   0.050390147127206374
0.3249364502807833  0.1266387990106788   0.5049520621184145   0.04091367443073544   0.3998973570281866   -0.11219001411931728   0.007783379556591234
0.32744615601374016  0.12815888606209494   0.5445879800839831   0.029341587397270955   0.39635917965568757   -0.1157208703346448   -0.03538177372499011
0.32895525121759983  0.12915517690396697   0.5835059346325155   0.01808304115990802   0.3891795454853238   -0.11258546237362933   -0.07179634170363772
0.3299127277920169  0.12984067223214715   0.621343723448318   0.011775675078371288   0.37837788815802487   -0.06307366081536733   -0.10801657327298929
0.33068075312497625  0.13043403156522893   0.6577950177073313   0.009705350123628642   0.36451294259013167   -0.020703249547426455   -0.1386494556789319
0.33148558945766043  0.13110174381815737   0.6925456905177032   0.010457538788447802   0.3475067281037196   0.0075218866481916   -0.170062144864121
0.33245444063472546  0.13196067461929215   0.7253318375326978   0.012947720743194899   0.3278614701499463   0.02490181954747096   -0.19645257953773296
0.33365575500078165  0.1330930974254084   0.7558868885008383   0.01650920233658774   0.305550509681404   0.035614815933928415   -0.2231096046854224
0.33512183300188764  0.13455508006394548   0.7839995038710197   0.020704535591770334   0.2811261537018142   0.04195333255182595   -0.244243559795898
0.33685754879733887  0.13637643090821913   0.8094681398439149   0.02515954733398824   0.2546863597289513   0.04455011742217905   -0.2643979397286296
0.33884202258674057  0.1385557281746253   0.8321542131451469   0.02947451915839142   0.2268607330123204   0.04314971824403178   -0.27825626716630897
0.3410317357196655  0.14105815097744936   0.8519452380975869   0.033252012703883026   0.19791024952440078   0.03777493545491609   -0.28950483487919576
0.3433668562521191  0.1438191883623559   0.8687804533818788   0.03616091168918607   0.16835215284291868   0.029088989853030482   -0.2955809668148211
0.345780841726965  0.14675508565773138   0.8826461842896247   0.038008971048625495   0.13865730907745977   0.018480593594394162   -0.29694843765458906
0.3482102973519293  0.14977651367572908   0.8935753837994342   0.0387701971901156   0.10929199509809417   0.0076122614149011295   -0.29365313979365604
0.3506027100009975  0.1528015494306394   0.901646771072263   0.038567446897479936   0.08071387272828794   -0.002027502926356701   -0.28578122369806225
0.3529207605802611  0.15576491770146786   0.9069819167970741   0.03762301157080593   0.05335145724810971   -0.009444353266739999   -0.27362415480178226
0.35514341511011344  0.15862255110693693   0.9097420881763607   0.036202571509657985   0.027601713792867816   -0.014204400611479475   -0.25749743455241897
0.35726468480695195  0.16135198496662703   0.9101238339203481   0.034568185259197456   0.0038174574398731815   -0.016343862504605323   -0.23784256352994634
0.35929115773432074  0.16394994461245968   0.9083546202774344   0.03294842461594775   -0.01769213642913692   -0.01619760643249699   -0.21509593869010105
0.36123952661695835  0.16642897629228964   0.9046878644988308   0.03153052389736991   -0.03666755778603656   -0.014179007185778459   -0.18975421356899635
0.36313341791125003  0.16881263188749215   0.8993982691057765   0.0304444382952447   -0.05289595393054237   -0.010860856021252108   -0.16228396144505813
0.3650008515755878  0.17113132987116314   0.8927833167220136   0.029771914332433917   -0.06614952383762804   -0.006725239628107819   -0.1325356990708565
0.36687187840064245  0.17341843971596937   0.8851309514006636   0.029549302567539452   -0.0765236532135011   -0.002226117648944661   -0.10374129375873091
0.3687761465711105  0.1757068173683639   0.8767581844340357   0.02977063913494704   -0.083727669666278   0.0022133656740758916   -0.07204016452776883
0.37074067758474827  0.17802589496516996   0.8679781353185204   0.030393260772001305   -0.08780049115515182   0.00622621637054267   -0.04072821488873825
0.37278788720019385  0.18039953410450782   0.8591030621391729   0.03134522287903798   -0.08875073179347653   0.009519621070366743   -0.009502406383247146
0.3749339954024958  0.18284469013364768   0.850440379776124   0.032533933704399276   -0.08662682363048979   0.011887108253612957   0.021239081629867387
0.3771879397108288  0.1853708716143274   0.8422885927558192   0.03385536562849692   -0.08151787020304674   0.013214319240976453   0.05108953427443062
0.37955091542933106  0.18798035943446967   0.8349330557166943   0.0352038079328049   -0.07355537039124944   0.013484423043079783   0.07962499811797283
0.38201649545030203  0.19066896233473507   0.8286414570630984   0.03647967981647168   -0.06291598653595926   0.012758718836667828   0.10639383855290194
0.3845712722573212  0.19342707476682533   0.8236516303949395   0.037595303857967895   -0.04989826668158885   0.01115624041496209   0.1301771985437041
0.38719594257936274  0.19624107885018713   0.8201965936173731   0.03848053180580944   -0.0345503677756643   0.008852279478415393   0.15347898905924542
0.38986642693625967  0.19909421834184868   0.8184541074848095   0.0390792677251077   -0.017424861325634863   0.005987359192982683   0.17125506450029437
0.392555223221517  0.20196765087137633   0.8185806302187136   0.03935256022847542   0.001265227339040418   0.002732925033677177   0.18690088664675283
0.3952327765176884  0.2048413024465305   0.8207088347651214   0.03927742994293451   0.021282045464076478   -0.0007513028554090638   0.20016818125036057
0.3978688791891606  0.2076944049639176   0.8249096960821498   0.03884485972334142   0.04200861317028586   -0.004325702195930932   0.2072656770620938
0.400434285741635  0.2105064161170562   0.8312253533145924   0.03806404800445181   0.06315657232442447   -0.007808117188896131   0.21147959154138596
0.4029026416105307  0.21325836541239399   0.8396698829526581   0.03696756094147961   0.0844452963806586   -0.01096487062972193   0.2128872405623415
0.4052525568291884  0.21593439498843764   0.850193510875712   0.03561353089310054   0.1052362792305386   -0.013540300483790743   0.2079098284987999
0.40746978562161784  0.2185240990583055   0.8627307336584543   0.03409203820170747   0.1253722278274232   -0.015214926913930702   0.20135948596884576
0.4095489893551986  0.22102470877415256   0.8771535828995494   0.032520973412128985   0.14422849241095095   -0.015710647895784798   0.18856264583527801
0.41149533450350156  0.22344399427533845   0.8933099803603215   0.031050284656617258   0.16156397460772087   -0.014706887555117319   0.17335482196769908
0.41332505979245915  0.22580270181012077   0.9110289997496228   0.029851961187984173   0.17719019389301333   -0.011983234686330833   0.15626219285292442
0.4150646482296971  0.22813566423500414   0.93008090237272   0.02910134293617571   0.1905190262309722   -0.007506182518084631   0.13328832337958885
0.416748579481426  0.23049162231357678   0.9502366061178158   0.02895887243754613   0.20155703745095668   -0.0014247049862957898   0.11038011219984459
0.41841524294711097  0.23292996193443388   0.9712139299137529   0.029535177694555846   0.20977323795937178   0.005763052570097145   0.08216200508415127
0.420101356571459  0.23551446124113265   0.9927395101453477   0.030858735911469808   0.2152558023159469   0.013235582169139627   0.05482564356575131
0.4218354763223613  0.23830331850272332   1.0144992974620066   0.03284036561306249   0.21759787316659146   0.019816297015926868   0.023420708506445547
0.4236325644812282  0.24133821044889106   1.0361745172350214   0.035270518816219655   0.21675219773014542   0.02430153203157158   -0.00845675436446051
0.4254907128792174  0.24463410288863596   1.0574373199566822   0.037835991388250265   0.21262802721660992   0.025654725720306134   -0.04124170513535503
0.4273925436199054  0.24817540536658214   1.0779555133643546   0.04019674539876748   0.2051819340767214   0.02360754010517217   -0.07446093139888536
0.4293113041408271  0.2519211671223924   1.097398068643187   0.04208607022274456   0.19442555278832616   0.018893248239770812   -0.10756381288395209
0.431220124379556  0.25581928732426534   1.1154410801687564   0.043403842931280134   0.1804301152556959   0.013177727085355731   -0.13995437532630237
0.4331011916762034  0.259825083410518   1.1317742735553409   0.04425473585861008   0.16333193386584088   0.008508929273299411   -0.1709818138985508
0.4349500553689096  0.2639135982390091   1.1461068141685804   0.04487120508410705   0.14332540613239628   0.006164692254969666   -0.20006527733444573
0.4367740254720171  0.2680802612280798   1.158173373660954   0.04548400532222525   0.12066559492373771   0.006128002381181993   -0.2265981120865859
0.438585525781293  0.27232860250323493   1.1677389529895867   0.046184344707589545   0.09565579328632692   0.007003393853643083   -0.25009801637410783
0.4403942574066724  0.27665246954996225   1.174602874465494   0.046869325075600723   0.06863921475907146   0.006849803680111701   -0.2701657852725546
0.44220258859041084  0.2810244053202499   1.1786018185199898   0.04731160962132107   0.03998944054495706   0.004422845457203473   -0.286497742141144
0.44400655183856325  0.2853983361097976   1.1796160815656667   0.047313374380232066   0.010142630456771412   1.7647589109934373e-05   -0.29846810088185655
0.4458010161039509  0.2897238573875106   1.1775498412519791   0.046829730218850424   -0.020662403136876718   -0.004836441613816389   -0.30805033593648135
0.44758417191692185  0.293959965181138   1.1723678313191113   0.0459611291120709   -0.051820099328676435   -0.00868601106779523   -0.31157696191799716
0.4493588299815302  0.29807985436392687   1.164062241321127   0.04485855339257256   -0.08305589997984386   -0.011025757194983402   -0.31235800651167434
0.45113020462962233  0.302066287183559   1.1526501904210678   0.043622717440968274   -0.11412050900059285   -0.012358359516042815   -0.3106460902074898
0.45290256499648357  0.30590456915264175   1.13820694502989   0.04227726309047015   -0.1444324539117793   -0.013454543504981388   -0.30311944911186445
0.4546780584119255  0.30958043349780934   1.1208297394199798   0.04082199842285366   -0.17377205609910243   -0.014552646676164809   -0.2933960218732315
0.45645974592238214  0.31308651963012823   1.1006341633581722   0.039328171012848176   -0.20195576061807613   -0.014938274100054867   -0.2818370451897367
0.4582536323677082  0.31642550705741856   1.0777910622845748   0.03790364839738972   -0.22843101073597344   -0.014245226154584506   -0.2647525011789732
0.46006947054644304  0.3196093429461915   1.052478507955047   0.03665252959618423   -0.2531255432952782   -0.012511188012054947   -0.24694532559304733
0.46192189746977297  0.3226587875070428   1.0249068666765029   0.03567996305489288   -0.2757164127854407   -0.009725665412913474   -0.2259086949016246
0.46382752461393767  0.3255962246789784   0.9953087815957069   0.0350142141874531   -0.29598085080795955   -0.006657488674397812   -0.20264438022518885
0.46580062352933066  0.328438308717269   0.9639441129208878   0.03459849853770067   -0.3136466867481909   -0.004157156497524301   -0.17665835940231364
0.46785020730395166  0.3311926743579102   0.9310678330112838   0.03433267209457577   -0.32876279909603995   -0.002658264431248962   -0.15116112347849037
0.46997993377914965  0.33385983880530923   0.8969716809385171   0.034131365411642633   -0.34096152072766656   -0.0020130668293313397   -0.12198721631626644
0.4721899315868963  0.33643700023710826   0.861945900128141   0.033949744263837074   -0.35025780810376184   -0.001816211478055678   -0.09296287376095237
0.47447857540340005  0.3389210315341921   0.8263140921351219   0.03377617800124105   -0.3563180799301908   -0.001735662625960164   -0.06060271826428977
0.4768437268008831  0.34130985449139634   0.79037744227992   0.033616091762553216   -0.3593664985520186   -0.0016008623868783594   -0.030484186218277663
0.47928233589531005  0.3436020800979498   0.754465609963372   0.03346806320473726   -0.3591183231654796   -0.0014802855781596296   0.002481753865389759
0.48178913475227175  0.3457958269829695   0.7188972981259898   0.03331150837893683   -0.35568311837382266   -0.0015655482580042845   0.034352047916569345
0.4843547635220989  0.3478876474401265   0.6840156589853147   0.033103117390280365   -0.3488163914067511   -0.00208390988656458   0.06866726967071594
0.48696432447182686  0.349871997222556   0.6501335743104942   0.03278330735202722   -0.33882084674820495   -0.00319810038253147   0.09995544658546139
0.48959660017383366  0.35174164574898614   0.6175909495093926   0.032286933864583076   -0.3254262480110157   -0.004963734874441448   0.133945987371892
0.49222480695363274  0.3534888242735336   0.5866951066767815   0.03155963192754813   -0.30895842832611137   -0.0072730193703494225   0.16467819684904353
0.49481949750653387  0.355107484905507   0.5577616373746741   0.030581826804191962   -0.28933469302107456   -0.009778051233561735   0.19623735305036816
0.4973538408538085  0.3565961891407287   0.531112355497709   0.029392408036504114   -0.2664928187696503   -0.011894187676878455   0.22841874251424235
0.49981209169103896  0.3579616722268147   0.5070326563536351   0.028120350703951833   -0.24079699144073916   -0.012720573325522845   0.2569582732891116
0.5022002530225407  0.3592227043287916   0.4858230365117228   0.027006511265798776   -0.21209619841912228   -0.011138394381530595   0.2870079302161686
0.5045573227200763  0.36041333964454464   0.46774612245131375   0.026407177081542783   -0.18076914060409097   -0.005993341842559871   0.3132705781503133
0.5069640346528481  0.36158501633678947   0.4530619586893196   0.02676768312442704   -0.14684163761994198   0.0036050604288425615   0.33927502984148966
0.5095422686992509  0.36280518435237513   0.4420254680760078   0.02852385104485374   -0.11036490613311785   0.01756167920426704   0.36476731486824154
0.5124388843810906  0.36415070803501315   0.4348594627162324   0.03193871692604481   -0.0716600535977537   0.0341486588119106   0.38704852535364137
0.5157887513906281  0.3656941329861863   0.43175111091200546   0.03688328830445133   -0.0310835180422691   0.04944571378406528   0.40576535555484594
0.5196625960935848  0.36748427499180314   0.4328787651188388   0.04267467771747274   0.01127654206833326   0.0579138941302141   0.4236006011060236
0.5240179345006395  0.3695259652889949   0.43836016865792077   0.04810142608032962   0.05481403539081886   0.054267483628568806   0.4353749332248559
0.5286809889824268  0.37176857076154496   0.44827601952508905   0.05174297672692464   0.09915850867168317   0.03641550646595012   0.44344473280864316
0.5333774004318002  0.3741108615915013   0.4626395416195163   0.05248105070776038   0.14363522094427308   0.007380739808357438   0.44476712272589913
0.5378092399406803  0.37642593927738144   0.4813861703918263   0.05000078611795401   0.18746628772309937   -0.024802645898063625   0.43831066778826305
0.5417351358091732  0.3785929579647435   0.504362617777747   0.044842645285071335   0.2297644738592068   -0.0515814083288268   0.42298186136107424
0.5450115829015242  0.38051850727393355   0.5313220576875382   0.0380037441459366   0.2695943990979117   -0.06838901139134732   0.39829925238704916
0.5475939653124471  0.38214446505637095   0.5619252508381404   0.030516286842462048   0.3060319315060234   -0.0748745730347456   0.3643753240811172
0.5495154702599102  0.3834470749358072   0.5957469886066584   0.02321416326540722   0.338217377685179   -0.07302123577054827   0.32185446179155597
0.5508646339750889  0.38443550255731335   0.6322863962622659   0.016724927184630204   0.36539407655607586   -0.06489236080777014   0.27176698870896865
0.5517675411543264  0.3851522729870916   0.6709780221833263   0.011528231535335498   0.38691625921060346   -0.05196695649294707   0.2152218265452758
0.5523715820906583  0.3856727290812239   0.7112037363515987   0.007973330538013022   0.4022571416827245   -0.035549009973224764   0.15340882472121026
0.5528292880272452  0.38610109409242904   0.7522967415157406   0.006268901875222074   0.4109300516414172   -0.01704428662790947   0.08672909958692682
0.5532882645591557  0.386567645251012   0.7935820974413972   0.006544688231075736   0.412853559256567   0.002757863558536617   0.01923507615149854
0.5538960017972293  0.38723798497920847   0.8343408312608261   0.009048203698745844   0.4075873381942884   0.02503515467670109   -0.052662210622786754
0.5548249616959627  0.3883477376985942   0.8738466857992137   0.014472448278155437   0.3950585453838759   0.05424244579409591   -0.125287928104124
0.5562777341511221  0.39022179561508885   0.911360400016461   0.023712108469822902   0.375137142172474   0.09239660191667466   -0.19921403211401956
0.5583412936237171  0.39308394802933316   0.9461270482610808   0.03528483263287675   0.34766648244619786   0.11572724163053846   -0.27470659726276153
0.5609421360178309  0.39693975256016345   0.97737201077579   0.046509794386766314   0.31244962514709207   0.11224961753889569   -0.35216857299105814
0.5638125856250539  0.40145283946146554   1.0043060441942262   0.05348591807785719   0.2693403341843625   0.06976123691090873   -0.4310929096272955
0.5665882464816826  0.40603490945339876   1.02614811974065   0.05357206231049631   0.21842075546423592   0.0008614423263912076   -0.5091957872012659
0.5692923044721026  0.4106646094217822   1.042174167973483   0.05361534427083778   0.16026048232833126   0.00043281960341472794   -0.5816027313590464
0.5719528205593816  0.41532199221640637   1.0517870778372884   0.05363726348941949   0.09612909863805383   0.00021919218581701393   -0.6413138369027744
0.5746003622601983  0.41998701850279957   1.0545941792330833   0.05363948854184188   0.028071013957949104   2.225052422405645e-05   -0.6805808468010472
0.5772668920181139  0.42464075131442613   1.0504759665949661   0.05363544539934387   -0.04118212638117185   -4.043142498019155e-05   -0.6925314033912094
0.5799837463611139  0.4292652832686118   1.039628060251979   0.05363542981683311   -0.10847906342987208   -1.55825107549033e-07   -0.6729693704870024
0.5827793025204294  0.4338430786885774   1.0225627731945894   0.05363892723288444   -0.1706528705738947   3.497416051315611e-05   -0.6217380714402261
0.585676941211268  0.43835666064834816   1.0000782783848585   0.05363649139365247   -0.22484494809730973   -2.4358392319588904e-05   -0.5419207752341502
0.5886939231997981  0.4427891235877064   0.9731713058430862   0.05361800819491596   -0.26906972541772184   -0.00018483198736512122   -0.44224777320412084
0.5918417221517583  0.4471264804695104   0.9430024170181363   0.05359225966694849   -0.30168888824949974   -0.0002574852796746169   -0.32619162831777904
0.5951270403254253  0.45135925540232236   0.9107608306784833   0.053581432543436655   -0.322415863396529   -0.00010827123511844122   -0.2072697514702929
0.5983414369535028  0.4552290336693625   0.8776490527735193   0.05030658954714931   -0.3311177790496391   -0.03274842996287347   -0.08701915653110119
0.6010753819926558  0.4583085237171088   0.8447673534011775   0.041179745544718906   -0.32881699372341994   -0.09126844002430398   0.02300785326219164
0.6032619693085797  0.4606199477185157   0.8131447915852357   0.031817990201204426   -0.3162256181594174   -0.09361755343514482   0.12591375564002527
0.6050332246899133  0.4623851297735159   0.783680807873895   0.02500642580057902   -0.29463983711340647   -0.06811564400625408   0.21585781046010938
0.606569802040939  0.4638374684339016   0.7572219293476807   0.02114322004836552   -0.2645887852621438   -0.038632057522134985   0.30051051851262667
0.6080324252625371  0.4651583310535385   0.7345129657770072   0.019707726272485893   -0.22708963570673477   -0.014354937758796246   0.3749914955540907
0.6095565136502518  0.4664849782569693   0.7162488575586404   0.02020603428666185   -0.1826410821836675   0.004983080141759568   0.4444855352306724
0.6112547488756903  0.46792422943014805   0.7030398037994521   0.022260832914375007   -0.13209053759188424   0.020547986277131565   0.5055054459178326
0.6132120871195287  0.46955755313731223   0.6954038005844339   0.02549297811785964   -0.0763600321501814   0.0323214520348463   0.5573050544170285
0.6154754827346439  0.47143993962739017   0.6937527670593508   0.029438645703481117   -0.01651033525083023   0.03945667585621481   0.5984969689935118
0.6180453938062248  0.4735974405796764   0.6983804343476363   0.033554810795100545   0.04627667288285384   0.041161650916194295   0.6278700813368409
0.620873428003842  0.47602552234908435   0.7094517462020571   0.037273795757641566   0.11071311854420804   0.03718984962541016   0.6443644566135419
0.6238669717618149  0.47868834803883203   0.7269963943756538   0.040064878490866686   0.17544648173596794   0.027910827332251212   0.6473336319175989
0.6269007799403514  0.481519780786605   0.7509076490881285   0.04149819691181398   0.23911254712474617   0.014333184209472983   0.6366606538877824
0.6298355350649633  0.4844285095938514   0.7809442886922128   0.041320080972259345   0.3003663960408427   -0.0017811593955463668   0.6125384891609645
0.6325424047589863  0.48731055339019236   0.816731046463806   0.039538993391900694   0.35786757771593325   -0.01781087580358655   0.5750118167509062
0.6349290395545347  0.49007043842604064   0.8577961910586654   0.036486971727485176   0.4106514459485931   -0.030520216644155197   0.527838682326598
0.6369563299194316  0.49264386357320306   0.9035517454433527   0.03276037730498787   0.4575555438468733   -0.03726594422497312   0.46904097898280234
0.638640340573136  0.49501542106541657   0.9533330135507615   0.029086383103892843   0.4978126810740879   -0.036739942010950176   0.40257137227214573
0.6400386113054236  0.4972241180505869   1.0064113682040465   0.026140970550216584   0.5307835465328511   -0.02945412553676262   0.3297086545876313
0.6412270649811919  0.4993548601265455   1.0620109419020212   0.024397712871716645   0.5559957369797469   -0.01743257678499938   0.25212190446895894
0.6422766437079979  0.5015195045448697   1.119322977257066   0.024056809766771176   0.5731203535504494   -0.0034090310494546655   0.17124616570702558
0.6432366808851196  0.5038334492739117   1.1775182936936734   0.02505196916515184   0.5819531643660742   0.0099515939838066   0.08832810815624789
0.6441279999618861  0.5063935045529425   1.23575808085528   0.02710780833690056   0.5823978716160625   0.020558391717487225   0.004447072499882197
0.6449451650725339  0.5092612596756989   1.2932039661407735   0.02981908493256555   0.5744588528549377   0.027112765956649913   -0.07939018761124726
0.6456650761685593  0.5124541024647359   1.3490283676761077   0.03272998176242416   0.5582440153533377   0.029108968298586044   -0.1621483750160007
0.6462583861006282  0.5159445609177309   1.4024251055564672   0.035405249451989536   0.5339673788035946   0.026752676895653756   -0.2427663654974307
0.6467004711341232  0.5196680829710307   1.4526218744323354   0.037496740736030036   0.5019676887586821   0.020914912840405052   -0.31999690044912477
0.6469791036839521  0.5235364842934609   1.4988926715879942   0.03878422989979696   0.4627079715565899   0.012874891637669285   -0.3925971720209221
0.647097544659432  0.5274539022764264   1.5405710850781387   0.03919208072804328   0.41678413490144495   0.004078508282463159   -0.4592383665514495
0.647073289681278  0.5313278815289201   1.577057243448751   0.038740551819400636   0.3648615837061239   -0.004515289086426475   -0.5192255119532101
0.646934391601471  0.5350747814050208   1.6078494940677421   0.03749473477449741   0.3079225061899099   -0.012458170449032194   -0.5693907751621406
0.6467150743786861  0.538623553599804   1.6325187007880089   0.035555427341933905   0.24669206720266715   -0.01939307432563507   -0.6123043898724273
0.6464505964597785  0.5419245011122864   1.650747355582819   0.03311525788779858   0.18228654794810073   -0.024401694541353217   -0.6440551925456642
0.6461709901230653  0.5449717288194488   1.6622977151158453   0.03060028823855774   0.11550359533026582   -0.025149696492408447   -0.6678295261783491
0.6458943144067906  0.5478377134482851   1.667035849924054   0.028793084837687437   0.04738134808208561   -0.018072034008702987   -0.6812224724818021
0.6456230537081252  0.5507114672472275   1.6649099352280439   0.028865278906631212   -0.021259146960100683   0.0007219406894377351   -0.6864049504218629
0.6453494694279684  0.5539165273818677   1.655950015602741   0.03216715533740685   -0.08959919625302944   0.03301876430775631   -0.6834004929292877
0.6450760631309169  0.557845668353066   1.640268585967254   0.03938641869327137   -0.15681429635487248   0.07219263355864522   -0.6721510010184301
0.6448457729853184  0.5627137297108007   1.6180674211834196   0.04873505405129764   -0.22201164783834326   0.09348635358026264   -0.6519735148347078
0.6447449031544028  0.5680617593203738   1.5896552112100961   0.053489807840056   -0.2841220997332339   0.04754753788758362   -0.6211045189489063
0.6448269303337009  0.57341142022902   1.5554643733760942   0.05350289739410455   -0.34190837834002   0.00013089554048549402   -0.5778627860678615
0.6451195636970642  0.5787515112309423   1.5160517602192467   0.05348103046329987   -0.39412613156847187   -0.00021866930804672282   -0.5221775322845184
0.6456473694677843  0.5840809195157414   1.472081757545889   0.05355480519775069   -0.43970002673357816   0.0007377473445080719   -0.455738951651063
0.646427577060722  0.5893686245059984   1.4243020800148107   0.05344955374188483   -0.47779677531078446   -0.001052514558658532   -0.3809674857720627
0.6474438506061662  0.5944529877462409   1.3735140698738735   0.0518493601483176   -0.507880101409371   -0.016001935935672257   -0.300833260985865
0.6484631586828251  0.5984406900365978   1.3205419673133345   0.041159152702237654   -0.5297210256053897   -0.10690207446079944   -0.21840924196018816
0.6493547499301412  0.6012767876173433   1.2662064099886101   0.02972942051201246   -0.5433555732472461   -0.11429732190225199   -0.13634547641856348
0.650112888502686  0.6032940981251633   1.2113100139693653   0.021550674653339808   -0.5489639601924458   -0.08178745858672652   -0.05608386945199698
0.6508295160268757  0.604924357480008   1.156642351353286   0.017808145811635534   -0.546676626160793   -0.03742528841704271   0.022873340316526932
0.6516144297831069  0.606477849968904   1.1029515562648649   0.017405253568326368   -0.5369079508842126   -0.0040289224330917065   0.09768675276580498
0.6525526549858328  0.6081172213873963   1.0509875902857662   0.018888634621910403   -0.5196396597909838   0.014833810535840354   0.17268291093228685
0.6536903429474238  0.6098947926097038   1.001466222474616   0.02110472304562225   -0.4952136781115006   0.022160884237118535   0.2442598167948333
0.6550368156936878  0.6117981020488998   0.9550960770393782   0.02331432108761519   -0.4637014543523807   0.022095980419929315   0.31512223759119873
0.6565761210442337  0.6137886165152431   0.9125364814026445   0.02516268825650707   -0.42559595636733655   0.018483671688918887   0.3810549798504417
0.6582844469379872  0.6158316831007239   0.8743935143061445   0.02663174502727225   -0.381429670965   0.014690567707651751   0.4416628540233656
0.6601488426644366  0.6179168500844332   0.8412376997840252   0.02797122230928438   -0.3315581452211935   0.013394772820121342   0.4987152574380649
0.6621805891464465  0.6200665442647231   0.8135981166379023   0.0295790108623197   -0.27639583146122976   0.01607788553035317   0.5516231375996377
0.6644171924378472  0.6223325448711434   0.791927029358641   0.03183889607288789   -0.21671087279261209   0.02259885210568189   0.5968495866861762
0.6669082308712193  0.6247802480459131   0.7766238338373794   0.03492352116885679   -0.1530319552126151   0.030846250959688983   0.6367891757999703
0.6696855717589361  0.6274627352109015   0.7680268871305083   0.038612640154371984   -0.08596946706871261   0.036891189855151954   0.6706248814390248
0.672726734000611  0.6303903603904872   0.7663786602073991   0.0422133355378758   -0.016482269231091504   0.03600695383503815   0.6948719783762112
0.6759363691258086  0.6335141046750857   0.7718373817019223   0.04478787335034262   0.05458721494523098   0.025745378124668244   0.7106948417632248
0.6791743862409795  0.6367459455602098   0.7844435476753119   0.04574882549847624   0.1260616597338976   0.009609521481336142   0.7147444478866661
0.6823320344835685  0.6400240713366268   0.8041159529208818   0.04551576763049837   0.1967240524556984   -0.0023305786797786394   0.7066239272180082
0.6853981311525795  0.643380753502305   0.8306102870571095   0.045462362394735896   0.26494334136227715   -0.0005340523576247883   0.6821928890657879
0.6884383427771821  0.64693738344807   0.86352150119281   0.04678942540091795   0.3291121413570053   0.01327063006182053   0.6416879999472813
0.691475067310853  0.6507822196189013   0.9022942351913881   0.048994347708620094   0.3877273399857802   0.02204922307702147   0.5861519862877489
0.6943718078711639  0.654800623893022   0.9462016077462664   0.04953653074653204   0.43907372554878354   0.0054218303791194805   0.5134638556300337
0.6968594553698175  0.6586275267657697   0.9943915993906833   0.04564381192999017   0.48189991644416935   -0.038927188165418736   0.4282619089538576
0.6987310834008412  0.6618597610472845   1.045923049475938   0.03735014047779902   0.5153145008525468   -0.08293671452191154   0.3341458440837744
0.7000104428527144  0.6643722604424374   1.0998174909255283   0.028194704853466465   0.5389444144959024   -0.09155435624332552   0.23629913643355546
0.70091404609195  0.6664193147936368   1.155103460157533   0.022376171099456672   0.5528596923200477   -0.05818533754009795   0.13915277824145414
0.7017281410301931  0.6685824530316522   1.2108434861129247   0.023112588788878178   0.5574002595539173   0.0073641768942150874   0.045405672338693706
0.7026544406241244  0.6715283618167478   1.2661487296988834   0.030881077552151387   0.5530524358595867   0.0776848876327321   -0.04347823694330433
0.7037071235773932  0.6756407695039939   1.3201999440244085   0.042450015767045504   0.5405121432552521   0.11568938214894114   -0.12540292604334677
0.7047614321564569  0.6808820993682064   1.372292477983018   0.053463169869896354   0.5209253395860922   0.11013154102850854   -0.19586803669159852
0.7055567542411556  0.6861839171908093   1.4218972645848609   0.053611388195492465   0.49604786601843115   0.0014821832559610533   -0.2487747356766098
0.7061034577906358  0.6915209477094685   1.4687164736966214   0.05364958483354257   0.46819209111760396   0.00038196638050102177   -0.27855774900827246
0.7064152579316596  0.6968807138675266   1.5126876129052622   0.05368827860623536   0.4397113920864095   0.0003869377269279228   -0.28480699031194395
0.7065056955104629  0.7022500981805895   1.553954725819444   0.053701458878717245   0.4126711291418165   0.00013180272481890933   -0.27040262944593035
0.7063874675501215  0.7076192193761199   1.592812752354246   0.05370422726648387   0.38858026534801965   2.768387766621335e-05   -0.24090863793796868
0.7060716975455218  0.7129799253765423   1.6296328959038184   0.05369998092994942   0.36820143549572376   -4.2463365344494156e-05   -0.203788298522959
0.7055678422642814  0.7183251833441622   1.6647807295359802   0.05368952680443129   0.35147833632161973   -0.00010454125518136458   -0.16723099174104
0.7048839922950912  0.7236491199693309   1.698544998998754   0.05367676589472785   0.33764269462773755   -0.00012760909703438028   -0.13835641693882228
0.7040273778739606  0.7289473111939809   1.731089750609279   0.053669934338928194   0.3254475161052512   -6.831555799652931e-05   -0.12195178522486327
0.7030050724218718  0.7342163458967111   1.7624366724554765   0.053672930920478944   0.31346921846197356   2.9965815507509732e-05   -0.11978297643277587
0.7018248013290578  0.7394530700311294   1.7924757379571572   0.05368083411472954   0.3003906550168069   7.903194250599698e-05   -0.13078563445166672
0.7004955856338645  0.744654589388535   1.8209857806154972   0.05368670039200886   0.28510042658339985   5.866277279316396e-05   -0.1529022843340708
0.6990278074305435  0.7498187630655494   1.8477169347360438   0.053687114488034024   0.26731154120546585   4.140960251626293e-06   -0.1778888537793399
0.6974333866673567  0.7549444706883285   1.8723720003422972   0.05367965741721609   0.24655065606253532   -7.45707081793168e-05   -0.20760885142930532
0.6957256585469116  0.7600311954500274   1.8946956172376257   0.053657342586677044   0.22323616895328388   -0.00022314830539042248   -0.2331448710925142
0.6939189732859778  0.7650790817005216   1.9144998128494612   0.053614612961397294   0.1980419561183542   -0.0004272962527976126   -0.2519421283492969
0.6920275331734425  0.7700917233095869   1.931611672455839   0.05357622756432089   0.17111859606377952   -0.0003838539707639127   -0.2692336005457468
0.6902926725163303  0.7744971140617773   1.9459499700717857   0.047346815287917336   0.1433829761594667   -0.06229412276403564   -0.27735619904312814
0.688945695259159  0.777805545552131   1.957438134207167   0.035721235501729544   0.11488164135381224   -0.1162557978618779   -0.28501334805654466
0.6880190117578253  0.7800265853943724   1.9660669853841695   0.024066076315983807   0.08628851177002443   -0.11655159185745735   -0.2859312958378782
0.6875347722925016  0.7811686434472096   1.9718247450631652   0.012404775112138014   0.057577596789957684   -0.11661301203845795   -0.28710914980066743
0.6875  0.78125   1.9747032539230378   0.0008847599113753235   0.028785088598725413   -0.11520015200762691   -0.28792508191232274
0.6875  0.78125   1.9747032539230378   5.622506887192028e-30   1.3346041513685098e-20   -0.008847599113753234   -0.2878508859872541
