0.21875  0.875   -1.927832443431121   2.4626769554435387e-41   3.856498230044015e-36   0.0   0.0
0.21833725340434862  0.8738915587202951   -1.9272563337228195   0.01182794074543634   0.005761097083014582   0.11827940745436341   0.057610970830145804
0.21751435275688108  0.8716737126773991   -1.9260871579414505   0.023655879915131954   0.011691757813688948   0.11827939169695614   0.05930660730674368
0.21628622925219346  0.868344640239143   -1.9242159400250085   0.035483814115625414   0.01871217916441891   0.11827934200493459   0.07020421350729962
0.21466131747787287  0.8639012563265155   -1.9213820547655913   0.04731173096529243   0.028338852594173413   0.11827916849667014   0.09626673429754505
0.21283642135770964  0.8588441025081707   -1.9171080601072872   0.05376341748046255   0.042739946583038965   0.06451686515170119   0.14401093988865551
0.2110435249854196  0.8537755152658706   -1.9107875846221005   0.05376342068226073   0.0632047548518667   3.2017981819558414e-08   0.20464808268827733
0.20929620395623194  0.848691036649108   -1.9018099962138282   0.05376342026262528   0.08977588408272257   -4.1963545253833e-09   0.2657112923085587
0.20761162140618789  0.8435854288374134   -1.8894965451921109   0.053763416460219635   0.12313451021717357   -3.8024056491838616e-08   0.33358626134451
0.20600999375761375  0.838453194460873   -1.8732914039123902   0.053763408393087304   0.16205141279720653   -8.067132322800335e-08   0.38916902580032975
0.20451377930267642  0.8332892456097638   -1.8528160304360781   0.05376339408187924   0.20475373476312173   -1.431120806158549e-07   0.4270232196591518
0.2031467333630074  0.8280896124550143   -1.827890056725136   0.05376337000703452   0.24925973710942298   -2.407484473274983e-07   0.44506002346301266
0.20193299104615148  0.822852076178597   -1.7985158776107595   0.053763330122408616   0.2937417911437626   -3.98846258907478e-07   0.444820540343396
0.2008962850931193  0.8175766495962778   -1.764839693856645   0.05376326334820415   0.3367618375411458   -6.677420447173283e-07   0.4302004639738318
0.20005936089396364  0.8122658759814383   -1.7271007525418216   0.0537631458372698   0.37738941314823327   -1.175109343466337e-06   0.40627575607087457
0.19944358246160326  0.8069249640085464   -1.6855841212938547   0.0537629275429821   0.41516631247967   -2.182942877057837e-06   0.37776899331436803
0.19906869925097312  0.8015617940373032   -1.6405823755270796   0.053762560915587905   0.4500174576677497   -3.6662739419463016e-06   0.3485114518807966
0.1989527232734874  0.7961869425970223   -1.5923705013873066   0.05376102531797093   0.4821187413977302   -1.535597616977717e-05   0.3210128372998052
0.19911063624550332  0.7908541403355736   -1.5411933463397471   0.053351397794602566   0.5117715504755947   -0.004096275233683583   0.2965280907786453
0.19955500342724103  0.785546891233991   -1.4872628206859142   0.05325819675727783   0.5393052565383307   -0.0009320103732473573   0.27533706062735935
0.20028459781197777  0.7803709608690959   -1.430759865634735   0.052270989189399666   0.5650295505117932   -0.009872075678781624   0.2572429397346239
0.20130717062734257  0.7752992259061924   -1.3718417398613898   0.05173794612906887   0.5891812577334503   -0.00533043060330807   0.24151707221657234
0.20263741065818486  0.7703016590621831   -1.3106506475076034   0.0517157740925033   0.611910923537866   -0.00022172036565566323   0.2272966580441568
0.20427290066529138  0.7654232493026089   -1.2473211877151167   0.05145260862727321   0.6332945979248645   -0.0026316546523008503   0.2138367438699856
0.20617589787694565  0.7607779675636452   -1.1819881563559704   0.05019964225148978   0.6533303135914623   -0.012529663757834318   0.20035715666597792
0.20825639109904392  0.7565362123565289   -1.1147942272167177   0.04724504131035915   0.6719392913925274   -0.02954600941130627   0.18608977801064952
0.21037812989827356  0.752871937205848   -1.0459358982578109   0.04234228136504036   0.6885832895890709   -0.04902759945318792   0.16643998196543514
0.21239404584683844  0.7498952669137972   -0.975510376750914   0.03595063718377841   0.7042552150689668   -0.0639164418126195   0.15671925479896007
0.21421920256452123  0.7475772985161482   -0.9037887601315766   0.029502838061052437   0.7172161661933742   -0.06447799122725971   0.1296095112440739
0.21591830483836574  0.7457160503406831   -0.8309088348641247   0.025201573973931725   0.7287992526745186   -0.04301264087120713   0.11583086481144386
0.2177626993273494  0.7439730505615169   -0.7571415194727191   0.025376838379023853   0.7376731539140564   0.0017526440509212787   0.08873901239537829
0.22023081663568536  0.7419659934076824   -0.6827341940362209   0.03181176113711447   0.7440732543649815   0.06434922758090628   0.06400100450925116
0.2237885680476634  0.7394902768330951   -0.6079457597866351   0.043343705041330505   0.7478843424958579   0.11531943904216027   0.038110881308764055
0.22841855422102478  0.7367587795910214   -0.5330029320848894   0.05375671971852289   0.7494282770174571   0.10413014677192384   0.015439345215991232
0.23324013786281358  0.7343803967389964   -0.45825584929459634   0.053762788065321594   0.747470827902931   6.068346798704107e-05   -0.019574491145260813
0.23822511605764574  0.7323667822695448   -0.3838952682291698   0.05376304570477448   0.743605810654265   2.5763945287651927e-06   -0.0386501724866595
0.24334477228163498  0.7307254816527056   -0.31023628252645213   0.05376313566624244   0.7365898570271766   8.996146796692137e-07   -0.07015953627088357
0.24857006694644965  0.7294601583448117   -0.23758018225117195   0.053763135518342726   0.7265610027528021   -1.478997112443791e-09   -0.10028854274374485
0.253872216187582  0.728570287025457   -0.1662824854308596   0.053763051941125434   0.7129769682031231   -8.3577217294173e-07   -0.1358403454967909
0.25922334369783706  0.7280507814830595   -0.0967800832278667   0.05376286045178   0.6950240220299292   -1.9148934543144003e-06   -0.1795294617319391
0.26459722354862225  0.7278916463008582   -0.02960406543867888   0.053762355470040726   0.6717601778918781   -5.049817392673815e-06   -0.23263844138050935
0.2699700592601629  0.7280777628048537   0.03462642896706618   0.05376058308486175   0.6423049440574505   -1.772385178985011e-05   -0.29455233834427647
0.2752239680139936  0.728579611231369   0.09523013838303944   0.052778223763925936   0.6060370941597326   -0.009823593209358154   -0.3626784989771802
0.2800806194512507  0.7293210627276218   0.15149745415871826   0.049129231119858605   0.5626731577567881   -0.03648992644067323   -0.4336393640294454
0.2845495206506123  0.7302396445807392   0.20272618891277447   0.0456233170106196   0.5122873475405622   -0.035059141092390125   -0.5038581021622599
0.2887082544872104  0.7312938129040224   0.24825408345698852   0.04290260828605386   0.45527894544214037   -0.027207087245657267   -0.5700840209842171
0.2926775040274259  0.7324673275600773   0.28746260328185663   0.041390915139031446   0.39208519824868193   -0.015116931470224254   -0.6319374719345843
0.29657338580925807  0.7337579215597588   0.31989361877390754   0.04104086710830541   0.3243101549205086   -0.0035004803072604183   -0.6777504332817339
0.3004913405139374  0.7351663684553333   0.34509980657654854   0.04163423077896884   0.2520618780264097   0.005933636706634425   -0.7224827689409886
0.30449076838776495  0.7366847145945639   0.36283312720569844   0.042779432343659066   0.17733320629149893   0.01145201564690218   -0.7472867173491078
0.30858431889967247  0.7382860351681593   0.37288104312995013   0.043956095564723865   0.10047915924251677   0.011766632210648059   -0.7685404704898214
0.31273030308432537  0.7399190878260417   0.37522617358342875   0.04456012325252506   0.023451304534786985   0.006040276878011926   -0.7702785470772978
0.31686125159780004  0.7415207851214756   0.36988522010093383   0.04430594750953089   -0.05340953482494931   -0.002541757429941681   -0.7686083935973631
0.3209089191187527  0.7430306809654986   0.35704122107750025   0.04320115486878489   -0.12843999023433642   -0.011047926407460083   -0.7503045540938709
0.32483626137993454  0.7444064911404844   0.3369561572115771   0.041613544518647815   -0.2008506386592308   -0.01587610350137068   -0.7241064842489442
0.3286388556364103  0.7456244855299421   0.30998064718206353   0.03992897871487423   -0.2697551002951362   -0.01684565803773585   -0.6890446163590543
0.33234264612354397  0.7466756801679596   0.27654367079818526   0.03850074562859081   -0.33436976383878253   -0.014282330862834255   -0.6461466354364628
0.33599604540018363  0.7475586680611181   0.23714176113964403   0.0375858934894627   -0.3940190965854123   -0.00914852139128103   -0.5964933274662975
0.3396549885272908  0.7482712030962757   0.19233080167008826   0.037276763517945906   -0.4481095946955577   -0.0030912997151679726   -0.5409049811014542
0.3433658343883169  0.7488044210582158   0.14271488077210928   0.037489596422511776   -0.49615920897979   0.0021283290456586587   -0.4804961428423231
0.34715342552589656  0.749142181666376   0.08894031089690872   0.03802621313501328   -0.5377456987520054   0.005366167125015116   -0.4158648977221528
0.3510164661515612  0.7492646356556485   0.031688250574701475   0.03864980964380449   -0.5725206032220725   0.006235965087912031   -0.3477490447006726
0.35492888090529656  0.7491537653353676   -0.02833049753966542   0.039139853644545884   -0.6001874811436688   0.004900440007413942   -0.27666877921596345
0.35884520886642524  0.748798832507597   -0.09038207016251908   0.039323786708997506   -0.6205157262285368   0.0018393306445162257   -0.20328245084867813
0.3627081646724352  0.7482003110532323   -0.1537164639406136   0.03909047900770874   -0.6333439377809454   -0.002333077012887554   -0.1282821155240876
0.36645565748798925  0.7473718377178946   -0.21757451959421859   0.038379773931062025   -0.6385805565360494   -0.007107050766467218   -0.05236618755103967
0.37002607245105396  0.7463405271140525   -0.281195336657093   0.037163778831104416   -0.6362081706287448   -0.012159950999576119   0.023723859073046555
0.37337095615314336  0.7451429040379296   -0.34382491277946015   0.035528225417214766   -0.6262957612236713   -0.016355534138896493   0.09912409405073626
0.376472384968247  0.7438143347686759   -0.40472438244368547   0.033740120032919   -0.6089946966422528   -0.017881053842957673   0.17301064581418396
0.3793499029546456  0.7423773307123971   -0.46315958702557825   0.03216378463397262   -0.5843520458189277   -0.015763353989463734   0.24642650823325038
0.3820555356845171  0.7408334987376132   -0.5185207013025201   0.031151028290109822   -0.5536111427694186   -0.01012756343862803   0.30740903049509166
0.38466014764947304  0.7391634326277384   -0.5701610175016387   0.030940465897167067   -0.5164031619911859   -0.002105623929427528   0.37207980778232674
0.38723593079398  0.7373346245234335   -0.6174064264769583   0.031589868454758245   -0.4724540897531951   0.006494025575911773   0.43949072237990805
0.38984087623749064  0.7353138631077079   -0.6597724707239822   0.03296849626983493   -0.4236604424702397   0.013786278150766858   0.487936472829554
0.39250429238043544  0.7330854079206317   -0.6967163312357766   0.03472721997409641   -0.3694386051179452   0.01758723704261481   0.5422183735229448
0.3952268665942402  0.7306595954241886   -0.7278201845512644   0.03646501970047187   -0.31103853315487684   0.017377997263754552   0.584000719630684
0.3979915494907546  0.7280695685490844   -0.7527924517244283   0.03788365179338252   -0.24972267173163973   0.014186320929106528   0.6131586142323706
0.4007748377917139  0.7253635322450427   -0.7713259590536451   0.03881923008642661   -0.1853350732921671   0.00935578293044095   0.6438759843947263
0.40355775967510055  0.7225921883494616   -0.7833136446678001   0.03927467529666703   -0.1198768561415505   0.004554452102404226   0.6545821715061662
0.40632966669654463  0.7198021527460297   -0.7886575493739166   0.039329082374151204   -0.05343904706116555   0.0005440707748416566   0.6643780908038494
0.4090859900493069  0.7170345204670795   -0.7874454119908396   0.039060346716905545   0.01212137383076928   -0.0026873565724565823   0.6556042089193483
0.4118197145598862  0.7143313647227683   -0.7797757397430374   0.038445156623072366   0.07669672247802414   -0.006151900938331822   0.6457534864725486
0.4145173786240187  0.7117366248049113   -0.7659530919221095   0.03743002356961098   0.13822647820927844   -0.010151330534613852   0.6152975573125431
0.4171597821878104  0.7092930095120761   -0.7463328074573943   0.03599104373771576   0.19620284464715157   -0.01438979831895222   0.5797636643787314
0.41972932411345226  0.7070334490814003   -0.7212958162089579   0.034217187271157724   0.2503699124843642   -0.017738564665580308   0.541670678372126
0.42222299270770114  0.7049695439577865   -0.6913796232066363   0.032369873983709566   0.2991619300232161   -0.01847313287448161   0.48792017538851945
0.4246639551717959  0.7030861919979273   -0.657158085954437   0.03083068658952852   0.3422153725219922   -0.015391873941810429   0.4305344249877607
0.4271045590318371  0.7013462195399337   -0.6193492374656028   0.029973407140693773   0.378088484888342   -0.008572794488347494   0.3587311236634987
0.4296209857467786  0.6997026385433939   -0.5785800073634558   0.03005621716692383   0.40769230102146947   0.0008281002623005564   0.29603816133127453
0.43230012628941716  0.6981126398976901   -0.5356067085299245   0.031154276978522397   0.4297329883353134   0.010980598115985696   0.22040687313843918
0.43522085040366515  0.696550442663129   -0.4911501416286558   0.03312263508722658   0.4445656690126874   0.019683581087041803   0.14832680677373972
0.43842396121246285  0.695018737190939   -0.44605038964805893   0.035504986279352696   0.4509975198059689   0.02382351192126125   0.06431850793281549
0.4419001660162935  0.6935449739669   -0.40098733999511393   0.03775708923990719   0.45063049652944953   0.022521029605544942   -0.003670232765193869
0.4455952197580877  0.692167862536095   -0.35674436838099116   0.03943330831619167   0.4424297161412279   0.01676219076284476   -0.08200780388221691
0.44943486845120495  0.6909207989312911   -0.314038205037515   0.04037086786407056   0.42706163343476167   0.009375595478788867   -0.15368082706466243
0.45334190573397526  0.6898245702680303   -0.27354459152496696   0.040579129624857824   0.40493613512548043   0.0020826176078726716   -0.22125498309281166
0.4572682799759082  0.6888808237230507   -0.23588612448089036   0.040382016082502616   0.3765846704407661   -0.0019711354235521384   -0.28351464684714356
0.4612128996819276  0.6880745523560268   -0.20162056107336734   0.040261766158973374   0.34265563407523   -0.0012024992352924148   -0.33929036365536075
0.4652181225063226  0.6873819495957727   -0.17123152197415925   0.04064665848082265   0.30389039099208076   0.003848923218492823   -0.38765243083149276
0.4693479703082928  0.6867783789204446   -0.14512099627369943   0.04173720214335561   0.2611052570045984   0.010905436625329641   -0.4278513398748235
0.4736578413524147  0.6862429335844256   -0.12360363679513386   0.04343004734607667   0.21517359478565565   0.016928452027210484   -0.4593166221894276
0.4781681696886371  0.6857589250084059   -0.10690206466741652   0.0453622376015459   0.16701572127717354   0.01932190255469233   -0.48157873508482096
0.482855583534065  0.6853116031347541   -0.09514229923104525   0.047087095277746835   0.11759765436371271   0.01724857676200936   -0.4941806691346084
0.4876698218793905  0.6848851369696459   -0.08835372029196217   0.04833090547008568   0.0678857893908308   0.01243810192338842   -0.49711864972881925
0.492567794083665  0.6844605473163131   -0.08647065848925439   0.04916340924667541   0.01883061802707771   0.008325037765897313   -0.49055171363753075
0.49753946706772334  0.6840152091360132   -0.08933668734682354   0.049915787437689915   -0.02866028857569147   0.007523781910145066   -0.4749090660276918
0.5025990335320466  0.683524367928393   -0.09670986828147332   0.05083319574648026   -0.07373180934649781   0.009174083087903405   -0.45071520770806345
0.507735810737361  0.6829660287884946   -0.10826939633891969   0.05167032286736293   -0.11559528057446374   0.008371271208826771   -0.4186347122796592
0.5128561513926692  0.6823297984477796   -0.12362185296706896   0.05159716801612728   -0.1535245662814926   -0.0007315485123565653   -0.37929285707028876
0.5177568040857019  0.6816276420808189   -0.14230960033146   0.049506989790722586   -0.1868774736439103   -0.02090178225404687   -0.3335290736241766
0.5221675826425903  0.680898789322232   -0.16376371601203574   0.044705921108509024   -0.2145411568057576   -0.04801068682213561   -0.27663683161847324
0.5258588688817146  0.6801983829708209   -0.18751666804800343   0.03757148274455123   -0.23752952035967692   -0.071344383639578   -0.2298836355391934
0.5287543167589066  0.6795724460248528   -0.21290342851229702   0.0296233277500376   -0.2538676046429354   -0.07948154994513627   -0.1633808428325848
0.5309872404174228  0.6790276006609128   -0.2393287494607561   0.022984352362785388   -0.2642532094845914   -0.06638975387252213   -0.10385604841656
0.5328995882280619  0.678505989241786   -0.26628223319634564   0.01982209025662656   -0.2695348373558945   -0.031622621061588294   -0.05281627871303098
0.5349789516506169  0.677878465208064   -0.2930950772121326   0.021719895616593345   -0.2681284401578705   0.01897805359966788   0.014063971980240507
0.5377828999656776  0.6769517755612837   -0.3191934805691594   0.02953113586535434   -0.2609840335702679   0.07811240248760992   0.07144406587602584
0.5416642393938651  0.6755608455155994   -0.34410600588271145   0.04123042826455483   -0.24912525313552017   0.11699292399200487   0.11858780434747718
0.5465737517602279  0.6736722262586274   -0.3672350963769349   0.05260246607647774   -0.2312909049422348   0.11372037811922911   0.17834348193285332
0.5515500227880856  0.6716373639820007   -0.38816636742323923   0.053762382599297213   -0.2093127104630429   0.011599165228194708   0.21978194479191926
0.5564883637665845  0.6695119841849568   -0.4064215535266324   0.05376285976545567   -0.18255186103393198   4.771661584593789e-06   0.2676084942911094
0.5613935896925845  0.6673112306958288   -0.42173475013850387   0.05376295872160397   -0.1531319661187148   9.895614829666387e-07   0.2941989491521717
0.5662719587810093  0.6650515703948522   -0.43377662139361256   0.05376295159187863   -0.12041871255108666   -7.129725328828414e-08   0.32713253567628153
0.5711305503393412  0.6627497336552165   -0.44244123211996517   0.05376277923120254   -0.08664610726352638   -1.7236067609956657e-06   0.3377260528756027
0.5759772247701221  0.6604230199918898   -0.4475719474402399   0.053762300461471915   -0.051307153202746966   -4.787697306195259e-06   0.3533895406077942
0.580656325196902  0.6581676353217885   -0.44915429858047684   0.05194298876077395   -0.015823511402369143   -0.018193117006979568   0.35483641800377824
0.5844772667235055  0.6563346052716215   -0.4473025901447541   0.0423787603812802   0.018517084357227088   -0.09564228379493758   0.3434059575959624
0.5874584958422994  0.6549235964152847   -0.4420584884799029   0.032982833491688686   0.05244101664851135   -0.09395926889591513   0.33923932291284264
0.5899531921683281  0.6537687159468584   -0.4335578702825834   0.02749046863087936   0.08500618197319526   -0.054923648608093276   0.3256516532468391
0.592344823361197  0.6526948775384517   -0.42202062325475653   0.026216461794209566   0.1153724702782684   -0.012740068366697967   0.30366288305073147
0.5949013083205442  0.6515911206262234   -0.4075722346354697   0.027845815966962926   0.14448388619286906   0.0162935417275336   0.29111415914600675
0.5977440745587989  0.6504210537517541   -0.3904614816639531   0.0307414644675395   0.1711075297151658   0.02895648500576574   0.26623643522296725
0.6008729740603787  0.6492042236874972   -0.37090123122588836   0.03357184459672084   0.19560250438064772   0.02830380129181347   0.24494974665481947
0.6042071759459171  0.6479906978304637   -0.3490593925029522   0.03548175195676169   0.2184183872293609   0.01909907360040842   0.2281588284871318
0.6076487449311485  0.6468301915371149   -0.32522891678389637   0.0363196529953194   0.23830475719055877   0.00837901038557709   0.19886369961197858
0.6111302397150309  0.6457547162995455   -0.29961268149262105   0.036438239415232   0.25616235291275335   0.0011858641991259616   0.17857595722194605
0.6146353947315546  0.6447750705336617   -0.27253306884367035   0.036394803909988754   0.27079612648950674   -0.00043435505243233146   0.14633773576753367
0.6181932825382931  0.6438884477937694   -0.2442248124932375   0.036666968143303336   0.2830825635043287   0.002721642333145808   0.1228643701482198
0.6218337689582446  0.6430932834508936   -0.21504518593875108   0.037263155671545325   0.2917962655448639   0.005961875282419849   0.0871370204053516
0.6255630294792409  0.6423943283003386   -0.18527510695394608   0.03794195874744722   0.2977007898480499   0.006788030759018953   0.05904524303185964
0.6293515734095751  0.6418011596147543   -0.15530816321133228   0.038346987106691356   0.299669437426138   0.004050283592441378   0.01968647578088137
0.6331439006472919  0.6413226578801613   -0.12551300752829564   0.038223958177968836   0.29795155683036645   -0.0012302892872252291   -0.017178805957715062
0.6368681972372797  0.6409629750592308   -0.09627878782724549   0.03741624890584539   0.2923421970105018   -0.008077092721234462   -0.05609359819864655
0.6404923048816205  0.6407161009870189   -0.068014887336363   0.03632506438435122   0.2826390049088246   -0.01091184521494166   -0.09703192101677248
0.6440808197946326  0.6405683479854796   -0.04115061400399073   0.03591555405440358   0.26864273332372274   -0.004095103299476421   -0.139962715851018
0.6478242952014036  0.640507943774787   -0.016134464036324646   0.037439627121190866   0.25016149967666085   0.015240730667872848   -0.1848123364706194
0.6520058604004882  0.6405354030332461   0.0065666472362456785   0.04181655357036488   0.22701111272570326   0.043769264491740116   -0.23150386950957588
0.6568472926782705  0.6406635815125982   0.02646913883780649   0.04843128763812797   0.1990249160156081   0.06614734067763094   -0.27986196710095157
0.6622153713555385  0.6408949651423111   0.043076956461479146   0.053730630993298584   0.16607817623672655   0.05299343355170617   -0.3294673977888152
0.6675832598340063  0.6411952794996545   0.05588819831962877   0.05376282677690887   0.12811241858149625   0.00032195783610282217   -0.37965757655230314
0.6729462802002942  0.6415411936459723   0.06441065325385015   0.053741644974631665   0.08522454934221381   -0.0002118180227720536   -0.4288786923928244
0.6783100785936649  0.6419074910190274   0.0681848031831287   0.0537629119097837   0.0377414992927854   0.0002126693515203475   -0.47483050049428416
0.6836743438289993  0.6422664394300278   0.0668151349009729   0.05376261291710056   -0.0136966828215578   -2.9899268313830397e-06   -0.5143818211434319
0.6890409227879315  0.6425888197443415   0.059999744870232144   0.05376253229664694   -0.06815390030740769   -8.062045362243733e-07   -0.5445721748584987
0.6944110607430494  0.6428443969165097   0.04755640788281804   0.053762162668467735   -0.12443336987414108   -3.6962817920250295e-06   -0.5627946956673339
0.6997848939729995  0.6430026092338648   0.029432738652256756   0.0537616170893881   -0.1812366923056128   -5.455790796424203e-06   -0.5680332243147171
0.7051609721963453  0.6430332896051296   0.005706769326483458   0.05376165766482594   -0.237259693257733   4.057543785215423e-07   -0.5602300095212022
0.7105354734367573  0.642907341377274   -0.02343011454421192   0.05375976798617911   -0.29136883870695385   -1.88967864683802e-05   -0.5410914544922082
0.7158560678456067  0.6426000287232208   -0.057694980996708105   0.05329462067677606   -0.3426486645249619   -0.004651473094030465   -0.5127982581800802
0.7206042441928516  0.6421392615239204   -0.09673797797755333   0.047704805875805424   -0.39042996980845224   -0.0558981480097064   -0.4778130528349041
0.7246708175097423  0.6415654971139608   -0.14016761995618374   0.041068508786882424   -0.4342964197863041   -0.06636297088922996   -0.43866449977851796
0.7282051029782609  0.640894863684078   -0.18752140038313303   0.03597349436773932   -0.47353780426949305   -0.050950144191431034   -0.3924138448318893
0.731415579860261  0.6401144813305824   -0.23844920260322552   0.03303961020881461   -0.5092780222009249   -0.029338841589247096   -0.3574021793143192
0.734556145149186  0.6391688985190612   -0.2924535772931094   0.0327982883508334   -0.5400437468988383   -0.002413218579812128   -0.30765724697913416
0.7377716727375928  0.6379981050715923   -0.3491858829271797   0.0342204251411963   -0.5673230563407031   0.014221367903629017   -0.2727930944186488
0.7411100058382758  0.6365544855814703   -0.408153138263225   0.036371011978462715   -0.5896725533604533   0.02150586837266418   -0.22349497019750214
0.7445203782437256  0.6348263368946444   -0.4690195938651949   0.038232365644344755   -0.6086645560196979   0.018613536658820384   -0.18992002659244495
0.7478991046573704  0.6328407431360064   -0.5313078626635984   0.03918976237819981   -0.622882687984036   0.009573967338550477   -0.14218131964338052
0.7511328349233928  0.6306535334151969   -0.5946927025178408   0.039039592462248474   -0.6338483985424244   -0.0015016991595133216   -0.1096571055838838
0.7541517484683306  0.6283167673402551   -0.6587113152209936   0.03817632077715015   -0.6401861270315276   -0.008632716850983204   -0.06337728489103168
0.7569402216477532  0.6258563822103237   -0.7229728241277555   0.03718746786208161   -0.6426150890676187   -0.009888529150685478   -0.02428962036091207
0.759522219821072  0.6232653486078625   -0.7871448025740644   0.03657891427597132   -0.6417197844630902   -0.006085535861102836   0.008953046045284784
0.7619300617629916  0.6205201344980754   -0.8507751682977677   0.0365156176530284   -0.6363036572370318   -0.0006329662294291873   0.05416127226058478
0.7641835368589118  0.6176002283981138   -0.9135118501864758   0.03688360291579625   -0.6273668188870816   0.003679852627678454   0.0893683834995017
0.7662848610888716  0.6145015075649413   -0.9749020050260258   0.037440131304956936   -0.6139015483954985   0.005565283891606873   0.13465270491583112
0.7682318753732776  0.6112256898891211   -1.0345343659761226   0.03810754002669676   -0.5963236095009679   0.006674087217398176   0.17577938894530662
0.7700328880013588  0.6077559680455242   -1.0920129737452493   0.03909298678586852   -0.5747860776912692   0.009854467591717625   0.21537531809698596
0.7717200530690571  0.604017196032458   -1.146893564692463   0.04101821806380732   -0.5488059094721357   0.019252312779388086   0.25980168219133565
0.7733392967115893  0.5998676840510169   -1.1987449033004562   0.04454256352966773   -0.5185133860799322   0.03524345465860405   0.3029252339220338
0.7749153285085244  0.5951695637557004   -1.2471329256551644   0.049554223366063285   -0.4838802235470846   0.05011659836395561   0.34633162532847694
0.7763952758001993  0.5900068083651375   -1.2916240087880582   0.05370687778006738   -0.44491083132893694   0.041526544140040894   0.3896939221814765
0.7776680545078746  0.584783381171892   -1.3317866197892443   0.053762586695355136   -0.40162611001185977   0.0005570891528776002   0.4328472131707713
0.778755124082099  0.5795181287571981   -1.367196002206421   0.05376300145039834   -0.3540938241717664   4.1475504319800664e-06   0.4753228584009345
0.7796824776533974  0.5742223906767454   -1.3974408390753357   0.053763209040075276   -0.30244836868914793   2.075896769336788e-06   0.5164545548261841
0.7803832206662208  0.5695434139209923   -1.4221370397568631   0.04731158869751918   -0.24696200681527478   -0.06451620342556091   0.5548636187387312
0.7808426648996255  0.5660249070961086   -1.4409516714545958   0.03548376992418578   -0.1881463169773274   -0.11827818773333404   0.5881568983794742
0.7811191946673895  0.5636755387475529   -1.453631538148721   0.023655866819120682   -0.1267986669412486   -0.11827903105065093   0.6134765003607876
0.78125  0.5625   -1.459979521909582   0.011827938882297722   -0.06347983760860985   -0.1182792793682296   0.6331882933263875
0.78125  0.5625   -1.459979521909582   0.0   -3.247303173398741e-37   -0.11827938882297723   0.6347983760860985
