0.09375  0.71875   -1.0959544885649943   2.0146928576056473e-27   -3.624982479134279e-24   0.0   0.0
0.09429059805839493  0.7176979758513049   -1.0961185908491982   0.011827937563993418   -0.0016410228420406662   0.11827937563993415   -0.016410228420406667
0.09537109538065457  0.7155935708316022   -1.0964502535336247   0.023655855406973927   -0.003316626844265998   0.11827917842980512   -0.01675604002225331
0.09699027092053304  0.7124361649910393   -1.096946731246162   0.03548371608351667   -0.004964777125370313   0.1182786067654274   -0.016481502811043162
0.09914639950367071  0.7082248989460889   -1.0976023246795141   0.04731136456325147   -0.006555934333522624   0.11827648479734795   -0.015911572081523117
0.10159264237860431  0.7034375259508815   -1.0984048384833807   0.05376155168742454   -0.008025138038666106   0.06450187124173068   -0.014692037051434825
0.10385747980056695  0.6989949078980204   -1.09934114397588   0.049866164592357806   -0.009363054924993414   -0.038953870950667234   -0.013379168863273073
0.10582511974669437  0.695124947302567   -1.1004201162264386   0.04341451596869107   -0.01078972250558451   -0.06451648623666734   -0.01426667580591097
0.10755504048023738  0.6917122155224579   -1.101642336166   0.03826142175521985   -0.012222199395614274   -0.05153094213471224   -0.014324768900297631
0.10913906443818491  0.6885765792637837   -1.1030226515870636   0.035130252840056886   -0.01380315421063761   -0.03131168915162966   -0.015809548150233357
0.11065779258218546  0.6855585711542387   -1.1045744234706756   0.03378595584656296   -0.0155177188361163   -0.013442969934939205   -0.0171456462547869
0.11216316493368389  0.682554049121248   -1.1063206204061526   0.033605503363859396   -0.01746196935477083   -0.001804524827035814   -0.01944250518654535
0.11368119191249966  0.6795094480540664   -1.1082722682765227   0.034020584308174645   -0.01951647870370245   0.004150809443152622   -0.020545093489316133
0.11521906412655457  0.6764081641997334   -1.110448185756552   0.03461648811174913   -0.021759174800293952   0.005959038035744795   -0.022426960965915035
0.11677303317220447  0.6732553354381663   -1.112860208250807   0.03514989188404739   -0.02412022494254842   0.005334037722982701   -0.02361050142254468
0.11832885755297548  0.6700775343067766   -1.1155101462927521   0.035382212387669344   -0.02649938041945432   0.002323205036219521   -0.023791554769059028
0.11986808223117011  0.6669105022194931   -1.1183992885622998   0.03521264666542953   -0.028891422695473686   -0.0016956572223981014   -0.023920422760193686
0.12137323594747099  0.6637889376195366   -1.1215066759665064   0.03465494663304375   -0.031073874042068704   -0.005577000323857819   -0.021824513465950192
0.12283180224980089  0.6607382673909749   -1.124810805732944   0.03381420485790168   -0.033041297664372936   -0.008407417751420638   -0.019674236223042374
0.12423916803297205  0.657768352663363   -1.1282669929992666   0.0328649843099325   -0.03456187266322713   -0.009492205479691856   -0.015205749988541814
0.1255947433838657  0.6548814062787607   -1.1318013377526805   0.03189364193614804   -0.03534344753413972   -0.009713423737844652   -0.007815748709125906
0.12690396539483723  0.6520673434790508   -1.1353391684649914   0.031037093476542436   -0.035378307123107404   -0.008565484596056026   -0.00034859588967687004
0.1281741982635128  0.6493123916139619   -1.1387726562377214   0.03033686094442477   -0.03433487772730227   -0.007002325321176651   0.010434293958051389
0.12941119646078203  0.6466068983498581   -1.141956765314122   0.02974871147150902   -0.03184109076400661   -0.005881494729157473   0.024937869632956647
0.13062243385127392  0.6439380631682426   -1.1447495354940205   0.029308321758071954   -0.027927701798980898   -0.004403897134370652   0.03913388965025704
0.13181509241667272  0.641294573680156   -1.1469712955454425   0.02900081227696649   -0.02221760051422144   -0.003075094811054706   0.0571010128475946
0.1329949763245568  0.6386693767430146   -1.1484033154499664   0.02878156527163414   -0.014320199045239965   -0.0021924700533234726   0.07897401468981474
0.13417222504725448  0.6360471253054534   -1.1488194348630774   0.02874389875587193   -0.0041611941311085945   -0.00037666515762207374   0.10159004914131373
0.1353613082208857  0.6334043882240148   -1.1479891348440918   0.02897926513115663   0.008303000189854077   0.002353663752846967   0.1246419432096267
0.13658144552868937  0.6307096311146763   -1.1456313606534885   0.029581161113483943   0.023577741906035496   0.0060189598232731345   0.1527474171618142
0.13786196554559293  0.6279124930478515   -1.1414777763739983   0.030763148211074363   0.041535842794898574   0.011819870975904237   0.17958100888863077
0.1392451305174699  0.6249403185644178   -1.1352333340588996   0.03278256625006218   0.06244442315098858   0.020194180389878146   0.2090858035609001
0.14077855146629759  0.621718438883225   -1.1265814322757446   0.03568177193803801   0.08651901783154901   0.02899205687975837   0.2407459468056043
0.14250713580920474  0.6181903072529684   -1.1152264220621781   0.039288314587109574   0.11355010213566619   0.036065426490715605   0.27031084304117187
0.144459400427025  0.6143465207284114   -1.1008475839695777   0.04311152048391986   0.1437883809260013   0.0382320589681029   0.3023827879033507
0.14663226218467976  0.6102496184814468   -1.0831512728130153   0.04637449324689085   0.17696311156562677   0.03262972762970984   0.3317473063962551
0.14898408925568038  0.6060348182301271   -1.061837530047292   0.04826554851072632   0.21313742765723317   0.018910552638354627   0.3617431609160641
0.15144164910683072  0.6018800560722902   -1.0366470542755073   0.04827178162257468   0.25190475771784604   6.233111848372859e-05   0.38767330060612853
0.15393712742157947  0.5979301796044743   -1.0073317667680584   0.0467214470349399   0.2931528750744912   -0.015503345876347926   0.4124811735664518
0.15645668313841105  0.5942243897884504   -0.9736900418139062   0.04481187250134012   0.3364172495415188   -0.019095745335997776   0.43264374467027583
0.15907219851939483  0.5906762032206052   -0.9355756112718455   0.04408009599399586   0.38114430542060895   -0.007317765073442616   0.4472705587909022
0.16192452731848303  0.5871339523061745   -0.8928741272697738   0.04547891942306228   0.42701484002071727   0.013988234290664285   0.4587053460010825
0.16515767335317108  0.5834865082642771   -0.8455381226769029   0.04874123646399651   0.4733600459287078   0.03262317040934219   0.46345205907990517
0.1688203608433294  0.5797635388171255   -0.7935600126304841   0.05222622057452064   0.5197811004641888   0.03484984110524136   0.46421054535480977
0.1727926023607789  0.5761582799578006   -0.737005405722618   0.05364381988234264   0.565546069078661   0.014175993078220001   0.4576496861447225
0.17689014202092498  0.5728718724037775   -0.6759861091379489   0.05252647511266133   0.6101929658466909   -0.011173447696813091   0.446468967680299
0.18082766483826296  0.5701157938781769   -0.6106940138807397   0.04806251634728927   0.6529209525720914   -0.044639587653720586   0.42727986725400446
0.18443463104015886  0.5679469152252914   -0.5413768453066691   0.042088287910727114   0.6931716857407075   -0.05974228436562161   0.4025073316861615
0.1877294579054007  0.5662801333703067   -0.4683392898249237   0.03692430882768883   0.7303755548174531   -0.05163979083038279   0.372038690767456
0.19088524241488325  0.5649757822590554   -0.3919367486804866   0.034147192698248355   0.7640254114443705   -0.027771161294404757   0.336498566269174
0.1941420333876326  0.5639233159384324   -0.3125672694325835   0.03422626593163175   0.7936947924790323   0.0007907323338339488   0.2966938103466168
0.19770652172690978  0.5630862179396435   -0.23066393317969963   0.036614628470625146   0.8190333625288375   0.023883625389933945   0.2533857004980534
0.20167996656977819  0.5624991409248092   -0.14668886843135287   0.040165810511757626   0.8397506474834678   0.03551182041132479   0.20717284954630255
0.2060365200343599  0.5622325070481273   -0.06112669247352537   0.04364705226467513   0.8556217595782749   0.03481241752917507   0.1587111209480719
0.2106490440268236  0.5623503066754346   0.025533531344694108   0.046140279944151076   0.8666022381821948   0.024932276794759328   0.10980478603919883
0.21533817801765615  0.562881333895273   0.11276590445523861   0.04719106641323981   0.872323731105445   0.010507864690887369   0.05721492923250179
0.219918094018331  0.5638100854383966   0.20007478907548626   0.04673137062198084   0.8730888462024762   -0.004596957912589637   0.00765115097031165
0.22422943179096122  0.5650822953352702   0.2869412846728825   0.04495125294294578   0.8686649559739626   -0.017801176790350575   -0.04423890228513534
0.2281604164754677  0.5666200211025222   0.3728805824266906   0.042210473966884696   0.8593929775380805   -0.02740778976061089   -0.09271978435882118
0.23162940904152368  0.5683274772425977   0.4573923377197519   0.03866434519506214   0.8451175529306133   -0.03546128771822553   -0.14275424607467277
0.23461478950856038  0.570117135173758   0.5400326362211574   0.03480714300761347   0.8264029850140566   -0.038572021874486676   -0.1871456791655677
0.23715234563769264  0.5719301006423468   0.62036047694777   0.031186591507870842   0.803278407266125   -0.03620551499742633   -0.23124577747931602
0.23932907637617026  0.5737558914170169   0.6979420992000099   0.028410682252807243   0.7758162225223989   -0.027759092550635918   -0.2746218474372591
0.24125145493801683  0.5756289039471848   0.7723920602405897   0.026839737840019015   0.7444996104057977   -0.015709444127882354   -0.313166121166014
0.2430509291248696  0.5776500213338274   0.84334601017821   0.027061084308899086   0.709539499376203   0.002213464688800752   -0.34960111029594665
0.2448595372693275  0.5799788204301916   0.9104706108274424   0.029486214832391958   0.6712460064923238   0.024251305234928706   -0.3829349288387899
0.24678233865913707  0.5828055478621541   0.973468071988376   0.034187063575649636   0.6299746116093359   0.04700848743257685   -0.4127139488298808
0.24887290655204788  0.5863033404018075   1.0320829283038258   0.040749265963096665   0.5861485631544983   0.06562202387447026   -0.43826048454837513
0.2511090217381628  0.5905498181945257   1.086110616997597   0.0479924835464943   0.5402768869377109   0.07243217583397626   -0.4587167621678738
0.2533656217845761  0.5954010577304129   1.135407537160048   0.05350398938771233   0.4929692016245125   0.05511505841218032   -0.47307685313198483
0.25541388296201  0.6003713660905412   1.17990312893261   0.05375810547789474   0.44495591772561527   0.0025411609018240982   -0.4801328389889715
0.25726338212289124  0.6054194950977523   1.2196102479431647   0.05376267629082879   0.3970711901055487   4.570812934049197e-05   -0.47884727620066575
0.2589350135504158  0.6105293038022822   1.2546285683884046   0.05376290228992342   0.3501832044524031   2.259990946368269e-06   -0.4688798565314565
0.26045005294165363  0.6156877221482475   1.2851271956009125   0.05376302092421696   0.3049862721250746   1.1863429353453309e-06   -0.45196932327328543
0.2618291992548116  0.6208841249950577   1.3113731052542632   0.05376304223108913   0.2624590965335065   2.1306872172511516e-07   -0.4252717559156802
0.26309226403822644  0.6261099507550262   1.3336476825778205   0.05376298682238327   0.22274577323557423   -5.540870585521016e-07   -0.3971332329793228
0.26425769675588096  0.6313583975140727   1.3522887600136562   0.05376283735250095   0.18641077435835662   -1.4946988231674535e-06   -0.3633499887721767
0.2653426239934907  0.6366239068528757   1.3675959256046928   0.053761190191364   0.1530716559103667   -1.647161136963218e-05   -0.3333911844798991
0.26619987718207305  0.6410592669461812   1.379873447372734   0.04517444209574438   0.1227752176804159   -0.08586748095619622   -0.3029643822995076
0.26680210875509236  0.6443418497205409   1.3893513734771001   0.03337369104259001   0.0947792610436552   -0.11800751053154365   -0.279959566367607
0.26719037234235266  0.6465435744484817   1.3962457318422787   0.022356968468058125   0.06894358365178897   -0.11016722574531888   -0.2583567739186621
0.2674544229860682  0.6480809826774242   1.4007053243108094   0.015599188456028997   0.04459592468530989   -0.06757780012029126   -0.24347658966479102
0.2676804917374289  0.6494144745388033   1.4028616360092039   0.013525189923641691   0.0215631169839422   -0.02073998532387306   -0.2303280770136768
0.26794106754063757  0.6509512250038356   1.4028310622818505   0.015586859019683716   -0.0003057372735327758   0.02061669096042026   -0.21868854257474973
0.2682913458943081  0.6529903654340575   1.4006791490656174   0.02069006674521863   -0.02151913216233119   0.05103207725534913   -0.21213394888798412
0.2687717901906778  0.6557183636999084   1.3964679731575373   0.027699821769101858   -0.04211175908080091   0.07009755023883228   -0.2059262691846972
0.2694080757050412  0.6592034278485762   1.3902103448539085   0.03542672914074803   -0.06257628303629034   0.07726907371646174   -0.2046452395548941
0.2702037497064146  0.6633657183248647   1.3819125895888438   0.04237659628316625   -0.08297755265064598   0.06949867142418219   -0.20401269614355655
0.27114056500480443  0.668004964741075   1.371543147246894   0.047328881471697296   -0.10369442341949815   0.049522851885310415   -0.20716870768852175
0.27218339189227075  0.6728559986899506   1.3590488179312328   0.04961856335119735   -0.12494329315661024   0.022896818795000613   -0.2124886973711207
0.2732989593952799  0.6776982173758389   1.3443636951644806   0.049690615467850266   -0.14685122766752365   0.0007205211665290672   -0.21907934510913418
0.27447172175146484  0.6824214133379438   1.3274197386655435   0.0486661603586399   -0.16943956498937215   -0.010244551092103526   -0.22588337321848498
0.2756988514536791  0.686985783125765   1.3081568913876676   0.047264488642138745   -0.19262847277875927   -0.014016717165011608   -0.2318890778938711
0.27698544472217884  0.6913892515205731   1.2865317322652274   0.045875762819402366   -0.2162515912243996   -0.013887258227363912   -0.23623118445640376
0.27832093731889157  0.6955833268268105   1.2625239984366712   0.044015688283001876   -0.24007733828556413   -0.018600745364004825   -0.23825747061164476
0.27967758420560557  0.69948471414257   1.2361412126398692   0.04130534319285469   -0.2638278579680187   -0.02710345090147176   -0.2375051968245463
0.2810155376078096  0.7030032391227425   1.2074223683220318   0.03764324287646305   -0.2871884431783744   -0.036621003163916414   -0.23360585210355692
0.28230583963114664  0.7061036554518771   1.1764279932026294   0.03358193074465513   -0.3099437511940229   -0.040613121318079176   -0.22755308015648418
0.2835526913159126  0.708840219750238   1.1432731210172158   0.03007228505262535   -0.33154872185413525   -0.03509645692029783   -0.2160497066011248
0.28481517522706984  0.7113710687194762   1.1080786634191087   0.02828261326508056   -0.3519445759810771   -0.017896717875447915   -0.20395854126941818
0.2862195587987079  0.7139431060818499   1.0710139930935438   0.029304725574090938   -0.3706467032556438   0.010221123090103805   -0.18702127274566674
0.28795002418464916  0.7168394578131478   1.0322437473102055   0.033739240956675964   -0.38770245783338164   0.04434515382585035   -0.17055754577737844
0.2901928431255717  0.7202715338046443   0.9919733051850269   0.04099924683839464   -0.4027044212517865   0.07260005881718665   -0.15001963418404857
0.29303959998623963  0.7242557012253548   0.9503934583901426   0.04896694258374064   -0.4157984679488445   0.07967695745346   -0.13094046697057893
0.2963489102014072  0.7284928118726516   0.9077300107854255   0.053763036314576816   -0.4266344760471715   0.04796093730836177   -0.10836008098327075
0.29983946231909764  0.7325817696060731   0.8641851740548901   0.05376200278263181   -0.4354483673053534   -1.0335319450074981e-05   -0.08813891258181888
0.30350730943795334  0.7365125721364888   0.8199899043225748   0.05376272967437225   -0.44195269732315196   7.26891740431361e-06   -0.06504330017798592
0.30734691965140715  0.7402757474552923   0.7753449639091682   0.05376252883866721   -0.4464494041340663   -2.00835705036235e-06   -0.04496706810914385
0.3111990467360696  0.7437264094784389   0.7304792336144912   0.051716488158374624   -0.44865730294677053   -0.020460406802925844   -0.022078988127041652
0.3145943984109362  0.746503650099116   0.6855928780088413   0.04386510966718345   -0.44886355605650025   -0.07851378491191176   -0.0020625310972970314
0.3173576796353229  0.7485649808047298   0.6409182666915716   0.034474349019154284   -0.4467461131726959   -0.09390760648029174   0.02117442883804341
0.3195388860243011  0.7500465599284605   0.5966619559312443   0.026368045075788014   -0.4425631076032755   -0.0810630394336626   0.04183005569420345
0.32131470058077205  0.7511427854550172   0.5530492633796079   0.02086918240862627   -0.43612692551636273   -0.054988626671617476   0.06436182086912863
0.32289767188306795  0.7520289093417992   0.5103247771038147   0.018141151249617973   -0.42724486275793183   -0.027280311590082984   0.08882062758430848
0.324486978084865  0.7528336371829236   0.4687060040554909   0.017814267038946254   -0.4161877304832376   -0.0032688421067171526   0.11057132274694172
0.3262404225543548  0.753634500312063   0.42844235036954254   0.019276797605403944   -0.4026365368594827   0.014625305664576876   0.13551193623754976
0.32824958981516617  0.7544598025372725   0.38975479057479123   0.021720674125932888   -0.3868755979475128   0.024438765205289426   0.1576093891196991
0.330553578131132  0.7553083851851983   0.3528928756525642   0.02455291157982003   -0.36861914922227096   0.028322374538871455   0.18256448725241844
0.33316851246415086  0.7561693949391217   0.3180857698071019   0.027530382057552736   -0.3480710584546231   0.02977470477732705   0.2054809076764786
0.3361043358156983  0.7570313171792152   0.28556381071998543   0.03059733436013057   -0.3252195908711657   0.030669523025778342   0.22851467583457374
0.33935612652610037  0.7578808322034891   0.25553414805189795   0.033609252596156075   -0.3002966266808746   0.030119182360255174   0.24922964190291105
0.3429116044760142  0.7587066610541638   0.2282227292339331   0.0365012557906263   -0.2731141881796476   0.028920031944702128   0.27182438501226946
0.34675634016018303  0.7595013659379772   0.20382899436654364   0.039260092120978494   -0.24393734867389494   0.027588363303521976   0.29176839505752666
0.35087802662943723  0.760262145638458   0.18252535582132742   0.041913106665453455   -0.2130363854521622   0.026530145444749503   0.3090096322173279
0.3552402204545472  0.7609862410542452   0.16449354269455543   0.04421882985673825   -0.18031813126771995   0.023057231912848048   0.3271825418444222
0.3597883182256267  0.7616730539133898   0.14987856804649033   0.04599663600611217   -0.14614974648065043   0.017778061493739113   0.341683847870695
0.3644835429979999  0.762329007402983   0.13880808651585744   0.04740823835961443   -0.11070481530632968   0.01411602353502271   0.35444931174320754
0.36928042182984017  0.762962906571444   0.13138697403586297   0.04838581887613084   -0.07421112479994471   0.00977580516516399   0.36493690506384974
0.37413002987116145  0.7635855633156029   0.12769459429459368   0.04889417099767653   -0.036923797412692624   0.005083521215456972   0.37287327387252084
0.3789804929990158  0.7642087653533486   0.12778292371860672   0.048903346853289925   0.0008832942401305587   9.175855613399167e-05   0.37807091652823194
0.38377655062162275  0.7648439593488727   0.13167454558326058   0.04837937590680763   0.03891621864653875   -0.005239709464822924   0.3803292440640818
0.3884598582994925  0.7655008876450856   0.1393608938894507   0.04729156964192044   0.07686348306190091   -0.010878062648871964   0.3794726441536216
0.39297266510624407  0.7661866631407175   0.1508082948437588   0.04564615351316943   0.11447400954308068   -0.016454161287510115   0.37610526481179785
0.39726683657534717  0.7669058210230478   0.16593313876262322   0.04353974812258695   0.15124843918864447   -0.02106405390582486   0.36774429645563783
0.4013172902949877  0.7676623231875578   0.18464239244955666   0.041204940067741454   0.18709253686933433   -0.02334808054845494   0.35844097680689885
0.4051371955074105  0.7684637041097073   0.20679180974086175   0.03903061261917955   0.22149417291305099   -0.021743274485618986   0.34401636043716605
0.4087896807491579  0.7693274746608334   0.23222203851978657   0.037532316749940946   0.2543022877892482   -0.014982958692386012   0.3280811487619721
0.4123657681386352  0.77028156811633   0.26072513033223   0.03701174859285007   0.2850309181244343   -0.005205681570908835   0.30728630335186163
0.41597259206674775  0.7713660940910473   0.2920871814119745   0.03766347758538091   0.31362051079744513   0.0065172899253085155   0.285895926730108
0.41970577759442446  0.7726283227149147   0.326043680494683   0.039407988128001996   0.3395649908270852   0.01744510542621087   0.2594448002964008
0.4236124403347569  0.7741091109961503   0.36230940516996263   0.04177887947342671   0.36265724675279576   0.023708913454247103   0.23092255925710534
0.4276424945551848  0.7758157443795016   0.4005795486393797   0.043765208242118804   0.3827014346941712   0.019863287686920913   0.20044187941375485
0.4316493359976786  0.7777045124612394   0.4404953301402677   0.04429697869141727   0.39915781500887937   0.005317704492984617   0.1645638031470818
0.4354310846534554  0.7796814521140174   0.48168787032887056   0.042673074984349565   0.4119254018860288   -0.01623903707067708   0.12767586877149392
0.43880108567915593  0.78162771180577   0.5237297802770394   0.038916363783071346   0.42041909948168915   -0.03756711201278221   0.0849369759566029
0.4416514344995748  0.7834393924226292   0.5661852268803305   0.03377376948989574   0.42455446603290986   -0.051425942931755966   0.04135366551220815
0.44397400782915714  0.7850577326233273   0.6085667082553348   0.028307899739265025   0.42381481375004254   -0.05465869750630719   -0.007396522828673322
0.44585461396613474  0.7864885316385141   0.6503887593885368   0.023630203689975163   0.4182205113320203   -0.04677696049289859   -0.05594302418022178
0.4474456247220093  0.7878046956220515   0.6911374798186374   0.02064849354521721   0.4074872043010056   -0.029817101447579625   -0.10733307031014779
0.448932139774078  0.789135750714108   0.7302788641682227   0.019953532664957956   0.3914138434958551   -0.006949608802592507   -0.1607336080515056
0.45049966272935654  0.7906475076557121   0.7672900601736399   0.021777367301426778   0.3701119600541711   0.01823834636468824   -0.21301883441683975
0.4523078788874913  0.7925155285723611   0.8016646561410536   0.025998361139839072   0.3437459596741373   0.042209938384122916   -0.2636600038003384
0.4544663411885086  0.7948893754944734   0.8328844870977067   0.03208443347564202   0.31219830956652966   0.060860723358029556   -0.3154765010760764
0.45701714401583593  0.7978550510856685   0.8604629436502577   0.03911754948370828   0.27578456552551184   0.07033116008066259   -0.36413744041017787
0.4599275079719739  0.8014040654782913   0.8839496729486087   0.04589740898592911   0.2348672929835085   0.06779859502220825   -0.4091727254200331
0.4630916002677864  0.8054155386158511   0.9029462976435922   0.051091483429008   0.18996624694983544   0.05194074443078888   -0.44901046033673075
0.4663518989115038  0.8096714770060732   0.917096616979288   0.05361208709570091   0.14150319335695782   0.02520603666692918   -0.48463053592877636
0.46958084476123585  0.8139662909451082   0.9261286335178947   0.05373222317325707   0.09032016538606649   0.00120136077556159   -0.511830279708913
0.47279377636202435  0.8182731911226214   0.9298625135558135   0.05373296810188806   0.03733880037918842   7.4492863097978044e-06   -0.5298136500687809
0.4760036511533656  0.8225612702134377   0.9282189038563438   0.05356390432479818   -0.01643609699469678   -0.0016906377708987416   -0.537748973738852
0.479090807456927  0.8266256383963797   0.9212009707322497   0.051038831069204066   -0.07017933124094114   -0.025250732555941062   -0.5374323424624435
0.4819663889321131  0.830316415753433   0.9089135127613395   0.04678761194991077   -0.12287457970910061   -0.04251219119293304   -0.5269524846815948
0.48457762595931225  0.8335504770800163   0.891548983275824   0.041566466624315554   -0.17364529485515517   -0.05221145325595213   -0.5077071514605456
0.48689884892618596  0.836298403633524   0.8693767514358882   0.03597106671396917   -0.22172231839935883   -0.05595399910346381   -0.4807702354420363
0.48892674507628175  0.8385733051953336   0.8427409980436992   0.03047546539676238   -0.26635753392188977   -0.05495601317206799   -0.44635215522530924
0.4906773703529386  0.8404197258619702   0.8120235536265847   0.025443974016354984   -0.307174444171145   -0.0503149138040739   -0.40816910249255256
0.49218645780484094  0.8419056484054418   0.7776638163576501   0.02117855222314606   -0.3435973726893453   -0.042654217932089254   -0.36422928518200226
0.49351185420411314  0.8431161919008069   0.740139018098891   0.017950184314859636   -0.3752479825875923   -0.03228367908286421   -0.3165060989824704
0.49473564538739595  0.8441469121570419   0.6999690061795187   0.01600015345830744   -0.40170011919372267   -0.01950030856552195   -0.2645213660613046
0.4959640030697894  0.8450956782214539   0.6576747797591154   0.015521016850951601   -0.4229422642040336   -0.004791366073558393   -0.21242145010310784
0.4973185675011093  0.8460501014487747   0.6138051292147105   0.01657036057376965   -0.4386965054440486   0.010493437228180465   -0.15754241240015066
0.4989182823365038  0.8470730336165753   0.5689204789750505   0.01898809567729893   -0.44884650239660145   0.024177351035292748   -0.10149996952552888
0.5008640837402863  0.8481964099832205   0.5235862108985527   0.022468016298954775   -0.45334268076497614   0.034799206216558534   -0.04496178368374747
0.503227240590497  0.8494217916176122   0.4783661198333586   0.026619674018668812   -0.45220091065194096   0.04151657719714036   0.011417701130353003
0.506043430151858  0.8507263838929833   0.43381562797025625   0.031036888778479887   -0.44550491863102365   0.04417214759811075   0.06695992020917281
0.509313677758886  0.8520724500996306   0.39047465094612   0.03536440815841341   -0.4334097702413625   0.04327519379933528   0.12095148389661095
0.5130118157406657  0.8534176008257955   0.3488601492619237   0.03935181699538059   -0.41614501684196264   0.03987408836967178   0.1726475339939982
0.5170960479777328  0.8547234571522297   0.30945906104952997   0.042879148442545555   -0.3940108821239375   0.035273314471649615   0.22134134718025153
0.5215209950233827  0.8559610745253655   0.2727220415843396   0.04594763663027631   -0.3673701946519037   0.030684881877307644   0.266406874720339
0.5262434438664955  0.8571120204097015   0.23905752890355206   0.048606789139446153   -0.33664512680787523   0.02659152509169844   0.3072506784402841
0.5312156333734532  0.8581657103156042   0.20882721185953979   0.050826106393148246   -0.3023031704401228   0.02219317253702079   0.3434195636775247
0.5363762947539898  0.8591172868722848   0.18234230148310282   0.052476588901866204   -0.26484910376437015   0.016504825087179625   0.3745406667575263
0.5416503639983137  0.859967660205859   0.1598608251902827   0.05342185058600981   -0.22481476292820074   0.009452616841435979   0.4003434083616946
0.5469617835282077  0.8607247509926613   0.1415864340156557   0.05365106138927495   -0.18274391174627017   0.0022921080326515665   0.4207085118193056
0.5522935636098919  0.8614091694309647   0.12766766970929974   0.053755285729026984   -0.13918764306355946   0.001042243397520292   0.43556268682710686
0.5575547623599127  0.8620339472010368   0.11819844159386221   0.05298165677775098   -0.0946922811543755   -0.0077362895127602235   0.4449536190918395
0.5626510479593321  0.862613418421169   0.11321836776993813   0.05129124077829676   -0.049800738239240847   -0.016904159994542086   0.4489154291513466
0.5675080489941452  0.8631632187953798   0.11271769144802557   0.048880199982839656   -0.00500676321912564   -0.024110407954571   0.44793975020115206
0.5720931877411034  0.8637003928978925   0.11662384300490446   0.04616497952478547   0.03906151556878875   -0.027152204580541944   0.44068278787914394
0.5764204215894457  0.8642434135673831   0.12483653824856152   0.04361172345334328   0.08212695243657069   -0.025532560714421858   0.4306543686778194
0.5805442900365626  0.8648127924955035   0.13720168892396487   0.041629897108799586   0.12365150675403355   -0.019818263445436933   0.4152455431746285
0.5845463795160122  0.8654320452016517   0.15351491799778058   0.040497153129050556   0.1631322907381573   -0.01132743979749026   0.39480783984123774
0.5884859077474103  0.8661227228507377   0.17355603230455574   0.039996147690639576   0.2004111430677517   -0.00501005438410984   0.37278852329594436
0.592380908562661  0.8669003591638451   0.19705885068908674   0.03971869784655127   0.2350281838453099   -0.0027744984408830196   0.3461704077755818
0.596197733918591  0.867768816939838   0.22372508583784112   0.03914380500966253   0.2666623514875435   -0.005748928368887399   0.31634167642233646
0.5998319443422301  0.8687092773843824   0.2532248329330127   0.03753924779618436   0.2949974709517156   -0.016045572134781805   0.28335119464172
0.6031440499619705  0.8696803519253409   0.2851969634409941   0.034515256627194416   0.319721305079814   -0.03023991168989938   0.24723834128098407
0.6060184353694155  0.8706304985902115   0.31924928987288526   0.030273536554713716   0.3405232643189121   -0.04241720072480697   0.20801959239098117
0.6084299153648883  0.8715243386322558   0.3549606364555006   0.02571805939282582   0.3571134658261533   -0.04555477161887901   0.16590201507241217
0.6104957665558138  0.8723780707896839   0.3918842684389966   0.022353075268687423   0.36923631983495897   -0.03364984124138393   0.12122854008805646
0.6124956225846198  0.8732941325480026   0.42953955825576157   0.021996802679040445   0.376552898167651   -0.0035627258964697557   0.07316578332692059
0.6148406201627163  0.874477805721686   0.4674524989161404   0.026268033469183147   0.3791294066037881   0.04271230790142701   0.02576508436137008
0.617954245289597  0.8761995093470604   0.5051113180305504   0.03557938280012086   0.37658819114409947   0.09311349330937713   -0.02541215459688581
0.621988408403889  0.8786287824905767   0.5420174069886885   0.047091230647050335   0.3690608895813822   0.11511847846929477   -0.0752730156271723
0.6264923263123116  0.8815644421204274   0.5776404830266447   0.05376185821580527   0.3562307603795608   0.06670627568754936   -0.12830129201821497
0.630894521753427  0.8846507739614649   0.6114566216199444   0.05376315553871687   0.33816138593299666   1.2973229116013909e-05   -0.18069374446564
0.6351973479661539  0.887874222671036   0.6429548700802198   0.05376330998012302   0.31498248460275363   1.5444140614629878e-06   -0.23178901330243074
0.6394060263931572  0.8912196717223663   0.6716191553160696   0.05376337364507027   0.28664285235849996   6.366494724392957e-07   -0.28339632244253676
0.6435284847760468  0.8946708124607083   0.6969900345563573   0.05376340345860084   0.2537087924028751   2.98135305736602e-07   -0.32934059955624845
0.6475752382681645  0.8982104222367031   0.7186480923437634   0.05376341803894927   0.21658057787406187   1.4580348431233364e-07   -0.3712821452881326
0.6510809545191802  0.901387528054627   0.7362653327701261   0.04731178268776212   0.1761724042636253   -0.0645163535118715   -0.4040817361043659
0.6536781860052466  0.9038052593430641   0.7496205096070523   0.03548384981271379   0.13355176836926413   -0.11827932875048341   -0.42620635894361164
0.6553951677230332  0.9054325243573254   0.758577418088074   0.02365590337707957   0.08956908481021625   -0.1182794643563421   -0.43982683559047886
0.65625  0.90625   0.7630635071866761   0.011827952688912556   0.044860890986020585   -0.11827950688167013   -0.44708193824195647
0.65625  0.90625   0.7630635071866761   1.0970761681341636e-25   -1.0742703058779374e-21   -0.11827952688912557   -0.44860890986020585
