0.65625  0.375   -2.834214078293339   0.0   2.973307383905644e-20   8.446449827531252e-12   7.093360713287888e-07
0.6551205969414915  0.3746486508433487   -2.8399903051345396   0.011827922465285075   -0.05776226841200252   0.11827922465285075   -0.5776226841200254
0.6528538241628623  0.37397209385973734   -2.8515428282107407   0.023655841101106044   -0.11552523076201163   0.11827918635820969   -0.5776296235000911
0.6494367369068311  0.37301581048883675   -2.8687199292396595   0.03548374726659013   -0.17177101028918587   0.11827906165484087   -0.5624577952717422
0.6448532172613256  0.3718431081698849   -2.891113926204139   0.047311608585641554   -0.22393996964479726   0.11827861319051426   -0.5216895935561142
0.6396106976108952  0.3706510664632059   -2.9180144882490042   0.0537633478455466   -0.26900562044865384   0.06451739259905047   -0.45065650803856544
0.6343343526450623  0.3696190203706228   -2.9484326952144735   0.05376331029213836   -0.3041820696546907   -3.7553408245329006e-07   -0.3517644920603689
0.6290270333029728  0.36876046264619566   -2.9812133955753883   0.05376314719683978   -0.32780700360914955   -1.6309529857547436e-06   -0.23624933954458885
0.6238818670960533  0.36810652561430746   -3.0151731038606   0.05186556558884023   -0.33959708285211837   -0.0189758160799955   -0.11790079242968775
0.6198949467408931  0.36773712883412585   -3.0492042587414967   0.040039964909575   -0.3403115488089661   -0.11825600679265227   -0.007144659568477003
0.6170553596230098  0.3675686564646921   -3.0823322390684402   0.028445804504901747   -0.3312798032694366   -0.1159416040467326   0.0903174553952947
0.6146254896598247  0.36750089006626874   -3.1137109816122823   0.024308147446370346   -0.3137874254384205   -0.04137657058531396   0.17492377831016104
0.6117505970098327  0.3675037790535624   -3.1425975559187864   0.028748941015670403   -0.2888657430650392   0.04440793569300048   0.24921682373381285
0.6081506734617735  0.3676000837391019   -3.168338144217157   0.03601211482866279   -0.25740588298371014   0.072631738129924   0.3145986008132911
0.6038565123263592  0.36780973277225976   -3.190375801888546   0.04299275819717566   -0.22037657671389493   0.06980643368512862   0.3702930626981515
0.5989540945585631  0.3681370656442895   -3.2082633754956342   0.049133335709184336   -0.1788757360708715   0.061405775120086756   0.4150084064302341
0.5937584538068139  0.3685540173013347   -3.2216713288513996   0.05212344146883306   -0.13407953355764968   0.029901057596487205   0.44796202513221883
0.5885485051248462  0.3690178670334787   -3.230390062249999   0.05230556551911818   -0.08718733398599528   0.0018212405028511945   0.46892199571654386
0.5834405478684622  0.36949290639036064   -3.234325787780719   0.051299989984046036   -0.03935725530720099   -0.010055755350721455   0.47830078678794263
0.5784735758740233  0.36995066868724297   -3.233494285301078   0.04988021362623508   0.008315024796405182   -0.014197763578109594   0.47672280103606185
0.5736444132109425  0.37036906149104276   -3.228015635126128   0.04847253301073307   0.05478650174949492   -0.01407680615502001   0.46471476953089735
0.5688465212907063  0.3707369003111848   -3.218109728992695   0.04811971765905323   0.0990590613343323   -0.003528153516798522   0.44272559584837395
0.5639540875702741  0.3710430715258988   -3.2040917041676606   0.049020045411588865   0.14018024825034212   0.009003277525356426   0.411211869160098
0.5589489417110178  0.3712673255439352   -3.1863674003147824   0.05010167156596343   0.17724303852878415   0.010816261543745702   0.3706279027844207
0.5539873139625279  0.3713856091165595   -3.1654278097581567   0.049630374689434896   0.2093959055662536   -0.0047129687652853166   0.32152867037469424
0.5493375226818233  0.3713867601161923   -3.1418401914991017   0.04649791423162679   0.2358761825905615   -0.031324604578081124   0.264802770243079
0.5451609831997842  0.3712808263520076   -3.1162340866429643   0.0417788271824688   0.25606104856136974   -0.04719087049157987   0.20184865970808222
0.5412630494070185  0.37107674081669423   -3.0892830541549734   0.03903272826553095   0.2695103248799137   -0.027460989169378516   0.13449276318543985
0.5371383655459854  0.3707464476440197   -3.061685950085348   0.041378872064595826   0.2759710406962496   0.023461437990648808   0.06460715816335875
0.5325254359009062  0.3702489086248376   -3.03415051095683   0.04639683716166314   0.2753543912851789   0.05017965097067304   -0.006166494110707158
0.5274915954631954  0.36956920616164896   -3.0073777815588634   0.050795221222864124   0.2677272939796655   0.04398384061200995   -0.07627097305513356
0.5222538776487615  0.36872637556096954   -2.9820447555771734   0.05305096730982252   0.25333025981689883   0.022557460869583896   -0.1439703416276667
0.5170426292619953  0.36776297111474865   -2.9587864106990316   0.05299552610888011   0.2325834487814187   -0.00055441200942411   -0.2074681103548013
0.5119526016916331  0.3667130763142269   -2.93818032725995   0.05197178057293122   0.2060608343908159   -0.010237455359488896   -0.2652261439060282
0.507198615791392  0.3656457167598104   -2.9207362024379195   0.04872333974399965   0.17444124822030727   -0.03248440828931566   -0.31619586170508623
0.5029953733855053  0.3646406823378222   -2.906890016460125   0.043217289262544936   0.13846185977794384   -0.05506050481454712   -0.3597938844236341
0.4991518970707473  0.3636814037945825   -2.897003512893965   0.03961379242842663   0.09886503566160024   -0.03603496834118312   -0.39596824116343615
0.4950189897233197  0.36262511105943224   -2.891368189042106   0.04265756378973132   0.05635323851859246   0.030437713613046858   -0.42511797143007785
0.49013033254024985  0.3613696179126905   -2.8902078011596553   0.05047299485377607   0.011603878824507126   0.0781543106404476   -0.4474935969408533
0.4849184844961384  0.36005036112542427   -2.8936735858391196   0.05376225302724351   -0.03465784679464305   0.03289258173467436   -0.46261725619150174
0.47969597716525547  0.35877366450951803   -2.901834419331409   0.05376293990304869   -0.08160833492289733   6.8687580518303e-06   -0.4695048812825427
0.4744574953872224  0.3575641093465869   -2.914671514793074   0.0537631054078481   -0.1283709546166507   1.6550479941120642e-06   -0.46762619693753366
0.4691987457939027  0.3564459158498069   -2.9320782284297686   0.05376318813228779   -0.17406713636694654   8.272443967964038e-07   -0.4569618175029585
0.46391688454344565  0.3554425220436614   -2.9538599133373067   0.053763237811060044   -0.21781684907537582   4.967877226223244e-07   -0.4374971270842928
0.4586108292863113  0.35457610949229157   -2.9797335949467096   0.05376327101370447   -0.2587368160940349   3.32026444255834e-07   -0.40919967018659065
0.45328145828800565  0.3538670795450987   -3.0093274190042667   0.05376329482425064   -0.2959382405755641   2.381054617164582e-07   -0.37201424481529216
0.4479316720252817  0.353333483293362   -3.0421798473286104   0.05376331278547974   -0.32852428324343497   1.7961229092989646e-07   -0.32586042667870874
0.44256629619082105  0.3529904157918975   -3.0777385793723684   0.05376332686466862   -0.3555873204375874   1.407918888848152e-07   -0.27063037194152395
0.4371918122454642  0.3528493919914995   -3.1153591677917456   0.053763338243801403   -0.3762058841937682   1.137913278184979e-07   -0.20618563756180894
0.43181591177088674  0.3529177267774989   -3.154303288063343   0.05376334769667654   -0.389441202715976   9.45287513285424e-08   -0.1323531852220772
0.42644688364295585  0.3531979432151776   -3.1937366200755997   0.05376335582016579   -0.3943333201225652   8.12348924755003e-08   -0.04892117406589249
0.42109285803411733  0.3536872304609329   -3.2327263097617487   0.05376336320298269   -0.3898968968614915   7.382816906358217e-08   0.04436423261073742
0.415760947738113  0.35437696418562875   -3.270237838276437   0.05376337044458838   -0.375115285146883   7.241605685223808e-08   0.14781611714608522
0.41045634452399704  0.3552522885461459   -3.305131169971884   0.05376337786572491   -0.34893331695446905   7.421136529438135e-08   0.26181968192413907
0.40518144496677005  0.3562917357526398   -3.336155227636011   0.05376338515562816   -0.31024057664127164   7.289903254293628e-08   0.38692740313197455
0.3999350974143855  0.35746683580894667   -3.361940231882651   0.05376339161804076   -0.25785004246639875   6.46241259279663e-08   0.5239053417487288
0.3947120856818206  0.3587416600757768   -3.3809903134406354   0.05376339690701456   -0.19050081557984883   5.288973808141885e-08   0.6734922688654986
0.3895030108374951  0.3600722886905255   -3.3916887883138185   0.05376340134717567   -0.10698474873183204   4.4401611052427926e-08   0.8351606684801679
0.3842949188424781  0.36140676071180594   -3.3924266667230243   0.05376340558794871   -0.007378784092054425   4.2407730443111567e-08   0.9960596463977761
0.3790746900751017  0.36269293886468396   -3.3831646515767795   0.053763410071056686   0.09262015146244568   4.4831079743775576e-08   0.9999893555450009
0.37383065644255903  0.3638783329040327   -3.3639026905318907   0.05376341485412093   0.19261961044888662   4.783064243549743e-08   0.9999945898644094
0.3685541853578157  0.3649097909400964   -3.334640764525036   0.05376341952321651   0.29261926006855093   4.669095580889243e-08   0.9999964961966431
0.36324129360127466  0.36573334307991545   -3.2953788640365875   0.05376342338776713   0.39261900488448015   3.864550615855868e-08   0.9999974481592914
0.3578942934525813  0.36629427898119177   -3.2461169834912984   0.0537634259282907   0.492618805452892   2.540523575256308e-08   0.9999980056841193
0.35252345704310145  0.36653754242675185   -3.1868551193346226   0.0537634270125521   0.592618641566759   1.0842613956766733e-08   0.9999983611386702
0.3471486625986629  0.36640852589801626   -3.117593269201215   0.05376342677383406   0.6926185013340762   -2.3871804191958967e-09   0.9999985976731718
0.34180095825109796  0.3658543442860959   -3.0383314315017396   0.05376342534470365   0.7926183769947539   -1.4291304004369955e-08   0.999998756606777
0.33652394602896524  0.3648256568139181   -2.9490696052009024   0.05376342242450136   0.8926182630083725   -2.9202022935014418e-08   0.9999988601361868
0.33137485177270104  0.3632790870619786   -2.849807789699834   0.05376341661158306   0.9926181550106825   -5.812918302898958e-08   0.9999989200230993
0.32645416386068526  0.36119257991804876   -2.740545984789774   0.05344780780268569   1.0926180491005972   -0.0031560880889736687   0.9999989408991464
0.3228429472989927  0.35912345579111754   -2.621284190670706   0.041619898736171265   1.192617941190682   -0.11827909066514422   0.99999892090085
0.3204704820432107  0.35732150554387176   -2.4920224080512594   0.02979197221306757   1.2926178261944683   -0.11827926523103699   0.9999988500378605
0.31920460156990715  0.356046901388211   -2.3527606382539012   0.017964044996376348   1.3926176979735803   -0.11827927216691221   0.9999987177911207
0.3188417558877353  0.3555520638020853   -2.2034988834564455   0.006136132541865798   1.4926175479745587   -0.11827912454510549   0.9999985000097832
0.31884175498768447  0.3555520620452104   -2.0442371471876846   1.9740062972292772e-08   1.5926173626876075   -0.06136112801802826   0.9999981471304887
0.3188417546263743  0.3555520608942522   -1.8749754353967032   1.2063373858792297e-08   1.6926171179098182   -7.676689113498685e-08   0.9999975522221065
0.3188417545252911  0.35555206008926593   -1.6957137596179224   8.113079663989493e-09   1.79261675778781   -3.9502941948027806e-08   0.9999963987799191
0.3188417545631947  0.355552059501004   -1.5064521517750338   5.8948182769993795e-09   1.8926160784288861   -2.2182613869908524e-08   0.9999932064107608
0.31884175468712617  0.3555520590417884   -1.3071997117499428   4.756448007481341e-09   1.9925244002509075   -1.1383702695182431e-08   0.9990832182202117
0.31884175488919264  0.35555205864413725   -1.100649846158552   4.460463156909534e-09   2.0654986559139057   -2.959848505701763e-09   0.729742556629981
0.3188417552022909  0.3555520582575718   -0.8900182832277065   4.974568919407236e-09   2.106315629308459   5.141057624982964e-09   0.4081697339455368
0.3188417557052067  0.35555205785208693   -0.6785512835475783   6.460202703547745e-09   2.114669996801281   1.4856337841419374e-08   0.08354367492821752
0.3188417565424724  0.3555520574272512   -0.46955677913349236   9.388818872055105e-09   2.0899450441408605   2.928616168505253e-08   -0.24724952660420021
0.31884175799072734  0.3555520570322052   -0.2662953542869988   1.5011675479366535e-08   2.032614248464935   5.6228566073114694e-08   -0.5733079567592555
0.31907397412995536  0.3555353361381626   -0.0718816760861749   0.0023281736106987977   1.9441367820082394   0.023281585990233177   -0.8847746645669591
0.32048062974729186  0.3556943016555338   0.11253211484252976   0.014156094311275413   1.8441379092870467   0.11827920700576616   -0.9999887272119248
0.3229727908881885  0.3564297129712861   0.2869459520730689   0.025984027700746804   1.7441383723053911   0.11827933389471394   -0.9999953698165573
0.32637531834586564  0.3580790313042042   0.451359819010705   0.037811961154569515   1.6441386693763613   0.1182793345382271   -0.9999970292902989
0.33045602342167624  0.360905517678355   0.6057737086301962   0.04963988229136648   1.5441388961949123   0.11827921136796961   -0.999997731814489
0.3343891458897779  0.36457097923148807   0.7501876174193831   0.05376342692442841   1.4441390878918685   0.04123544633061936   -0.9999980830304362
0.33779558533237064  0.3687304549423151   0.884601543665238   0.0537634335445685   1.3441392624585489   6.620140090876797e-08   -0.9999982543331961
0.3406595323653325  0.3732804966557935   1.0090154867525445   0.05376343757797174   1.2441394308730656   4.033403232350011e-08   -0.9999983158548346
0.34298530139084926  0.37812775088073286   1.1234294468941288   0.05376344025566748   1.1441396014158411   2.6776957431653127e-08   -0.9999982945722422
0.34479320194478763  0.3831910079876607   1.2278434251258685   0.05376344086021505   1.0441397823173983   1.7321623016516706e-08   -0.9999981909844287
0.34611571823809434  0.38840215264616357   1.322257423522216   0.05376344086021505   0.9441399839634743   9.80330125782193e-09   -0.9999979835392424
0.34699415394919064  0.3937062481454179   1.4066714457312048   0.05376344086021505   0.844140222089887   3.4022602852043055e-09   -0.9999976187358725
0.34747582356254175  0.39906097246014877   1.4810854981854347   0.05376344086021505   0.7441405245422983   -2.4230483267082526e-09   -0.9999969754758878
0.3476118130051466  0.4044355965509493   1.5454995932185267   0.05376344086021505   0.6441409503309222   -7.972724687924173e-09   -0.999995742113761
0.3474552897860306  0.4098096617108598   1.5999137597248125   0.05376344086021505   0.5441416650628577   -1.2878887983539607e-08   -0.9999928526806455
0.3470603139926107  0.4151714774764498   1.6443280717754418   0.05376343941892011   0.4441431205062928   -1.5619997254603035e-08   -0.9999854455656486
0.34647709066491866  0.420516093760643   1.6794897672568778   0.05376343801807103   0.3516169548143624   -1.4008490881693717e-08   -0.9252616569193038
0.34574742571708267  0.4258426931340349   1.70693414526475   0.053763437223378736   0.2744437800787208   -7.946922851939336e-09   -0.7717317473564155
0.34500736799393594  0.4305156347351112   1.727862699568204   0.04731180470100573   0.2092855430345397   -0.06451632522373006   -0.6515823704418113
0.34439902018685664  0.4340114831724738   1.7430910287026258   0.0354838602062827   0.15228329134421864   -0.11827944494723035   -0.5700225169032105
0.3439701890046888  0.4363378803891687   1.7530828410399248   0.023655908760066496   0.09991812337299108   -0.118279514462162   -0.5236516797122757
0.34375  0.4375   1.7580485191648523   0.01182795496975106   0.049656781249272475   -0.11827953790315437   -0.502613421237186
0.34375  0.4375   1.7580485191648523   6.075157543050821e-27   -1.061853035205562e-19   -0.1182795496975106   -0.49656781249272475
