0.28125  0.34375   -0.952360390846838   5.000045148186048e-19   1.1441798259565651e-26   0.0   -0.00010772699350027133
0.28190864210373756  0.342821913123218   -0.9536050752462295   0.011380486244687179   -0.012446843993915442   0.1138048624468718   -0.12446843993915442
0.2832117882795938  0.34097596908178146   -0.9560875098573597   0.022595794652328294   -0.024824346111302457   0.11215308407641116   -0.12377502117387014
0.2850596236915102  0.33833777040177526   -0.9597915158084265   0.03220960723851135   -0.03704005951066762   0.09613812586183054   -0.12215713399365165
0.28727945220382084  0.33513527566726786   -0.964678419710591   0.03896615345197219   -0.04886903902164518   0.06756546213460841   -0.11828979510977561
0.28969824223483204  0.3316005918952978   -0.97068403096623   0.04283052017162282   -0.060056112556390324   0.03864366719650626   -0.11187073534745141
0.29216469059445327  0.32794128294831953   -0.9777200394967568   0.04412925274674952   -0.07036008530526797   0.012987325751267034   -0.10303972748877638
0.29455696641600015  0.3243304352416651   -0.9856667179973845   0.043314206407097586   -0.07946678500627674   -0.008150463396519321   -0.09106699701008772
0.296786200446253  0.32090120160366487   -0.9943735145040087   0.040901256344284785   -0.08706796506624151   -0.024129500628128058   -0.07601180059964774
0.29879834830092933  0.31774203090566877   -1.0036692157243545   0.037455438173872216   -0.09295701220345967   -0.03445818170412566   -0.05889047137218157
0.3005740980747381  0.314893511262046   -1.0133527929145447   0.03356687566505473   -0.09683577190190129   -0.03888562508817488   -0.03878759698441621
0.30212573456547753  0.3123489695645916   -1.0232092605467222   0.029803134481718452   -0.0985646763217751   -0.037637411833362756   -0.017289044198738106
0.3034912018348751  0.3100595862955658   -1.033002608792745   0.026656662612169067   -0.09793348246022901   -0.03146471869549388   0.00631193861546094
0.30472739604578447  0.3079415790460478   -1.0424788517726418   0.02452372491284523   -0.09476242979896599   -0.021329376993238346   0.031710526612630185
0.30590180026124336  0.3058876582847804   -1.0513804119416361   0.02365970362191688   -0.08901560168994413   -0.00864021290928352   0.05746828109021862
0.30708391867251655  0.30378102590855044   -1.0594396006557185   0.024156373707082974   -0.08059188714082356   0.0049667008516609485   0.08423714549120567
0.3083376063380775  0.3015100504831854   -1.0663820392725962   0.02594043589704445   -0.06942438616877619   0.01784062189961477   0.11167500972047366
0.309715232260949  0.29898153073211897   -1.0719272548844703   0.028794557323857637   -0.05545215611874174   0.028541214268131866   0.13972230050034448
0.3112545165569879  0.29613007126832797   -1.0757998700165032   0.03240403866419355   -0.03872615132032994   0.03609481340335915   0.16726004798411798
0.3129776048950499  0.2929233755321865   -1.0777242212578273   0.03640320173382514   -0.019243512413240096   0.03999163069631589   0.1948263890708985
0.3148917729864209  0.28936358717497757   -1.0774302822868245   0.04041798192620647   0.002939389710027765   0.040147801923813314   0.22182902123267859
0.3169912112986957  0.28548509198752114   -1.0746553385054802   0.04410256925151106   0.027749437813443762   0.0368458732530459   0.24810048103415996
0.31925911372782606  0.28134993560048627   -1.0691483923737006   0.04716237883410508   0.055069461317794506   0.030598095825940214   0.2732002350435074
0.32167174348949973  0.2770379677861402   -1.0606739234280407   0.04941037218890271   0.08474468945660106   0.022479933547976266   0.2967522813880656
0.3242025331004075  0.27263604887478365   -1.0490156158315609   0.05077576799656115   0.11658307596479768   0.013653958076584417   0.31838386508196626
0.3268256916682216  0.2682281962440688   -1.0339799395023175   0.05129339692939326   0.15035676329243294   0.005176289328321121   0.33773687327635266
0.3295156603783625  0.26389342094299223   -1.0153994324559683   0.051015888281927046   0.18580507046349315   -0.0027750864746621737   0.3544830717106021
0.33224169675323273  0.25971129565146117   -0.9931354375294241   0.04992138446676801   0.2226399492654412   -0.01094503815159037   0.36834878801948057
0.33496688437299604  0.2557594921548732   -0.9670802796208785   0.0480035399092696   0.26055157908545606   -0.019178445574984063   0.37911629820014864
0.3376536320181766  0.25210256556918903   -0.9371586883313686   0.04537810591207012   0.2992159128950986   -0.026254339971994816   0.38664333809642487
0.34027130207977735  0.248781229745369   -0.9033304480866802   0.042288849837454554   0.33828240244688446   -0.0308925607461557   0.3906648955178592
0.3428038531202004  0.24580609858572036   -0.8655827425582525   0.039070730975073895   0.37747705528427694   -0.03218118862380656   0.3919465283739245
0.3452563692410838  0.24315684534572138   -0.8239415924612393   0.03610177011267593   0.4164115009701319   -0.029689608623979645   0.38934445685854974
0.3476589092790217  0.2407874314012128   -0.7784564448899345   0.0337436232112141   0.45485147571304807   -0.023581469014618276   0.3843997474291614
0.3500662621100756  0.23863646823166376   -0.7292107917200294   0.032283107362579506   0.4924565316990504   -0.014605158486345998   0.3760505598600237
0.35255225548215685  0.23664125401783945   -0.6763135174671355   0.03187639064416011   0.5289727425289391   -0.004067167184193944   0.365162108298887
0.3551993410409663  0.23475187042466783   -0.619901242575361   0.032522042244796434   0.5641227489177459   0.006456516006363274   0.3515000638880686
0.358085252876282  0.23294202212706552   -0.5601311285934218   0.03406470017697743   0.5977011398193913   0.0154265793218099   0.33578390901645366
0.36127014552741626  0.23121370335714292   -0.49719162843671405   0.0362362069892025   0.6293950015670776   0.02171506812225071   0.3169386174768632
0.3647872805944847  0.22959516528479368   -0.4312926577796491   0.03871679812636605   0.6589897065706496   0.024805911371635545   0.2959470500357196
0.3686391320689761  0.22813355776225552   -0.3626714229890639   0.041198369301975866   0.6862123479058523   0.02481571175609813   0.27222641335202713
0.37279844676992197  0.2268851510346034   -0.2915918497269465   0.04342628022188601   0.7107957326211739   0.02227910919910145   0.2458338471532157
0.377214919315198  0.22590521578555595   -0.21834460042584497   0.04523881390516341   0.7324724930110151   0.018125336832774046   0.21676760389841263
0.3818237135786691  0.2252404699304944   -0.14324633141040105   0.046564870465613535   0.7509826901544392   0.0132605656045012   0.18510197143423995
0.3865548966738291  0.22492472580504896   -0.06663800878222355   0.04741707269819522   0.766083226281775   0.008522022325816869   0.15100536127335945
0.3913154773721138  0.2249776552489752   0.011117816504916255   0.04760874931239371   0.777558252871398   0.0019167661419848326   0.11475026589622896
0.3960137409066625  0.2253999420975322   0.08964059856227358   0.047172032415965175   0.7852278205735732   -0.004367168964285321   0.07669567702175223
0.4005457648111541  0.22617106767792075   0.1685363076164697   0.04597159485118159   0.7889570905419614   -0.01200437564783582   0.037292699683881346
0.40483593467865353  0.22725466503740346   0.24740240862503254   0.04424900081298784   0.7886610100856283   -0.01722594038193748   -0.0029608045633306226
0.408803793338727  0.2285953078009801   0.32583303986532347   0.04188224607855851   0.784306312402909   -0.023667547344293268   -0.04354697682719226
0.4124002558388243  0.23013040398088333   0.40342390729189237   0.03910378855834295   0.7759086742656894   -0.02778457520215565   -0.08397638137219618
0.41561163587866384  0.23180137160179318   0.47977662714069197   0.036200959311049996   0.7635271984879957   -0.029028292472929568   -0.12381475777693735
0.4184607575417471  0.2335658814267536   0.5545023091595971   0.03351266801289096   0.7472568201890508   -0.026882912981590346   -0.16270378298944863
0.42100126013068917  0.23540741356333336   0.6272224663492502   0.031377370849809696   0.7272015718965307   -0.021352971630812602   -0.20055248292520128
0.42330631733872176  0.23733941412344117   0.6975784701624128   0.030076427474924058   0.7035600381316274   -0.013009433748856393   -0.2364153376490331
0.4254541537447723  0.23940228579551667   0.7652226479568107   0.029780263199956154   0.6764417779439781   -0.0029616427496790537   -0.27118260187649335
0.42751408175565164  0.24165389602040632   0.8298268719356636   0.030517293482229608   0.6460422397885294   0.007370302822734557   -0.30399538155448713
0.42953681637182894  0.24415669991161726   0.8910829563325918   0.032179935744661825   0.6125608439692818   0.01662642262432217   -0.3348139581924758
0.43155160762915923  0.24696645228589614   0.9487051199658817   0.03457469047631552   0.5762216363328991   0.023947547316536928   -0.36339207636382614
0.43356983429114915  0.2501265381889058   1.0024329449208456   0.03749584213416184   0.5372782495496391   0.029211516578463225   -0.38943386783260125
0.4355918333696805  0.25366819798203005   1.052034816158436   0.040782146049129914   0.4960187123759054   0.032863039149680744   -0.4125953717373363
0.4376120862195431  0.2576112506760294   1.0973116150915434   0.04430472449402978   0.4527679893310728   0.03522578444899861   -0.43250723044832584
0.43961830872563074  0.26195477675028367   1.1381004456960502   0.047844694064771716   0.4078883060450674   0.03539969570741939   -0.4487968328600546
0.441583534077464  0.2666484664101873   1.1742779942919697   0.05088500103842354   0.3617754859591958   0.030403069736518237   -0.46112820085871603
0.44345854704754567  0.27155482128522285   1.2057631501240214   0.05252427229155247   0.3148515583205167   0.016392712531289353   -0.46923927638679075
0.44519343598488825  0.27648627288715727   1.2325180751864595   0.05227719821006682   0.26754925062437984   -0.002470740814856494   -0.4730230769613682
0.44682994405860926  0.28148733501776774   1.2545468939429008   0.05262013028241943   0.22028818756441418   0.0034293207235260525   -0.472610630599657
0.4483697645471596  0.28648454093606807   1.2718918623932762   0.05229064364364541   0.17344968450375498   -0.003294866387740151   -0.468385030606592
0.44978501995985626  0.29129422980076536   1.28462221972881   0.050135870250941426   0.12730357335533662   -0.021547733927039913   -0.46146111148418334
0.4510711561719475  0.29580166409142755   1.2928458349855216   0.046873350894243285   0.08223615256711615   -0.03262519356698142   -0.4506742078822048
0.45225036626130977  0.29999535230865865   1.2966873731673352   0.04356323828422367   0.03841538181813634   -0.03310112610019614   -0.4382077074897981
0.45335532287553687  0.30391890536014216   1.296284707494204   0.04076174391146007   -0.004026656731310507   -0.028014943727635997   -0.42442038549446853
0.45441751216463777  0.30762680167513123   1.291801061136881   0.038570378749126374   -0.04483646357323065   -0.02191365162333691   -0.40809806841920143
0.4554624279505721  0.31116204156990723   1.2834074088272018   0.03686430538236605   -0.08393652309679346   -0.01706073366760328   -0.3910005952356282
0.4565091551308916  0.31455164366367017   1.2712809560220302   0.03547540013023795   -0.12126452805171531   -0.013889052521281019   -0.37328004954921845
0.4575717455971188  0.31781064211588006   1.2556166902379187   0.03427852011154422   -0.15664265784111545   -0.011968800186937273   -0.35378129789400126
0.4586615520617263  0.32094942028511847   1.236611664327863   0.033225903337527736   -0.1900502591005554   -0.010526167740164826   -0.33407601259439956
0.4597892590242145  0.3239791360814979   1.2144691570230581   0.03232785300641114   -0.22142507304805054   -0.00898050331116596   -0.3137481394749513
0.46096582693254123  0.3269129533754647   1.189396708496575   0.03160948585038004   -0.2507244852648294   -0.007183671560311023   -0.29299412216778864
0.462202943672506  0.32976560960414164   1.161603522452895   0.031093577129827764   -0.27793186043680146   -0.005159087205522758   -0.2720737517197208
0.46351234386544043  0.33255056695696766   1.1312971497510529   0.030774204006432448   -0.3030637270184207   -0.003193731233953144   -0.25131866581619244
0.464905883283056  0.33527967366062417   1.0986879998326085   0.030643066929360085   -0.32609149918444374   -0.0013113707707236193   -0.23027772166023044
0.4663942471821767  0.3379605581448544   1.06398757195508   0.03066328213674449   -0.34700427877528595   0.0002021520738440498   -0.2091277959084221
0.46798641838964083  0.34059635285481576   1.027398809374825   0.030793543003240498   -0.3658876258025509   0.0013026086649600723   -0.18883347027264927
0.46968846867770037  0.34318479149814746   0.9891257888194918   0.030979008688730155   -0.38273020555333115   0.0018546568548965551   -0.16842579750780223
0.47150253858131325  0.34571813661867595   0.9493617943837913   0.03115876620613997   -0.39763994435700467   0.0017975751740981485   -0.14909738803673575
0.4734265984593932  0.348184506262821   0.9082965402958376   0.03128096167957148   -0.41065254087953684   0.0012219547343150774   -0.13012596522532172
0.4754555748686069  0.3505706359072625   0.8661158709197803   0.031321494136168734   -0.4218066937605735   0.0004053245659725814   -0.11154152881036625
0.4775845200983473  0.3528659847697842   0.822991784102517   0.031306603443853755   -0.43124086817263213   -0.0001489069231497943   -0.09434174412058635
0.4798137264380469  0.35506726044519565   0.7790940425526611   0.03132886130089853   -0.4389774154985595   0.00022257857044772098   -0.07736547325927386
0.4821549062201194  0.3571818004635662   0.7345770571794612   0.03154742820147298   -0.4451698537319993   0.0021856690057444972   -0.06192438233439761
0.48463587782170153  0.359227724204476   0.6895894762776043   0.03215746265094784   -0.44987580901856955   0.006100344494748647   -0.047059552865702806
0.4873013596163041  0.3612300589512525   0.6442746197884794   0.03333787281081707   -0.4531485648912481   0.011804101598692255   -0.032727558726785747
0.49020638105951136  0.3632122047233126   0.5987593936555412   0.03516824056899407   -0.4551522613293823   0.018303677581770008   -0.020036964381341886
0.4934035333232306  0.3651863655953669   0.5531696062912803   0.037575382561128724   -0.4558978736426085   0.024071419921346572   -0.00745612313226154
0.4969252888898581  0.36714527694972426   0.5076148739354714   0.04029900242598859   -0.4555473235580885   0.027236198648598685   0.0035055008451994876
0.5007663437587541  0.3690588702078987   0.4622023430959451   0.04291333320029662   -0.45412530839526344   0.026143307743080258   0.014220151628250922
0.5048765390177825  0.3708797618042048   0.4170327709884067   0.04495481205926097   -0.4516957210753845   0.020414788589643466   0.024295873198788866
0.5091726844078279  0.37255697731535165   0.37220328982077455   0.04611932033674998   -0.448294811676321   0.011645082774890151   0.03400909399063546
0.513570585238484  0.37405261401713846   0.3278099274271829   0.04645262194969754   -0.4439336239359168   0.003333016129475581   0.04361187740404195
0.5180223840936178  0.3753518057563759   0.2839494494163775   0.04637500643867563   -0.43860478010805387   -0.0007761551102191055   0.05328843827862945
0.5225385957158701  0.3764604816944433   0.24072762479312132   0.04650304264520175   -0.4322182462325618   0.0012803620652611719   0.0638653387549208
0.5271841175273776  0.3773937014702948   0.19824723025188454   0.047383300909952436   -0.4248039454123679   0.008802582647506895   0.07414300820193896
0.5320353912977992  0.37815981121019315   0.15662583893554596   0.049113930131019966   -0.41621391316338563   0.01730629221067532   0.08590032248982275
0.5371242920495559  0.3787526768028661   0.11597887311275314   0.05123319282672602   -0.4064696582279284   0.021192626957060503   0.0974425493545722
0.5423661053171693  0.37915409518942655   0.0764308854336661   0.05257161121137269   -0.39547987679087043   0.013384183846466665   0.10989781437057938
0.5476450799250372  0.3793553744015378   0.038110006859840784   0.05282810448212328   -0.3832087857382531   0.002564932707505982   0.12271091052617332
0.5529223505594718  0.379361419731296   0.0011455404749998574   0.05277274097019984   -0.36964466384840927   -0.0005536351192343921   0.13564121889843866
0.55819905724101  0.3791801768496992   -0.0343342293182673   0.05279818404558909   -0.35479769793267163   0.00025443075389248586   0.14846965915737634
0.5634680377176177  0.3788202528622757   -0.06820403281063822   0.052812593706043034   -0.3386980349237091   0.00014409660453941958   0.160996630089625
0.568564272137975  0.37830715622922306   -0.10034338017007179   0.05121998967403618   -0.32139347359433573   -0.015926040320068537   0.17304561329373386
0.5733404561476683  0.3776796300087224   -0.13063824386108788   0.048172318661099785   -0.302948636910161   -0.03047671012936398   0.18444836684174723
0.5777457923777893  0.37697329952485903   -0.1589820822152698   0.044616017362435256   -0.28343838354181916   -0.03556301298664529   0.19510253368341837
0.5818149522535238  0.3762106352253772   -0.185275973319722   0.04140014363258951   -0.2629389110445221   -0.03215873729845741   0.2049947249729705
0.5856646832665071  0.3753923963544218   -0.20942789975589038   0.039357265812384724   -0.24151926436168356   -0.020428778202047883   0.2141964668283857
0.5894917272572244  0.3744908617238391   -0.23135153553237242   0.03931797349434921   -0.21923635776482062   -0.0003929231803550909   0.22282906596862934
0.5935478052717095  0.37345100491123123   -0.25096493456843466   0.04187251013530794   -0.19613399036062212   0.02554536640958722   0.23102367404198498
0.5980583023968395  0.3722114747795174   -0.2681896467241213   0.046777151755136075   -0.17224712155686686   0.04904641619828139   0.23886868803755243
0.6030534304573397  0.37075914151828787   -0.28294906011843846   0.05201978108610856   -0.14759413394317114   0.0524262933097248   0.24652987613695723
0.6081198514796161  0.36921864929378606   -0.295176712572791   0.052954450491634636   -0.12227652454352549   0.009346694055260816   0.2531760939964567
0.6131693503588986  0.36763000063328755   -0.3048106420091994   0.05293509563453678   -0.09633929436408405   -0.0001935485709785998   0.25937230179441445
0.6182039515391774  0.3660072268264368   -0.3118098307681839   0.05289669542859986   -0.0699918875898454   -0.000384002059369176   0.26347406774238646
0.6232303563518508  0.3643628935807086   -0.3161653696027676   0.05288532609700858   -0.04355538834583646   -0.0001136933159128477   0.2643649924400894
0.6282547742029082  0.3627095298920122   -0.31790479964539414   0.052894599184718796   -0.01739430042626536   9.273087710221656e-05   0.26161087919571097
0.6332838488640984  0.36105907103675894   -0.3171084818893251   0.052929770810675514   0.00796317756069023   0.0003517162595671978   0.25357477986955596
0.6383241030348894  0.3594227804337129   -0.31391029340929355   0.05299208341232752   0.03198188480031517   0.000623126016520052   0.2401870723962494
0.6433819919480215  0.35781106571266963   -0.308481170132418   0.053084710227720044   0.05429123276875603   0.0009262681539252424   0.22309347968440865
0.6484422802181968  0.3562400439190015   -0.3010261318122211   0.05298549504671288   0.07455038320196891   -0.0009921518100716542   0.2025915043321288
0.6527206852182864  0.35495509874131964   -0.2917620499636997   0.04467195255911625   0.09264081848521408   -0.08313542487596631   0.18090435283245163
0.656010875359393  0.354005751026803   -0.2809091055721963   0.034244141466376395   0.10852944391503404   -0.10427811092739857   0.15888625429819958
0.658588776391678  0.35329594406123516   -0.26868505347160715   0.02673836131969439   0.12224052100589111   -0.07505780146682   0.13711077090857082
0.6609159481825043  0.3526885547150849   -0.25530350838882615   0.024051300093413622   0.13381545082781035   -0.02687061226280771   0.11574929821919237
0.6633948016056472  0.35207938464932026   -0.24097157502242045   0.025526069933405324   0.14331933366405677   0.014747698399917021   0.09503882836246418
0.666279964940551  0.35141631804215095   -0.22589688809145883   0.029603757860474672   0.15074686930961612   0.0407768792706935   0.07427535645559333
0.6696723850077737  0.3506922732482084   -0.21027520682447307   0.03468826138066063   0.15621681266985776   0.050845035201859616   0.0546994336024165
0.6735564462739385  0.34992795406837757   -0.1943008693851597   0.039585497000768216   0.15974337439313363   0.048972356201075824   0.03526561723275864
0.6778516015732878  0.34915454058970535   -0.17815732723632133   0.043642327452277856   0.16143542148838375   0.040568304515096375   0.01692047095250126
0.6824577248477615  0.34840163268469965   -0.16202516005802634   0.04667252075157797   0.16132167178294993   0.030301932993001143   -0.0011374970543380858
0.687285486173489  0.34769137951762635   -0.14607070334172473   0.04879727346842727   0.159544567163016   0.021247527168493045   -0.017771046199339505
0.6922675144520354  0.3470377301589848   -0.1304563098456733   0.050247251917177604   0.15614393496051418   0.014499784487503336   -0.03400632202501795
0.6973557435074259  0.34644826713217886   -0.11533423974045254   0.05122259421396467   0.15122070105220775   0.009753422967870656   -0.04923233908306443
0.7025148069368269  0.3459262209991896   -0.100846827826425   0.0518540910956339   0.14487411914027545   0.0063149688166922804   -0.06346581911932295
0.7077189901890341  0.3454716200062741   -0.08713182297100246   0.052240008982869325   0.13715004855422544   0.003859178872354271   -0.07724070586050025
0.7129555068209807  0.345081787072085   -0.07430801551849078   0.052510071560817176   0.12823807452511665   0.002700625779478507   -0.08911974029108773
0.7182072888568279  0.3447531921121838   -0.062486822355297324   0.05262051805114251   0.11821193163193464   0.0011044649032533201   -0.10026142893182026
0.723476279009335  0.34448019359482324   -0.05176601451404869   0.05276057753444549   0.10720807841248628   0.001400594833029817   -0.11003853219448355
0.7287588107185884  0.3442569781419479   -0.042230270576071725   0.052872456343216696   0.0953574393797697   0.0011187880877120528   -0.11850639032716577
0.733965541931873  0.3440801389934413   -0.033950513764009795   0.05209733391625752   0.08279756812061928   -0.007751224269591803   -0.12559871259150418
0.7388756487943496  0.34394761742211727   -0.0269829988402578   0.049118948856617085   0.06967514923751998   -0.029783850596404295   -0.13122418883099302
0.7431806180163044  0.34385560888775296   -0.02136938134351735   0.0430595234209119   0.05613617496740448   -0.060594254357051874   -0.13538974270115497
0.7465749464835091  0.34379743013765385   -0.017138310228673202   0.03394827022136925   0.04231071114844149   -0.09111253199542649   -0.13825463818962994
0.7488546464165211  0.3437647846675049   -0.01431909468000503   0.022799336637921146   0.0281921554866817   -0.11148933583448105   -0.14118555661759793
0.75  0.34375   -0.012907670370510336   0.011454490026099858   0.014114243094946953   -0.11344846611821288   -0.14077912391734743
0.75  0.34375   -0.012907670370510336   5.000117729968288e-19   3.673406328154347e-27   -0.11454490026099859   -0.14114243094946954
