0.8125  0.09375   -4.357514582278637   0.0   -1.1315667139368063e-21   3.913571072357483e-18   0.0
0.8120931493962678  0.09483878172594279   -4.354780385301747   0.01162313667003951   0.02734196976889538   0.11623136670039509   0.2734196976889538
0.8113063982242016  0.09690932621178862   -4.349265491150865   0.022149789783683864   0.05514894150882395   0.10526653113644355   0.27806971739928565
0.8101754336673811  0.09981128961546082   -4.3407725598772835   0.031145581428247998   0.08492931273581111   0.08995791644564136   0.2978037122698716
0.8087482021432034  0.10335417584457474   -4.329433027648441   0.038195592227442884   0.11339532228843469   0.07050010799194885   0.2846600955262357
0.807113402545137  0.10725164961763718   -4.315227687086718   0.042264490458949755   0.14205340561721846   0.04068898231506868   0.2865808332878374
0.8053710521685492  0.11121313023972297   -4.298030388396901   0.04327714587857632   0.1719729868981705   0.010126554196265689   0.2991958128095205
0.8035635521896353  0.1151073358308427   -4.277829477477397   0.042932380972502814   0.20200910919503762   -0.0034476490607351067   0.30036122296867135
0.8017026450386079  0.11888651115179849   -4.2548310560630505   0.04212498252968746   0.2299842141434733   -0.008073984428153555   0.27975104948435675
0.7998032195369242  0.12250592593444029   -4.229108174074938   0.04087539676290785   0.2572288198811266   -0.012495857667796087   0.2724460573765334
0.7978676706588472  0.12595161723760986   -4.200584483400644   0.03952105516830527   0.2852369067429321   -0.01354341594602572   0.28008086861805487
0.7959006626535661  0.12921188858369928   -4.169527134816005   0.03807688241304873   0.3105734858463903   -0.014441727552565516   0.25336579103458134
0.7939053713137981  0.13228192546524958   -4.136067030808727   0.03661463366555934   0.3346010400727805   -0.014622487474893866   0.24027554226390208
0.7918774001567074  0.1351699005529864   -4.100179902924533   0.03528890352700048   0.3588712788419399   -0.013257301385588525   0.24270238769159447
0.7898123080185486  0.13788536599308812   -4.062206180032662   0.03411503787990141   0.3797372289187094   -0.011738656470990736   0.20865950076769474
0.7876952753597934  0.14044918417501345   -4.022152161435246   0.033249046524985434   0.40054018597416363   -0.00865991354915971   0.20802957055454266
0.7855401428643883  0.1428479134420815   -3.980432233809667   0.0322467024196881   0.4171992762557836   -0.010023441052973413   0.1665909028161999
0.7833485274361417  0.14508435100554495   -3.9371127835858335   0.031312667022466475   0.43319450223833844   -0.009340353972216242   0.15995225982554792
0.7811071446162922  0.1471768504415927   -3.892650969233706   0.030663252982969447   0.44461814352127466   -0.006494140394970257   0.11423641282936266
0.7787873407151015  0.14915301941261236   -3.8471707537847055   0.030474143042914483   0.45480215449000383   -0.0018910994005496532   0.10184010968729156
0.7763513449476795  0.1510412506842935   -3.800988518217915   0.03082124707770857   0.46182235566790514   0.003471040347940857   0.07020201177901246
0.7737533856020212  0.15286803111416808   -3.7544361054518207   0.031759281321632964   0.4655241276609434   0.0093803424392439   0.03701771993038306
0.7709536279191869  0.15464783939951593   -3.707849967953235   0.033175835505955466   0.46586137498585756   0.014165541843225033   0.003372473249141459
0.7679202758754968  0.15638517397721077   -3.6617299346937036   0.03495648159613933   0.4612003325953144   0.017806460901838714   -0.046610423905431984
0.764628977759439  0.15807621445911368   -3.6162123668550143   0.03700305554977771   0.4551756783868923   0.020465739536383816   -0.060246542084220554
0.7610614195713657  0.1597123792751537   -3.571594420282643   0.03924857542705916   0.4461794657237086   0.02245519877281444   -0.08996212663183707
0.7572004833365814  0.16128456078289785   -3.5282923140448106   0.041687628023626536   0.43302106237832705   0.024390525965673704   -0.13158403345381584
0.7530804386613953  0.16276423819521837   -3.4863876761365082   0.043776949836712986   0.41904637908302356   0.020893218130864564   -0.13974683295303453
0.7487500696376699  0.16412507697120207   -3.4460753013893477   0.04539160501222794   0.4031237474716052   0.016146551755149518   -0.15922631611418409
0.7442555488519466  0.16534993119720376   -3.4076533065845473   0.04658431599610722   0.3842199480480067   0.01192710983879278   -0.18903799423598436
0.7396800672919027  0.16641890662533723   -3.371107092511206   0.04698695560712046   0.36546214073341143   0.004026396110132451   -0.18757807314595248
0.7350785167354518  0.16732728777419117   -3.3364943033130543   0.046903543400436176   0.3461278919815154   -0.0008341220668428537   -0.1933424875189609
0.7304746157674258  0.16808097794214444   -3.3038601435065016   0.04665185204540157   0.32634159806552915   -0.0025169135503460005   -0.19786293915986194
0.7258675342038878  0.16869091685325455   -3.2732187906085577   0.04647281571884392   0.3064135289794366   -0.001790363265576497   -0.19928069086092612
0.721173334830486  0.16917598502751904   -3.244560726180143   0.04719194729075111   0.28658064428415064   0.007191315719071811   -0.19832884695285938
0.7162731903089813  0.16955042869965758   -3.2178592602268354   0.04914430220812592   0.2670146595330743   0.019523549173748156   -0.19565984751076332
0.7111031926590786  0.16981684839540795   -3.193078990702991   0.051768576525032965   0.24780269523844672   0.026242743169070413   -0.1921196429462756
0.7057471251490381  0.16997000408634086   -3.1701796659597807   0.05358256790951261   0.22899324743209812   0.01813991384479642   -0.1880944780634861
0.7003931597589216  0.1700103033598189   -3.149119506960167   0.053541170541935766   0.21060158999613793   -0.00041397367576834134   -0.18391657435960185
0.6950384776453575  0.1699474355436849   -3.1298524743635006   0.053550511575173154   0.19267032596666522   9.341033237381927e-05   -0.17931264029472735
0.6898847617423133  0.169796549815286   -3.1123239389437867   0.05155924176355175   0.1752853541971422   -0.01991269811621405   -0.17384971769523017
0.6850110790320576  0.16957646391856362   -3.0964652849493617   0.048786495018784584   0.1585865399442454   -0.027727467447671624   -0.1669881425289678
0.680345916067269  0.16929902618394885   -3.0821925086722843   0.04673405309260261   0.14272776277077256   -0.020524419261819804   -0.15858777173472818
0.6757621392331592  0.16896757370797189   -3.069408382291511   0.04595744858970276   0.127841263807731   -0.007766045028998487   -0.14886498963041564
0.6711630709555031  0.16858226378800126   -3.0580078563108843   0.04615180685191943   0.11400525980626779   0.0019435826221667074   -0.1383600400146324
0.6665135290555914  0.16814528574156543   -3.0478848754560577   0.04670031016181703   0.10122980854826748   0.005485033098975937   -0.12775451258000303
0.6618267407225978  0.16766247046964677   -3.038938533717253   0.04711591606355632   0.08946341738804707   0.004156059017392948   -0.11766391160220414
0.6571356163650739  0.16714176410705536   -3.031046967327891   0.04719934623889944   0.07891566389362059   0.0008343017534312063   -0.10547753494426479
0.6524684578778278  0.16659161203594886   -3.02425681081202   0.04699471847603108   0.06790156515870996   -0.0020462776286835635   -0.11014098734910632
0.6478334813198642  0.16601768156929603   -3.018393793918313   0.0467037513198069   0.05863016893706679   -0.002909671562241804   -0.09271396221643176
0.6432102999081607  0.16542186361307917   -3.0134229517315   0.04661416673337447   0.049708421868129946   -0.0008958458643242837   -0.08921747068936839
0.6385415373921167  0.164801403027502   -3.0094706881982067   0.04709810481269027   0.039522635332937775   0.004839380793158037   -0.10185786535192168
0.633795063690192  0.1641558111473461   -3.006407173675774   0.04790177604096007   0.030635145224329856   0.008036712282697912   -0.0888749010860792
0.6289272409761033  0.1634830721087602   -3.0042613476174567   0.04914089517889769   0.021458260583169887   0.012391191379376328   -0.09176884641159966
0.6239077943873277  0.1627841475204614   -3.0032388879394682   0.05067873285481739   0.010224596779885247   0.015378376759196857   -0.11233663803284642
0.6187836437363265  0.16207070478815588   -3.0032506044299754   0.05173579073178684   -0.00011716490507411248   0.010570578769694564   -0.1034176168495936
0.6136258230677262  0.16135852141274865   -3.0043819154934783   0.052067570722711114   -0.01131311063502708   0.0033177999092427134   -0.1119594572995297
0.6085008291373688  0.16066406838311892   -3.0069097745005298   0.05171830217298496   -0.02527859007051204   -0.0034926854972615554   -0.13965479435484957
0.6034796644802093  0.16000350933542523   -3.01078885003041   0.05064428177968072   -0.038790755298801674   -0.010740203933042373   -0.13512165228289635
0.5985870188737159  0.15938661023046188   -3.0161675059031863   0.049313837344545544   -0.053786558727767504   -0.013304444351351787   -0.14995803428965832
0.5937907805633752  0.1588170761279598   -3.0234001115348557   0.048299348881214794   -0.07232605631669416   -0.010144884633307488   -0.18539497588926654
0.5890530239506528  0.15829814092548777   -3.0324957126378003   0.04766091844033079   -0.09095601102944359   -0.006384304408840017   -0.18629954712749425
0.5843125912718118  0.1578329247057286   -3.0437679790350383   0.04763205655202234   -0.11272266397238155   -0.0002886188830845772   -0.21766652942937958
0.5795069371698273  0.15742751632448918   -3.0574312197206206   0.048227240542561146   -0.1366324068558227   0.00595183990538815   -0.2390974288344117
0.5746229937834645  0.15709542868592657   -3.0737013549207863   0.04895220648845434   -0.1627013520016578   0.00724965945893193   -0.26068945145835076
0.5696587805867883  0.15685294134615063   -3.0927843642362327   0.04970132067863615   -0.19083009315446528   0.00749114190181802   -0.2812874115280748
0.5646272935151904  0.15671843333073748   -3.1148657665998667   0.05033284668868756   -0.22081402363634006   0.0063152601005140845   -0.2998393048187479
0.5595510823683698  0.15671085195335346   -3.1400991436587313   0.050762168082527405   -0.25233377058864287   0.0042932139383985695   -0.31519746952302796
0.5544590982983668  0.15684838498572762   -3.1685958021706413   0.050938410952992216   -0.2849665851191017   0.0017624287046480581   -0.3263281453045887
0.5493866372939533  0.1571470822379306   -3.2004107928372916   0.05081247946102339   -0.3181499066665033   -0.0012593149196882948   -0.33183321547401495
0.5443759512962228  0.15761918134412592   -3.2355337906594053   0.05032877083132835   -0.3512299782211344   -0.0048370862969503775   -0.3308007155463119
0.5394752102554846  0.1582712737977895   -3.273875587402952   0.0494393439646007   -0.38341796743546713   -0.008894268667276477   -0.3218798921433269
0.5347357806519042  0.15910273494119542   -3.3152602217693534   0.048118105324596205   -0.41384634366401785   -0.013212386400044924   -0.30428376228550724
0.5302085444720831  0.16010476653068442   -3.3594150794067863   0.04636802209951984   -0.4415485763743298   -0.01750083225076365   -0.2770223271031198
0.5259394514011531  0.16126044749945725   -3.40596498910585   0.04422754136264736   -0.4654990969906376   -0.021404807368724882   -0.23950520616307736
0.5219639423375644  0.16254635642312523   -3.4544289417776852   0.04178305167725961   -0.48463952671835026   -0.024444896853877452   -0.1914042972771276
0.5182997967179045  0.1639365539482581   -3.5042201998840623   0.03919006542602205   -0.49791258106377245   -0.025929862512375595   -0.13273054345422172
0.5149397633681245  0.16540916630425828   -3.554651838857542   0.036685707384045384   -0.5043163897347955   -0.02504358041976669   -0.06403808671023002
0.5118449067833073  0.16695502296602246   -3.6048339239228255   0.034594522831377324   -0.501820850652838   -0.02091184552668059   0.024955390819575683
0.5089425357958874  0.16858803370215553   -3.6540938810966144   0.033302374409255105   -0.492599571737887   -0.0129214842212222   0.09221278914950945
0.506128255365009  0.1703515721182645   -3.701369845649922   0.03321180827464528   -0.47275964553307753   -0.0009056613460982222   0.198399262048094
0.5032794961785627  0.17231863375239356   -3.745912718083982   0.03461901265897773   -0.4454287243406025   0.014072043843324456   0.27330921192475083
0.5002777246155726  0.17457808521594836   -3.786823353583489   0.03757093748169766   -0.40910635499506626   0.02951924822719938   0.3632236934553628
0.4970541266979072  0.17719294528165122   -3.8231027195010263   0.041507922976203614   -0.3627936591753692   0.03936985494505953   0.46312695819697
0.4936012808798491  0.18017600858775334   -3.854126081360769   0.04562982679289355   -0.3102336185974346   0.04121903816689933   0.525600405779346
0.4899815333647304  0.18346566754814236   -3.8792533195660592   0.04891260384489462   -0.25127238205289726   0.03282777052001063   0.5896123654453739
0.48631060866664416  0.18692882586345086   -3.8978759786782264   0.050466973017915515   -0.18622659112167295   0.015543691730209032   0.6504579093122423
0.48271336794683173  0.19040404504320008   -3.909739473514596   0.05001728615546176   -0.11863494836369609   -0.004496868624537501   0.6759164275797687
0.4792086980519312  0.19382321993259238   -3.9146435354694473   0.04896270825482748   -0.04904061954851169   -0.010545779006342876   0.695943288151844
0.4759157568701751  0.19702239527931611   -3.912548790947281   0.04591098400774051   0.020947445221660203   -0.030517242470869642   0.699880647701719
0.4729098349250779  0.19989017531771677   -3.903476439615905   0.04154483010997502   0.09072351331376338   -0.043661538977654894   0.6977606809210317
0.4702100078033159  0.20238591449904134   -3.8877298287408606   0.03676653444179936   0.1574661087504425   -0.04778295668175665   0.6674259543667912
0.4677830027601949  0.20453212026721235   -3.8656669014992495   0.03239838372305871   0.22062927241611102   -0.04368150718740649   0.6316316366566851
0.46555964875454947  0.2063899224869549   -3.8376585665880745   0.028973664114329483   0.28008334911175314   -0.03424719608729229   0.5945407669564218
0.46344415946577516  0.2080412313089309   -3.804379509495442   0.026836757919791124   0.3327905709263253   -0.021369061945383596   0.527072218145721
0.46133984706127895  0.20955881380024222   -3.766390677300004   0.025944531820118806   0.3798883219543768   -0.008922260996723167   0.4709775102805152
0.45915333132783676  0.2110005686159874   -3.724536872645279   0.026190662460722092   0.4185380465472443   0.0024613064060328665   0.386497245928675
0.456785604313195  0.21241324429954078   -3.6795363572974487   0.027571332580721423   0.45000515347831277   0.013806701199993316   0.31467106931068506
0.45416179245296234  0.21381543305986098   -3.6323870885781164   0.029749826885993598   0.471492687193322   0.02178494305272173   0.21487533715009188
0.4512277086780458  0.21520473221458195   -3.5838193330500308   0.03246382562104646   0.485677555280856   0.02713998735052853   0.14184868087533986
0.4479470799798576  0.21656549557330493   -3.5347814137086115   0.03551647726593886   0.4903791934141926   0.030526516448924117   0.04701638133336572
0.44429828048165504  0.2178747109712257   -3.486091851605513   0.038765684227466485   0.48689562103098954   0.0324920696152762   -0.0348357238320303
0.44033893106210803  0.2190861510909677   -3.438517006074549   0.04140535592141283   0.4757484553096354   0.02639671693946346   -0.11147165721354176
0.43613147822312937  0.22016540460330122   -3.3926888803304385   0.043436675213596065   0.4582812574411046   0.020313192921832306   -0.17467197868530768
0.43173629476457537  0.22109202076859494   -3.349375222052334   0.04491798654451373   0.4331365827810451   0.01481311330917677   -0.25144674660059513
0.4272052502446415  0.221857590463085   -3.3089727959310684   0.04595265106470472   0.40402426121265655   0.010346645201909867   -0.2911232156838851
0.422576645018789  0.22246457473166376   -3.2719862072460506   0.0466823480976398   0.3698658868501791   0.007296970329350814   -0.34158374362477406
0.4178629222001146  0.22292406479039717   -3.2387648737877144   0.0473606523660385   0.33221333458336   0.006783042683986988   -0.3765255226681914
0.4131093308556493  0.223247704821509   -3.20957101653362   0.04764595842242487   0.2919385725409398   0.0028530605638636924   -0.40274762042420226
0.408329337697308  0.22345313653067694   -3.1845436288244264   0.04784405582820337   0.25027387709193677   0.001980974057785047   -0.4166469544900303
0.40352256665441266  0.22356041240350724   -3.1639066075138325   0.04807967967001187   0.20637021310594414   0.0023562384180849808   -0.4390366398599263
0.3986875294988029  0.22358927816227922   -3.1475627040579477   0.04835123320884131   0.16343903455884734   0.0027155353882944537   -0.4293117854709679
0.3938294885657963  0.22355968956455843   -3.1355020849301964   0.048581310389782084   0.12060619127750928   0.0023007718094076356   -0.4283284328133807
0.3889519988730587  0.2234914707204488   -3.1276070994268275   0.04877966739683064   0.0789498550336934   0.001983570070485568   -0.4165633624381589
0.3841085692437299  0.22340479439068398   -3.1236989118926592   0.04844205131949175   0.03908187534168181   -0.0033761607733888816   -0.3986797969201159
0.3793316175240471  0.22331842443591365   -3.123514064974113   0.047777324643881104   0.0018484691854634464   -0.006647266756106492   -0.3723340615621837
0.374636049279947  0.2232494106975791   -3.126896078877288   0.04696075386009128   -0.033820139031752246   -0.00816570783789827   -0.3566860821721569
0.3700217868694778  0.22321159707406654   -3.1333978927166775   0.04614417348137575   -0.06501813839389266   -0.00816580378715529   -0.31197999362140416
0.3654785356069595  0.22321660005089294   -3.1426938418176222   0.04543254017128257   -0.09295949100944656   -0.007116333100931733   -0.279413526155539
0.360984260528758  0.22327413242298944   -3.154393211800938   0.0449464330646856   -0.11699369983316155   -0.004861071065969678   -0.24034208823714984
0.35658171626244095  0.22339079294457198   -3.1680848864837126   0.04404089655556208   -0.1369167468277412   -0.00905536509123521   -0.1992304699457963
0.3523080347404643  0.22356920018991247   -3.1833139929910685   0.042774037565414556   -0.15229106507356185   -0.012668589901475269   -0.1537431824582069
0.34819211123178934  0.22380896083882254   -3.199778867835705   0.04122900859592561   -0.16464874844636485   -0.015450289694889452   -0.12357683372802958
0.34424073953045287  0.2241072008346559   -3.2169273985597155   0.039626109343762074   -0.1714853072401037   -0.016028992521635418   -0.06836558793738888
0.34042130437483037  0.2244629634509783   -3.2344700170543503   0.038359681890206096   -0.17542618494634918   -0.012664274535559687   -0.03940877706245453
0.33664302900252235  0.2248813436163544   -3.251876463493809   0.038013690628205955   -0.17406446439458298   -0.0034599126200014407   0.013617205517661834
0.3328296842785971  0.22536909425628932   -3.268808159828239   0.03844411355493259   -0.1693169633443029   0.004304229267266291   0.04747501050280065
0.32890034562830095  0.22593616857049906   -3.2849210591837297   0.03970047292734444   -0.16112899355490556   0.012563593724118504   0.08187969789397356
0.32483437105792795  0.22658529929500734   -3.299906126106422   0.041174652280767   -0.14985066922692278   0.014741793534225577   0.11278324327982786
0.3206541293629007  0.22731102436995224   -3.3134877537150986   0.04242770028324394   -0.13581627608676747   0.012530480024769423   0.14034393140155313
0.31640765802347537  0.22810057373887407   -3.3254241661873043   0.04319248434916235   -0.11936412472205345   0.007647840659184104   0.16452151364714013
0.31214895125495845  0.2289369048694443   -3.3355064568001693   0.043400498960465377   -0.10082290612865444   0.00208014611303026   0.18541218593399025
0.3079144637261192  0.2298039509392579   -3.3435591970392697   0.043223435216413045   -0.08052740239100252   -0.0017706374405233542   0.20295503737651896
0.303698888273067  0.23069299721146616   -3.3494424557503555   0.04308303572695797   -0.058832587110860514   -0.00140399489455068   0.2169481528014201
0.2994386614953597  0.23160753648574128   -3.3530525628894514   0.04357282901268476   -0.03610107139095552   0.004897932857267985   0.22731515719904993
0.2950175108217226  0.23256251189533078   -3.3543259176299864   0.04523113011181835   -0.012733547405352973   0.01658301099133575   0.23367523985602548
0.29031020723214634  0.23357395029575231   -3.353240508683644   0.04814739320283652   0.010854089463426527   0.02916263091018174   0.23587636868779502
0.2852691776401432  0.23463905604714258   -3.3498174976405095   0.05152322739221266   0.034230110431340804   0.03375834189376146   0.2337602096791428
0.28001729536024345  0.23571750501781125   -3.344122534054565   0.05361466186059769   0.05694963585944753   0.020914344683850335   0.22719525428106727
0.2747528525965011  0.23675547056861654   -3.336261081291482   0.05365792587994512   0.07861452763082721   0.00043264019347423314   0.21664891771379682
0.269494379067047  0.2377383239942799   -3.3263691358739456   0.05349536869328892   0.09891945417536631   -0.0016255718665619753   0.20304926544539095
0.2642029957867409  0.23866300268858967   -3.3145974744423836   0.05371570320382474   0.11771661431561664   0.002203345105358207   0.1879716014025033
0.25891414824038395  0.2395138089898656   -3.3010941300806205   0.05356844195129934   0.1350334436176349   -0.001472612525254039   0.17316829302018247
0.25377483518972854  0.2402610925358383   -3.2859860426856553   0.05193358386508534   0.15108087394964703   -0.01634858086213989   0.1604743033201214
0.24890071164928934  0.24088728099714934   -3.2693647717132204   0.04914182767922135   0.16621270972435054   -0.027917561858639948   0.15131835774703525
0.24424385573897797  0.24140012927944066   -3.2512782355757768   0.046850101739538685   0.18086536137443474   -0.02291725939682668   0.14652651650084195
0.23966828087462433  0.24181368180671992   -3.231730378476333   0.04594225835995011   0.1954785709944366   -0.009078433795885748   0.14613209620001866
0.23503966251310282  0.24213399632280233   -3.2106855491333723   0.04639688494481873   0.21044829342960733   0.004546265848686178   0.14969722435170715
0.2302750993276883  0.24235564266806484   -3.188078901438662   0.04769715866817995   0.2260664769471061   0.013002737233612288   0.1561818351749877
0.22535360295457793  0.24246508829847208   -3.163827272020516   0.04922713164155922   0.2425162941814616   0.01529972973379268   0.16449817234355493
0.22030400658165208  0.2424461576480698   -3.137843727870004   0.050496318577685335   0.25983544150511795   0.012691869361261179   0.17319147323656373
0.21518527806581297  0.2422846595268628   -3.1100526791614986   0.05121275550291939   0.27791048708505495   0.0071643692523405056   0.1807504557993697
0.21006582157284384  0.24197102692290026   -3.0804062529160934   0.05129054512643856   0.29646426245405083   0.0007778962351916537   0.18553775368995884
0.20501582200347104  0.2415015793970702   -3.048899132135616   0.050717725333628005   0.3150712078047725   -0.005728197928105527   0.18606945350721696
0.2001266268151141  0.24088221684536731   -3.0155839885183147   0.049282694285423076   0.3331514361730162   -0.01435031048204928   0.1808022836824371
0.19550581442034518  0.24013173243775301   -2.980584583364298   0.04681360276001217   0.3499940515401648   -0.02469091525410913   0.16842615367148558
0.1912372374329962  0.23927762062088578   -2.94410779801192   0.043531892323488044   0.3647678535237833   -0.0328171043652412   0.14773801983618517
0.18733963014435362  0.23834385935719363   -2.9064515065919143   0.04007898785405138   0.3765629142000548   -0.03452904469436665   0.11795060676271445
0.18373785173392276  0.23733312994507882   -2.8680095407734765   0.037409065294871376   0.3844196581843804   -0.026699225591800085   0.07856743984325669
0.18025386228633158  0.23620819482349922   -2.8292730187946376   0.03661101131994314   0.3873652197883887   -0.007980539749282296   0.029455616040083205
0.1766345102011829  0.23488389072994192   -2.7908279370528053   0.038540226839605826   0.3844508174183212   0.01929215519662683   -0.029144023700675068
0.17263406662997569  0.23324768208703298   -2.753345984388088   0.04322120716678692   0.3748195266471727   0.04680980327181097   -0.09631290771148511
0.16814421723362835  0.23122091576146644   -2.71756615835016   0.049261069152354765   0.3577982603792811   0.060398619855678376   -0.17021266267891624
0.16333246696308673  0.2288525427727716   -2.6841995564411905   0.05363033775731495   0.33366601908969257   0.04369268604960186   -0.24132241289588516
0.15859039879909517  0.22633876555092683   -2.6541548732917395   0.05367148814129111   0.30044683149451246   0.0004115038397616302   -0.33219187595180094
0.1539151707612475  0.2237019033633065   -2.6280590095380454   0.05367569226603294   0.26095863753694015   4.204124741838783e-05   -0.3948819395757238
0.1497784441089058  0.22125064846571404   -2.6066623903553756   0.04808446523479811   0.21396619182670243   -0.05591227031234838   -0.46992445710237674
0.14636804954383836  0.21915419639745112   -2.5904168265203804   0.04003236486140382   0.16245563834994547   -0.08052100373394293   -0.5151055347675695
0.1436008649793843  0.21741147174488223   -2.5795615648763777   0.03270229292943231   0.10855261644002918   -0.07330071931971506   -0.5390302190991632
0.14124806703666867  0.21591220786970466   -2.5742499201348013   0.027898835686564455   0.053116447415767355   -0.048034572428678604   -0.5543616902426179
0.13905851235190067  0.2145180286010168   -2.5745948783822823   0.025957437375111577   -0.0034495824748119333   -0.019413983114528733   -0.565660298905793
0.13682458260058306  0.2131135885945524   -2.5803472348010255   0.02638729593114807   -0.05752356418743267   0.004298585560364927   -0.5407398171262074
0.13439820647123693  0.21162516307042153   -2.5913525563142206   0.028465262447314333   -0.11005321513194714   0.020779665161662637   -0.5252965094451447
0.13165391553157804  0.2100008787431726   -2.6071669149591323   0.03188954740544342   -0.1581435864491209   0.03424284958129084   -0.48090371317173763
0.1284906187328531  0.2082133322793772   -2.6272381145253356   0.036334238669677554   -0.2007119956620324   0.04444691264234136   -0.425684092129115
0.12484893247743965  0.20626762920589878   -2.650893692228613   0.04128878689548839   -0.23655577703277328   0.0495454822581084   -0.35843781370740896
0.1207068127009278  0.20419359844550933   -2.677371421441939   0.04632360072145961   -0.26477729213325885   0.05034813825971214   -0.28221515100485545
0.11607709059122368  0.20203811586499898   -2.7058623619223843   0.05106900426674318   -0.28490940480445437   0.04745403545283563   -0.20132112671195573
0.11114923688873161  0.1999195320261369   -2.735561946473576   0.053639667779966906   -0.2969958455119165   0.025706635132237334   -0.1208644070746206
0.10616050003982591  0.1979508031697223   -2.765720042624268   0.05363151000830483   -0.3015809615069226   -8.157771662072094e-05   -0.04585115995006091
0.1011086693657187  0.1961300913749777   -2.7956774008895784   0.05369914766490466   -0.29957358265310224   0.0006763765659982567   0.02007378853820304
0.0960071247382451  0.19445727981966424   -2.8247373761629473   0.053688039716211326   -0.29059975273369054   -0.0001110794869332955   0.08973829919411735
0.09141405940489486  0.19309209254068962   -2.8526809834023372   0.04791657903387683   -0.27943607239389795   -0.05771460682334504   0.11163680339792618
0.087880161445493  0.19214196212441698   -2.878941919818195   0.036593964796658766   -0.2626093641585798   -0.1132261423721805   0.16826708235318094
0.08521534461019925  0.1914950029385803   -2.9034225310718065   0.027422262769150444   -0.2448061125361128   -0.09171702027508327   0.1780325162246704
0.08256181979891612  0.1909128647915831   -2.9256309717512874   0.027166300348565174   -0.22208440679480845   -0.002559624205852727   0.22721705741304318
0.0789537256043844  0.19019601065457403   -2.945467184039981   0.03678617073080621   -0.19836212288693478   0.0961987038224104   0.23722283907873704
0.07417852073869352  0.1893321910597698   -2.9626311318896703   0.048527070591254017   -0.17163947849689443   0.11740899860447808   0.2672264439004032
0.06951552189034484  0.1885569070869644   -2.976836801344644   0.047270099955669415   -0.14205669454973813   -0.012569706355846071   0.2958278394715629
0.06601029439879076  0.18801352704773122   -2.987796913719019   0.035470948161253804   -0.10960112374374943   -0.11799151794415609   0.3245557080598872
0.06367056503297695  0.18766831289763253   -2.9951050543482247   0.023650594738145278   -0.07308140629205905   -0.11820353423108529   0.3651971745169039
0.0625  0.1875   -2.998783735335705   0.011826037916131299   -0.03678680987480182   -0.11824556822013978   0.3629459641725722
0.0625  0.1875   -2.998783735335705   0.0   -1.3803379003610928e-21   -0.11826037916131298   0.36786809874801824
