0.8125  0.46875   -3.1539735015664574   0.0   -4.9933579133580836e-21   0.0   0.0
0.8113377261321094  0.4687650964459354   -3.154580639881283   0.011623719054852048   -0.006071383148254909   0.11623719054852048   -0.060713831482549094
0.8090192643338089  0.4687980235516783   -3.155793833107903   0.023186956041000302   -0.012131932266204876   0.11563236986148254   -0.060605491179499676
0.8055650204962214  0.468853348011782   -3.157607657956117   0.034546868577917625   -0.018138248482136875   0.11359912536917323   -0.06006316215931997
0.8010644588688665  0.46893624200300005   -3.1600091593974313   0.045013249577654936   -0.024015014413140315   0.10466380999737301   -0.058767659310034456
0.7959305720050011  0.46904603375615206   -3.16297509207485   0.05135060716294835   -0.02965932677419084   0.06337357585293418   -0.05644312361050519
0.7906501319330719  0.4691774238421115   -3.166469932413297   0.05282074470123305   -0.03494840338446753   0.014701375382847003   -0.05289076610276688
0.7853639047383522  0.46932998889098854   -3.170445501712097   0.052884283155148225   -0.039755692988000205   0.0006353845391516863   -0.04807289603532685
0.7800728330208169  0.4695059806734926   -3.17484242440471   0.05293997830337298   -0.04396922692612639   0.0005569514822476397   -0.04213533938126188
0.7747824438196806  0.46970710964330115   -3.1795921551956825   0.052942110613386294   -0.04749730790972429   2.1323100133156143e-05   -0.03528080983597899
0.7694843515341908  0.46993520836287056   -3.1846190737144977   0.05303000178336779   -0.05026918518815055   0.000878911699814816   -0.0277187727842626
0.7641758142973848  0.470191545130173   -3.189842821373407   0.05314722582866507   -0.05223747658909662   0.0011722404529730392   -0.019682914009460654
0.7588620668916153  0.47047656946792016   -3.195180345023446   0.05321386131961826   -0.05337523650038877   0.0006663549095317224   -0.011377599112921596
0.7535474979231511  0.4707902530395387   -3.2005475881380447   0.053238182448005524   -0.05367243114598811   0.00024321128387265695   -0.002971946455993313
0.7482295041580098  0.4711324989572447   -3.205860234133896   0.05328995210569465   -0.05312645995851283   0.0005176965768913327   0.005459711874752762
0.7429095855782736  0.47150251121534104   -3.2110330654773636   0.05332770646312034   -0.05172831343467606   0.00037754357425683185   0.013981465238367855
0.7375898717644731  0.47189894881493394   -3.215977510814903   0.05334465093251274   -0.04944445337539111   0.0001694446939240813   0.022838600592849447
0.7322728717441584  0.47231989368791477   -3.220597486000362   0.05333637014469562   -0.04619975185459095   -8.280787817129258e-05   0.0324470152080016
0.7269608615162186  0.472762829565984   -3.2247840561655092   0.053304450896546056   -0.04186570165147349   -0.0003191924814955774   0.04334050203117452
0.7216587569141668  0.4732243031965473   -3.228409808836942   0.05322149107532453   -0.03625752671432994   -0.0008295982122153337   0.05608174937143547
0.7163603137358038  0.4737010204273524   -3.2313241200538245   0.053198458090899965   -0.029143112168824686   -0.00023032984424564026   0.07114414545505263
0.7110638214629126  0.4741883825089509   -3.2333502759596984   0.05318867567009068   -0.020261559058735945   -9.782420809279856e-05   0.0888155311008874
0.705796644188025  0.47467801234628343   -3.2342849498017086   0.05289885993355765   -0.009346738420104696   -0.0028981573653302766   0.1091482063863125
0.7006067416002255  0.47515844404019575   -3.23390004840756   0.05212092044790657   0.0038490139414857007   -0.00777939485651082   0.13195752361590393
0.6954891264442732  0.47562210404217986   -3.2319467634738595   0.0513857621154674   0.01953284933700343   -0.007351583324391614   0.15683835395517728
0.6903900483091803  0.4760646281881137   -3.2281608817419793   0.05118244371610491   0.03785881731880035   -0.002033183993624928   0.18325967981796917
0.6852464084137634  0.4764804987978158   -3.2222685913091054   0.05160424375740952   0.058922904328739076   0.004218000413046132   0.21064087009938734
0.6800226751406363  0.47685936066096896   -3.213992915908137   0.05237454116279045   0.0827567540096895   0.0077029740538091685   0.2383384968095041
0.6747331480902393  0.4771849047819554   -3.2030601569139097   0.05299535393937396   0.10932758994226871   0.006208127765835153   0.26570835932579207
0.6694209910335392  0.47743802960772236   -3.189206740975672   0.05318184349237009   0.13853415938237726   0.0018648955299612987   0.29206569440108565
0.6641082582318074  0.47760061527312436   -3.1721861247305942   0.05315220025661685   0.17020616245077555   -0.0002964323575324631   0.31672003068398263
0.6587873720604279  0.4776548001067645   -3.151775724413371   0.05321162057762935   0.20410400317223462   0.0005942032101250467   0.33897840721459055
0.6534600810406215  0.4775812304392052   -3.127783572974953   0.05327798992613873   0.239921514384181   0.0006636934850938745   0.358175112119464
0.6481335967729316  0.4773598549009379   -3.1000552725623285   0.053310826088979094   0.2772830041262433   0.00032836162840356995   0.37361489742062376
0.6428154218618766  0.4769703348364504   -3.068480022039926   0.05332420675942123   0.31575250522402465   0.00013380670442132613   0.38469501097781306
0.6375148970587343  0.4763924469837962   -3.032996919688671   0.053319337541807274   0.35483102351255513   -4.8692176139561027e-05   0.3907851828853053
0.6322436313302547  0.4756065982066444   -2.9936010085073574   0.053295216183815615   0.39395911181313276   -0.00024121357991655333   0.3912808830057763
0.627016059211247  0.4745944893124635   -2.9503490542793087   0.0532464784498558   0.4325195422804882   -0.0004873773395981733   0.38560430467355467
0.6218495839045566  0.4733398699668934   -2.9033654576650774   0.05316628329770812   0.46983596614231443   -0.0008019515214767539   0.3731642386182614
0.6167625085859864  0.471828780568584   -2.8528492290066274   0.053067623337107295   0.5051622865844997   -0.000986599606008201   0.353263204421852
0.6117750216663307  0.4700504129432143   -2.7990805214966845   0.05295055918939964   0.537687075099432   -0.0011706414770765502   0.32524788514932496
0.6072369229764376  0.468136192493452   -2.742426121472235   0.04925299955281639   0.5665440002444906   -0.036975596365832565   0.2885692514505844
0.6034924663031425  0.4662891625459906   -2.6833431374504664   0.0417522159950882   0.5908298402176898   -0.0750078355772819   0.24285839973199205
0.6006685193346984  0.4646752078055198   -2.622374263966826   0.032526183890631805   0.6096887348363987   -0.09226032104456384   0.18858894618709027
0.5987480329828349  0.46341296430855206   -2.560136247382881   0.02298157190736123   0.6223801658394499   -0.09544611983270583   0.1269143100305118
0.5976149387497118  0.46256174912855746   -2.4973043585425327   0.014172049335893293   0.6283188884034847   -0.08809522571467937   0.05938722564034787
0.59702371953161  0.4620566575313726   -2.434594778865099   0.007775973800109325   0.6270957967743366   -0.06396075535783965   -0.012230916291481314
0.5965769383094381  0.46162443001721887   -2.3727499324135564   0.006216382263637456   0.6184484645154272   -0.015595915364718696   -0.08647332258909338
0.5957623791453255  0.46073543366375497   -2.312527072710176   0.012057450594185748   0.602228597033807   0.05841068330548289   -0.1621986748162026
0.5942995984906914  0.4589408861405869   -2.2546920631755465   0.02315195036380547   0.5783500953462893   0.11094499769619723   -0.23878501687517711
0.592274403421737  0.45615873516127287   -2.2000185896751536   0.03441188622992702   0.5467347350039321   0.11259935866121554   -0.31615360342357146
0.5897813419433375  0.45234097429539616   -2.149289305232072   0.04559676914442513   0.5072928444308137   0.11184882914498097   -0.39441890573118504
0.587108238825727  0.44780470995695665   -2.103291809636979   0.052652800899455704   0.4599749559509335   0.0705603175503058   -0.47317888479880116
0.5845824184156154  0.44309210769083845   -2.062805322949366   0.053468110928625544   0.40486486687612616   0.008153100291698455   -0.551100890748073
0.5822125951915177  0.43828204661318076   -2.0285711967863227   0.05362159050631586   0.34234126163043693   0.001534795776903222   -0.6252360524568925
0.5799742192901249  0.4334072835046966   -2.0012550463437817   0.05364106825910111   0.27316150442540443   0.00019477752785235737   -0.6917975720503253
0.5778327271166529  0.4284882609173795   -1.9814000177558453   0.05364957776495258   0.19855028587936618   8.50950585147662e-05   -0.7461121854603833
0.5757502032859213  0.42354305659064606   -1.969375888922803   0.053658132038591266   0.12024128833042415   8.554273638689177e-05   -0.7830899754894206
0.573687444070106  0.41858893581173195   -1.9653366940487484   0.05366403663022379   0.040391948740543915   5.904591632524698e-05   -0.7984933958988023
0.5716055992304377  0.41364287138830574   -1.9691970745877243   0.0536634244314825   -0.03860380538975677   -6.121987412880885e-06   -0.789957541303007
0.5694677806300591  0.40872196401669597   -1.980632004273463   0.053652211257401466   -0.11434929685738732   -0.00011213174081031163   -0.7574549146763055
0.5672403374069827  0.4038433674706448   -1.9991042154948686   0.053630408884484636   -0.18472211221405568   -0.00021802372916826212   -0.7037281535666837
0.5648972049924825  0.3990311277315316   -2.023918004746518   0.05352375250165209   -0.2481378925164965   -0.0010665638283255576   -0.6341578030244083
0.5625819222192556  0.3946214822195897   -2.054282239097003   0.04980512811045719   -0.303642343504845   -0.037186243911949086   -0.5550445098834845
0.5606796471451144  0.3912880144388197   -2.0893624913037816   0.03838053921342105   -0.3508025220677889   -0.11424588897036124   -0.47160178562943894
0.5592552056433401  0.38900346333985225   -2.128323793582168   0.026922494898820648   -0.3896130227838598   -0.11458044314600406   -0.3881050071607085
0.5583771847828883  0.38771883124323564   -2.1703490591471697   0.015560206473713896   -0.42025265565001896   -0.11362288425106756   -0.3063963286615931
0.5581086902031139  0.38736109468839736   -2.2146411327153674   0.004472860181537519   -0.4429207356819812   -0.11087346292176378   -0.226680800319621
0.5580327923081478  0.3872690640898799   -2.260419524105612   0.0011929007303104402   -0.4577839139024457   -0.03279959451227078   -0.14863178220464546
0.5578832863854959  0.38710404461698855   -2.3069107496625634   0.0022267340959639123   -0.4649122555695121   0.010338333656534724   -0.07128341667066422
0.5573039545836171  0.38652140535500473   -2.353348075790033   0.008216409472958361   -0.4643732612746929   0.05989675376994448   0.005389942948191754
0.5560550003760575  0.3853750002807655   -2.3989799508664937   0.01695326283292458   -0.4563187507646162   0.08736853359966221   0.0805451051007665
0.5540016206965211  0.383650697206429   -2.443085852270543   0.02681340933282907   -0.4410590140404865   0.09860146499904487   0.1525973672412977
0.5510737574270336  0.3813942994191263   -2.484997440618711   0.03696446171575988   -0.41911588348168294   0.10151052382930795   0.21943130558803509
0.5472805749026401  0.37870076757062765   -2.5241215177236462   0.0465224112468797   -0.3912407710493488   0.09557949531119832   0.27875112432334187
0.5428602959335331  0.375794427182526   -2.5599619805412654   0.05290149394510416   -0.35840462817619406   0.06379082698224461   0.3283614287315476
0.5383278103617106  0.3730189362555395   -2.592137973158861   0.05314769547643851   -0.32175992617595484   0.002462015313343493   0.36644702000239254
0.5337011570389273  0.3703625114512721   -2.620392236946716   0.05335027058033238   -0.2825426378785471   0.002025751038938609   0.39217288297407676
0.5290072197268079  0.3678164063541891   -2.6445844113229393   0.053400092373981946   -0.24192174376223607   0.0004982179364956795   0.40620894116311035
0.5242661589818052  0.3653667120409321   -2.6646764363162676   0.05336540004179316   -0.20092024993328184   -0.000346923321887782   0.4100149382895422
0.5194940273229313  0.3629971340999725   -2.680712891837813   0.05328052194555453   -0.16036455521545412   -0.0008487809623863471   0.4055569471782774
0.5146943224278511  0.36068576035706806   -2.6928008591296644   0.0532725216779177   -0.12087967291851306   -8.000267636832406e-05   0.3948488229694108
0.5103425651000921  0.35863435271760385   -2.7010877133476634   0.04811035766127035   -0.08286854217999133   -0.051621640166473394   0.3801113073852172
0.5068265443007332  0.35699686931526153   -2.7057426348256   0.03878627870068313   -0.04654921477936808   -0.09324078960587225   0.36319327400623247
0.5041231973135805  0.3557418078836466   -2.706941901078594   0.029804805199956794   -0.011992662529941162   -0.08981473500726338   0.34556552249426903
0.5019924867699922  0.35474720169227425   -2.7048596675085044   0.023514184860365515   0.020822335700896696   -0.06290620339591275   0.32814998230837855
0.5001055551091165  0.35385441971882076   -2.699663381669994   0.020874795196452047   0.05196285838510296   -0.026393896639134717   0.3114052268420627
0.49811872513020455  0.35289447043233135   -2.6915106305299346   0.02206580158918882   0.08152751140059575   0.01191006392736775   0.29564653015492803
0.49570182047172084  0.3516938674973108   -2.680546582630617   0.026986803322698365   0.1096404789931751   0.049210017335095425   0.2811296759257934
0.4925865477424983  0.3500929831466681   -2.666900770768415   0.03502535493263285   0.1364581186220263   0.08038551609934491   0.26817639628851236
0.488668596585203  0.3479986133069604   -2.650682807605752   0.04442603549319551   0.16217963162662885   0.09400680560562658   0.2572151300460253
0.484112840756518  0.3454526034489566   -2.6319759167494547   0.05218915343981721   0.1870689085629692   0.07763117946621693   0.24889276936340338
0.4795108129043615  0.3427514785752579   -2.6108297240897707   0.05336172404948766   0.21146192659683807   0.01172570609670448   0.243930180338689
0.47497401016468743  0.3399427781297523   -2.587252727987484   0.05335857690315114   0.2357699610228712   -3.147146336508141e-05   0.24308034426033126
0.4705038908859742  0.3370116386141008   -2.5612079578232017   0.053454228294996485   0.2604477016428242   0.0009565139184534203   0.24677740619952931
0.46611376434225255  0.3339499523488497   -2.5326119468321693   0.05352301734461078   0.2859601099103231   0.0006878904961428401   0.2551240826749901
0.4618181152180438  0.3307499260348811   -2.5013340069848713   0.05356563246000686   0.3127793984729784   0.000426151153960909   0.26819288562655286
0.45763205811266566  0.3274034490349134   -2.4671968376750697   0.05359289355949865   0.3413716930980235   0.0002726109949178408   0.2859229462504508
0.4535719699733438  0.32390226710269776   -2.429977283771   0.05361211674755317   0.37219553904069147   0.0001922318805451752   0.30823845942667977
0.4496561345364237  0.32023827878286354   -2.389408257373129   0.05362702450902847   0.4056902639787075   0.00014907761475302267   0.33494724938016024
0.44590526482910753  0.3164038664722218   -2.345181158667356   0.05363929653645859   0.442270987057733   0.0001227202743012825   0.36580723079025423
0.4423429393049552  0.3123922942786092   -2.2969487838869473   0.05364967344224131   0.4823237478040842   0.00010376905782712406   0.40052760746351174
0.43899598141326895  0.3081982213615483   -2.2443293421108135   0.05365852659395633   0.5261944177613409   8.853151715020358e-05   0.4387066995725671
0.4358947856947928  0.30381837258394295   -2.1869112280996155   0.05366608817398919   0.5741811401119801   7.561580032868871e-05   0.47986722350639155
0.43307353162932277  0.29925241812423614   -2.124265927348407   0.053672539189092434   0.6264530075120849   6.45101510323891e-05   0.5227186740010492
0.43057031696023584  0.294504021173052   -2.0559433062391053   0.05367807493338868   0.6832262110930165   5.5357442962390596e-05   0.5677320358093164
0.42842710540097306  0.2895821031072455   -1.9814783857557337   0.05368298914392686   0.7446492048337144   4.9142105381841116e-05   0.614229937406979
0.4266894145784393  0.2845023244334104   -1.9003981413758517   0.053687727433619874   0.8108024437988202   4.738289693010984e-05   0.6615323896510563
0.4254056476632211  0.2792887885455619   -1.812230486546702   0.05369265680378654   0.8816765482914954   4.929370166663783e-05   0.7087410449267519
0.4246259349048897  0.27397596227517396   -1.71651651163467   0.053697369549008035   0.9571397491203225   4.712745221495899e-05   0.754632008288272
0.4244003037890296  0.268610676729682   -1.6128254495976277   0.053700277825267095   1.036910620370422   2.908276259066499e-05   0.7977087125009934
0.4247760277125222  0.26325390191834547   -1.500771057803379   0.05369935273916515   1.120543917942488   -9.250861019405575e-06   0.8363329757206622
0.42579404013576366  0.2579819964112366   -1.380042733941052   0.053692957610619596   1.2072832386232701   -6.395128545550587e-05   0.8673932068078203
0.42748440178545005  0.2528872422979917   -1.2504401566778163   0.05367852641527631   1.2960257726323579   -0.00014431195343294777   0.8874253400908773
0.4298607861004309  0.2480776025342344   -1.1118896565574272   0.0536468424696192   1.3855050012038879   -0.0003168394565711111   0.8947922857153026
0.4327792693574136  0.24386920022323405   -0.9644531319709603   0.051213469451425575   1.4743652458646688   -0.024333730181936304   0.888602446607808
0.4355107007431964  0.24100947099208778   -0.808340686980332   0.03954588308624662   1.5611244499062829   -0.11667586365178959   0.8675920404161396
0.43773589638820665  0.23933906115638934   -0.6439361578231327   0.027824026807365582   1.6440452915719934   -0.11721856278881028   0.8292084166571045
0.4391702512455714  0.23860720746893738   -0.471799629681297   0.0161027441036702   1.7213652814183558   -0.11721282703695386   0.7731998984636251
0.4395951502599796  0.23847919251187086   -0.2926336741832499   0.004437645791157772   1.7916595549804708   -0.11665098312512422   0.7029427356211495
0.43960494944911677  0.23847813767066287   -0.10723284587797913   9.855800206970773e-05   1.8540082830527078   -0.04339087789088065   0.6234872807223703
0.4396125417575086  0.2384787735084482   0.0835526508982489   7.618886821925582e-05   1.9078549677622803   -0.00022369133850451883   0.5384668470957247
0.43961854161527736  0.2384804912840021   0.2788435916439264   6.240917088020033e-05   1.952909407456774   -0.00013779697339055504   0.4505443969449385
0.4396233072327455  0.23848295867978228   0.4777461246838352   5.366484117986532e-05   1.9890253303990888   -8.744329700334993e-05   0.3611592294231446
0.4396270829470262  0.23848600792864735   0.6793550554380022   4.853239842712814e-05   2.016089307541671   -5.132442752737173e-05   0.2706397714258216
0.4396299920074618  0.23848954673133527   0.8827562016393473   4.581021401597411e-05   2.03401146201345   -2.722184411154026e-05   0.1792215447177951
0.43963208285364425  0.2384935261508463   1.087024152402131   4.4952661104121804e-05   2.0426795076278346   -8.575529118523193e-06   0.08668045614384316
0.4396333472825679  0.23849793023897728   1.2912128121215516   4.582005321768914e-05   2.0418865971942086   8.673921135673571e-06   -0.00792910433625608
0.4396337180468803  0.23850277242153722   1.4943757746875772   4.856356465392444e-05   2.031629625660256   2.7435114362353108e-05   -0.10256971533952691
0.43963305082481785  0.23850809148341443   1.6955843324358686   5.360746639610827e-05   2.0120855774829125   5.043901742183865e-05   -0.19544048177343426
0.4396310893131408  0.2385139492318723   1.8939181065397983   6.177438389441107e-05   1.9833377410392983   8.166917498302858e-05   -0.28747836443614666
0.43962735902822164  0.23852049972460107   2.0884619468663437   7.538168250146393e-05   1.9454384032654581   0.0001360729860705288   -0.37899337773840025
0.43962020867324336  0.23852886062878154   2.278309102655082   0.00011001467857975843   1.8984715578873779   0.0003463299607829449   -0.4696684537808021
0.43934762577341857  0.23874885015880265   2.4625643560169337   0.0035028107370482526   1.8425525336185193   0.033927960584684946   -0.5591902426885842
0.438016664099367  0.23947809424664265   2.6403572698252096   0.015176481533753151   1.7779291380827604   0.11673670796704899   -0.6462339553575894
0.4354731828871423  0.24035136595179588   2.8108658047145143   0.026892192450525564   1.7050853488930422   0.11715710916772412   -0.7284378918971853
0.4316678185935772  0.24099770153682099   2.973349701893965   0.03859863610959461   1.6248389717945062   0.11706443659069045   -0.8024637709853589
0.4266458757161653  0.24106994027089718   3.127209026777644   0.05022462413865029   1.5385932488367906   0.1162598802905568   -0.8624572295771564
0.42132706094251116  0.2403722784993778   3.2720167168470407   0.05364375317208812   1.4480769006939667   0.03419129033437823   -0.9051634814282377
0.4161493146992712  0.238962102704398   3.4074965009298834   0.05366344373233089   1.3547978408284276   0.00019690560242776526   -0.9327905986553903
0.4111885542386194  0.23691185204493687   3.533506261890016   0.053677436707227195   1.2600976096013248   0.00013992974896311   -0.94700231227103
0.4064990914621961  0.2342984505844301   3.6500173084921306   0.05368512673472632   1.16511046602115   7.69002749911615e-05   -0.9498714358017463
0.40211565872970423  0.23119875122456057   3.7570943157712606   0.05368670099927286   1.0707700727912972   1.574264546549431e-05   -0.9434039322985297
0.3980559935219837  0.2276860857043694   3.8548794372564514   0.05368398332418505   0.9778512148519082   -2.717675087807636e-05   -0.9291885793938905
0.39432373742130195  0.22382797830614212   3.94356970242269   0.05367935198689442   0.8869026516623841   -4.631337290631515e-05   -0.9094856318952411
0.39091140190877327  0.21968486130640444   4.023413277238639   0.05367443723372962   0.7984357481594975   -4.914753164807472e-05   -0.8846690350288657
0.38780314718167286  0.2153095917278222   4.094707596331819   0.053669573627713685   0.7129431909318003   -4.863606015936368e-05   -0.854925572276973
0.38497717911910095  0.2107475138404621   4.15779239089483   0.05366437378840149   0.6308479456301114   -5.1998393121949184e-05   -0.820952453016889
0.38240772902172177  0.20603686876531346   4.213041059601129   0.05365841110854858   0.5524866870629873   -5.9626798529028425e-05   -0.7836125856712391
0.38006667303248637  0.20120942805230174   4.260855608080452   0.05365139977891883   0.4781454847932292   -7.011329629758377e-05   -0.7434120226975811
0.3779248347876288  0.1962912608005976   4.301662491900023   0.053643117156692066   0.4080688381957061   -8.282622226764419e-05   -0.7007664659752311
0.375952994216194  0.1913035604610978   4.335905747767835   0.053633301143784375   0.3424325586781196   -9.816012907696717e-05   -0.6563627951758656
0.3741226515274667  0.18626346712830563   4.364041857255869   0.05362153966591159   0.2813610948803473   -0.00011761477872774116   -0.6107146379777234
0.37240659652871055  0.1811848504468735   4.386535764697161   0.0536070817669391   0.22493907441291253   -0.00014457898972486857   -0.5642202046743466
0.37077936562560415  0.1760790317813288   4.403864571065105   0.05358849191519055   0.1732880636794362   -0.00018589851748548268   -0.5165101073347639
0.36921757312329867  0.17095548457922033   4.416510189334623   0.053562983255684087   0.1264561826951878   -0.0002550865950647413   -0.46831880984248425
0.3677001914880827  0.16582261486604133   4.424954880745435   0.053524572412450254   0.0844469141081235   -0.00038410843233829394   -0.4200926858706426
0.36620890841294296  0.16068896904123955   4.429677779699406   0.05345862387370121   0.04722898953970504   -0.0006594853874904105   -0.3721792456841846
0.3647282835990835  0.1555638282251261   4.431151631928265   0.053347275679648656   0.014738522288581395   -0.0011134819405254717   -0.32490467251123645
0.3632420399712062  0.15044442421120735   4.429840325424864   0.05330780203603294   -0.013113065033999591   -0.0003947364361571693   -0.2785158732258099
0.36180772084177526  0.1455702914971255   4.426195792945822   0.05080791383193206   -0.03644532479042408   -0.024998882041008877   -0.2333225975642448
0.36048858130615885  0.1411775668161333   4.420656078457613   0.04586519294347461   -0.0553971448820847   -0.049427208884574546   -0.18951820091660637
0.35924860539490994  0.13715117186579756   4.413643865610637   0.042130032704193236   -0.0701221284697598   -0.03735160239281367   -0.14724983587675114
0.35800576368483006  0.13322841541215297   4.405565429241432   0.041149330141476655   -0.08078436369205395   -0.009807025627165851   -0.10662235222294128
0.3566704132405466  0.1291384076525354   4.396809176078749   0.043024788532632016   -0.0875625316268241   0.01875458391155363   -0.06778167934770164
0.3551706167662326  0.12468205871384079   4.387743758044625   0.0470196079606858   -0.09065418034124059   0.0399481942805379   -0.030916487144164756
0.35348263857311335  0.11981243844089381   4.378715555632319   0.05153879313986569   -0.0902820241230641   0.0451918517917988   0.0037215621817647364
0.3516983099024469  0.1148055610084827   4.370045717959317   0.053153222318261896   -0.08669837673001567   0.01614429178396211   0.03583647393048444
0.3498651185231591  0.1097891504598542   4.362026908610938   0.053408768405087355   -0.08018809348379205   0.002555460868254519   0.06510283246223615
0.34798973743355915  0.10476825319792672   4.354920749716231   0.05359707412355243   -0.07106158894707279   0.0018830571846507628   0.09126504536719268
0.3463125815490013  0.10035849363437992   4.348955220334587   0.0471792658584218   -0.05965529381643967   -0.06417808265130626   0.11406295130633116
0.34503777663118174  0.09705284502927253   4.344319033626604   0.035429423194491126   -0.04636186707983001   -0.11749842663930674   0.13293426736609648
0.34418051098977814  0.09485068512059946   4.341154521679362   0.023631361880554782   -0.03164511947241469   -0.11798061313936345   0.14716747607415331
0.34375  0.09375   4.339552449627384   0.01181883009027811   -0.016020720519790387   -0.11812531790276669   0.15624398952624302
0.34375  0.09375   4.339552449627384   0.0   -7.764640230566022e-21   -0.11818830090278111   0.16020720519790385
