0.6875  0.875   0.8874036790575396   5.000020813490878e-19   -9.246557468538617e-26   0.0   0.0
0.6882333841110712  0.8758954830815864   0.8845879641394814   0.011574723338733647   -0.02815714918058232   0.11574723338733647   -0.2815714918058232
0.6897094135978014  0.8776772087925212   0.8789606537279057   0.02313700402887048   -0.056273104115757144   0.11562280690136834   -0.28115954935174825
0.6919449076112465  0.8803290973638634   0.8703907800150753   0.034684213236158265   -0.08569873712830303   0.11547209207287787   -0.294256330125459
0.6949642461290443  0.8838263905975722   0.8586109010760751   0.0462033170304019   -0.11779878939000239   0.11519103794243632   -0.3210005226169935
0.6984644780619732  0.8877568549539491   0.843232936194812   0.05263095442718635   -0.15377964881263065   0.06427637396784447   -0.35980859422628264
0.7020381864497761  0.8916157443819233   0.8237483109144715   0.05259507510838303   -0.19484625280340442   -0.0003587931880332069   -0.4106660399077378
0.7057022382730753  0.8953861369951001   0.7997009864109075   0.05257483829701312   -0.24047324503564085   -0.000202368113699022   -0.45626992232236424
0.7094736159020106  0.8990482388751435   0.7706987384782729   0.052568316882114156   -0.29002247932634684   -6.521414898969094e-05   -0.4954923429070597
0.7133686608278206  0.9025799431217032   0.736513893950791   0.05257785642042769   -0.3418484452748172   9.539538313536658e-05   -0.518259659484704
0.7174023906744426  0.9059570174392315   0.6970211104873079   0.05260761106547988   -0.39492783463483283   0.00029754645052184513   -0.5307938936001557
0.7215865830988739  0.9091530143206005   0.6522914756158014   0.05265155487640683   -0.44729634871506485   0.0004394381092695479   -0.5236851408023204
0.725927715785156  0.9121388735414214   0.6024954347941434   0.05268850755642781   -0.49796040821658016   0.0003695268002097494   -0.506640595015153
0.730424858475828  0.9148837591740563   0.5480039019275461   0.0526865158417357   -0.5449153286659715   -1.9917146921098174e-05   -0.4695492044939132
0.7350707578755962  0.9173575554519585   0.4892839715901505   0.052634636178449594   -0.5871993033739564   -0.0005187966328610523   -0.42283974707985006
0.7398633900619218  0.9195382850338474   0.42701830519098916   0.05265444404978663   -0.6226566639916137   0.00019807871337038498   -0.3545736061765718
0.7447186530570632  0.9213768516881825   0.36198867824145303   0.05191715139891302   -0.6502962694953613   -0.00737292650873608   -0.27639605503747694
0.7496454238229665  0.9228749562123244   0.2951905087146917   0.05149503601757601   -0.6679816952676129   -0.004221153813370103   -0.17685425772251526
0.7547395592412542  0.9240553805456126   0.22770345708272494   0.0522911247403332   -0.6748705163196681   0.00796088722757185   -0.06888821052055216
0.7599119676971419  0.9248943223222694   0.1607952998326949   0.052400031048554487   -0.6690815725003003   0.0010890630822129035   0.0578894381936771
0.7651350140933221  0.9253962769865784   0.09580957034058131   0.05247110837548125   -0.6498572949211358   0.000710773269267667   0.19224277579164636
0.7703994826768147  0.9255765906329186   0.03423767901185089   0.05267555645416826   -0.6157189132873042   0.0020444807868700518   0.34138381633831527
0.7756848281071808  0.9254583285537201   -0.022371735232565287   0.05286668349504181   -0.5660941424441618   0.0019112704087355455   0.49624770843142424
0.7809714120682956  0.9250748543559792   -0.0724104160251836   0.05300473793751776   -0.5003868079261831   0.0013805444247594995   0.6570733451797869
0.7862454178739993  0.9244696390902699   -0.1142546058313687   0.05308617782098968   -0.418441898061851   0.0008143988347191507   0.819449098643321
0.791501923376599  0.923693823212625   -0.14653368259068775   0.053134490093310546   -0.3227907675931904   0.0004831227232086888   0.9565113046866057
0.7967425962312259  0.9227998403567963   -0.16895916689356175   0.05316376333134115   -0.22425484302874002   0.00029273238030604276   0.9853592456445042
0.8019728578973826  0.9218400540204696   -0.18148717984364102   0.05317595970689404   -0.12528012950079262   0.00012196375552884288   0.9897471352794741
0.8072019427465567  0.9208663925599455   -0.18409288925948294   0.0531896089467173   -0.02605709415841935   0.00013649239823266393   0.9922303534237326
0.8124406847762911  0.9199306215475515   -0.17676090427808433   0.053216619059344016   0.07331984981398601   0.0002701011262671052   0.9937694397240536
0.8176975476948922  0.9190850647031199   -0.1594821633269713   0.05324431812064076   0.17278740951113036   0.0002769906129674614   0.9946755969714436
0.822976328125181  0.9183828385713718   -0.13225161872636063   0.05325283501408263   0.27230544600610684   8.516893441873817e-05   0.9951803649497648
0.8282964607267004  0.9178755418118366   -0.09506672368979774   0.05344264299126417   0.37184895036562876   0.0018980797718154204   0.995435043595219
0.8335831575573361  0.9176219740602086   -0.047926633069107355   0.05292774318121574   0.47140090620690395   -0.005148998100484296   0.9955195584127519
0.8378967861754693  0.9176615227853995   0.009168062574938454   0.0431380991190123   0.5709469564404581   -0.09789644062203448   0.9954605023355416
0.8410907473663204  0.9179054233385225   0.07621511465495429   0.032032601467876225   0.6704705208001582   -0.11105497651136069   0.9952356435970016
0.8431512711435134  0.9182236100596208   0.15321016132357132   0.02084946288433449   0.7699504666861704   -0.11183138583541738   0.9947994588601212
0.8441140645980343  0.918459370685966   0.24014599714100432   0.00991238774945782   0.8693583581743299   -0.1093707513487667   0.9940789148815956
0.8442851858895515  0.9185193278633739   0.33701174987119287   0.001813211502603775   0.9686575273018858   -0.08099176246854047   0.9929916912755591
0.8444358310009176  0.918590947809399   0.44379230877997616   0.001668033760029598   1.0678055890878329   -0.0014517774257417676   0.9914806178594691
0.8445725734904976  0.9186767676281054   0.5604680086589022   0.0016144209407218107   1.1667569987892612   -0.0005361281930778748   0.9895140970142835
0.8446908385237231  0.9187737837802084   0.6870139129142496   0.001529665056539791   1.2654590425534735   -0.0008475588418201967   0.9870204376421241
0.8447874142486026  0.9188779869625358   0.8233692435768423   0.0014207453622198522   1.3635533066259262   -0.001089196943199387   0.9809426407245275
0.8448608807392162  0.9189850310873151   0.9693109103624047   0.0012982977275092422   1.459416667855625   -0.001224476347106101   0.9586336122969878
0.8449115139792572  0.9190908245289906   1.1244109810688905   0.0011728587851242837   1.5510007070648582   -0.001254389423849584   0.9158403920923306
0.8449409205743004  0.919191966198428   1.2878503757638298   0.0010532988715700198   1.634393946949391   -0.00119559913554264   0.83393239884533
0.8449515109957978  0.9192859886309352   1.458631903791668   0.0009461699023958437   1.7078152802783824   -0.001071289691741761   0.734213333289913
0.8449459637148281  0.9193714078530567   1.6356470962921112   0.0008559915790449527   1.7701519250044324   -0.0009017832335089099   0.6233664472605001
0.8449267639743783  0.9194475762576857   1.8177219132739875   0.00078550976423358   1.8207481698187622   -0.0007048181481137268   0.5059624481432983
0.8448959050867503  0.9195143623459877   2.0036303616203393   0.0007357073151948462   1.8590844834635198   -0.000498024490387338   0.3833631364475756
0.8448548066278208  0.9195717636208536   2.192170193921345   0.00070597377306841   1.8853983230100588   -0.0002973354212643618   0.2631383954653912
0.844804452067452  0.9196195746992639   2.382098799092319   0.0006943688478525744   1.8992860517097365   -0.00011604925215835632   0.13887728699677598
0.8447456789226238  0.9196571977548543   2.5721799730187027   0.000697837865479498   1.9008117392638393   3.46901762692372e-05   0.01525687554102771
0.8446795492809411  0.9196836412886763   2.7611947782160544   0.0007122071320947175   1.8901480519735152   0.0001436926661521939   -0.1066368729032402
0.8446077336395905  0.9196977282233965   2.9478977646002433   0.0007318420644102093   1.8670298638418918   0.00019634932315491842   -0.23118188131623488
0.8445332000039788  0.919698509538996   3.131110312025413   0.0007453773065748134   1.8321254742516968   0.00013535242164604088   -0.34904389590194856
0.8444625530332128  0.9196865245906769   3.30963835106997   0.0007165635676357547   1.7852803904455685   -0.0002881373893905864   -0.46845083806128396
0.8443834188879863  0.9196584674865368   3.4823162021892515   0.0008396078866622422   1.7267785111928136   0.0012304431902648754   -0.585018792527549
0.8433613390925737  0.9190915705975243   3.6479991580634286   0.011687682366326151   1.6568295587417732   0.10848074479663909   -0.699489524510404
0.8415483061144872  0.9176727048223934   3.805628691690826   0.023022312367484917   1.576295336273974   0.11334630001158766   -0.805342224677992
0.8391831493400281  0.9151745085015177   3.954339515096047   0.034401964225010795   1.4871082340522106   0.11379651857525874   -0.8918710222176339
0.8365299284668009  0.9114487881524947   4.093564172505802   0.045739013020855486   1.392246574097548   0.11337048795844695   -0.9486165995466269
0.8340359511773794  0.9067651389631514   4.223091630158808   0.053062691647656236   1.2952745765300635   0.07323678626800748   -0.9697199756748452
0.8321207319283495  0.9018208748788895   4.342824817197764   0.053022459492878565   1.1973318703895548   -0.00040232154777668737   -0.9794270614050864
0.8307592032732718  0.8966955752022087   4.452737311723128   0.05303061102265114   1.0991249452536427   8.151529772573298e-05   -0.9820692513591206
0.82991682234913  0.8914607311804046   4.552838706098153   0.05302187996852054   1.0010139437502477   -8.731054130600383e-05   -0.9811100150339502
0.8295501838468005  0.8861717225511073   4.6431788624736   0.053017012432018555   0.9034015637544743   -4.867536501982264e-05   -0.9761237999577335
0.8296110355851705  0.8808705542782941   4.7238674060301795   0.05301517517724954   0.8068854355657954   -1.837254769019609e-05   -0.9651612818867901
0.8300493605601734  0.8755873243078852   4.795164746498941   0.0530138167876387   0.7129734046876076   -1.3583896108341419e-05   -0.9391203087818775
0.8308162066534944  0.8703418206571708   4.85755180405342   0.05301260367165916   0.6238705755447931   -1.2131159795473028e-05   -0.8910282914281447
0.8318653154871214  0.8651454593638495   4.911604042822646   0.053012074129851025   0.5405223876922622   -5.295418081288032e-06   -0.8334818785253092
0.8331538615807684  0.8600032207012213   4.95791417034176   0.05301223396426825   0.4631012751911404   1.5983441722193603e-06   -0.774211125011218
0.8346426986235866  0.8549153529502997   4.997066015228248   0.05301229479172624   0.39151844886488024   6.082745799533831e-07   -0.715828263262602
0.8362963465684543  0.8498787337033984   5.0296252702908495   0.05301139968318669   0.32559255062601694   -8.951085395575381e-06   -0.6592589823886329
0.8380828532600675  0.8448879373950839   5.056137660163274   0.05300910671772629   0.2651238987242414   -2.292965460398879e-05   -0.6046865190177553
0.8399735887407692  0.8399360900095368   5.077129102446592   0.0530053517935226   0.20991442283317943   -3.754924203685278e-05   -0.5520947589106199
0.8419429916212503  0.8350155468810252   5.09310305997012   0.05300027583416456   0.15973957523527493   -5.075959358040606e-05   -0.5017484759790449
0.8439682955438502  0.8301184161343145   5.1045381967154775   0.052994099227208415   0.11435136745358282   -6.176606956147132e-05   -0.4538820778169211
0.8460292576245754  0.8252369467674646   5.111886607653727   0.052987081328760094   0.07348410938248799   -7.017898448323315e-05   -0.4086725807109483
0.848107904932378  0.8203638039890374   5.115573192188199   0.052979519787248415   0.03686584534472766   -7.561541511674247e-05   -0.36618264037760334
0.850188304113047  0.8154922500041565   5.115995070229385   0.05297178397809575   0.00421878041185538   -7.735809152665254e-05   -0.3264706493287228
0.8522563566566748  0.8106162476768014   5.113521400102384   0.05296436539716467   -0.024736701270009664   -7.418580931082643e-05   -0.2895548168186504
0.8542996186722832  0.8057305018775777   5.108493409633376   0.05295793772298671   -0.05027990469007842   -6.427674177959624e-05   -0.25543203420068755
0.8563071422600365  0.8008304497052601   5.101224501283232   0.052953434493401515   -0.07268908350144344   -4.503229585198506e-05   -0.22409178811365021
0.8582693327921641  0.7959122168559   5.092000651405341   0.052952059492096956   -0.092238498778904   -1.3750013045549015e-05   -0.1954941527746056
0.8601778125094148  0.7909725651765174   5.081080995770066   0.05295512585617782   -0.10919655635275509   3.0663640808654066e-05   -0.16958057573851085
0.8620252847313996  0.7860088490383293   5.068698542720813   0.05296379094360006   -0.12382453049252841   8.665087422240195e-05   -0.14627974139773325
0.8638053918542903  0.7810190072664707   5.055061095888075   0.05297858272625048   -0.13637446832738231   0.0001479178265041749   -0.1254993783485389
0.8655125467804944  0.7760016625772195   5.0403521712944475   0.052998231737014755   -0.14708924593627318   0.00019649010764272921   -0.1071477760889088
0.8671417700943114  0.7709562674356517   5.024732036891631   0.05301922362741637   -0.15620134402815794   0.00020991890401622184   -0.09112098091884763
0.8686884286713867  0.7658836615136803   5.008338896508147   0.05303157888784594   -0.16393140383484628   0.0001235526042956691   -0.07730059806688341
0.87015254488618  0.7607708983420131   4.991290101527427   0.05318268848009829   -0.17048794980720114   0.001511095922523485   -0.06556545972354849
0.8715151676103393  0.7556751177504183   4.973677907678058   0.052748194780321826   -0.17612193849368812   -0.0043449369977646615   -0.05633988686486996
0.8727034760698196  0.7508860356241932   4.955605594239871   0.04934306902332595   -0.1807231343818691   -0.03405125756995873   -0.04601195888180969
0.8737132354287429  0.7464692053903355   4.937142786142816   0.04530783958378927   -0.1846280809705505   -0.040352294395366806   -0.03904946588681406
0.874574615600588  0.742346123062937   4.918343269454999   0.042120996757953263   -0.18799516687816986   -0.031868428258360094   -0.03367085907619363
0.8753218544924003  0.7383937340203542   4.8992435761586925   0.04022405387982021   -0.19099693296306716   -0.018969428781330486   -0.030017660848972855
0.8759790503195107  0.7345057845949714   4.879840167378889   0.039431024700633976   -0.194034087798034   -0.007930291791862394   -0.03037154834966852
0.87655784073236  0.7306180386837399   4.860179066299879   0.03930593671727641   -0.1966110107900967   -0.001250879833575596   -0.02576922992062697
0.877060874657637  0.7267050381572238   4.840242270754897   0.03945201674239498   -0.19936795544982372   0.0014608002511856573   -0.02756944659727012
0.8774871090077488  0.7227618496711833   4.820064739304204   0.03966158236579644   -0.20177531450692596   0.002095656234014647   -0.024073590571022315
0.8778351061625752  0.7187839741284676   4.799649989500031   0.039930684758763546   -0.20414749804173474   0.0026910239296710466   -0.023721835348087805
0.8781038515953276  0.7147541518392064   4.778979530522524   0.040387735502981574   -0.20670458977506695   0.004570507442180286   -0.02557091733332231
0.8782917706928949  0.7106410549388333   4.758045212808975   0.04117387484683239   -0.2093431771354932   0.00786139343850813   -0.026385873604262405
0.8783954757618807  0.7064081434433697   4.736883782101352   0.04234181676510397   -0.21161430707622714   0.011679419182715768   -0.022711299407339368
0.8784090691396492  0.7020292515808367   4.715493266782961   0.04378912961410422   -0.21390515318390832   0.014473128490002535   -0.022908461076811926
0.878325398419328  0.6975057797771724   4.693894075734701   0.04524245566711825   -0.21599191048259966   0.014533260530140308   -0.020867572986913337
0.878138989631179  0.6928794956137558   4.672117350348616   0.0463003816365496   -0.21776725386085674   0.010579259694313486   -0.01775343378257073
0.8778498534952821  0.6882356186479777   4.650207447703469   0.04652869327446039   -0.2190990264514714   0.0022831163791078475   -0.013317725906146606
0.8774668410779848  0.683695610120472   4.628224466083993   0.04556136075837859   -0.21982981619475367   -0.009673325160817916   -0.007307897432822765
0.8770088811857283  0.6793976146379129   4.606237523710809   0.043223248872503915   -0.21986942373184093   -0.02338111885874677   -0.0003960753708725894
0.8765015492962576  0.6754570663730743   4.584346818141025   0.03973072648912356   -0.21890705569784025   -0.034925223833803545   0.009623680340006964
0.8759664663967183  0.6719090575976615   4.562704830113809   0.0358813042958806   -0.21641988027215786   -0.03849422193242963   0.024871754256823732
0.8754046934783092  0.6686551989402649   4.541426114559508   0.0330199711903708   -0.21278715554300984   -0.028613331055098   0.03632724729148022
0.8747806609483814  0.6654396925769392   4.520702028171705   0.03275499621577283   -0.20724086387803528   -0.0026497497459796893   0.055462916649745474
0.8740188853072751  0.661895251643771   4.500688101568459   0.03625377725982164   -0.20013926603246032   0.03498781044048809   0.07101597845574979
0.8730320608137685  0.6576954841533778   4.481604293362313   0.0431414760459989   -0.19083808206145544   0.06887698786177261   0.0930118397100486
0.871787762631917  0.6527968960560745   4.463638275618689   0.05054151097098337   -0.17966017743623797   0.07400034924984468   0.11177904625217483
0.8704081593959441  0.6477208662323464   4.447011524675853   0.05260169565706015   -0.16626750942836835   0.020601846860767825   0.13392668007869624
0.8689515420998584  0.6426631431668823   4.431978660397881   0.05263297118164805   -0.15032864277971625   0.00031275524587900234   0.15938866648652086
0.8674264568431393  0.6376195941175876   4.418747063222494   0.0526908645334369   -0.13231597175387555   0.000578933517888539   0.18012671025840699
0.8658448185377181  0.6325933181903324   4.407524764279898   0.05269253213311685   -0.11222298942596004   1.6675996799451498e-05   0.2009298232791552
0.8642184842912097  0.6275832554039686   4.398506655417249   0.05267417982711923   -0.09018108862648647   -0.0001835230599762362   0.2204190079947357
0.8625589852197519  0.6225853603312664   4.391803239175267   0.05266202837514403   -0.06703416241981884   -0.00012151451975197868   0.23146926206667628
0.8608777161591636  0.6175943593985739   4.387467703588303   0.05266569658152692   -0.043355355869636375   3.668206382892012e-05   0.23678806550182463
0.8591861017319956  0.6126055012722187   4.385476736864413   0.05267852007703024   -0.019909667238900006   0.00012823495503323218   0.23445688630736367
0.8574958853328365  0.6076166865658026   4.385725446428564   0.05267362115035154   0.0024870956415068836   -4.898926678702731e-05   0.22396762880406892
0.8558182685929026  0.6026262054179835   4.388093598848241   0.052649121562304085   0.02368152419677176   -0.00024499588047457   0.21194428555264877
0.8542338366339567  0.5978446441648432   4.392412871430414   0.05037236608503707   0.04319272582173069   -0.02276755477267012   0.19511201624958932
0.8529878893568852  0.5940065670107026   4.398493587238134   0.04035247310682942   0.06080715807719955   -0.1001989297820765   0.17614432255468862
0.8520931511727041  0.5911769397854008   4.406133622629021   0.029677174145125936   0.07640035390887141   -0.10675298961703485   0.1559319583167186
0.8515095412716658  0.5892718482163858   4.41512387788577   0.019924794611040787   0.08990255256748528   -0.0975237953408515   0.13502198658613865
0.8510826275965828  0.5878261459572974   4.425251071631082   0.015074184249590632   0.10127193745312105   -0.04850610361450155   0.11369384885635761
0.850670145861507  0.5863702886142141   4.436299068746743   0.01513162841593736   0.11047997115661871   0.0005744416634672745   0.09208033703497666
0.8501930894177467  0.5846078078317668   4.448049724864899   0.018259028887176402   0.11750656118155259   0.03127400471239042   0.07026590024933878
0.849626806377313  0.5824095081270049   4.460269823398601   0.022700656540801188   0.12220098533702022   0.04441627653624787   0.04694424155467631
0.8489801280445717  0.5797628943883261   4.472742742022537   0.02724473737768258   0.12472918623936224   0.04544080836881391   0.025282009023420277
0.8482769353026997  0.5767199783267944   4.485283959184788   0.031231103390252708   0.12541217162251472   0.03986366012570128   0.006829853831524921
0.8475425046996646  0.5733522464203578   4.497672012469027   0.034468835930836515   0.12388053284238718   0.03237732540583808   -0.015316387801275625
0.8467958905971837  0.5697193022691495   4.509698954093324   0.03708869884987558   0.12026941624296275   0.02619862919039069   -0.036111165994244215
0.8460482749983594  0.5658574688814129   4.521163593700691   0.03933533551168051   0.11464639607367474   0.02246636661804923   -0.05623020169288014
0.8453050301974893  0.5617849457844873   4.5318733413615995   0.0413978951263327   0.10709747660908125   0.02062559614652187   -0.07548919464593483
0.8445688329307057  0.5575152000082421   4.541645989867507   0.04332749174513691   0.09772648505907362   0.0192959661880422   -0.09370991550007633
0.8438418820326534  0.553069333993775   4.550311608401868   0.04504906461470991   0.08665618534361588   0.017215728695729897   -0.11070299715457733
0.8431264506018008  0.5484811962157461   4.557703966362775   0.04643581635141442   0.07392357960906074   0.013867517367045152   -0.12732605734555155
0.8424241897783167  0.5437935219473766   4.56368478597858   0.04739985264776213   0.05980819615805808   0.009640362963477074   -0.14115383451002647
0.841734960784249  0.5390479369704753   4.568161588520727   0.047953741646493415   0.04476802542146662   0.0055388899873128625   -0.15040170736591466
0.8410556291038369  0.5342746105172055   4.571020037161717   0.048214247853930525   0.028584486409899367   0.002605062074371126   -0.16183539011567252
0.8403798024824137  0.5294862329657367   4.572176150162399   0.048358351085743   0.011561130006823473   0.0014410323181246747   -0.17023356403075893
0.8396985291159053  0.5246808306828986   4.571555145054262   0.04853454903415288   -0.006210051081373805   0.0017619794840988486   -0.1777118108819728
0.8390019599267939  0.5198522282050703   4.5691184122991   0.048785869392439334   -0.024367327551617142   0.0025132035828645477   -0.18157276470243336
0.8382814204818009  0.5150030149306828   4.564879330924145   0.049024531075705466   -0.0423908137495453   0.002386616832661317   -0.18023486197928157
0.8375305934132286  0.5101519069415257   4.558833047633692   0.04908868505980199   -0.06046283290453744   0.00064153984096524   -0.1807201915499214
0.8367457102760459  0.5053307448663558   4.551005222163115   0.04884633588483169   -0.0782782547057627   -0.002423491749702966   -0.17815421801225267
0.8359246189681717  0.5005748181789454   4.541428358486078   0.04826285278716323   -0.09576863677037448   -0.005834830976684579   -0.17490382064611779
0.8350652188918207  0.4959108402641566   4.530169605256059   0.047424949636833864   -0.11258753230018338   -0.0083790315032937   -0.16818895529808897
0.8341641611742068  0.49134984508434965   4.517343307314061   0.046491485285391106   -0.12826297941998965   -0.00933464351442758   -0.15675447119806266
0.8332164665818594  0.48688932443806876   4.50303920502899   0.045600843715899314   -0.1430410228507145   -0.00890641569491791   -0.14778043430724852
0.8322163581524814  0.4825203844551296   4.487352947664132   0.044819475058089434   -0.15686257364857478   -0.007813686578098831   -0.13821550797860277
0.8311584832875089  0.4782342364360697   4.47041256948949   0.04414766593043687   -0.16940378174642357   -0.0067180912765256616   -0.125412080978488
0.8300386522858803  0.4740246745687221   4.452389676273646   0.04355965172850978   -0.18022893215843663   -0.005880142019270902   -0.10825150412013064
0.8288537346974655  0.4698877987990547   4.4334294772384215   0.0430322795409232   -0.18960199035224298   -0.005273721875865719   -0.09373058193806354
0.8276012934655684  0.4658202019378815   4.413694007063174   0.0425604902042918   -0.1973547017524788   -0.004717893366314062   -0.07752711400235797
0.8262791981502027  0.461817697055105   4.393355598378726   0.04215208341173737   -0.20338408684447862   -0.00408406792554426   -0.06029385091999833
0.8248853611593668  0.45787477578647984   4.372596301145672   0.04182034156670679   -0.2075929723305371   -0.003317418450305801   -0.04208885486058491
0.8234178789279393  0.4539853020295692   4.351607048026632   0.041571035836541044   -0.2098925311903998   -0.0024930573016574533   -0.022995588598626802
0.8218755915361166  0.45014402660711633   4.3305867367935384   0.041393293261235545   -0.21020311233093275   -0.0017774257530550335   -0.0031058114053296184
0.8202589354696559  0.44634832841159716   4.309741061943951   0.0412563954177884   -0.2084567484958781   -0.0013689784344714188   0.017463638350546252
0.8185708267547488  0.4425995193853256   4.289281164100802   0.041113598904499504   -0.20459897843148872   -0.0014279651328889759   0.03857770064389396
0.8168172500406066  0.4389031881598033   4.269422093024187   0.04091197357883168   -0.19859071076614804   -0.002016253256678213   0.060082676653406955
0.8150072928022011  0.43526838588232575   4.250381074603856   0.04060508933767099   -0.19041018420330885   -0.0030688424116069235   0.08180526562839174
0.8131524532662103  0.43170574480152013   4.232369115079802   0.04016570822840988   -0.18011959524054683   -0.00439381109261107   0.10290588962762029
0.8112653964098971  0.4282249512137566   4.215604908917099   0.03959407478340848   -0.16764206162702527   -0.005716334450014058   0.12477533613521562
0.8093583957557461  0.4248320699388711   4.2003343176951   0.03892081042367381   -0.15270591221998747   -0.006732643597346657   0.1493614940703779
0.8074413017799049  0.4215272308802263   4.186740133835661   0.03820629596767204   -0.13594183859439007   -0.007145144560017738   0.16764073625597403
0.8055203830073084  0.4183031861381709   4.175055903506313   0.0375291798866195   -0.1168423032934825   -0.006771160810525327   0.19099535300907586
0.8035973146426271  0.41514493253087376   4.165449260608952   0.03697669236582763   -0.09606642897361113   -0.0055248752079187485   0.20775874319871368
0.801669293499722  0.41203028078942233   4.158103906610928   0.03663102646382932   -0.07345353998023389   -0.003456659019983105   0.22612888993377236
0.7997300624538345  0.40893144244496316   4.153219689809398   0.036556006530180034   -0.04884216801530321   -0.0007501993364928621   0.2461137196493068
0.7977710044604605  0.40581679291547873   4.150931441544214   0.036795312082984005   -0.022882482651847936   0.002393055528039713   0.25959685363455276
0.7957832794628744  0.4026532682047022   4.151401470191891   0.03736166385701668   0.004700286476771423   0.005663517740326787   0.2758276912861936
0.7937599634325049  0.3994091362024825   4.154735938672088   0.03823375499020084   0.033344684801974375   0.008720911331841573   0.2864439832520295
0.7916982310709232  0.3960564572414291   4.161048767890261   0.03935885738511861   0.0631282921817258   0.011251023949177638   0.2978360737975143
0.7896012332757295  0.39257374302273923   4.170415083460463   0.04065304180754471   0.09366315570201973   0.012941844224261066   0.30534863520293926
0.7874789459116368  0.38894757013639164   4.182871359233607   0.0420157511624275   0.12456275773144543   0.01362709354882785   0.3089960202942569
0.7853485367793663  0.3851738771919523   4.198449485696718   0.043335206829719065   0.1557812646311059   0.013194556672915709   0.3121850689966047
0.7832331927392824  0.3812577857992903   4.217126290342552   0.04450893416336056   0.18676804645834427   0.011737273336414967   0.3098678182723838
0.7811604272543957  0.3772125949985013   4.238868749398674   0.04545319061421144   0.21742459056121408   0.009442564508508772   0.3065654410286979
0.7791596138911876  0.3730579095872809   4.26358566896517   0.04611362594786785   0.24716919566496268   0.006604353336564136   0.297446051037486
0.7772599953778937  0.36881800493257005   4.291171759044073   0.04646002795639237   0.2758609007890323   0.0034640200852451247   0.2869170512406966
0.775488829192498  0.36452049672418924   4.321462851378481   0.04648183135095525   0.3029109233440788   0.00021803394562884266   0.27050022555046516
0.7738701049857319  0.3601952365765086   4.354276899460464   0.04618240292868662   0.3281404808198333   -0.0029942842226863206   0.25229557475754494
0.7724231043624774  0.3558725116419112   4.389370531231821   0.045584823860438155   0.35093631771356526   -0.005975790682484618   0.2279583689373193
0.7711612152736523  0.35157967282919583   4.426489889557018   0.04474464118129008   0.37119358325197344   -0.00840182679148078   0.2025726553840817
0.7700910951352758  0.3473369959029234   4.46531487170186   0.04375553063470648   0.38824982144842257   -0.009891105465835947   0.1705623819644915
0.7692132773303406  0.34315424552583973   4.5055249661913255   0.042738700045286446   0.402100944894651   -0.010168305894200425   0.1385112344622839
0.7685235887794545  0.33902912792390494   4.546728765907505   0.04182375584158348   0.41203799716179335   -0.009149442037029583   0.09937052267142385
0.7680155945549821  0.33494847796237304   4.588537592235897   0.0411214812969924   0.4180882632839257   -0.007022745445910875   0.060502661221323036
0.76768265905027  0.33089064493899994   4.630524738999305   0.04071468395531306   0.4198714676340722   -0.004067973416793346   0.017832043501465045
0.7675194059552386  0.32682666063437205   4.672239866788252   0.04067261978435764   0.4171512778894767   -0.00042064170955423674   -0.027201897445954432
0.7675228327786182  0.3227184788590438   4.713223126048763   0.04108183204554213   0.4098325926051076   0.004092122611844906   -0.073186852843691
0.7676935282338856  0.3185149155039704   4.7529740055264345   0.04207027670277584   0.39750879477671186   0.00988444657233714   -0.1232379782839578
0.768037381038035  0.31414888943355834   4.790983223126943   0.04379545455677436   0.38009217600509265   0.0172517785399852   -0.1741661877161917
0.7685659307124625  0.3095465449073875   4.826731615861101   0.046325953736329493   0.35748392734157575   0.02530499179555131   -0.22608248663516914
0.7692911206571127  0.30465922425276193   4.859696063693629   0.04940830257844228   0.32964447832527527   0.03082348842112788   -0.27839449016300516
0.7702085511053127  0.2995292005921754   4.8893537550166055   0.05211412609391644   0.2965769132297651   0.02705823515474156   -0.3306756509551014
0.771271597449756  0.29435931268422083   4.915185096773723   0.05278049688200405   0.25831341757118004   0.006663707880876102   -0.38263495658585045
0.7724418968390765  0.2892292540464049   4.936676727111461   0.05261853503086055   0.21491630337738357   -0.0016196185114349688   -0.433971141937965
0.7736966357352669  0.28412271902283687   4.9533281872306   0.05258428438650557   0.1665146011913806   -0.00034250644354975657   -0.4840170218600297
0.7750082291409108  0.2790341187084324   4.964649585636515   0.05254914882408471   0.11321398405915112   -0.0003513556242086749   -0.5330061713222947
0.7763473105280148  0.2739550338181222   4.970169311675861   0.05252641457794486   0.055197260393467944   -0.00022734246139851069   -0.5801672366568318
0.7776824142046017  0.2688759516965953   4.969437048132349   0.052516261314310975   -0.007322635435128306   -0.00010153263633883594   -0.6251989582859625
0.7789798563849538  0.263787132535911   4.962029821527174   0.05251612767654061   -0.07407226605175384   -1.336377703623455e-06   -0.6674963061662553
0.7802036876086601  0.25867926105569666   4.9475529749616465   0.05252438854702764   -0.1447684656552651   8.260870487024719e-05   -0.7069619960351127
0.7813156469358389  0.2535442849990399   4.925642512842539   0.05253992067716413   -0.21910462119107793   0.00015532130136490302   -0.7433615553581283
0.7822751477452317  0.24837642408857258   4.895965517996824   0.0525618000006212   -0.2967699484571581   0.00021879323457080167   -0.7766532726608015
0.7830393523099213  0.24317329691012857   4.858220409420843   0.05258948664100891   -0.37745108575980413   0.00027686640387705584   -0.8068113730264601
0.7835633785975991  0.23793718679994091   4.812136157185904   0.05262266872373727   -0.460842522349391   0.00033182082728354037   -0.8339143658958688
0.7838007034049447  0.23267644698942155   4.757470854140664   0.05266090240212504   -0.5466530304524045   0.0003823367838776943   -0.8581050810301359
0.7837038462986652  0.22740698893495512   4.694010202251816   0.052703481371457986   -0.6346065188884722   0.00042578969332950854   -0.8795348843606764
0.783225419465617  0.22215377661780744   4.621566336013277   0.052749532588935576   -0.7244386623853875   0.0004605121747759058   -0.8983214349691526
0.782319624278248  0.21695223702542807   4.539978051896251   0.052798180889545694   -0.8158828411702546   0.000486483006101202   -0.9144417878486705
0.7809442552434995  0.21184947186912984   4.44911147320182   0.05284870123473113   -0.9086657869443151   0.0005052034518543447   -0.927829457740606
0.7790632470202405  0.20690511795198102   4.348861393938501   0.05290068770242842   -1.0025007926331992   0.0005198646769729122   -0.9383500568888408
0.7766497510923882  0.2021916678726929   4.239152309041614   0.05295429561764648   -1.09709084896886   0.0005360791521805818   -0.9459005633566088
0.773689669148613  0.19779404422248018   4.119939256262588   0.053010545066703385   -1.192130527790266   0.0005624944905690398   -0.9503967882140598
0.7701855013074009  0.19380821643823629   3.9912094970599337   0.0530716641768067   -1.28729759202654   0.0006111911010331746   -0.9516706423627386
0.7661603323371164  0.1903386910141201   3.852987951331155   0.05314093705220133   -1.382215457287789   0.000692728753946277   -0.9491786526124896
0.7616620936488446  0.187494928289852   3.705348974928134   0.05321760773328836   -1.4763897640302097   0.0007667068108702836   -0.9417430674242092
0.7567696813081528  0.1853868721181432   3.5484354879880167   0.053272506355888184   -1.5691348694011722   0.0005489862259982903   -0.927451053709625
0.7516027942846716  0.1841175807385028   3.382481347220109   0.05320509573321383   -1.6595414076790753   -0.0006741062267435612   -0.9040653827790298
0.7463705024733922  0.18377051006637166   3.2078280602553564   0.05243790198873319   -1.7465328696475257   -0.007671937444806422   -0.8699146196845055
0.7422608135351147  0.18425212935560834   3.0249335896676968   0.04137813469593238   -1.8289447058765973   -0.11059767292800812   -0.8241183622907151
0.7393914118065849  0.1851624995199606   2.834369641554273   0.0301035547997673   -1.9056394811342383   -0.11274579896165078   -0.7669477525764096
0.7377448731027126  0.18607228589867283   2.636797770542937   0.018811701034826732   -1.9757187101133582   -0.11291853764940567   -0.7007922897911996
0.7371650401933117  0.18656930931971497   2.432942735416923   0.007637005197644374   -2.0385503512601404   -0.1117469583718236   -0.6283164114678227
0.7370851405909054  0.18667381012522172   2.2235657940144575   0.001315460558749142   -2.0937694140246563   -0.06321544638895231   -0.55219062764516
0.7370312503922913  0.18678868392457432   2.0094404831324133   0.001268863400227257   -2.1412531088204427   -0.0004659715852188516   -0.47483694795786036
0.7370044268308179  0.18690832689011547   1.7913460720995527   0.0012261297914005   -2.1809441103286047   -0.0004273360882675687   -0.39691001508162266
0.7370045092073796  0.1870217080732394   1.5700697816441316   0.0011338121304907797   -2.2127629045542108   -0.0009231766090972031   -0.31818794225606056
0.737027707006206  0.18712335198718955   1.3464133212494327   0.0010425748468814286   -2.236564603946989   -0.0009123728360935112   -0.23801699392777884
0.7370694804923331  0.1872099180158244   1.1211960882991252   0.0009611816403168288   -2.252172329503076   -0.0008139320656459981   -0.15607725556087404
0.7371255979230743  0.18727994649579469   0.8952318137592089   0.0008973936728071916   -2.2596427453991623   -0.0006378796750963722   -0.07470415896086118
0.7371928989197444  0.18733319428395648   0.6693450586944932   0.0008581812802022393   -2.2588675506471567   -0.0003921239260495235   0.00775194752005376
0.7372694008717695  0.18736961778721378   0.44435530011505364   0.0008473027943532228   -2.249897585794396   -0.00010878485849016484   0.08969964852760869
0.7373540241794371  0.18738863628666558   0.22106985112300595   0.0008673411971071987   -2.232854489920477   0.0002003840275397595   0.1704309587391902
0.7374460237824809  0.1873886617179717   0.00027642857694635024   0.0009199960655881363   -2.207934225460596   0.0005265486848093756   0.24920264459881125
0.7375441965051507  0.1873669905280212   -0.21726130805660215   0.001005361822940364   -2.1753773663354847   0.0008536575735222775   0.3255685912511096
0.7376460727951648  0.18732016976125657   -0.4307957750127233   0.0011212030443878572   -2.1353446695612117   0.0011584122144749306   0.4003269677427336
0.7377473718483721  0.1872448124754528   -0.6395915097265747   0.0012625457894417243   -2.087957347138514   0.001413427450538673   0.4738732242269735
0.7378419478419668  0.18713867737599205   -0.8429253823927956   0.0014215933983349586   -2.033338726662208   0.0015904760889323428   0.5461862047630625
0.737922317939731  0.187001730524516   -1.040086638153663   0.001587885157803179   -1.9716125576086754   0.0016629175946822024   0.6172616905353262
0.7379807364738479  0.18683680279305379   -1.2303786637387788   0.0017496823064052569   -1.902920255851158   0.0016179714860207785   0.686923017575173
0.7380105072638965  0.18664955823094898   -1.4131219494590779   0.0018959648197609045   -1.827432857202991   0.0014628251335564778   0.7548739864816707
0.7380071358977983  0.18644968617461297   -1.58766233343346   0.001999004877758635   -1.745403839743822   0.0010304005799773037   0.8202901745916896
0.7379698668924344  0.186247847533485   -1.7533872347321553   0.0020525061708259462   -1.6572490129869508   0.0005350129306731132   0.8815482675687126
0.7378940517367969  0.18603280820510376   -1.9097536085813895   0.0022801282984602784   -1.5636637384923422   0.0022762212763433195   0.9358527449460851
0.737334138391658  0.18497191437326738   -2.0564163211752033   0.011995827093092857   -1.4666271259381372   0.09715698794632581   0.9703661255420517
0.7359871854572635  0.18309491346524615   -2.1932429754555   0.02310284531417827   -1.368266542802971   0.11107018221085414   0.9836058313516608
0.7336537355274896  0.18058709961073244   -2.3201938504181387   0.034255100209277495   -1.2695087496263837   0.11152254895099226   0.9875779317658735
0.73020448111454  0.17765616787388244   -2.437255900182234   0.045263359189334766   -1.1706204976409536   0.11008258980057266   0.9888825198543014
0.7257740563586187  0.1746435108458284   -2.5444209045772634   0.05357682884062802   -1.0716500439502958   0.08313469651293252   0.9897045369065774
0.7210856507200677  0.1720827884222189   -2.641685510349498   0.05342138781615915   -0.9726460577223469   -0.0015544102446887116   0.9900398622794885
0.7161964990399876  0.16994302242461112   -2.7290513796543823   0.053368907310427115   -0.8736586930488407   -0.0005248050573202993   0.9898736467350615
0.7111607529790468  0.16818959334648048   -2.8065254316634904   0.05332283931124672   -0.7747405200910831   -0.0004606799918039374   0.9891817295775768
0.7060212632600031  0.16678117655163877   -2.874120788916733   0.05328976678503764   -0.6759535725324215   -0.0003307252620908256   0.987869475586616
0.7008106924770816  0.16567223404516135   -2.931895812574446   0.05327269597688351   -0.5777502365771325   -0.00017070808154123104   0.9820333595528892
0.6955536478719981  0.16481736686020626   -2.980390029822579   0.053260976224372286   -0.4849421724813272   -0.00011719752511226615   0.9280806409580533
0.6902675050562734  0.16417458341575714   -3.020588888189008   0.05325079945380626   -0.40198858366429235   -0.00010176770566030019   0.8295358881703484
0.6849640273194173  0.16370646430204264   -3.053554372205853   0.053240972577471915   -0.3296548401684499   -9.826876334341073e-05   0.7233374349584243
0.6796507620062643  0.16338054936517704   -3.080329554932497   0.0532325171619876   -0.2677518272664418   -8.455415484322402e-05   0.6190301290200813
0.6743322061748657  0.16316928980906537   -3.1018922986132305   0.05322749921959354   -0.2156274368073349   -5.0179423940529575e-05   0.5212439045910692
0.6690109400186977  0.16304969441291892   -3.1191214480715534   0.05322609939070937   -0.17229149458322995   -1.399828884174928e-05   0.4333594222410494
0.6636884736737017  0.16300282993445564   -3.132787850622529   0.0532267266256954   -0.136664025509753   6.272349860343881e-06   0.3562746907347694
0.658365680962934  0.1630132357678464   -3.143547608559136   0.053228028822271574   -0.10759757936606831   1.3021965761717574e-05   0.290664461436847
0.6530430239171242  0.16306837525212087   -3.1519516737887483   0.05322942643865372   -0.08404065229612374   1.3976163821496638e-05   0.23556927069944578
0.6477207002193688  0.1631578275122364   -3.1583980648826597   0.053230753564407214   -0.06446391093911474   1.3271257534901074e-05   0.19576741357008995
0.6423987362158949  0.16327272030310064   -3.163177720063498   0.05323204035865787   -0.04779655180838351   1.2867942506554736e-05   0.16667359130731235
0.6370770299434702  0.16340507707586244   -3.1664586430423243   0.05323351948259062   -0.03280922978826282   1.4791239327487594e-05   0.14987322020120689
0.6317553643259709  0.163547120990452   -3.16827794469631   0.05323560971558827   -0.01819301653985824   2.0902329976544438e-05   0.1461621324840458
0.6264334307452178  0.16369068143111645   -3.168561354409871   0.05323869517354961   -0.0028340971356113276   3.085457961333348e-05   0.15358919404246915
0.6211108764138235  0.16382625526227043   -3.167058720045032   0.053242806907680976   0.015026343648390898   4.111734131370885e-05   0.17860440784002224
0.6157873929121913  0.1639424537359838   -3.1634167138968925   0.05324751513187635   0.036420061481398154   4.708224195376292e-05   0.21393717833007253
0.610462818514543  0.16402540214250558   -3.1571698041822054   0.05325220460600324   0.062469097146868456   4.6894741268868006e-05   0.26049035665470305
0.6051372775700878  0.1640581961176302   -3.1477504431678294   0.053256419139523406   0.09419361014375917   4.214533520167469e-05   0.31724512996890714
0.5998114099599866  0.16402059489810084   -3.1345326593037037   0.05326000342830259   0.13217783864125596   3.584288779178681e-05   0.37984228497496797
0.594486733836274  0.16388855707619288   -3.1168003910761883   0.05326312965707434   0.17732268227515505   3.1262287717497525e-05   0.45144843633899084
0.5891661757461385  0.16363427520293636   -3.0938366604039733   0.05326630986037411   0.2296373067221513   3.18020329977614e-05   0.5231462444699626
0.5838547933627415  0.1632262829988648   -3.0649285101538295   0.05327029234114344   0.2890815025014379   3.982480769326096e-05   0.5944419577928657
0.5785607291561106  0.16262972819922292   -3.029382280157915   0.05327569187987904   0.3554622999591419   5.3995387356001584e-05   0.6638079745770404
0.5732963879203838  0.16180688167209845   -2.9865415423108193   0.053282609783391804   0.4284073784709619   6.917903512767592e-05   0.7294507851181995
0.568079769177965  0.16071791952355838   -2.935799251584613   0.05329066490920407   0.5074229072620595   8.055125812259484e-05   0.7901552879109767
0.562935842084141  0.1593220461805795   -2.8766105308494883   0.05329957629866992   0.5918872073512513   8.911389465860118e-05   0.8446430008919175
0.557897857133488  0.15757899251534893   -2.808501543172285   0.05330996946431088   0.6810898767720317   0.00010393165640958049   0.8920266942078041
0.5530084496672757  0.15545095252792948   -2.7310851255667163   0.053324346745833945   0.7741641760556872   0.00014377281523061377   0.9307429928365547
0.5483203690539805  0.15290496236082093   -2.6440799063273683   0.05334807003797378   0.8700521923934783   0.00023723292139834926   0.9588801633779108
0.5438990314230049  0.14991735392255942   -2.5473450759796363   0.053361063171053436   0.967348303477319   0.00012993133079655292   0.9729611108384079
0.539816752578115  0.14647369790314943   -2.440847972512553   0.05340764678157402   1.0649710346708368   0.00046583610520579353   0.9762273119351771
0.5361534154177825  0.14257108912113506   -2.3245802143487504   0.053526063236266276   1.1626775816380215   0.0011841645469225985   0.9770654696718482
0.5330222285789482  0.13825631843341987   -2.198556780855228   0.05331189089429575   1.260234334935228   -0.0021417234197052782   0.975567532972066
0.5306076366696728  0.13375142188783645   -2.0628218500716313   0.0511119819364745   1.3573493078359633   -0.021999089578212422   0.9711497290073513
0.5292440520166838  0.12997694826956097   -1.917471190115935   0.04013229896345744   1.4535065995569658   -0.10979682973017062   0.9615729172100255
0.5286908172643299  0.1271302595460643   -1.7627468391408467   0.02899949202950707   1.547243509750882   -0.11132806933950375   0.9373691019391618
0.528640286728423  0.1253404324849459   -1.5990209068440633   0.01790540210040171   1.6372593229678345   -0.11094089929105361   0.9001581321695256
0.5287451921264944  0.12461714963089274   -1.4267601156240084   0.007308510309986394   1.7226079122005484   -0.10596891790415312   0.8534858923271391
0.5288026447187641  0.12444624287743984   -1.2465008944951936   0.0018030507129398014   1.8025922112881465   -0.05505459597046593   0.7998429908759801
0.5288802236239235  0.12430818963600038   -1.0588253958427647   0.0015835777214165195   1.8767549865242903   -0.0021947299152328186   0.7416277523614389
0.5289680724672285  0.12420524720731017   -0.8643442045083933   0.0013533130788797906   1.9448119133437132   -0.0023026464253672876   0.6805692681942271
0.5290597933562861  0.12413351775671855   -0.663693695799154   0.0011643811906620525   2.0065050870923935   -0.001889318882177383   0.6169317374868056
0.5291484478648893  0.1240898658977856   -0.4575344277864232   0.0009881855435081705   2.0615926801273083   -0.00176195647153882   0.5508759303491448
0.5292285514074067  0.12406970625187737   -0.24654966083293217   0.0008260138526052492   2.1098476695349104   -0.0016217169090292122   0.4825498940760213
0.5292979884651752  0.1240675221219616   -0.03144444892839722   0.000694713999789532   2.151052119045349   -0.0013129985281571722   0.41204449510439006
0.5293574151769661  0.12407876969073224   0.1870552566811835   0.0006048174830095887   2.184997056095807   -0.0008989651677994326   0.3394493705045787
0.5294083781902962  0.12410081102946376   0.40820330531561244   0.0005552521355883042   2.2114804863442896   -0.0004956534742128455   0.2648343024848235
0.5294521324251362  0.12413279562213836   0.6312334837878983   0.000541982216958461   2.230301784722859   -0.0001326991862984318   0.18821298378569631
0.5294890541013185  0.12417528193806054   0.8553603613901227   0.0005628762930470232   2.2412687760222427   0.00020894076088562273   0.10966991299383644
0.5295181823798243  0.12422975756128311   1.0797732669699152   0.0006177418663318099   2.2441290557979245   0.000548655732847867   0.028602797756817004
0.5295368378014058  0.12429791398537052   1.3036253534990356   0.0007066344810974478   2.238520865291205   0.0008889261476563795   -0.05608190506719234
0.5295405399110982  0.12438063985591025   1.5260746293399636   0.000828086666522078   2.2244927584092795   0.0012145218542463016   -0.14028106881925742
0.5295234953739438  0.12447680514500778   1.7462166295482828   0.0009766411354227475   2.201420002083193   0.001485544689006696   -0.2307275632608666
0.5294803730385771  0.12458100964392407   1.9631629529557264   0.0011277461328618168   2.1694632340744358   0.0015110499743906914   -0.31956768008757047
0.5294098920152644  0.12468287901544531   2.1760494305799982   0.0012387470888472851   2.1288647762427164   0.0011100095598546825   -0.40598457831719426
0.5292411604006287  0.12484248759178809   2.3839726640514525   0.0023226117932106335   2.0792323347145434   0.010838647043633484   -0.4963244152817299
0.5280839076950111  0.12556086839468206   2.5860452608325   0.013620957391535286   2.0207259678104754   0.11298345598324652   -0.5850636690406816
0.5257413340954576  0.12644312952978182   2.7814020675951134   0.025032051014274335   1.9535680676261353   0.11411093622739048   -0.6715790018433982
0.522153551638119  0.12706767741936772   2.9692433812048344   0.03641736265509973   1.8784131360972076   0.11385311640825398   -0.751549315289277
0.5173838590387665  0.12703278921087965   3.1489070842906455   0.04769820193606676   1.796637030858112   0.11280839280967032   -0.8177610523909554
0.5121246445018697  0.12608483095777673   3.319924942305689   0.053439650442945935   1.7101785801504334   0.05741448506879175   -0.8645845070767865
0.5070838974270736  0.12429927815544406   3.4820253954713456   0.0534764713513301   1.6210045316565667   0.0003682090838416117   -0.8917404849386679
0.5023792880108902  0.12176848751795356   3.635128476538469   0.053421204600390446   1.5310308106712365   -0.0005526675093965258   -0.8997372098533025
0.49809009248375247  0.11859005655954179   3.779329465540912   0.05338503688050577   1.4420098900244327   -0.00036167719884678184   -0.8902092064680367
0.49427142812312597  0.11486267858148039   3.9148941541593363   0.053362481286370105   1.3556468861842403   -0.00022555594135662864   -0.863630038401925
0.49095830979300126  0.11068193652582563   4.042255562832892   0.05334356306552813   1.2736140867355596   -0.00018918220841978358   -0.8203279944868055
0.4881693934656184  0.1061370332018606   4.162003291882554   0.05332372877553327   1.197477290496616   -0.00019834289994856042   -0.7613679623894375
0.4859108595798957  0.10130908449123939   4.274828257718651   0.053301091982516056   1.1282496583609745   -0.00022636793017214113   -0.6922763213564143
0.48417978174797976  0.09627065102871547   4.38144976392578   0.0532751745340877   1.06621506207129   -0.00025917448428355747   -0.6203459628968448
0.4829666074574758  0.0910861203723694   4.4825259718169805   0.05324579794282266   1.0107620789119993   -0.0002937659126504139   -0.5545298315929066
0.48225668324187937  0.08581243734157361   4.578577007235521   0.053212522117584496   0.9605103541853994   -0.00033275825238165193   -0.5025172472659996
0.4820309885129375  0.0804996245816047   4.669933294672134   0.053176044919788605   0.9135628743661421   -0.0003647719779588914   -0.4694747981925729
0.4822664539277164  0.07519099205541856   4.756715118766216   0.05313852017095919   0.8678182409408127   -0.00037524748829416063   -0.45744633425329395
0.48293616155030916  0.06992311969362093   4.838841215145069   0.05310271887569275   0.8212609637885312   -0.0003580129526644537   -0.46557277152281545
0.4840095575159817  0.06472596627602431   4.916060572533914   0.053068429923183856   0.7721935738884563   -0.00034288952508889313   -0.4906738990007492
0.48545254757392325  0.05962354196686062   4.987996669980399   0.053025422334975814   0.7193609744648461   -0.0004300758820804259   -0.5283259942361013
0.48722734471383233  0.05463497254644757   5.054197290209154   0.05294877689812513   0.6620062022875505   -0.0007664543685068173   -0.5735477217729565
0.48929290894151317  0.049773798246364964   5.114183857342972   0.05281815138228984   0.5998656713381848   -0.0013062551583528958   -0.6214053094936565
0.4916080692144316  0.04504289144685286   5.167495871815461   0.05267014926401667   0.5331201447248864   -0.0014800211827316941   -0.6674552661329842
0.49413542307440955  0.04043130319526622   5.213729321737476   0.05258732141465951   0.46233449922014624   -0.0008282784935716178   -0.7078564550474017
0.4963412228434193  0.03675294978304978   5.252566113863921   0.04289036773695051   0.38836792126444863   -0.09696953677708994   -0.7396657795569761
0.49808102475520066  0.034046953255554416   5.28378730974931   0.03217037130504469   0.3122119588538928   -0.1071999643190583   -0.7615596241055583
0.49926892980868653  0.032291351174745825   5.307262290174239   0.02119730426783601   0.2347498042492849   -0.10973067037208675   -0.7746215460460792
0.4998536985066534  0.03145563559601601   5.322928440759641   0.010199877247558341   0.15666150585402983   -0.10997427020277667   -0.7808829839525508
0.5  0.03125   5.330764857489547   0.002523690260397321   0.07836416729905281   -0.07676186987161021   -0.7829733855497701
0.5  0.03125   5.330764857489547   5.000054390757713e-19   -1.3065123160401056e-24   -0.025236902603973207   -0.783641672990528
