0.8125  0.09375   -4.318823894240129   6.3677233947123596e-24   4.2857352956912146e-23   -6.150564119855015e-18   0.0
0.8120717891767979  0.09477416933447691   -4.316372506125199   0.011100843818333499   0.024513881149306513   0.11100843818333499   0.24513881149306518
0.8112356167704186  0.09674733697878495   -4.311559260143953   0.021430293618460196   0.04813245981244744   0.10329449800126697   0.2361857866314092
0.8100172993912916  0.09956882269506528   -4.304772845118157   0.030732847058899594   0.0678641502579691   0.09302553440439397   0.1973169044552166
0.8084753908632869  0.10305162881627164   -4.29560542747006   0.03808860772809322   0.09167417648097005   0.07355760669193624   0.23810026223000957
0.8067168444204195  0.10690797602839777   -4.284545481057454   0.04238384056712532   0.11059946412606818   0.042952328390321017   0.18925287645098124
0.8048378086804604  0.11088565908017237   -4.271068614218979   0.04399174669459991   0.13476866838474338   0.016079061274745916   0.24169204258675214
0.8028990250474495  0.1148317087709479   -4.255707308925974   0.04396611210659906   0.15361305293005673   -0.000256345880008572   0.18844384545313334
0.8009238929342821  0.11867739777901773   -4.237923492182722   0.043232477156940854   0.17783816743252004   -0.0073363494965819655   0.24225114502463294
0.798922112206729  0.12238847194874604   -4.2177146709088165   0.042165385773674444   0.20208821273904617   -0.010670913832664084   0.2425004530652615
0.7968965449480752  0.12595322020550265   -4.195663705138863   0.04100043030674179   0.2205096576995291   -0.01164955466932661   0.18421444960482922
0.7948484639797814  0.12936134667091775   -4.171278277659411   0.0397617424881632   0.24385427479452673   -0.012386878185785804   0.23344617094997624
0.7927776760809429  0.13260778396994866   -4.144592053304327   0.03850651588824287   0.266862243550849   -0.012552265999203378   0.23007968756322286
0.7906817091170493  0.1356964942977807   -4.1161773397249615   0.03732721393700562   0.2841471357936482   -0.011793019512372528   0.1728489224279917
0.788557982011367  0.1386292598316021   -4.085646003163974   0.036209571242670456   0.30531336560987277   -0.011176426943351612   0.21166229816224655
0.7864024409882825  0.14141101195037564   -4.053150081833692   0.03519162109437576   0.3249592133028212   -0.010179501482946935   0.19645847692948365
0.7842068222787053  0.1440516734191015   -4.018754089668119   0.034342152684797116   0.3439599216557238   -0.008494684095786431   0.19000708352902607
0.781962589263622  0.14656251508377172   -3.9830004106938106   0.033676264179735245   0.3575367897430897   -0.006658885050618819   0.135768680873659
0.7796564660605718  0.14895644441549313   -3.9456705902319573   0.03324018933899562   0.3732982046185298   -0.004360748407396196   0.15761414875440136
0.7772715448375755  0.15124913030859888   -3.9072748861456206   0.03308210671094551   0.383957040863373   -0.0015808262805010087   0.10658836244843178
0.7747880580412029  0.15345455942046235   -3.867759123506261   0.033213889015309486   0.3951576263935909   0.0013178230436397193   0.11200585530217931
0.7721858822909613  0.15558362528384462   -3.8273251516983584   0.033621778783646236   0.40433971807903024   0.004078897683367478   0.09182091685439318
0.7694502585562427  0.15763995857918353   -3.7861726844892587   0.03422300956881924   0.41152467209099924   0.006012307851730027   0.07184954011969016
0.7665743917608389  0.1596205169957872   -3.74468235806498   0.034918793602423615   0.4149032642427884   0.00695784033604378   0.03378592151789106
0.7635585381104042  0.16151591374411595   -3.7026888748714644   0.035620081519299074   0.4199348319351526   0.0070128791687545855   0.05031567692364206
0.7604092975608975  0.16331514388405388   -3.6606583612203205   0.036269746532225144   0.42030513651143325   0.00649665012926065   0.003703045762806349
0.7571343691787944  0.1650082435807676   -3.618738362933365   0.036866980471577035   0.4191999828695583   0.00597233939351894   -0.011051536418749
0.7537339570938704  0.16658883381391992   -3.5767049019932027   0.03749809039462384   0.4203346094016206   0.006311099230468026   0.011346265320622698
0.7502147029365291  0.16804952405811413   -3.535011238749775   0.03810349828224109   0.4169366324342813   0.006054078876172541   -0.033979769673393195
0.7465816474118837  0.16938469905066708   -3.493778392232419   0.03870631047503166   0.4123284651735606   0.0060281219279056525   -0.046081672607206976
0.7428272072631814  0.1705920958188227   -3.452738774850402   0.03943808791757081   0.4103961738201698   0.007317774425391551   -0.01932291353390816
0.7389517617969458  0.1716678364598779   -3.412354563838573   0.04021976564897326   0.40384211011829096   0.007816777314024538   -0.06554063701878782
0.7349539463745984  0.17260793692361234   -3.3725501170619414   0.04106862188225029   0.3980444677663118   0.008488562332770237   -0.0579764235197917
0.7308197477133138  0.17341099703155458   -3.333451442886676   0.04211472914306333   0.39098674175265824   0.010461072608130428   -0.07057726013653597
0.726550345901322  0.17407195812212314   -3.2951868362672108   0.04320261727660086   0.3826460661946531   0.010878881335375306   -0.08340675558005074
0.7221554717623836  0.1745853645166363   -3.2578849230539735   0.04424760425496157   0.37301913213236937   0.010449869783607018   -0.09626934062283778
0.7176499387563962  0.17494694434414806   -3.221673427082995   0.04520018544177107   0.36211495970978086   0.009525811868095008   -0.10904172422588501
0.7130530513751382  0.17515433904272393   -3.186678412024615   0.04601563447021874   0.3499501505838024   0.008154490284476788   -0.12164809125978471
0.70838979997937  0.17520764759981253   -3.153023784058207   0.04663556087621539   0.3365462796640814   0.006199264059966449   -0.13403870919720998
0.7036918800220252  0.1751100963821854   -3.120830869316957   0.046989326623902476   0.32192914741250156   0.0035376574768708666   -0.14617132251579817
0.6989965674054076  0.17486866338082188   -3.0902178946188585   0.047015157621683394   0.3061297469809814   0.0002583099778092072   -0.15799400431520164
0.6943428669452562  0.17449419671162134   -3.0612992197930358   0.046687421495682925   0.28918674825822877   -0.0032773612600047034   -0.16942998722752625
0.6897663678378785  0.1740007429838057   -3.0341842030374755   0.04603025164098435   0.27115016755560534   -0.006571698546985737   -0.18036580702623478
0.6852952373030609  0.17340429421814693   -3.008975630160693   0.04510738231091984   0.2520857287678267   -0.009228693300645107   -0.19064438787778631
0.6809488588131103  0.17272148466521756   -2.985767738042657   0.04399685768720049   0.23207892118035958   -0.011105246237193441   -0.20006807587467101
0.6767386180130479  0.17196856848718817   -2.964633500333916   0.04277032892747886   0.2113423770874071   -0.012265287597216406   -0.20736544092952455
0.6726691762730108  0.17115911845732332   -2.945246010908617   0.04149164425086595   0.193874894252988   -0.01278684676612912   -0.174674828344191
0.6687374969796415  0.17030464285404387   -2.927589599737516   0.0402346003118072   0.17656411171101438   -0.012570439390587428   -0.1731078254197365
0.6649285706339486  0.1694149579085525   -2.912127815975399   0.03911452314569093   0.15461783762116807   -0.011200771661162696   -0.21946274089846293
0.6612073042083437  0.16849205038189516   -2.8984887585830847   0.03834003405461989   0.136390573923143   -0.007744890910710441   -0.18227263698025084
0.6575474537105565  0.16753832900163165   -2.8866717927853984   0.037820748455478705   0.11816965797686294   -0.005192855991411859   -0.18220915946280045
0.6539200699557771  0.16655530848906622   -2.876949125132434   0.03758223281360663   0.09722667652964413   -0.00238515641872078   -0.2094298144721882
0.6502826445030103  0.16554049202508597   -2.8695179279496155   0.03776336370081625   0.07431197182818247   0.0018113088720962875   -0.2291470470146166
0.6466079219466605  0.16449337773493522   -2.863999212942684   0.038209991105448156   0.05518715006931564   0.004466274046319031   -0.19124821758866825
0.6428755333638498  0.16341520605947646   -2.860378730030194   0.03884994040517544   0.03620482912490077   0.006399492997272804   -0.18982320944414866
0.6390665810190403  0.1623083960111248   -2.8587991766111607   0.03966503050315376   0.015795534190333086   0.008150900979783226   -0.2040929493456769
0.6351569459193841  0.16117442869318477   -2.859294382339221   0.040707650989243976   -0.004952057280600571   0.010426204860902125   -0.20747591470933657
0.6311455884106549  0.16002297006439462   -2.8620588807365666   0.041733494985027805   -0.027644983973456456   0.010258439957838308   -0.22692926692855886
0.6270462732526398  0.15886701408286938   -2.866741816275427   0.04259180554514637   -0.04682935538860512   0.008583105601185652   -0.1918437141514867
0.6228786324072803  0.15772120675629417   -2.8732920066109737   0.04322280028589491   -0.06550190335546677   0.006309947407485431   -0.1867254796686163
0.6186574831420636  0.1565999651889603   -2.881963291108917   0.04367526047037977   -0.08671284497943421   0.004524601844848617   -0.2121094162396746
0.6143785764263815  0.15551156667703872   -2.8925112213553845   0.04415161831944958   -0.1054793024646761   0.004763578490698067   -0.1876645748524189
0.6100371161115618  0.15446455101980627   -2.904944807230857   0.04465928733381741   -0.12433585875472307   0.0050766901436782716   -0.1885655629004697
0.6056619144837114  0.15347551101403445   -2.9192734475227473   0.044855979999728755   -0.1432864029189067   0.0019669266591134916   -0.18950544164183608
0.6012652381404476  0.15255638073577193   -2.935509398603229   0.04491721644963702   -0.16235951080481323   0.0006123644990825796   -0.1907310788590652
0.5968471297309653  0.151716199049564   -2.953668817601154   0.04497286646832358   -0.18159418997924792   0.0005565001868656794   -0.1923467917443472
0.5923999383915712  0.150962782600317   -2.973772097132868   0.04510559516864496   -0.20103279531713866   0.0013272870032137645   -0.19438605337890735
0.587912927320679  0.15030413336086948   -2.9958433460590657   0.04535095056438723   -0.2207124892619846   0.002453553957422704   -0.19679693944845947
0.5833759042285955  0.14974930901678568   -3.0199086335374234   0.045708214350253816   -0.24065287478357184   0.0035726378586658503   -0.19940385521587242
0.5787818579130674  0.1493087775478761   -3.0459931373104756   0.046151196652218986   -0.26084503773052153   0.004429823019651725   -0.20192162946949713
0.574128517519168  0.14899431464343915   -3.0741173580111885   0.04663953659692696   -0.2812422070071271   0.004883399447079693   -0.20397169276605517
0.569419285316478  0.14881857896079306   -3.104292693016224   0.04712510049751377   -0.3017533500503555   0.004855639005868201   -0.20511143043228344
0.5646639594202709  0.14879444032833425   -3.1365165713902226   0.0475538716117992   -0.3222387837399915   0.004287711142854179   -0.20485433689636076
0.5598795323536334  0.14893406400007955   -3.1707673182833154   0.04786463948019054   -0.342507468930923   0.0031076786839134224   -0.20268685190931487
0.5550911265286431  0.1492477031228685   -3.206998920176563   0.04798666465190544   -0.3623160189324756   0.0012202517171490492   -0.19808550001552608
0.5503328207474636  0.14974216170062993   -3.245135862802395   0.04783927590623424   -0.38136942625832326   -0.0014738874567120114   -0.19053407325847652
0.5456477870119065  0.1504190001777392   -3.2850682049234177   0.047336720870169845   -0.3993234212102246   -0.005025550360643978   -0.17953994951901397
0.5410869651935031  0.15127276840549503   -3.3266470446945484   0.046400448107696626   -0.41578839771131193   -0.009362727624732118   -0.16464976501087306
0.536705707703982  0.15228977799214025   -3.3696805450909886   0.04497746734623039   -0.430335003964395   -0.014229807614662391   -0.1454660625308305
0.5325584340376599  0.15344801581115453   -3.4139307196902906   0.04305971865765586   -0.44250174599302106   -0.019177486885745294   -0.12166742028626078
0.5286919412135244  0.15471869130682125   -3.4591112452519948   0.0406993648284338   -0.4518052556170456   -0.023603538292220602   -0.09303509624024545
0.5251383063271029  0.15606967035029803   -3.504886647950757   0.038017713347734315   -0.45775402698762097   -0.026816514806994884   -0.05948771370575314
0.5219085522996962  0.1574710515634309   -3.550975104727673   0.03520678966061891   -0.46088456776915626   -0.02810923687115406   -0.03130540781535365
0.5189871060518603  0.15890038479033702   -3.5966076600116477   0.032523593978115946   -0.4563255528397515   -0.02683195682502966   0.04559014929404795
0.5163306522074055  0.16035164424011572   -3.6416019599938894   0.03027028413855809   -0.44994299982241626   -0.022533098395578516   0.06382553017335219
0.5138680549651892  0.16183964879600532   -3.685125397254996   0.028772456856722906   -0.4352343726110707   -0.014978272818351807   0.14708627211345598
0.5115052398076225  0.16340579131364905   -3.7269337352483176   0.028347306493559037   -0.4180833799332105   -0.004251503631638733   0.1715099267786021
0.5091450044757319  0.16510718120132303   -3.7661792534210132   0.029095426396230882   -0.3924551817269546   0.0074811990267184695   0.25628198206255864
0.5066926724488975  0.16701440911218013   -3.8025998841793394   0.03106678398835262   -0.3642063075832659   0.019713575921217356   0.282488741436887
0.5040715759218507  0.16919448774908027   -3.835391626355803   0.034092359653102325   -0.32791742176463606   0.030255756647497085   0.36288885818629835
0.5012284643822795  0.1717004805509078   -3.864050661497596   0.037898922345172475   -0.28659035141792827   0.03806562692070144   0.41327070346707806
0.4981444661147625  0.1745551738541023   -3.8883979540101223   0.04202418252548434   -0.24347292512526403   0.04125260180311869   0.4311742629266422
0.49483442274088596  0.1777405217890061   -3.9077956495514656   0.04593781514541122   -0.19397695541343413   0.03913632619926879   0.49495969711829924
0.49134624272771843  0.1811933494100717   -3.9218975959056643   0.049080972265283476   -0.1410194635419836   0.031431571198722606   0.5295749187145052
0.4877537249309989  0.18481236616044702   -3.9306653240176   0.05099359406753345   -0.08767728111935992   0.01912621802249967   0.5334218242262369
0.4841423639703968  0.18847243293895802   -3.93368896365888   0.051417912064688764   -0.030236396412795533   0.004243179971553189   0.574408847065644
0.4805980107389608  0.19204468380784367   -3.930910874103941   0.05032237683123245   0.027780895549387823   -0.010955352334563137   0.5801729196218336
0.477195762248279  0.19541445263023835   -3.9221946952787516   0.0478859443978395   0.08716178825188874   -0.024364324333929523   0.593808927025009
0.47399166065124737  0.19849758360168232   -3.907752511475414   0.04446567623592102   0.14442183803338485   -0.03420268161918481   0.5726004978149611
0.471015668926697  0.20124713303073027   -3.8874619172924074   0.04051734049437404   0.20290594183006194   -0.03948335741546978   0.5848410379667708
0.46826944467536247  0.20365502782447886   -3.8614423188451448   0.036523560856492956   0.26019598447262376   -0.03993779637881081   0.5729004264256184
0.46572815619906865  0.2057461068448943   -3.830107321270816   0.032910117880927486   0.31334997574328327   -0.03613442975565475   0.5315399127065944
0.46333901672178723  0.2075695200630257   -3.7934941864122442   0.03005465555610448   0.3661313485857272   -0.028554623248230014   0.5278137284244399
0.46102867969637945  0.2091861072150276   -3.752130130015264   0.02819753746515407   0.4136405639698015   -0.018571180909504135   0.4750921538407427
0.4587147117144837  0.2106518420290806   -3.706230443498141   0.027391287604575935   0.45899686517122895   -0.008062498605781367   0.45356301201427496
0.4563092169749116  0.21201198996899298   -3.6562079343494163   0.027634050301316306   0.5002250914872474   0.0024276269674037014   0.4122822631601832
0.45373884233263906  0.21328843578925077   -3.6025158700457762   0.028698675463671247   0.5369206430363977   0.010646251623549442   0.36695551549150535
0.45095112836378876  0.21448037731163858   -3.545637692556159   0.030318432949140852   0.568781774896178   0.01619757485469607   0.3186113185978016
0.4479185487502936  0.2155684362241675   -3.486076550184364   0.03221864570294644   0.595611423717943   0.019002127538055896   0.26829648821765045
0.44463975299936676  0.21652104691441065   -3.424345123719461   0.03414376766477526   0.6173142646490325   0.019251219618288157   0.21702840931089515
0.44113794766016406  0.21730177862745337   -3.3609561679286637   0.03587782412775175   0.6338895579079761   0.017340564629764903   0.16575293258943588
0.43745674122893813  0.21787630583662465   -3.296414030927225   0.037257700282461274   0.6454213700143859   0.01379876154709526   0.11531812106409799
0.43365411274935195  0.21821799203241998   -3.2312072554416202   0.03817948769975482   0.6520677548560485   0.009217874172935459   0.06646384841662542
0.42979530831434404  0.21831143039746254   -3.165802252965565   0.03859935542946103   0.6540500247605538   0.00419867729706211   0.019822699045053824
0.42594531916591816  0.2181538794096669   -3.1006930243795674   0.03853211486118148   0.6510922858599743   -0.0006724056827954732   -0.02957738900579652
0.42216144895385005  0.21775236353158714   -3.0358757680978674   0.038051135044997256   0.648172562816999   -0.004809798161842272   -0.02919723042975207
0.4184861221418708  0.21712271511010273   -2.9719221181115723   0.03728871720712746   0.639536499862951   -0.007624178378698011   -0.08636062954048061
0.4149396715330629  0.2162834496972216   -2.909218188324072   0.03644403703484628   0.6270392978750041   -0.008446801722811778   -0.12497201987946813
0.4115136442770822  0.21524643594536677   -2.847672591032255   0.0357953352830481   0.6154559729181657   -0.006487017517981755   -0.1158332495683849
0.4081995648800286  0.2140225593171999   -2.7878320075902145   0.03532845347725896   0.5984058344204052   -0.004668818057891434   -0.17050138497760503
0.40497614791243575  0.21261522669949093   -2.729940797624176   0.03517243529219   0.5789120996603856   -0.0015601818506895799   -0.19493734760019496
0.4018480179316625  0.2110350988653825   -2.6738455145107003   0.03504568610933015   0.5609528311347595   -0.001267491828598515   -0.17959268525626182
0.39881431220107394  0.20929169683774057   -2.6200008733213784   0.03498974291101859   0.5384464118932148   -0.0005594319831155401   -0.22506419241544648
0.3958617100247079  0.20738661874671727   -2.568585029547641   0.03513855737616227   0.514158437737373   0.0014881446514367473   -0.24287974155841818
0.39300076209894874  0.2053346766031591   -2.519399872709712   0.0352072287952568   0.49185156837929717   0.0006867141909452849   -0.2230686935807582
0.39023363319768756  0.20314797535642515   -2.4728301488658455   0.035268491176491994   0.46569723843866245   0.0006126238123519566   -0.2615432994063476
0.38755276191434274  0.20083040911383612   -2.428750621638188   0.035437528309196546   0.44079527227657517   0.0016903713270454888   -0.24901966162087263
0.38497221883391275  0.19840678987182436   -2.3875428799520924   0.03540216493408939   0.4120774168609558   -0.00035363375107155603   -0.287178554156194
0.3825003025878131  0.1958989548116144   -2.348981641798054   0.035213075152491065   0.38561238154038413   -0.001890897815983213   -0.26465035320571645
0.38014167773590374  0.1933283122319462   -2.313208969725547   0.03488741100231968   0.35772672072507367   -0.003256641501713918   -0.27885660815310426
0.37789664899634723  0.19071398881515297   -2.2803436019436476   0.03445989113306639   0.32865367781898897   -0.004275198692532843   -0.29073042906084656
0.3757578716949463  0.18806758773077153   -2.250507237726319   0.03402617675320427   0.29836364217329014   -0.004337143798621167   -0.3029003564569887
0.37370973862517337  0.18539029590788134   -2.2238296580082766   0.033708664429805364   0.2667757971804217   -0.003175123233989088   -0.3158784499286842
0.3717295753491473  0.18267247555139682   -2.2004504064981742   0.03362676625821111   0.2337925151010211   -0.0008189817159426216   -0.3298328207940064
0.3697896365761224  0.17989580203322833   -2.180619504699309   0.033872227959766237   0.19830901798865264   0.0024546170155513103   -0.35483497112368456
0.3678616479453283  0.1770362258634545   -2.1640111940729447   0.034488137136136895   0.16608310626364825   0.006159091763706617   -0.322259117250044
0.3659182955023345  0.17407129309032368   -2.1509902878792455   0.03545059247301077   0.13020906193698797   0.009624553368738796   -0.35874044326660287
0.3639375204427801  0.1709872984883207   -2.1417223412250213   0.036653093377963075   0.09267946654224166   0.012025009049522955   -0.37529595394746296
0.36190697424078355  0.16778819988258858   -2.136357985026066   0.03789109363378109   0.05364356198955638   0.012380002558180241   -0.39035904552685263
0.35982113798981147  0.1644922768622145   -2.135023143444954   0.03900489895141474   0.01334841581111712   0.011138053176336407   -0.4029514617843925
0.35767938166629376  0.1611287683221728   -2.1378094359485185   0.039875192599236   -0.02786292503564778   0.008702936478212655   -0.412113408467649
0.35548486508851396  0.1577347445372788   -2.1447653743082533   0.04041695246128402   -0.06955938359735006   0.005417598620480138   -0.4169645856170228
0.3532441024918984  0.1543523304330167   -2.1558909410844116   0.04057307258158103   -0.11125566776157723   0.0015612012029701465   -0.4169628416422717
0.35096700195606695  0.15102609769856312   -2.171103915678923   0.04031006208632577   -0.15212974594511144   -0.0026301049525526646   -0.4087407818353421
0.3486665943329765  0.14780060036104453   -2.1903230150606534   0.0396178095137936   -0.1921909938173062   -0.006922525725321611   -0.40061247872194755
0.34635938536165944  0.14471664290353245   -2.2131011988997127   0.03851494104509286   -0.22778183839059593   -0.01102868468700752   -0.3559084457328973
0.3440620277209925  0.141809546096   -2.2395689716440597   0.0370527515543669   -0.26467772744346996   -0.014621894907259425   -0.3689588905287399
0.34179060264551514  0.13910430135732363   -2.269243610089023   0.03532381770087062   -0.2967463844496293   -0.017289338534962877   -0.3206865700615938
0.33955983540771756  0.1366183371705998   -2.3021425739524037   0.03340110837517856   -0.3289896386338089   -0.019227093256920656   -0.3224325418417967
0.33737931040014235  0.13435535356675485   -2.3376395283066427   0.03142576029300212   -0.35496954354238963   -0.01975348082176434   -0.25979904908580653
0.33524761735758024  0.13230553615463317   -2.3757723844120813   0.029573411454793485   -0.38132856105438656   -0.018523488382086332   -0.26359017511996896
0.33314840113735267  0.13044277416861028   -2.415804635879122   0.028065264929870274   -0.40032251467040375   -0.015081465249232144   -0.1899395361601726
0.3310432644429819  0.1287271495430314   -2.457789692276015   0.027156892970071848   -0.41985056396893744   -0.009083719597984223   -0.1952804929853367
0.32887351427882194  0.12710961554602962   -2.500982140725524   0.027063318359595998   -0.43192448449508786   -0.0009357461047585415   -0.12073920526150388
0.32655709190769217  0.12553646776980187   -2.5450123743436155   0.028001083063554134   -0.4403023361809114   0.009377647039581381   -0.08377851685823566
0.3239976386594787  0.123961249171786   -2.58988937011624   0.030053476606418522   -0.4487699577262463   0.020523935428643898   -0.08467621545334886
0.3210903791692405  0.12234765025985032   -2.6349003978156005   0.033250352166827125   -0.45011027699360584   0.03196875560408599   -0.013403192673595871
0.3177501182546789  0.12068452643348294   -2.6796245560672354   0.03731397035853866   -0.4472415825163487   0.04063618191711536   0.028686944772571422
0.31392742051058836  0.11898709842622587   -2.7237066964266377   0.04182616391984239   -0.4408214035940215   0.045121935613037255   0.06420178922327205
0.30961870678664294  0.11729241662445639   -2.7668624457648012   0.04630006518803598   -0.43155749338163835   0.04473901268193597   0.09263910212383192
0.3048916011399709  0.11565864287222753   -2.8088267615612237   0.05001474229491882   -0.41964315796422225   0.0371467710688284   0.11914335417416125
0.2998704860066644  0.11414805538123976   -2.8493589640135246   0.052434217596763553   -0.40532202452300775   0.024194753018447274   0.14321133441214465
0.29470837485753953  0.11281153955578883   -2.888247004281587   0.05332322764762111   -0.38888040268062024   0.008890100508575567   0.16441621842387483
0.28955637559590514  0.1116795500767328   -2.925310881949534   0.05274893038970042   -0.37063877667947615   -0.00574297257920686   0.18241626001144118
0.28453631005544583  0.11075988589711766   -2.9604041593392756   0.051036105096073224   -0.35093277389741795   -0.017128252936271956   0.19706002782058168
0.2797177868035269  0.11004060710995361   -2.993413100858783   0.04871912181366455   -0.33008941519507246   -0.023169832824086804   0.20843358702345496
0.2751144232739561  0.10949796362579414   -3.024254370265909   0.046352365350954806   -0.30841269407125704   -0.023667564627097376   0.21676721123815426
0.27069082514738557  0.10910446658264744   -3.0528721051545067   0.04441065222259574   -0.28617734888598295   -0.01941713128359065   0.22235345185274122
0.26638156754457104  0.10883540421558868   -3.079235385101711   0.04317649319338213   -0.26363279947204127   -0.012341590292136105   0.2254454941394165
0.2621135064642652  0.10867204457497065   -3.103336420760003   0.042711862236859015   -0.2410103565829161   -0.0046463095652311435   0.22622442889125155
0.25782343008886255  0.10860166681476709   -3.1251893447009067   0.04290653602415241   -0.21852923940903765   0.0019467378729339237   0.22481117173878457
0.2534676784771773  0.10861576494856005   -3.1448293130276848   0.04355774427134095   -0.1963996832677842   0.0065120824718854185   0.22129556141253434
0.24902437823408125  0.1087078387702342   -3.1623116330038497   0.04444254115027055   -0.17482319976164562   0.008847968789295956   0.2157648350613859
0.24449087834180375  0.10887165134386177   -3.1777107387950294   0.04536458512161039   -0.15399105791180243   0.009220439713398351   0.20832141849843208
0.23987905291080838  0.10910024504254566   -3.191118978683831   0.04617487291271462   -0.13408239888801562   0.008102877911042312   0.19908659023786793
0.23521032850000764  0.10938563760304959   -3.2026452783215658   0.04677439100362258   -0.11526299637734068   0.0059951809090796945   0.1881940251067496
0.23051142771818123  0.10971897653246022   -3.2124137789227145   0.047107094369436026   -0.09768500601149166   0.003327033658134419   0.17577990365849025
0.22581125177074424  0.11009092241956114   -3.220562544903512   0.04714869847598798   -0.08148765980796827   0.00041604106551955183   0.16197346203523377
0.22113899433710654  0.11049208162929201   -3.2272424241701234   0.04689447540780734   -0.06679879266612246   -0.00254223068180639   0.14688867141845824
0.21652325344626927  0.11091338662169928   -3.232616135341995   0.046349284641701224   -0.05373711171871483   -0.005451907661061161   0.1306168094740762
0.2119915472313262  0.1113464103154136   -3.236857642748577   0.04552347826986802   -0.04241507406581844   -0.008258063718332041   0.11322037652896395
0.20756949939741012  0.111783660547939   -3.240151856722121   0.0444361281068516   -0.03294213973543501   -0.010873501630164225   0.09472934330383435
0.20327918890018973  0.11221978049284129   -3.242896981124084   0.04312419827533153   -0.027451244019637656   -0.013119298315200666   0.054908957157973434
0.19913569293444713  0.112649036564323   -3.244821963232159   0.04165671565669684   -0.01924982108074586   -0.014674826186346902   0.08201422938891793
0.19514234406727882  0.11306991633541928   -3.246600177808788   0.040154669661986636   -0.017782145766291953   -0.015020459947102098   0.01467675314453912
0.1912824761902466  0.11348199561463106   -3.247949743765293   0.038818023340325705   -0.013495659565050078   -0.013366463216609205   0.04286486201241875
0.18750730579523459  0.11389132128500193   -3.2495964832357567   0.03797296277063428   -0.016467394704633705   -0.008450605696914287   -0.02971735139583626
0.18376731382414158  0.11430317337598664   -3.2512718471475806   0.03762600442338871   -0.016753639118237646   -0.003469583472455729   -0.002862444136039444
0.1799964700630749  0.11472784537430318   -3.2537400030954595   0.03794681669986217   -0.024681559478791554   0.003208122764734546   -0.07927920360553904
0.17614347363547195  0.11517410707686551   -3.256900862717685   0.038787537919150114   -0.03160859622225667   0.00840721219287951   -0.06927036743465115
0.17215642995877992  0.11565271957540033   -3.261062934108197   0.04015667715785686   -0.04162071390511756   0.01369139238706751   -0.10012117682860892
0.1680158508045299  0.11617278219248468   -3.2665397705972343   0.04173111651789128   -0.05476836489037416   0.015744393600344093   -0.13147650985256604
0.16372394355172032  0.1167428367382404   -3.273640569247412   0.043295992946064135   -0.07100798650178014   0.015648764281728622   -0.16239621611405983
0.15929798853403968  0.11737137461482855   -3.2826611827016845   0.044703621420236705   -0.09020613454272125   0.014076284741725746   -0.19198148040941101
0.15476601153520095  0.11806690266935393   -3.293875699848078   0.045850381451668344   -0.11214517146393353   0.011467600314316257   -0.21939036921212277
0.1501635736959326  0.11883770102817438   -3.307528788254822   0.04666536635909914   -0.13653088406743963   0.00814984907430802   -0.24385712603506102
0.14553088039477513  0.11969141756082034   -3.3238289524365436   0.04710698370804703   -0.16300164181721988   0.004416173489478897   -0.26470757749780266
0.1409099523960322  0.12063462287516431   -3.3429427497412783   0.04716207357037319   -0.19113797304734417   0.0005508986232616459   -0.2813633123012428
0.1363423662056769  0.12167232946372152   -3.3649898985018476   0.04683981059980875   -0.2204714876056979   -0.0032226297056444416   -0.29333514558353746
0.13186836832876742  0.12280732809326451   -3.3900391539772925   0.04615720842041359   -0.25049255475444204   -0.006826021793951605   -0.30021067148744124
0.12752733416075118  0.12403923490230186   -3.4181048322787513   0.04512446346942727   -0.28065678301459207   -0.010327449509863215   -0.3016422826014999
0.12335822902522357  0.12536346629471598   -3.4491439459010134   0.04374360114546783   -0.3103911362226207   -0.013808623239594402   -0.29734353208028713
0.11939838013746591  0.12677072538761808   -3.483054075560669   0.04202473244225491   -0.33910129659655724   -0.017188687032129175   -0.2871016037393647
0.11567988770181664  0.12824766489782535   -3.5196722976832784   0.04001066896565493   -0.36618222122609423   -0.020140634765999782   -0.27080924629536973
0.11222442387342683  0.12977911955017626   -3.558775655147168   0.03779627444804252   -0.391033574638893   -0.02214394517612416   -0.24851353412798852
0.10903829181140967  0.1313523680266869   -3.600251939969187   0.035533854681777305   -0.41476284822019205   -0.02262419766265205   -0.23729273581299007
0.10610786607579462  0.13296008411284316   -3.643382544732364   0.033424760291796474   -0.4313060476317677   -0.021090943899808364   -0.1654319941157568
0.1034001378506708  0.1346073061524507   -3.6881226646698226   0.0316940571541434   -0.4474011993745908   -0.017307031376530786   -0.16095151742823055
0.10086318203520189  0.13631341708455344   -3.733625064359431   0.030572797258808133   -0.4550239968960788   -0.011212598953352611   -0.07622797521488028
0.09843107734792389  0.1381159036717165   -3.7793876663838013   0.03027224984500207   -0.45762602024370636   -0.0030054741380606716   -0.026020233476275464
0.0960417875379541  0.1400628983983646   -3.8253437167014077   0.03082124958794031   -0.4595605031760601   0.005489997429382455   -0.019344829323537507
0.09363970503353501  0.14220779763613664   -3.8704897031204073   0.03220340525197807   -0.4514598641899978   0.01382155664037757   0.08100638986062318
0.0911880088554212  0.1445992638616641   -3.9145553785529072   0.034248977879079066   -0.440656754325   0.020455726271009955   0.10803109864997787
0.08867203668064676  0.1472696871093087   -3.9567620600601927   0.03668961202547666   -0.4220668150728557   0.024406341463975953   0.1858993925214431
0.08610091195788178  0.15022990614173462   -3.997218676902621   0.03920915589495626   -0.4045661684242798   0.025195438694795978   0.17500646648575852
0.08350031071016079  0.15346209807407155   -4.034853274886968   0.041485167876136084   -0.3763459798434786   0.022760119811798235   0.28220188580801214
0.08090264155384319  0.1569285679254771   -4.069291074605747   0.043317777270293296   -0.34437799718779327   0.018326093941572117   0.31967982655685345
0.07833280080246238  0.1605935941261709   -4.100871933006588   0.04476214755709273   -0.3158085840083989   0.0144437028679944   0.2856941317939438
0.07579395609260028  0.1644371243602786   -4.1286328077858405   0.04606349652522534   -0.2776087477925311   0.013013489681326016   0.3819983621586781
0.07326409519659141  0.1684721721940238   -4.152373052533812   0.04762542091548021   -0.2374024474797151   0.01561924390254872   0.4020630031281599
0.07071507890792907  0.17272747202047253   -4.1726892407894525   0.04960348843865779   -0.20316188255639492   0.019780675231775898   0.34240564923320194
0.06818134059106694  0.17712619751636824   -4.189791134626153   0.0507627972501299   -0.17101893836701926   0.011593088114721052   0.32142944189375644
0.06587577954795781  0.1812575995204265   -4.203380427827413   0.04731183175764729   -0.13589293201259536   -0.03450965492482607   0.3512600635442389
0.06417617820159002  0.1843724684357422   -4.212898283216245   0.035483873937572304   -0.09517855388832044   -0.11827956989247312   0.40714378124274914
0.0630566044919853  0.18645635382403186   -4.219384966248365   0.023655915967818995   -0.06486683032118684   -0.11827956989247312   0.3031172356713361
0.0625  0.1875   -4.2224367282486055   0.011827957985684373   -0.03051762000241373   -0.11827956989247312   0.34349210318773116
0.0625  0.1875   -4.2224367282486055   0.0   -3.242778447315243e-22   -0.11827956989247312   0.30517620002413726
