0.3125  0.125   1.0739897952803417   8.067328615503887e-28   -2.8741042016993195e-21   6.245217813244352e-21   -6.525735517618922e-07
0.3130582223566918  0.12604277818107676   1.0792918190482224   0.011827926844718943   0.05302023767880611   0.11827926844718945   0.5302023767880613
0.31415248312038546  0.12814005820207938   1.0898986615942092   0.02365584516658899   0.10606842545986803   0.11827918321870046   0.530481877810619
0.3157439459914907  0.13131152579135602   1.1057046076175086   0.0354837437990111   0.15805946023299453   0.11827898632422115   0.5199103477312651
0.317777819502916  0.13558320057304532   1.1264262252649702   0.047311570361802856   0.2072161764746154   0.11827826562791752   0.4915671624162088
0.3199662167793734  0.14049398977297559   1.1515820446884026   0.0537633083112988   0.2515581942343256   0.06451737949495948   0.4434201775971025
0.322011579642702  0.1454660527455065   1.1805259003686548   0.053763295514223354   0.28943855680252056   -1.2797075453163407e-07   0.3788036256819496
0.3238967239852335  0.1505008365002441   1.2125306565665772   0.053761339872763415   0.3200475619792245   -1.9556414599310965e-05   0.3060900517670388
0.32559737708546005  0.15556600213954   1.2468681400272978   0.05343044443088089   0.34337483460720586   -0.003308954418825371   0.2332727262798133
0.3268880576416562  0.15992390518249144   1.2828569002332835   0.04545016526912537   0.35988760205985626   -0.07980279161755507   0.1651276745265045
0.3278560510597268  0.16370049749425328   1.3198839763991963   0.03898674229361427   0.3702707616591305   -0.06463422975511103   0.10383159599274196
0.32865099482091015  0.1673690063588583   1.3574016027740998   0.037536506061605884   0.375176263749033   -0.014502362320083872   0.049055020899025414
0.3293563054751268  0.17133782511653972   1.394919503469142   0.04031003032779258   0.3751790069504216   0.027735242661866992   2.743201388564375e-05
0.329980126058166  0.17580349635798395   1.4320020301349623   0.045090322416773285   0.37082526665820353   0.047802920889807005   -0.043537402922180786
0.33048935271711927  0.18075285352870324   1.4682696536655915   0.04975484719455919   0.36267623530629295   0.04664524777785904   -0.08149031351910557
0.33084505590997115  0.18602277218732893   1.50340164521232   0.05281909449236753   0.3513199154672858   0.030642472978083517   -0.11356319839007134
0.33102546050916376  0.1913805343537802   1.5371374109466733   0.053607985647350975   0.3373576573435333   0.007888911549834393   -0.1396225812375249
0.3310336198880129  0.19674480115799728   1.5692752666288678   0.053642730096713616   0.3213785568219461   0.0003474444936263863   -0.159791005215872
0.3308784668336382  0.20211701822513672   1.5996689387435186   0.05374457059717412   0.3039367211465049   0.0010184050046050457   -0.17441835675441242
0.3305699487869898  0.2074834862583301   1.6282230781113989   0.05375329063080167   0.2855413936788034   8.72003362754164e-05   -0.18395327467701475
0.33011839998888054  0.2128405255068299   1.654888286121864   0.053760362561129274   0.26665208010465163   7.071930327610158e-05   -0.18889313574151773
0.32953436711887274  0.21818431970062505   1.679656063584844   0.053756144559379195   0.24767777462980012   -4.218001750076735e-05   -0.1897430547485148
0.328828145980497  0.22351328627276992   1.7025535322934922   0.05375558856837696   0.2289746870864826   -5.559910022423354e-06   -0.1870308754331754
0.3280100750129052  0.22882393851040983   1.723638342509087   0.0537329203535097   0.21084810215594887   -0.0002266821486725925   -0.18126584930533723
0.3270891448378986  0.23411908683976185   1.7429935228762001   0.053746356357503085   0.19355180367112954   0.0001343600399338651   -0.17296298484819325
0.3260742706953959  0.239398204135253   1.7607223742583957   0.053757835656464276   0.17728851382195576   0.00011479298961195794   -0.16263289849173804
0.3249771738753861  0.244644512880701   1.7769434836356508   0.05359792615861119   0.16221109377254825   -0.0015990949785308207   -0.1507742004940753
0.32380940016826937  0.24984250314092848   1.791785886143686   0.05327550860991618   0.14842402508035493   -0.003224175486950159   -0.13787068692193294
0.3225822894352321  0.2549771099678558   1.805384447075017   0.05279203350720982   0.1359856093133116   -0.004834751027063618   -0.12438415767043312
0.32130735073819805  0.26003171799075236   1.8178754840354647   0.052129196182489644   0.12491036960447341   -0.006628373247201709   -0.110752397088382
0.3199877914446063  0.2650202382671878   1.8293927339279494   0.05160094115199   0.11517249892484804   -0.0052825503049964175   -0.09737870679625385
0.31863037492888713  0.2699389575833727   1.8400636515500368   0.051025855513217866   0.1067091762208752   -0.00575085638772131   -0.08463322703972839
0.3172438360894566  0.2747751758923812   1.850006123334935   0.050310533177096925   0.09942471784898198   -0.0071532233612094116   -0.07284458371893211
0.3158354036155867  0.2795203796259996   1.8593256090329837   0.04949812168860273   0.09319485698048824   -0.008124114884941977   -0.06229860868493741
0.31440967196638103  0.2841735767339737   1.8681127285815025   0.0486671902427127   0.08787119548518404   -0.008309314458900345   -0.05323661495304191
0.3129696865388008  0.2887372474002958   1.8764413129952422   0.047854621492905154   0.08328584413739895   -0.008125687498075504   -0.04585351347785098
0.3115198392208052  0.29320837323813015   1.8843668816686798   0.04700321638276316   0.0792556867343767   -0.008514051101419857   -0.040301574030222505
0.3100694489052874  0.2975685732925108   1.8919255122149412   0.04595103544161798   0.07558630546261523   -0.01052180941145183   -0.036693812717614724
0.30863536581686685  0.3017781992511562   1.8991331163054492   0.04447195185304358   0.07207604090507992   -0.014790835885743979   -0.03510264557535302
0.30724185478303356  0.30577871505453935   1.9059851548988642   0.04236271909891254   0.06852038593414955   -0.02109232754131052   -0.035556549709303574
0.3059165094055437  0.309505714995979   1.912457037112785   0.03955637613978888   0.06471882213920654   -0.028063429591236613   -0.03801563794943025
0.3046824266217908  0.3129107043459938   1.9185046865511695   0.03621727873663185   0.06047649438384399   -0.03339097403157012   -0.04242327755362551
0.3035487539686965  0.31598516702596113   1.9240661646419488   0.03276817732936309   0.055614780907793954   -0.034491014072687703   -0.04861713476050042
0.30250375325786627  0.31877610807747947   1.9290636116357127   0.029801641630430028   0.049974469937638696   -0.029665356989330594   -0.05640310970155252
0.3015136082137517  0.3213859805995279   1.933405344294021   0.027913834902657208   0.04341732658308473   -0.01887806727772822   -0.06557143354553967
0.3005284511014102  0.3239549171585714   1.936987947752664   0.02751357770335797   0.035826034586429356   -0.0040025719929923645   -0.07591291996655378
0.29949424760568055  0.3266300425702017   1.939697879798521   0.028680782483274832   0.027099320458568308   0.011672047799168613   -0.08726714127861042
0.2983654821393965  0.32953494628135954   1.9414126914044865   0.031165007699299703   0.017148116059656573   0.02484225216024873   -0.09951204398911738
0.29711338989274816  0.33275161846301815   1.9420019521769283   0.03451769824071869   0.005892607724419213   0.03352690541418982   -0.11255508335237359
0.29572705239420943  0.33632028337440495   1.9413281446034616   0.038284854589794644   -0.006738075734668891   0.03767156349075956   -0.12630683459088107
0.29420876779330885  0.34025282001516305   1.9392478125667685   0.04215451643683849   -0.020803320366929834   0.03869661847043847   -0.1406524463226094
0.29256842982057146  0.34454788652046814   1.935613128043272   0.04597641237612747   -0.03634684523496709   0.03821895939288979   -0.1554352486803726
0.29082360587933787  0.3491907638180598   1.9302739674859701   0.04959911308319352   -0.053391605573016504   0.0362270070706606   -0.17044760338049408
0.28901086243394836  0.3541218011202696   1.923080412605723   0.052536813449796195   -0.07193554880247252   0.02937700366602671   -0.18543943229456017
0.2872023094420629  0.3591847050610308   1.9138856070442414   0.05376231043940803   -0.09194805561481542   0.012254969896118323   -0.20012506812342906
0.28545151990338963  0.3642670585350061   1.902548703372748   0.05375460988897361   -0.1133690367149363   -7.700550434423803e-05   -0.2142098110012087
0.28376991458211187  0.36937323253589105   1.8889376275988516   0.053759473010681666   -0.13611075773896128   4.863121708061881e-05   -0.22741721024025002
0.28217033378668016  0.3745054097378211   1.8729310984503524   0.0537567684604689   -0.16006529148499188   -2.7045502127666147e-05   -0.23954533746030576
0.28066590709571254  0.3796667199488548   1.8544198223210848   0.053760973543098285   -0.185112761292678   4.205082629384846e-05   -0.25047469807686124
0.27927075258769035  0.38485872948887623   1.8333071514957864   0.05376190023141638   -0.21112670825298513   9.266883180941731e-06   -0.26013946960307116
0.27799954759462375  0.39008244200034425   1.8095090701975955   0.05376163551908163   -0.23798081298190588   -2.6471233475274086e-06   -0.2685410472892075
0.27686749403045624  0.3953380333958045   1.7829546327635237   0.05376131154294866   -0.26554437434071915   -3.2397613297270695e-06   -0.27563561358813277
0.27589025650364296  0.4006245788294883   1.7535866386463352   0.053761097278809386   -0.29367994117188345   -2.1426413926241166e-06   -0.28135566831164327
0.2750838486495627  0.4059398502560963   1.721363379157658   0.05376095606073014   -0.32223259488677525   -1.4121807924990568e-06   -0.2855265371489181
0.2744644783467254  0.4112801358017896   1.6862611907127083   0.053760830798619735   -0.3510218844494938   -1.2526211041137095e-06   -0.2878928956271852
0.2740483489251687  0.4166400734379685   1.6482778922146224   0.053760668856713135   -0.3798329849808603   -1.6194190659320178e-06   -0.28811100531366507
0.2738514117454265  0.42201250465009627   1.607436915114324   0.053760395628947306   -0.40840977100298465   -2.7322776583130703e-06   -0.28576786022124306
0.27388906800953294  0.42738835380056356   1.5637917313923553   0.05375981034453823   -0.43645183721968495   -5.852844090836393e-06   -0.28042066216700345
0.27417581900683896  0.4327565391749944   1.5174302990298385   0.053758385716750935   -0.4636143236251709   -1.4246277872952447e-05   -0.27162486405485975
0.2747248682934325  0.4381039634001162   1.4684794034880233   0.05375537271987738   -0.48950895541814887   -3.0129968735450028e-05   -0.2589463179297795
0.2755477336029769  0.44341587112722847   1.4171083422208448   0.053752647394343926   -0.513710612671787   -2.7253255334608984e-05   -0.24201657253638137
0.27665381689076096  0.4486758123992911   1.3635318162893837   0.0537497929531486   -0.5357652593146112   -2.8544411953248213e-05   -0.2205464664282413
0.2780497893256739  0.45386519362040467   1.3080115891613335   0.053738642053073375   -0.5552022712804995   -0.00011150900075218674   -0.19437011965888226
0.2797391959123056  0.4589641735968063   1.2508566493196769   0.05371563218905554   -0.5715493984165693   -0.0002300986401783513   -0.16347127136069833
0.2817222490317584  0.46395261630928514   1.1924215067843533   0.053681524168241394   -0.5843514253532337   -0.0003410802081415282   -0.12802026936664407
0.28399743899768437  0.4688144820961088   1.1331023764322958   0.05367888626838022   -0.5931913035205755   -2.6378998611689556e-05   -0.08839878167341832
0.2865608914918353  0.4735352536529763   1.07333124614077   0.05371868648980295   -0.5977113029152598   0.00039800221422724803   -0.04519999394684375
0.2894018949604186  0.47809475478669755   1.0135678967971906   0.05372183103441981   -0.5976334934357904   3.1445446168644634e-05   0.0007780947946934134
0.2924946756012863  0.48245909815304944   0.9542902752606295   0.053490919894824344   -0.5927762153656136   -0.002309111395954637   0.04857278070176858
0.2957765849772535  0.48656088574690504   0.895984137591744   0.05253150542024265   -0.5830613766888553   -0.009594144745816945   0.09714838676758299
0.2989831423304337  0.4901319864655014   0.8391324233332197   0.047994552192507194   -0.5685171425852429   -0.045369532277354574   0.1454423410361233
0.3018995180243616  0.4930414189580303   0.7842063634119236   0.04119471400157583   -0.5492605992129609   -0.0679983819093137   0.1925654337228214
0.304453050938948  0.4953342636416438   0.731659626470907   0.03431860587065041   -0.5254673694101648   -0.06876108130925424   0.23793229802796018
0.306716846076119  0.49717212860042675   0.6819256668044288   0.02915907411047447   -0.49733959666478217   -0.05159531760175934   0.28127772745382706
0.3088626157202428  0.4987545152134668   0.635417222409707   0.026661347975620676   -0.4650844439472186   -0.02497726134853793   0.32255152717563507
0.31108858338729317  0.5002530818648335   0.5925260306558016   0.026833997211265927   -0.42891191753905406   0.001726492356452517   0.36172526408164535
0.313555675535382  0.5017779900116802   0.5536216808454751   0.029003255892193765   -0.3890434981032646   0.021692586809278356   0.3986841943578947
0.31634881554412575  0.5033737093661034   0.5190487721250802   0.03216823179244594   -0.3457290872039501   0.031649759002521746   0.43314410899314465
0.31946802570206406  0.5050339432365994   0.4891220811230163   0.03533532016853349   -0.29926691002063777   0.03167088376087549   0.46462177183312425
0.32284606549292433  0.5067249629025955   0.4641210899797485   0.0377765804956192   -0.2500099114326789   0.024412603270857147   0.49256998587958806
0.3263827856942733  0.5084085323198424   0.44428481544461484   0.03916988098695053   -0.1983627453513365   0.01393300491331322   0.5164716608134244
0.3299822123717772  0.5100584655586344   0.4298072808242724   0.03959564635057408   -0.14477534620342442   0.004257653636235571   0.5358739914791206
0.33357999130317684  0.5116687408640976   0.4208353262512345   0.03941700115255745   -0.08971954573037896   -0.0017864519801662525   0.5505580047304544
0.3371565228428618  0.5132550695839365   0.41746739804080313   0.039125460587380624   -0.033679282104313736   -0.002915405651768308   0.5604026362606523
0.340737546114915  0.5148531983899055   0.41975367918630896   0.039214465896470325   0.022862811455058578   0.0008900530908969941   0.5654209355937232
0.3443827727763476  0.5165148229410254   0.42769630992329927   0.0400607957510861   0.07942630736990276   0.008463298546157749   0.5656349591484418
0.3481621225042026  0.5182998388216613   0.44124934940188526   0.04179684923479284   0.13553039478586054   0.01736053483706738   0.5610408741595777
0.3521208220945339  0.5202627407900947   0.46031820320483957   0.04418629491614878   0.19068853802954241   0.023894456813559426   0.5515814324368189
0.3562399777831018  0.5224321856598255   0.4847570014975146   0.04655527320235806   0.2443879829267504   0.0236897828620928   0.5369944489720795
0.36040776775045685  0.5247874202193867   0.5143653315222371   0.047872333390526677   0.2960833002472257   0.013170601881686122   0.5169531732047534
0.3644197774255805  0.5272410468629719   0.5488837888233323   0.04702818871633872   0.345184573010952   -0.008441446741879561   0.49101272763726267
0.3680196562619846  0.5296409011238528   0.5879901100641667   0.04326479875170804   0.39106321240834413   -0.03763389964630677   0.45878639397392085
0.37097275264508145  0.5317999239167283   0.6312980709308637   0.03658163154920271   0.4330796086669692   -0.06683167202505333   0.42016396258625094
0.3731404871336965  0.5335470166705458   0.6783604730224094   0.027841346777001848   0.4706240209154575   -0.08740284772200857   0.3754441224848838
0.37451245800768845  0.5347715536584854   0.7286774639018169   0.01838965718526136   0.5031699087940744   -0.09451689591740488   0.3254588787861681
0.3751990854849767  0.5354531333410791   0.7817088304218439   0.00967475145051185   0.5303136652002705   -0.0871490573474951   0.27143756406196135
0.3754273361976065  0.5357061882157986   0.8368877757431541   0.0034078608750251287   0.5517894532131029   -0.06266890575486722   0.21475788012832542
0.3755146065195959  0.535814736120056   0.8936333860276259   0.001392794192220289   0.5674561028447173   -0.020150666828048395   0.156666496316142
0.3758239943364731  0.5362486234938114   0.9513588014232627   0.0053289687026326985   0.5772541539563673   0.039361745104124095   0.09798051111649986
0.3766871199421381  0.5376212953625694   1.0094745566858119   0.016214850817798047   0.5811575526254948   0.10885882115165352   0.03903398669127581
0.37803930673494  0.5400765174367657   1.067385846578525   0.028029492603770963   0.5791128989271299   0.11814641785972914   -0.020446536983648747
0.3797594097593381  0.5436711929178035   1.1244846799801644   0.039850277575593125   0.5709883340163944   0.11820784971822161   -0.0812456491073561
0.381726980621059  0.5484489684739566   1.1801442728537392   0.05167056643861034   0.5565959287357471   0.11820288863017216   -0.14392405280647103
0.38350506191127753  0.553522643932468   1.233718614493867   0.05376221324771363   0.5357434164012772   0.02091646809103293   -0.20852512334470072
0.3850230834885028  0.5586802218612603   1.2845509376057795   0.05376337005851507   0.5083232311191238   1.1568108014420098e-05   -0.27420185282153353
0.38629479007462786  0.5639039859944474   1.3319952028066393   0.0537633233351179   0.474442652008598   -4.672339717289277e-07   -0.33880579110525827
0.3873383953251922  0.5691780620687379   1.3754453344202084   0.05376336146151088   0.4345013161356944   3.812639298194994e-07   -0.3994133587290352
0.3881759749162949  0.5744887560465151   1.4143691782438286   0.05376337982031288   0.38923843823620025   1.8358801998891e-07   -0.4526287789949419
0.3888326854174946  0.5798248359218062   1.4483422458961552   0.05376338634970322   0.3397306765232675   6.529390332616078e-08   -0.49507761712932763
0.3893358223557073  0.5851775798691589   1.47707561705568   0.0537633839564773   0.28733371159524623   -2.3932259194168898e-08   -0.5239696492802126
0.38971380351114526  0.5905406136611508   1.5004336959012037   0.05376337155342407   0.2335807884552368   -1.240305322432593e-07   -0.5375292314000945
0.3899951532064856  0.5959095812874515   1.5184412739719955   0.05376334348171965   0.18007578070791805   -2.807170442336238e-07   -0.5350500774731873
0.3902075420218016  0.6012817131818271   1.531281611634845   0.05376328682236705   0.1284033766284973   -5.66593525953914e-07   -0.5167240407942076
0.39037690584543994  0.6066553635895588   1.5392892943340424   0.05376318704213348   0.08007682699197063   -9.978023357137874e-07   -0.4832654963652666
0.39052664718474095  0.6120295887328435   1.5429406632698217   0.05376310850333218   0.036513689357794095   -7.853880130496711e-07   -0.43563137634176546
0.3906769131532845  0.6174038058776526   1.5428430781678677   0.05376317492565289   -0.0009758510195407026   6.642232072146775e-07   -0.37489540377334785
0.39084394880434875  0.6227775380583473   1.5397225999903972   0.053763275996317375   -0.031204781774702966   1.0107066448305608e-06   -0.30228930755162264
0.3910395359517905  0.6281503128809854   1.5344090176701393   0.05376333660313542   -0.05313582320258   6.060681804491058e-07   -0.2193104142787703
0.3912705371121548  0.6335216846995192   1.5278168212585834   0.05376336740665487   -0.06592196411555984   3.08035194410034e-07   -0.12786140912979835
0.39153857067918285  0.6388913373797157   1.5209213534110622   0.053763381496141516   -0.06895467847521086   1.4089486651800706e-07   -0.030327143596510175
0.3918398442255983  0.6442592280253068   1.5147300201945206   0.05376338506157878   -0.0619133321654153   3.5654372630738884e-08   0.0704134630979555
0.39216517330831124  0.6496257139164182   1.510248059285454   0.053763379573422546   -0.044819609090668164   -5.488156235106392e-08   0.17093723074747136
0.39250021321826906  0.6549916005629225   1.5084384070911698   0.053763362287341215   -0.018096521942840456   -1.7286081329039073e-07   0.2672308714782771
0.392825925621551  0.6603580575344529   1.5101765666620321   0.053763322997133586   0.017381595708623354   -3.929020763221236e-07   0.35478117651463814
0.39311928936464857  0.6657263703969996   1.5162033389917702   0.05376322653631466   0.06026772329737935   -9.64608189230989e-07   0.42886127588755996
0.39335424056333324  0.6710975123140026   1.5270809462247987   0.05376278225534165   0.10877607233028376   -4.442809730134181e-06   0.4850834903290441
0.39350280963196366  0.6764715268409126   1.543157541078925   0.05376067791945696   0.16076594854126472   -2.1043358846876376e-05   0.5198987621098096
0.39353440439395926  0.6815244638253858   1.5645436562489348   0.05053035760614037   0.21386115170009776   -0.032303203133165925   0.5309520315883303
0.39343908275372375  0.6862179121903363   1.5911030458841042   0.04694416233096178   0.26559389635169384   -0.03586195275178582   0.5173274465159611
0.3931830336392851  0.6911679493097577   1.6224769724276977   0.04956654984226258   0.3137392654359355   0.026223875113007937   0.4814536908424163
0.3927142464381157  0.6965232485583678   1.6581108272189131   0.053757782210714894   0.3563385479121549   0.04191232368452317   0.4259928247621943
0.39203618173289284  0.7018564235086536   1.6972587337909009   0.05376107029703478   0.39147906571987623   3.288086319889594e-05   0.35140517807721317
0.3911361762031578  0.7071567787880545   1.7389930493477774   0.05376223213504887   0.417343155568764   1.1618380140846513e-05   0.2586408984888773
0.39000781870853307  0.7124132845736325   1.7822467519948686   0.053762481071368697   0.43253702647091247   2.489363198269585e-06   0.15193870902148487
0.3886513221936294  0.7176155775067373   1.8258665211312644   0.05376237955743736   0.43619769136396014   -1.015139313401008e-06   0.03660664893047726
0.3870734702452122  0.7227550014306362   1.8686713809823214   0.0537617847924253   0.4280485985105688   -5.947650120633012e-06   -0.08149092853391354
0.3852871535637251  0.7278255544958304   1.9095118017866979   0.05376005549989015   0.4084042080437645   -1.7292925351394386e-05   -0.19644390466804376
0.383310615149111  0.7328244872774874   1.947324055501833   0.05375503051805568   0.378122537151351   -5.024981834474897e-05   -0.30281670892413376
0.38123836693195995  0.7375873721374608   1.9811759179546622   0.0519415872522714   0.33851862452829273   -0.018134432657842772   -0.3960391262305832
0.37930657070897245  0.7416960317169592   2.0103019774765327   0.04540145392754793   0.2912605952187076   -0.06540133324723472   -0.4725802930958509
0.37764075024940186  0.745030342107784   2.034123641784495   0.0372727562515672   0.2382166430796228   -0.08128697675980726   -0.5304395213908484
0.37632274977918667  0.7475530698783823   2.0522426300822754   0.028462748714830823   0.18118988297780483   -0.0881000753673638   -0.5702676010181796
0.3754276577397273  0.7492166666369247   2.064415715678346   0.018891119432518626   0.12173085596070053   -0.09571629282312201   -0.5945902701710429
0.375  0.75   2.070521757647327   0.008924697754296638   0.061060419689810186   -0.09966421678221987   -0.6067043627089036
0.375  0.75   2.070521757647327   9.318599782991875e-28   1.1921515732804539e-20   -0.08924697754296637   -0.610604196898102
