0.65625  0.375   -2.9280971255637165   9.431284990592582e-27   -1.2600849761517141e-21   0.0   0.0
0.6550928848730737  0.3747548680980579   -2.9328316891012087   0.01182795445675792   -0.0473456353749274   0.11827954456757922   -0.47345635374927386
0.6527741161164103  0.3742865396744036   -2.942300807250328   0.023655908478180696   -0.09469118149119143   0.1182795402142277   -0.47345546116264065
0.6492864392771998  0.37363296920123906   -2.9563468951649594   0.03548386125854707   -0.14046087914631564   0.11827952780366383   -0.45769697655124153
0.6446211173430583  0.372846302401128   -2.9745439948084873   0.04731180973454725   -0.18197099643527792   0.11827948476000175   -0.4151011728896233
0.6393015410209498  0.3720670821079653   -2.9961454027707655   0.05376344086021505   -0.21601407962278005   0.06451631851732997   -0.34043083187502104
0.633964822935333  0.3714155340385638   -3.020106094840819   0.05376344000535214   -0.23960692070053777   -1.580928106642245e-08   -0.2359284107775773
0.6286134346038466  0.3708981247131703   -3.0452053299835797   0.05376343505057507   -0.2509923514276089   -4.954777063498715e-08   -0.11385430727071158
0.6232507876548077  0.3705146222183572   -3.070200535598275   0.0537634229412199   -0.2499520561469474   -1.2109355174682352e-07   0.010402952806615438
0.6178805496451113  0.3702585571867619   -3.093946491065286   0.053763394220597366   -0.23745955467010893   -2.872062253060589e-07   0.12492501476838438
0.612506049945503  0.37011812603859545   -3.1154694402467182   0.05376334060348557   -0.215229491814323   -5.361711180646589e-07   0.22230062855785948
0.6071298759439516  0.3700773109113618   -3.1340009456009175   0.05376328930558946   -0.18531505354199795   -5.129789610199757e-07   0.29914438272325045
0.6017536970121065  0.37011704867635   -3.148983970330519   0.05376325789717659   -0.14983024729601   -3.140841286923339e-07   0.3548480624598799
0.5963782933746374  0.3702163506873625   -3.16006395804702   0.053763207823848955   -0.11079987716501839   -5.007332763633934e-07   0.39030370130991576
0.5910037307488036  0.3703533315955172   -3.1670740311721843   0.05376307951392295   -0.07010073125163974   -1.2830992600473916e-06   0.40699145913378654
0.5856296490032913  0.37050614171367385   -3.1700196410355286   0.05376253857441864   -0.029456098633438392   -5.409395043030336e-06   0.4064463261820134
0.5803488081328129  0.37065125500121493   -3.1690649411112353   0.052828342928329754   0.009546999242926981   -0.009341956460888807   0.39003097876365367
0.5752846537312294  0.3707673885483414   -3.164521100513024   0.05065485840848928   0.04543840598211419   -0.021734845198404826   0.3589140673918721
0.5703903412161442  0.3708419875453615   -3.156833450065227   0.048948810001544274   0.0768765044779737   -0.017060484069450068   0.3143809849585951
0.565510901299798  0.3708662540964434   -3.1465658372812344   0.04879500257478378   0.10267612783992978   -0.0015380742676049564   0.2579962336195608
0.5604356450528011  0.37082967392010796   -3.134385225796001   0.05075388072056913   0.12180611485232956   0.019588781457853543   0.1912998701239977
0.5550610689512712  0.3707192373829567   -3.1210475917609135   0.05375710604177882   0.13337634035087134   0.030032253212096863   0.11570225498541784
0.5496879011050605  0.37053535528559534   -3.107383716218285   0.05376313358545868   0.13663875542628226   6.0275436798684436e-05   0.032624150754109224
0.5443175936253235  0.37028108503263346   -3.0942805577416097   0.05376323631298305   0.13103158476676185   1.0272752435610522e-06   -0.05607170659520417
0.538950603631355  0.36996439670671993   -3.0826543017737   0.05376325240452379   0.11626255967909448   1.6091540744738568e-07   -0.1476902508766737
0.5335867705258766  0.36959816489165526   -3.0734204558022373   0.053763213562611524   0.0923384597146269   -3.884191226993316e-07   -0.23924099964467582
0.5282252287331356  0.369199986365486   -3.067463062176498   0.053763069605449444   0.05957393625739336   -1.4395716207965298e-06   -0.32764523457233546
0.5228847288033186  0.368793393106936   -3.0656053123914853   0.053559553375910667   0.01857749785012723   -0.002035162295387763   -0.4099643840726612
0.5177394635720475  0.36841707357545345   -3.0685836553842667   0.051590086925588315   -0.029783429927815963   -0.01969466450322356   -0.48360927777943197
0.512603571791441  0.36808501032710517   -3.0770271002178307   0.05146615429872062   -0.08443444833563568   -0.0012393262686768893   -0.546510184078197
0.5072907168979696  0.3678183636234529   -3.0914457629977026   0.05319542046421368   -0.14418662779872324   0.01729266165493064   -0.5975217946308754
0.5019167244384729  0.36766047026781196   -3.1122200880629403   0.05376311492693745   -0.20774325065237384   0.005676944627237724   -0.6355662285365062
0.4965404235181888  0.36764969870947045   -3.1395891303330914   0.0537631171082055   -0.2736904227015097   2.1812680474007005e-08   -0.6594717204913575
0.49116686500209933  0.3678219892073655   -3.1736443181990457   0.05376319851114674   -0.34055187865954617   8.140294124013335e-07   -0.668614559580366
0.48580475694470476  0.36821268693924014   -3.2143268320701397   0.05376322863896409   -0.4068251387109427   3.0127817345685797e-07   -0.6627326005139657
0.48046699028685363  0.36885541352778883   -3.26142686723663   0.05376323126569219   -0.47100035166490084   2.6267280946223708e-08   -0.6417521295395804
0.4751709149639474  0.36978083982736926   -3.3145842204516875   0.053763210155125196   -0.5315735321505729   -2.1110566986208454e-07   -0.6057318048567212
0.46993826528775257  0.37101540347635703   -3.373290215224049   0.05376315656393035   -0.5870599477236174   -5.359119485002166e-07   -0.554864155730445
0.4647946743671543  0.3725800417198729   -3.436890696761982   0.053763017392560564   -0.6360048153793324   -1.3917136978412754e-06   -0.48944867655715035
0.4598564199160315  0.37445573287153583   -3.5045900374172523   0.05282478047323944   -0.6769934065526975   -0.00938236919321128   -0.4098859117336511
0.4556251235954237  0.3764161156683381   -3.5754561668429177   0.046633645860888924   -0.7086612942566533   -0.0619113461235051   -0.3166788770395559
0.45227600439387805  0.3782755882324736   -3.648428909547414   0.03830696756849226   -0.7297274270449634   -0.08326678292396665   -0.21066132788310202
0.4497793310652001  0.37991400244119256   -3.722341262438349   0.029862650300107724   -0.7391235289093505   -0.08444317268384534   -0.0939610186438719
0.44805835412038914  0.3812341542988116   -3.7959447430819435   0.02169000362320468   -0.7360348064359454   -0.08172646676903043   0.03088722473405108
0.44706457199677  0.3821169793304649   -3.867933138030014   0.013292791075386869   -0.719883949480704   -0.08397212547817814   0.161508569552414
0.4466916928169377  0.3824973706489393   -3.936963183650948   0.005326691636683272   -0.6903004562093442   -0.07966099438703594   0.29583493271359745
0.44668899695787867  0.3825005025447159   -4.001672367490472   4.1323633941640655e-05   -0.6470918383952478   -0.05285368002741632   0.4320861781409653
0.44667922568306945  0.38251331085599427   -4.060692034321482   0.000161099549721063   -0.5901966683101012   0.0011977591577942241   0.5689517008514661
0.4460884222463445  0.38337737627753904   -4.112653535013991   0.010467367164454603   -0.5196150069250892   0.10306267614733541   0.7058166138501187
0.44491132403032396  0.3852708236280154   -4.156188312865926   0.022295073624422096   -0.4353477785193502   0.11827706459967491   0.8426722840573909
0.44320855409790183  0.38822789954842407   -4.18993194323554   0.03412290058277458   -0.33743630369613337   0.11827826958352487   0.9791147482321684
0.44101074915294314  0.3922632861890066   -4.213675602311664   0.04595072569075824   -0.23743659076124102   0.11827825107983658   0.9999971293489237
0.43850439849050354  0.397019675634085   -4.227419275221026   0.05376340223270804   -0.13743672909361898   0.07812676541949798   0.9999986166762205
0.43601587064060443  0.40178541685064056   -4.231162957357394   0.05376342641879726   -0.03743682136367646   2.4186089217354956e-07   0.999999077299425
0.4334975753934427  0.4065354965292565   -4.224906646533945   0.05376343358182477   0.06256310823448633   7.163027510458044e-08   0.9999992959816276
0.4309023974416851  0.41124401239585334   -4.208650341544215   0.0537634357786751   0.1625630498973097   2.196850339825293e-08   0.9999994166282341
0.4281845000480757  0.41588277330130313   -4.182394041713594   0.0537634345816129   0.26256299830620994   -1.1970622032776005e-08   0.9999994840890024
0.425300241705966  0.42041996586162367   -4.14613774673526   0.05376342856761617   0.3625629497833353   -6.013996736204064e-08   0.999999514771254
0.42220927081229687  0.4248189360488894   -4.099881456633497   0.05376340741987719   0.4625629010176328   -2.1147738983362785e-07   0.9999995123429747
0.41898625457768063  0.4288974435641198   -4.043625171838097   0.05198274444504245   0.5625628479539819   -0.01780662974834733   0.9999994693634908
0.41629344640462596  0.43187621707603974   -3.977368893479523   0.04015508372819561   0.6625627835857504   -0.1182766071684684   0.9999993563176834
0.41412729196499076  0.4339330634851317   -3.901112624473188   0.029871126873527956   0.762562690063348   -0.1028395685466766   0.9999990647759776
0.4111108570633524  0.43633891229135785   -3.8148563763317944   0.038583659746374926   0.862562481413939   0.08712532872846977   0.9999979135059106
0.4068880196025694  0.43909216165710213   -3.7193658086978023   0.05041104867998657   0.9549056763399261   0.11827388933611639   0.9234319492598708
0.40210862655381663  0.4415543534324518   -3.6173011342669468   0.0537633576453921   1.0206467443085512   0.033523089654055246   0.6574106796862497
0.39709607635286853  0.44349841402832124   -3.511571328465435   0.053763399369306825   1.0572980580151219   4.1723914732221813e-07   0.36651313706570854
0.3919055046253467  0.4448994878408538   -3.405236152021994   0.0537634101287416   1.0633517644344055   1.075943477853854e-07   0.06053706419283574
0.38659765959526804  0.445754955285312   -3.30138888118008   0.053763410803127035   1.0384727084191354   6.743854269004552e-09   -0.24879056015270046
0.38123146799479796  0.4460851377481476   -3.2030453086296102   0.05376340088919182   0.9834357255047085   -9.913935216188509e-08   -0.5503698291442707
0.3758573217796145  0.4459316788902896   -3.1130453899794133   0.05376336779185779   0.8999991865019658   -3.309733403604328e-07   -0.8343653900274272
0.3705126352776967  0.4453492387056373   -3.0330454353354743   0.05376328707629348   0.7999995464393874   -8.071556430386191e-07   -0.9999964006257831
0.36522177147243734  0.44439440179668316   -2.9630454696213864   0.053763327025496147   0.6999996571408789   3.9949202667114404e-07   -0.9999988929850865
0.3599976765136661  0.443124019965847   -2.9030454968703308   0.05376340589506684   0.5999997275105516   7.886957069630653e-07   -0.999999296303273
0.3548436005964388  0.4415941292811852   -2.853045518642372   0.05376343001293464   0.4999997822795904   2.4117867796919036e-07   -0.9999994523096111
0.3503654802214285  0.44006752758959294   -2.813045535677037   0.04731181122917906   0.39999982965334774   -0.06451618783755576   -0.9999995262624266
0.3470427439589675  0.43882234873063486   -2.7830455483229   0.03548386486935885   0.2999998735413725   -0.11827946359820211   -0.9999995611197524
0.34484463058418985  0.43794809527023726   -2.763045556722714   0.02365591156855666   0.19999991600185646   -0.11827953300802187   -0.9999995753951603
0.34375  0.4375   -2.753045560919885   0.011827956235346476   0.09999995802829142   -0.11827955333210187   -0.9999995797356502
0.34375  0.4375   -2.753045560919885   5.267463655493154e-26   1.4243437847355788e-19   -0.11827956235346475   -0.9999995802829141
