0.28125  0.34375   -0.028882850870240177   0.0   8.843426118119694e-22   0.0   0.0
0.28242301087354327  0.3437180734377861   -0.027210900345319634   0.011734452755987437   0.016719505249205423   0.11734452755987437   0.16719505249205427
0.28473620148494266  0.34366284876120134   -0.02386927733038005   0.02313849729253866   0.033416230149395855   0.11404044536551225   0.16696724900190432
0.28807962790266856  0.34359975707821744   -0.018868127453915962   0.03344021646342186   0.050011498764640866   0.10301719170883204   0.1659526861524501
0.29218766887757747  0.34354949817140873   -0.012233665582950477   0.041083484040716066   0.06634461870965486   0.07643267577294206   0.16333119945013994
0.2967841822373093  0.34353104037668575   -0.004015586179155161   0.04596550419213605   0.08218079403795316   0.04882020151419983   0.15836175328298302
0.3016339832438762  0.3435587186231091   0.005707027128721829   0.0484987998703221   0.0972261330787699   0.025332956781860455   0.15045339040816738
0.3065790210949505  0.3436419126806983   0.016822158367824337   0.04945737619381897   0.11115131239102509   0.009585763234968717   0.13925179312255206
0.3115262638204975  0.34378633284176713   0.029183762801367728   0.04949350236990305   0.12361604433543388   0.0003612617608407675   0.12464731944408788
0.3164134277939899  0.34399471337744675   0.042612524122550975   0.048916044557434195   0.13428761321183239   -0.005774578124688544   0.10671568876398513
0.32117343973453777  0.3442658416107949   0.056898089901087495   0.047677273614453335   0.14285565778536521   -0.012387709429808633   0.0856804457353282
0.32571293684773783  0.3445923513027493   0.07180275023271657   0.04551224298987115   0.1490466033162908   -0.021650306245821795   0.061909455309255644
0.32991528926664637  0.3449591621724225   0.08706635909898174   0.04218330957477924   0.15263608866265171   -0.03328933415091911   0.035894853463609155
0.33367505148814064  0.3453455800024897   0.1024175916786375   0.03779567528378163   0.1535123257965576   -0.04387634290997603   0.008762371339058835
0.33693687112485965  0.34573081965272456   0.11756114832885564   0.03284490360862551   0.15143556650218148   -0.04950771675156127   -0.02076759294376098
0.33973269901106873  0.34610263997460816   0.1322152954724832   0.028204439226956687   0.14654147143627552   -0.046404643816688226   -0.04894095065905979
0.34220944551020926  0.3464670720665417   0.14609314234429296   0.025034144624166785   0.1387784687180978   -0.031702946027899026   -0.07763002718177678
0.34463902762888066  0.3468564367365244   0.15890869768521299   0.02460584100899576   0.12815555340920004   -0.004283036151710222   -0.1062291530889781
0.34739509456776413  0.34733068205910894   0.17040445478603314   0.027965717579925168   0.1149575710082013   0.03359876570929407   -0.13197982400998728
0.35087619786458885  0.3479653107848941   0.18032642015256609   0.03538479021099151   0.09921965366532973   0.0741907263106634   -0.15737917342871552
0.355335021677549  0.3488157097515118   0.18845938437746154   0.04539194663974032   0.08132964224895436   0.10007156428748815   -0.1789001141637537
0.36059035954891905  0.34985160053740055   0.19461721572354557   0.05356458332009505   0.061578313460840244   0.08172636680354725   -0.19751328788114128
0.36586079875817157  0.35091262535389794   0.1986608199557737   0.05376179230611491   0.040436042322281485   0.001972089860198536   -0.21142271138558758
0.3711292652365276  0.35198358561659093   0.20054492795968729   0.053762156688359965   0.018841080039135722   3.643822450611724e-06   -0.21594962283145766
0.37639801288460956  0.35305331983804583   0.2003110326289309   0.053762471189230825   -0.0023389533075639183   3.14500870854483e-06   -0.2118003334669964
0.3816691222155213  0.35411146756675216   0.19811160012488108   0.05376269170549437   -0.0219943250404978   2.205162635500934e-06   -0.19655371732933885
0.3869443386147745  0.3551489938777137   0.19420063032964724   0.053762783507642235   -0.03910969795233866   9.18021478638155e-07   -0.1711537291184086
0.3922249640060384  0.356158604151281   0.1889116043288235   0.0537627356329295   -0.052890260008237315   -4.787471273564054e-07   -0.13780562055898657
0.3975118164891641  0.3571349787485812   0.18262209679449024   0.05376254879801826   -0.0628950753433326   -1.8683491123558765e-06   -0.10004815335095273
0.4028052498909128  0.3580748077748733   0.17571514097387358   0.05376217608822825   -0.06906955820616625   -3.7270979001558658e-06   -0.06174482862833661
0.40810493499894024  0.35897661693598565   0.16854836252114255   0.05375864768325316   -0.07166778452731089   -3.5284049750950683e-05   -0.02598226321144635
0.41338696120319884  0.3598368130536006   0.1614362286683034   0.05351610802668654   -0.07112133852839102   -0.002425396565666166   0.005464459989198614
0.41808292729198876  0.3605688595422867   0.15464370873421546   0.04752682355119741   -0.06792519934087983   -0.05989284475489121   0.03196139187511191
0.42220766172791074  0.36118544787306595   0.14838681210936835   0.04170565349750175   -0.0625689662484708   -0.05821170053695661   0.05356233092409016
0.426056742301053  0.3617390176231858   0.14283924989249216   0.03888683675331794   -0.05547562216876201   -0.02818816744183816   0.07093344079708816
0.4299194107621614  0.3622760176923053   0.1381376734495895   0.03899817523253762   -0.04701576442902669   0.001113384792196779   0.08459857739735303
0.43396907514357996  0.3628235277745905   0.13438404151536903   0.040865081539545225   -0.03753631934220468   0.018669063070076156   0.09479445086822015
0.4382549044701253  0.36339102217637215   0.13164599253520495   0.04323237549838328   -0.027380489801640664   0.023672939588380494   0.10155829540564017
0.44273853786687234  0.3639770015365574   0.1299563959540283   0.045217629578507515   -0.01689596581176614   0.019852540801242366   0.10484523989874525
0.4473399853541473  0.3645753676990432   0.12931304213088582   0.04640189763636879   -0.0064335382314250344   0.011842680578612754   0.10462427580341105
0.45197408631091024  0.3651797048865195   0.12967903511662196   0.04673340894225663   0.0036599298573611106   0.0033151130588783416   0.10093468088786144
0.4565720299031417  0.36578542997232005   0.13098399367548416   0.04637670552865415   0.013049585588622044   -0.003567034136024732   0.09389655731260933
0.46108954594317564  0.3663904069607222   0.13312600226548316   0.04557844702100317   0.021420085899989783   -0.007982585076509787   0.08370500311367743
0.4655053795479474  0.3669945745935788   0.1359742249975945   0.04456972622041524   0.028482227321113933   -0.010087208005879386   0.07062141421124149
0.4698135929002387  0.3675989370575605   0.13937198136344706   0.04350397255048794   0.03397756365852543   -0.01065753669927301   0.05495336337411496
0.4740132831432891  0.36820422154433985   0.14314029697457523   0.04243084661836698   0.03768315611128163   -0.01073125932120962   0.037055924527561984
0.4780995426140426  0.36880960789751355   0.1470818467515047   0.04130860576070786   0.039415497769294566   -0.011222408576591148   0.017323416580129307
0.4820591986270954  0.3694120650719715   0.15099086324857033   0.04005225385514038   0.03909016497065624   -0.012563519055674833   -0.0032533279863831543
0.48587318736001317  0.37000659855555557   0.15463782273279825   0.038600492377599424   0.03646959484227934   -0.014517614775409535   -0.026205701283769072
0.4895240493895492  0.3705875584555784   0.15780638920468396   0.03696796987142704   0.03168566471885731   -0.01632522506172384   -0.047839301234220304
0.4930048983572263  0.37115023936036384   0.16026412845315505   0.0352603450584274   0.024577392484710716   -0.017076248129996408   -0.07108272234146591
0.4963255011208593  0.3716922579007482   0.1618020299674234   0.03364548530185192   0.015379015142683613   -0.01614859756575475   -0.09198377342027104
0.4995108102256472  0.3722135382225759   0.16221348604562832   0.032276814072912365   0.004114560782049316   -0.013686712289395615   -0.11264454360634298
0.5025980776627498  0.3727158796162215   0.16130031614791662   0.031278694192641336   -0.009131698977117174   -0.00998119880271025   -0.1324625975916649
0.5056313798594992  0.37320196484955875   0.15889854839685089   0.030720027784617115   -0.024017677510657514   -0.005586664080242217   -0.1488597853354034
0.5086610190795546  0.3736749193561821   0.1548592789852875   0.03066333277554319   -0.04039269411563356   -0.000566950090739246   -0.16375016604976048
0.5117456603201677  0.37413813375811006   0.14905424550337573   0.031192273346852623   -0.05805033481911786   0.005289405713094311   -0.17657640703484295
0.5149535964252513  0.3745947715103133   0.14139636748154794   0.03240273459299089   -0.07657878021827806   0.012104612461382735   -0.18528445399160196
0.518364904943172  0.37504708252120816   0.1318227293669294   0.034411642005314116   -0.09573638114618521   0.02008907412323226   -0.19157600927907154
0.5220682409501728  0.3754947822501218   0.12030711461201575   0.03730299267890195   -0.11515614754913649   0.028913506735878333   -0.1941976640295128
0.5261459305288502  0.37593219185814325   0.10686036392392548   0.04101082718654675   -0.1344675068809027   0.037078345076447985   -0.19311359331766217
0.5306503618039384  0.3763456478003372   0.09153222824945359   0.04523366769137012   -0.15328135674471888   0.04222840504823372   -0.18813849863816184
0.5355718415201532  0.3767125446062682   0.07441244945053406   0.04935136863686745   -0.17119778798919535   0.04117700945497324   -0.17916431244476472
0.5408087485469314  0.3770041777944938   0.05563060015979163   0.05245020984095034   -0.18781849290742433   0.03098841204082897   -0.1662070491822897
0.5461664624080532  0.3771936735247246   0.0353540293255495   0.05361063928870309   -0.20276570834242125   0.011604294477527506   -0.149472154349969
0.5515317228504824  0.3772676319018449   0.013783803044046883   0.053657701643513606   -0.21570226281502614   0.00047062354810510165   -0.12936554472604925
0.5568654929081034  0.377220419948872   -0.008851285206324904   0.05333979002215519   -0.22635088250371793   -0.0031791162135841444   -0.10648619688691745
0.5619679359158717  0.37705554559468113   -0.03230158711231364   0.05105106090983005   -0.23450301905988727   -0.02288729112325139   -0.08152136556169386
0.566716254945332  0.37678791583668725   -0.05630348209106654   0.047558552640819846   -0.24001894978752908   -0.03492508269010202   -0.055159307276417845
0.5710719257985445  0.3764361420085629   -0.0805873536520335   0.04369852790160565   -0.2428387156096698   -0.038600247392141955   -0.028197658221407483
0.5750533284418331  0.3760170543412683   -0.1048751134307263   0.04003398741177426   -0.24287759778692763   -0.036645404898313916   -0.0003888217725779677
0.5787144519764497  0.3755425139780035   -0.12889741434627497   0.03691749462258561   -0.24022300915548675   -0.031164927891886553   0.026545886314408726
0.5821437905032728  0.37501585164899565   -0.15238490748052577   0.034695440536684025   -0.23487493134250786   -0.02222054085901584   0.053480778129789006
0.585479822013762  0.3744257585371638   -0.1750738275729829   0.03387818784941765   -0.2268892009245715   -0.008172526872663703   0.07985730417936342
0.5889242618608898  0.3737393362620816   -0.19670715010513748   0.035121704685571714   -0.21633322532154606   0.01243516836154058   0.10555975603025466
0.592730468382996  0.3729000273506714   -0.21703728751084866   0.03897646410039091   -0.20330137405711154   0.03854759414819201   0.1303185126443449
0.5971283293602354  0.37184326713968724   -0.23581878078142401   0.045230435901763975   -0.18781493270575375   0.06253971801373058   0.15486441351357788
0.6021498176826997  0.3705459428458301   -0.2528261695540441   0.05186366290194303   -0.17007388772620052   0.06633227000179065   0.17741044979553203
0.6073325545252802  0.36912360398332933   -0.26784345675227966   0.05374365917874113   -0.15017287198235643   0.0187999627679809   0.1990101574384414
0.6124982627708805  0.36763443465236373   -0.280669937234   0.053760735648738935   -0.1282648048172034   0.00017076469997813002   0.21908067165153008
0.6176482102670026  0.3660911978808621   -0.29114546316780343   0.0537620116306254   -0.10475525933803362   1.2759818864577104e-05   0.23509545479169788
0.6227856824982101  0.3645067864766686   -0.29914794988099475   0.05376242221491904   -0.08002486713191316   4.1058429364531995e-06   0.24730392206120444
0.6279144419489583  0.36289435811028076   -0.304605380028993   0.05376253225096412   -0.054574301479982365   1.1003604507320465e-06   0.254505656519308
0.6330384806861218  0.36126698954919284   -0.3075197276916504   0.05376253473707789   -0.029143476626574176   2.486113775818783e-08   0.25430824853408196
0.6381617967325552  0.35963741855062875   -0.30795086061069205   0.05376231854281545   -0.00431132919041647   -2.1619426244944657e-06   0.2483214743615771
0.64328823434606  0.35801782180522346   -0.3060068820007119   0.05376193469628128   0.01943978609980162   -3.8384653415915205e-06   0.23751115290218092
0.6484143844669428  0.3564217435498749   -0.3018459823826166   0.053688807827155634   0.04160899618095228   -0.0007312686912564755   0.22169210081150656
0.6530168693998966  0.35501997905079796   -0.2956413130384066   0.04811217233604521   0.06204669344210071   -0.055766354911104245   0.2043769726114842
0.6565860976896148  0.3539642735670061   -0.2875805308362778   0.03722083375292535   0.0806078220212868   -0.10891338583119856   0.18561128579186084
0.6592602186988326  0.3532015212115895   -0.27785629929642885   0.027807758499438888   0.09724231539849068   -0.09413075253486466   0.16634493377203877
0.6614280388325365  0.35260934001846855   -0.2666631212914741   0.022472478051113607   0.11193178004954644   -0.0533528044832528   0.14689464651055772
0.6634779958256127  0.35207672750034325   -0.2541961092572193   0.02118017886592449   0.12467012034254887   -0.012922991851891214   0.12738340293002443
0.6656978740654856  0.3515319458445087   -0.2406545875073073   0.022857485540616243   0.13541521749911986   0.01677306674691752   0.10745097156570976
0.6682586256557672  0.3509425527999295   -0.22622422263036326   0.02627704867013846   0.14430364876944068   0.034195631295222226   0.08888431270320833
0.6712356224425924  0.3503045859434875   -0.2111058499994443   0.03044587259167432   0.1511837263091895   0.041688239215358545   0.06880077539748793
0.6746401648913389  0.3496304375305486   -0.19548559719222316   0.03470646246448354   0.15620252807221138   0.042605898728092235   0.050188017630218656
0.6784471879430997  0.3489394288112092   -0.17955413759360006   0.03869226998618862   0.15931459598623082   0.039858075217050794   0.031120679140194705
0.6826125349399718  0.34825231745544316   -0.16348667727158697   0.04221639210019831   0.16067460322013105   0.03524122114009689   0.013600072339002412
0.6870849073396239  0.3475879502734142   -0.14747073619965398   0.04521448731737435   0.16015941071933001   0.029980952171760344   -0.005151925008010331
0.6918121234413874  0.3469618522183021   -0.13167901318695133   0.047684977558337345   0.1579172301270265   0.024704902409630025   -0.022421805923035137
0.6967425891023277  0.3463859362164125   -0.11628069370135936   0.04963987396735432   0.15398319485591966   0.019548964090169756   -0.03934035271106862
0.7018281854161273  0.3458682880155056   -0.10143776309386443   0.05111873387207328   0.14842930607494917   0.014788599047189682   -0.05553888780970464
0.7070229942739111  0.3454136248798744   -0.08730013314654644   0.05214667547966743   0.14137629947318006   0.010279416075941412   -0.07053006601769131
0.7122874488562012  0.3450232625532244   -0.07401511923617267   0.052789075380298395   0.13285013910373747   0.006423999006309659   -0.0852616036944258
0.7175850332470906  0.3446959039283018   -0.06171546894225799   0.053076891438658125   0.12299650293914687   0.0028781605835972827   -0.09853636164590616
0.7228995046430118  0.3444271917566289   -0.05051932923059882   0.0532126041923118   0.11196139711659178   0.0013571275365367765   -0.11035105822555089
0.7282265592983344  0.34421116849580896   -0.040529894415496086   0.053314329546580386   0.09989434815102731   0.001017253542685786   -0.12067048965564463
0.7335123021732614  0.34404284293149234   -0.03183444641421987   0.05288422376801157   0.08695448001276218   -0.004301057785688023   -0.1293986813826513
0.7385445622095413  0.3439195085024168   -0.02450384961923739   0.05033771196045995   0.07330596794982476   -0.025465118075516272   -0.13648512062937435
0.7429841381072887  0.3438369553469416   -0.01859268646761894   0.04440343362324747   0.05911163151618456   -0.0593427833721249   -0.14194336433640192
0.7464758857268886  0.3437875790102333   -0.01413992399242386   0.03492096714240645   0.04452762475195078   -0.09482466480841009   -0.14584006764233778
0.7488208214233026  0.34376141125590604   -0.011158799891853161   0.023450816982964213   0.029811241005707013   -0.11470150159442241   -0.14716383746243766
0.75  0.34375   -0.009676990349158325   0.01179233790434929   0.014818095426948346   -0.11658479078614922   -0.14993145578758668
0.75  0.34375   -0.009676990349158325   0.0   2.4991715909510893e-21   -0.11792337904349291   -0.1481809542694834
