0.8125  0.09375   1.6752830782579289   1.573104411925545e-21   -2.8271876900720355e-20   -8.208842661281315e-19   0.0
0.8123788718656845  0.09489299493144114   1.6763766023828248   0.01149395248912573   0.01093524124895872   0.11493952489125729   0.1093524124895872
0.8121352169942941  0.09714508659894255   1.678567614089121   0.02265233889729963   0.021910117062963197   0.11158386408173902   0.10974875814004478
0.8117645138582312  0.10046898923535245   1.6818638252751934   0.03344510360489101   0.03296211186072235   0.10792764707591376   0.1105199479775915
0.8112702625853271  0.1047299655691154   1.6862750984807398   0.042895458544761865   0.04411273205546439   0.09450354939870854   0.11150620194742047
0.8106741893063554  0.10963144193075769   1.6918130470531891   0.04937587860245158   0.05537948572449444   0.06480420057689716   0.1126675366903005
0.8100057008292428  0.11483810300619605   1.6984887572148955   0.052493996226725764   0.06675710161706275   0.031181176242741825   0.11377615892568307
0.8092870470909801  0.12010870225122158   1.70631205615989   0.05319368345694841   0.07823298944994538   0.006996872302226502   0.11475887832882617
0.8085193168953689  0.12538497554367442   1.7152884369136698   0.05331835472883772   0.08976380753780032   0.0012467127188930626   0.11530818087854952
0.8076973893675378  0.13065829341244373   1.7254175623914803   0.05336988495967174   0.10129125477810311   0.0005153023083401956   0.11527447240302781
0.8068151367682715  0.13592757969709218   1.7366905678935476   0.05342634892868226   0.11273005502067283   0.0005646396901052081   0.1143880024256974
0.8058665736738475  0.14119143597320297   1.7490859612276144   0.053486404664785006   0.12395393334066732   0.0006005573610274786   0.11223878319994483
0.804846137726257  0.14644716197158086   1.7625673483696709   0.05353871990733167   0.13481387142056703   0.0005231524254665643   0.10859938079899693
0.8037488124592146  0.15169101936200008   1.7770788800840105   0.05357439973787953   0.14511531714339665   0.0003567983054787222   0.10301445722829629
0.8025700865322998  0.15691928801607738   1.7925413666411079   0.053594951189440146   0.1546248655709737   0.00020551451560611562   0.09509548427577051
0.8013059398516291  0.16212898625650063   1.8088478991722376   0.05360878900564386   0.1630653253112971   0.00013837816203714752   0.08440459740323408
0.799953068090612  0.16731753108739358   1.8258593134712622   0.053620200917135846   0.17011414299024372   0.00011411911491986488   0.07048817678946606
0.7985091241587128  0.17248253796905294   1.8433995946729564   0.05363046724209405   0.17540281201694274   0.00010266324958197956   0.052886690266990534
0.796972947186607  0.17762182845044952   1.861251330807388   0.05363967406854506   0.1785173613443145   9.20682645100782e-05   0.031145493273717212
0.7953447828030552  0.18273356969785184   1.8791512964000978   0.05364775656097621   0.17899965592709896   8.082492431152243e-05   0.004822945827844729
0.793626505896263  0.18781647153478453   1.8967862002864866   0.053654791596189376   0.17634903886388886   7.035035213164362e-05   -0.026506170632100808
0.7918218523092047  0.19287000646399977   1.9137886219854399   0.05366096332537969   0.17002421698953238   6.171729190312192e-05   -0.06324821874356523
0.7899366606017654  0.1978946427700167   1.9297332849202717   0.05366648654564346   0.15944662934831824   5.52322026377672e-05   -0.10577587641214106
0.7879791225678506  0.2028920862413508   1.9441339570990814   0.05367159062613966   0.1440067217880972   5.104080496199351e-05   -0.15439907560221047
0.7859600422490929  0.20786551880780324   1.956441382034126   0.05367654685860599   0.12307424935044592   4.956232466326225e-05   -0.2093247243765127
0.783893107006272  0.21281981141173834   1.9660425493329121   0.05368168822179278   0.09601167298785916   5.141363186786696e-05   -0.27062576362586765
0.7817951842546361  0.21776167803232543   1.9722606026625038   0.05368735937583589   0.06218053329592003   5.671154043115159e-05   -0.3383113969193914
0.7796866714507924  0.22269973037403581   1.9743536835371092   0.05369374933215353   0.02093080874605305   6.389956317647356e-05   -0.41249724549866984
0.7775919245629762  0.2276443894899079   1.9715130208152258   0.0537006688004811   -0.028406627218831658   6.919468327559678e-05   -0.4933743596488471
0.775539759834641  0.2326076105518458   1.9628643080590087   0.05370748866022747   -0.08648712756217194   6.819859746368954e-05   -0.5808050034334029
0.7735639916897837  0.2376023688953534   1.9474764578368455   0.05371337884761038   -0.1538785022216322   5.890187382913731e-05   -0.6739137465946025
0.7717039194529121  0.2426418124297383   1.924386767875023   0.053717650602602335   -0.23089689961822515   4.271754991963616e-05   -0.7701839739659296
0.7700044996441998  0.24773791436070675   1.892673884370636   0.05371990560031002   -0.31712883504387   2.2549977076802415e-05   -0.8623193542564479
0.768516010788357  0.2528995762949956   1.8515531921757278   0.05371997114468083   -0.4112069219490835   6.554437080797257e-07   -0.9407808690521354
0.7672923175941556  0.2581301210563347   1.8006143200129485   0.05371780294642127   -0.5093887216277927   -2.168198259557389e-05   -0.9818179967870908
0.7663890288280348  0.263424971280016   1.739767245694523   0.05371347083015255   -0.6084707431842569   -4.3321162687185345e-05   -0.9908202155646421
0.7658625421300091  0.2687698206292809   1.6689831388077085   0.05370717159703613   -0.7078410688681418   -6.299233116429268e-05   -0.9937032568388493
0.7657688208904696  0.27413891198153933   1.588250252633231   0.053699092748049224   -0.8073288617447787   -8.078848986902074e-05   -0.9948779287663687
0.7661616513372336  0.279493410636948   1.497562966491628   0.053688892343461476   -0.9068728614160304   -0.00010200404587745602   -0.9954399967125177
0.7670902323096619  0.2847799273349357   1.3969192530704846   0.05367450178665671   -1.006437134211431   -0.00014390556804768235   -0.995642727954006
0.7685959372084148  0.2899292725698982   1.2863200073848258   0.053649700456721704   -1.1059924568565893   -0.000248013299349997   -0.9955532264515837
0.7705266899874812  0.2944326827913925   1.1657695107260266   0.048998479483481495   -1.205504966587992   -0.046512209732402096   -0.9951250973140262
0.7724320192578927  0.2976437982001774   1.0352776694704666   0.037338374090502044   -1.3049184125555984   -0.11660105392979458   -0.9941344596760623
0.7740345910683029  0.29964214789722027   0.894868930946216   0.02561569425019113   -1.4040873852425069   -0.1172267984031091   -0.991689726869087
0.7750560554153832  0.3005835266951058   0.7446199921277761   0.013890944724764372   -1.5024893881844   -0.11724749525426761   -0.9840200294189289
0.7752412935582534  0.3007061646659642   0.5848036082552805   0.0022215589452068167   -1.5981638387249544   -0.11669385779557555   -0.9567445054055437
0.7752491641596805  0.3007096427096597   0.41610023162246595   8.604833221525953e-05   -1.687033766328146   -0.021355106129915574   -0.8886992760319199
0.7752553597905231  0.30071115507670954   0.23942012551274666   6.377546207680757e-05   -1.7668010610971931   -0.0002227287013845198   -0.7976729476904694
0.7752605576001257  0.3007114455377735   0.05582337699220021   5.205918967413534e-05   -1.8359674852054646   -0.00011716272402672276   -0.6916642410827153
0.7752649528789778  0.30071085489653326   -0.133580594973407   4.434786721108522e-05   -1.8940397196560719   -7.711322463050096e-05   -0.5807223445060723
0.7752687174152434  0.30070957527932096   -0.3276610904650139   3.976072623266632e-05   -1.9408049549160697   -4.587140978418905e-05   -0.4676523525999793
0.7752719274296697  0.30070771480266206   -0.5252733062089057   3.7101975709314216e-05   -1.9761221574389174   -2.658750523352148e-05   -0.35317202522847746
0.7752746119849439  0.30070533516306946   -0.7252606640883927   3.58741154745337e-05   -1.99987357879487   -1.227860234780502e-05   -0.23751421355952612
0.7752767679535424  0.30070246557617214   -0.9264530534272963   3.589251949763198e-05   -2.0119238933890364   1.840402309821387e-07   -0.12050314594166521
0.7752783613875086  0.3006991083367174   -1.1276529825818047   3.7161927507943515e-05   -2.0119992915450817   1.2694080103115746e-05   -0.0007539815604499145
0.775279321366298  0.30069523796417463   -1.3276701350104838   3.987648792970296e-05   -2.0001715242867926   2.714560421759511e-05   0.11827767258288965
0.7752795235269809  0.3006907943795318   -1.5253327212798093   4.448180911339708e-05   -1.9766258626932576   4.605321183694122e-05   0.23545661593535128
0.7752787547728507  0.30068566208831865   -1.719478645989651   5.189546801909281e-05   -1.941459247098413   7.413658905695683e-05   0.35166615594844475
0.7752766082650762  0.3006795582686152   -1.908954840771162   6.470248109493368e-05   -1.894761947815113   0.00012807013075840862   0.46697299283300175
0.7752721987801566  0.3006718894082953   -2.0926198499553395   8.846184254316714e-05   -1.8366500918417705   0.00023759361448233445   0.5811185597334229
0.7748375270986362  0.3001543133971321   -2.269351735710029   0.006758878590768582   -1.7673188575468946   0.06670416748225413   0.6933123429487595
0.7734314308424975  0.2989615138367704   -2.438083002706613   0.018438756662871505   -1.6873126699658392   0.11679878072102923   0.8000618758105554
0.770849914221229  0.2974011953684881   -2.597930002810995   0.030164253327985044   -1.5984700010438198   0.11725496665113536   0.8884266892201945
0.7669819869704533  0.29579584216020954   -2.7481864546213624   0.041878419431280386   -1.5025645181036755   0.11714166103295347   0.9590548294014416
0.7618049710040626  0.2944572478042865   -2.8885693412722366   0.053472730588564506   -1.4038288665087453   0.11594311157284122   0.9873565159493038
0.7564777468792891  0.29380102275381864   -3.019026807402974   0.053674899340780326   -1.3045746613073737   0.002021687522158154   0.9925420520137147
0.751108571148226  0.29379000886014106   -3.13954133719028   0.0536918702755733   -1.2051452978730584   0.00016970934792984513   0.9942936343431532
0.7457700371806387  0.29437159335349616   -3.25010558483056   0.05370119686375162   -1.1056424764028   9.326588178309669e-05   0.9950282147025833
0.7405162649992958  0.29548658354241   -3.350716440991845   0.053707844170869865   -1.0061085616128471   6.647307118250271e-05   0.995339147899531
0.7353845940813981  0.29707276328447   -3.441373510804089   0.053712207722004655   -0.9065706981224398   4.363551134786918e-05   0.9953786349040702
0.7303972285452048  0.2990675922646426   -3.522078766521784   0.05371513534539657   -0.8070525571769523   2.9276233919146245e-05   0.9951814094548759
0.725563190365817  0.301410121600499   -3.5928369024646507   0.053717193531611626   -0.7075813594286703   2.0581862150620303e-05   0.99471197748282
0.7208803423941869  0.3040422180024817   -3.6536567121298904   0.0537187086541817   -0.6081980966523948   1.5151225700721799e-05   0.9938326277627556
0.716337367623776  0.30690921980895386   -3.704555512757989   0.053719939615475   -0.5089880062809876   1.2309612932956614e-05   0.9921009037140707
0.7119156783955851  0.3099601636000001   -3.7455722954037363   0.05372112586945794   -0.4101678264574718   1.186253982942707e-05   0.9882017982351594
0.7075913139177413  0.31314777463912635   -3.7768047912184293   0.053722427601509325   -0.3123249581469296   1.3017320513841881e-05   0.9784286831054215
0.7033372395793468  0.3164288316536419   -3.798570690539666   0.053723815584047034   -0.21765899321236626   1.387982537706911e-05   0.9466596493456335
0.6991258066945422  0.3197646429736285   -3.811488489708994   0.05372504453768607   -0.12917799169327968   1.2289536390327226e-05   0.8848100151908657
0.6949304776006074  0.3231208035871178   -3.816318674619342   0.05372578549444338   -0.04830184910348111   7.409567573122449e-06   0.8087614258979856
0.6907273090503396  0.3264671460235152   -3.8139801360446004   0.0537258164792235   0.02338538574741656   3.098478012313186e-07   0.7168723485089766
0.6864958498052789  0.3297775317269425   -3.8054642249706676   0.05372513457225063   0.08515911073932586   -6.8190697286857765e-06   0.617737249919093
0.6822195532699964  0.3330295975435995   -3.791771415230392   0.05372396498168724   0.13692809740276007   -1.1695905633918688e-05   0.5176898666343424
0.6778858501936622  0.3362045430509484   -3.7738756499960364   0.053722678012606356   0.17895765234355418   -1.2869690808796622e-05   0.420295549407941
0.6734859771220687  0.33928695333106373   -3.752699724637123   0.05372163082138565   0.21175925358913433   -1.0471912207076904e-05   0.3280160124558015
0.6690146377094766  0.34226463742562885   -3.7290982594274675   0.05372101889356146   0.2360146520965549   -6.119278241877924e-06   0.24255398507420553
0.6644695591025801  0.34512847354648224   -3.7038481607908103   0.053720849648873976   0.2525009863665718   -1.6924468749226625e-06   0.16486334270016956
0.6598509781054154  0.34787223245509574   -3.6776402096178638   0.05372104185136894   0.26207951172946553   1.922024949641959e-06   0.09578525362893682
0.6551610970552111  0.35049236046575516   -3.651073143539463   0.05372155531749242   0.2656706607840049   5.134661234828477e-06   0.035911490545393734
0.6504035501863505  0.35298771334020995   -3.624650831106882   0.05372247032429946   0.2642231243258117   9.150068070344234e-06   -0.014475364581931703
0.6455829071656531  0.3553592166062564   -3.59877753309984   0.05372394891839554   0.2587329800704199   1.478594096085102e-05   -0.05490144255391791
0.6407042596646046  0.35760947038728286   -3.57375881578827   0.05372601187368002   0.2501871731157017   2.0629552844854513e-05   -0.08545806954718263
0.6357728947273967  0.3597422919891869   -3.549799749530465   0.05372828689756482   0.2395906625780494   2.2750238847950906e-05   -0.10596510537652262
0.6307940366120142  0.3617622472361313   -3.5270087519741766   0.05373011011785225   0.22790997556288017   1.823220287434952e-05   -0.11680687015169225
0.6257726330639853  0.36367422342458144   -3.50540822130326   0.05373094689036694   0.21600530670917156   8.367725146875167e-06   -0.11904668853708605
0.620713191193876  0.36548306336277364   -3.4849489798949778   0.05373067462726606   0.20459241408281897   -2.72263100882325e-06   -0.11412892626352596
0.6156196782121244  0.3671932671068517   -3.4655266435317142   0.053729574111032526   0.19422336363263457   -1.1005162335305785e-05   -0.10369050450184429
0.6104954834456229  0.36880874021592375   -3.446993446444503   0.05372813543309715   0.18533197087211345   -1.4386779353776451e-05   -0.08891392760521115
0.6053434260264853  0.37033254473008803   -3.429160728393697   0.05372678647330088   0.17832718050806373   -1.3489597962711993e-05   -0.070047903640497
0.6001657862413778  0.3717666253857904   -3.4117947728476814   0.05372573040116238   0.17365955546015274   -1.056072138501773e-05   -0.046676250479110025
0.594964340405573  0.37311150687652755   -3.3946106370703735   0.053724989536469266   0.1718413577730784   -7.408646931138443e-06   -0.01818197687074339
0.5897403993670864  0.3743659711817004   -3.3772676712899106   0.05372452016215075   0.17342965780463104   -4.693743185158439e-06   0.015883000315526304
0.5844948671416674  0.37552673288528265   -3.3593690508153937   0.05372427389961748   0.17898620474516772   -2.46262533265913e-06   0.05556546940536685
0.5792283362931969  0.3765881287962623   -3.340464763157813   0.05372421098325558   0.18904287657580676   -6.291636189462909e-07   0.10056671830639045
0.5739412344313829  0.3775418355352051   -3.320057178106312   0.05372429863767448   0.20407585051500648   8.765441888825497e-07   0.1503297393919974
0.5686340351726168  0.37837661899041   -3.2976070382855474   0.05372450780540491   0.22450139820765047   2.0916773043288966e-06   0.2042554769264398
0.5633075502844545  0.37907812586590706   -3.272540667168086   0.05372481099100246   0.25066371117461034   3.0318559754966876e-06   0.2616231296695988
0.5579633205760054  0.37962871933286707   -3.244256227746118   0.053725175050926825   0.28284439421967833   3.640599243670493e-06   0.32180683045068
0.5526041261788504  0.3800073703584356   -3.2121299015419273   0.05372554437663808   0.32126326204190864   3.6932571125531664e-06   0.384188678222303
0.5472346346584614  0.3801896179772059   -3.175520946898962   0.05372583492331603   0.3660895464296525   2.9054667794745733e-06   0.44826284387743864
0.5418622018289277  0.3801476293221187   -3.133777237089175   0.05372596909782646   0.4174370980978674   1.3417451043597388e-06   0.5134755166821481
0.5364978366306663  0.3798504019132393   -3.086241499748803   0.05372593239107859   0.4753573734037242   -3.6706747870786027e-07   0.5792027530585686
0.5311573375930091  0.37926416889116904   -3.032259190741252   0.05372578443111037   0.5398230900755112   -1.4795996822014163e-06   0.6446571667178708
0.5258625920206321  0.37835308712641263   -2.9711885975762096   0.0537255997251564   0.610705931650423   -1.847059539771877e-06   0.7088284157491173
0.5206429908401944  0.3770803162272279   -2.9024157656780374   0.05372539645701869   0.6877283189817219   -2.032681377082311e-06   0.7702238733129904
0.5155368407645241  0.37540965566871676   -2.825384910524065   0.05372511079284174   0.7703085515397241   -2.8566417694382884e-06   0.82580232558002
0.5105925731031993  0.3733078575591622   -2.739639033841481   0.053724610747913154   0.8574587668258405   -5.000449285897325e-06   0.8715021528611654
0.5058696751802281  0.37074726710542255   -2.644784609970076   0.05372372684632738   0.9485442387140508   -8.839015857692573e-06   0.9108547188821018
0.5014391167065928  0.3677090121353061   -2.540494684682004   0.05372228741568817   1.0428992528807208   -1.439430639218206e-05   0.9435501416667014
0.49738289152077036  0.3641868596202365   -2.426551387720847   0.053720127603637306   1.1394329696115701   -2.159812050863853e-05   0.9653371673084914
0.49379248830432554  0.3601913376358116   -2.3028411702294815   0.05371702819840166   1.2371021749136524   -3.0994052356410225e-05   0.9766920530208234
0.49076622795674174  0.3557537575624292   -2.1693132938342483   0.05371253913104272   1.3352787639523322   -4.489067358938748e-05   0.9817658903867995
0.48840532452002616  0.35092993199233546   -2.025948638400418   0.053705826656132306   1.4336465543383021   -6.71247491041929e-05   0.9836779038596994
0.4868084667572943  0.3458032124537148   -1.8727493899645122   0.05369656221963473   1.53199248435906   -9.264436497571781e-05   0.9834593002075772
0.48606498914793445  0.34048695737756135   -1.7097450264047034   0.053679909640707915   1.6300436355980854   -0.0001665257892681461   0.9805115123902532
0.48623992435385494  0.3353085545401   -1.53702747731964   0.05181356798493789   1.7271754908506363   -0.01866341655770026   0.9713185525255085
0.48709980041821294  0.33138881496680145   -1.3548463367652261   0.04012947192343624   1.8218114055441377   -0.1168409606150165   0.9463591469350158
0.4882240273841873  0.3287817198220441   -1.163670590264188   0.028391603274280128   1.9117574650103821   -0.11737868649156116   0.8994605946624458
0.4891733618229706  0.32741373082578   -0.9641332009296094   0.016651215482839224   1.9953738933457859   -0.11740387791440901   0.8361642833540356
0.48953352624561675  0.3270734677511504   -0.7569926607748264   0.004954769129802273   2.07140540154783   -0.1169644635303695   0.7603150820204386
0.48954124129916365  0.32706880963716445   -0.5431865792190451   9.012218214079685e-05   2.1380608155578136   -0.048646469476614766   0.6665541400998404
0.4895475117248714  0.3270667057873761   -0.323716767857262   6.613956643951515e-05   2.1946981136178296   -0.00023982615701281687   0.5663729806001602
0.48955295475231003  0.3270661618417375   -0.09960369382413499   5.4701393542604155e-05   2.241130740331271   -0.00011438172896911022   0.46432626713440955
0.4895577752552491  0.32706678284718754   0.1281202071335078   4.860339119289585e-05   2.277239009576428   -6.09800234970831e-05   0.36108269245156926
0.4895620148941925  0.32706837098050967   0.35841261154786824   4.5273287730631e-05   2.3029240441436043   -3.3301034622648503e-05   0.25685034567176573
0.48956566912638927  0.32707081886106987   0.5902208034591643   4.398355622856068e-05   2.3180819191129616   -1.2897315020702844e-05   0.15157874969357651
0.48956869416478854  0.32707407697043356   0.822475780986836   4.445912048511334e-05   2.3225497752767157   4.755642565526565e-06   0.04467856163753974
0.4895710052995595  0.32707814452837886   1.0540970432196846   4.678287247205997e-05   2.3162126223284853   2.3237519869466453e-05   -0.06337152948230435
0.48957246523701553  0.32708309518514184   1.2840270596444099   5.161435823505484e-05   2.2993001642472524   4.8314857629948584e-05   -0.16912458081233334
0.4895728129482233  0.32708892491414904   1.5112224149101572   5.8400893299434955e-05   2.2719535526574735   6.78653506438005e-05   -0.2734661158977875
0.48957167390062145  0.32709581420786144   1.734649929076675   6.982821585539466e-05   2.2342751416651794   0.00011427322555959705   -0.37678410992293965
0.48956658259003405  0.32710846957363215   1.9532877610547534   0.00013641104291356592   2.1863783197807827   0.0006658282705817128   -0.47896821884396446
0.4895282970455292  0.327164995831479   2.1661281463604656   0.0006827152220511457   2.128403853057119   0.005463041791375798   -0.5797446672366386
0.48863863771813004  0.32802664817361216   2.372185132279499   0.012385226996433078   2.060569859190334   0.11702511774381932   -0.6783399386678465
0.48660940721310453  0.329330340703791   2.570538642244711   0.02411926751742318   1.9835350996521253   0.11734040520990105   -0.7703475953820905
0.4832816335613824  0.33066393318013465   2.7604432099517466   0.035850448212060765   1.899045677070351   0.11731180694637582   -0.8448942258177431
0.47862280811925517  0.33161002928031347   2.9412410628016588   0.047539196807461444   1.8079785284991232   0.11688748595400678   -0.9106714857122767
0.4732604074767743  0.3317662114711055   3.112475461299762   0.053646745965808776   1.7123439849810307   0.06107549158347339   -0.9563454351809257
0.4679390527047065  0.33105779024150267   3.273942417397093   0.05368303013873289   1.6146695609733133   0.0003628417292410829   -0.9767442400771764
0.46278483909062407  0.3295534815262628   3.4255649169924896   0.05369251594993365   1.5162249959539624   9.485811200758928e-05   -0.9844456501935076
0.4578940539610251  0.3273358026472754   3.567303816261404   0.05370091134628285   1.4173889926891459   8.395396349201963e-05   -0.9883600326481646
0.453336746813976  0.32449413919187403   3.699141417106706   0.0537067031443086   1.3183760084530227   5.791798025747564e-05   -0.9901298423612335
0.44915859431604727  0.3211190272060943   3.8210716877777866   0.05371064997977802   1.2193027067108069   3.9468354694174106e-05   -0.9907330174221582
0.4453837405175535  0.3172977955073712   3.9330962411535304   0.05371343676895914   1.1202455337574337   2.7867891811292094e-05   -0.9905717295337312
0.4420180042131455  0.313111473696495   4.035223406794932   0.053715427183470436   1.0212716564140125   1.9904145112864234e-05   -0.9897387734342138
0.43905212308293134  0.30863279724804693   4.127469295029419   0.0537168442934286   0.9224588823448768   1.417109958164068e-05   -0.9881277406913548
0.43646484212884  0.3039251396226519   4.209860701150136   0.05371783973071134   0.823914061207172   9.954372827428697e-06   -0.9854482113770479
0.4342257581394167  0.299042179172735   4.282447244075431   0.053718525544865545   0.7258654292529431   6.8581415420494334e-06   -0.9804863195422902
0.43229797894938754  0.29402810127594803   4.345338907289501   0.053719000140134976   0.628916632140711   4.745952694307679e-06   -0.96948797112232
0.43064073139921033  0.28891818521924534   4.398772316243895   0.05371937411131673   0.5343340895439297   3.7397118175943846e-06   -0.9458254259678132
0.42921150006142955  0.28373982065009906   4.44309282784683   0.05371979321245032   0.4432051160293549   4.191011335952622e-06   -0.9112897351457483
0.42796773839614843  0.2785137423045886   4.478744075838461   0.05372042251642933   0.35651247991630036   6.2930397899942455e-06   -0.866926361130545
0.42686825951448465  0.2732553233837202   4.506269225679469   0.05372133966923277   0.2752514984100943   9.171528034452345e-06   -0.8126098150620606
0.42587414315576066  0.2679758639285171   4.526269383674179   0.053722397074047794   0.20000157994708967   1.0574048150157177e-05   -0.752499184630046
0.4249492859042151  0.262683746724133   4.539374936006171   0.053723240260313825   0.13105552331992498   8.431862660376184e-06   -0.689460566271647
0.424060688902144  0.25738539135447197   4.546223536648101   0.05372352767205997   0.06848600641930992   2.8741174614714143e-06   -0.6256951690061505
0.4231785270503545  0.25208599834201106   4.547436820488473   0.05372315686300703   0.01213283840371143   -3.7080905294279723e-06   -0.563531680155985
0.42227602931562874  0.24679011462037098   4.543595560695902   0.05372232920706044   -0.038412597925720236   -8.276559465990627e-06   -0.5054543632943167
0.42132920742164237  0.24150206673904942   4.535216944506858   0.053721431565141434   -0.08378616189042895   -8.976419189986345e-06   -0.45373563964708724
0.42031647119867205  0.23622630905899072   4.52273568134844   0.05372080952109237   -0.12481263158418655   -6.220440490655327e-06   -0.4102646969375759
0.4192181788880703  0.2309677178645771   4.5064919916848   0.05372059879551967   -0.16243689663639463   -2.107255726929147e-06   -0.3762426505220809
0.418016134340416  0.22573185427630432   4.486720437102183   0.05372073957937144   -0.19771554582617157   1.407838517689428e-06   -0.3527864918977693
0.41669309692688516  0.2205252104087793   4.463549962573448   0.0537211023349662   -0.23170474528734886   3.627555947571736e-06   -0.33989199461177283
0.41523229739718936  0.2153554764234018   4.437000896602811   0.05372158294905987   -0.26549065970637054   4.806140936668553e-06   -0.33785914419021706
0.41361702821532553  0.21023184780372317   4.406992704168023   0.053722122782210883   -0.30008192434788533   5.3983315101324215e-06   -0.34591264641514746
0.41183029250068715  0.20516540462354352   4.373345740681335   0.053722687025086285   -0.3364696348668684   5.642428754041495e-06   -0.3638771051898305
0.40985456318671754  0.2001695706972128   4.335789214177427   0.05372323793439507   -0.3755652650390892   5.5090930878526025e-06   -0.3909563017222086
0.4076716845540311  0.1952606577410927   4.293970821018592   0.053723724308543185   -0.41818393158835077   4.863741481158865e-06   -0.42618666549261575
0.4052629409660579  0.1904584981860581   4.2474654592389545   0.05372409335169183   -0.46505361779637894   3.6904314863659965e-06   -0.46869686208028183
0.4026093601637425  0.18578714667838245   4.19579032715916   0.05372431105438283   -0.5167513207979412   2.1770269100559805e-06   -0.5169770300156231
0.3996923058500067  0.18127562029804895   4.138423051175551   0.053724367050464225   -0.5736727598360878   5.599608139774316e-07   -0.5692143903814656
0.3964943895723049  0.17695864352661692   4.0748168931578075   0.053724256127260075   -0.6360615801774321   -1.1092320414863737e-06   -0.6238882034134434
0.39300073877424313  0.1728773402477623   4.004414099588956   0.05372395401753975   -0.7040279356885119   -3.0210972033039746e-06   -0.6796635551107967
0.3892006699014533  0.16907977253642592   3.926661614433879   0.05372340640738545   -0.7775248515507726   -5.476101542895231e-06   -0.7349691586226071
0.3850898077491282  0.1656211726572834   3.841032923425245   0.05372252856988792   -0.8562869100863407   -8.778374975337835e-06   -0.7876205853556812
0.3806726449343019  0.16256366600335323   3.747056333234964   0.05372120090942859   -0.939765901902811   -1.3276604593333649e-05   -0.8347899181647022
0.375965424479756  0.15997529674461372   3.6443376735887916   0.05371925150938271   -1.0271865964617217   -1.9494000458749165e-05   -0.8742069455891065
0.3709991162423842  0.15792827009852062   3.532557094995229   0.053716417972908916   -1.1178057859356287   -2.833536473801975e-05   -0.9061918947390716
0.36582232438307405  0.15649617356420026   3.4114809157015737   0.053712265301542064   -1.2107617929365484   -4.152671366849781e-05   -0.9295600700091968
0.36050379570688523  0.15575006342684525   3.280968168572807   0.05370607751130883   -1.3051274712876724   -6.187790233229736e-05   -0.9436567835112412
0.35513410143754265  0.1557534528360769   3.1409614428333783   0.053696953390584085   -1.4000672573942872   -9.12412072474566e-05   -0.9493978610661471
0.3498264595158582  0.15655623877740252   2.9914794973218943   0.05368009690417094   -1.4948194551148362   -0.00016856486413148017   -0.9475219772054898
0.3447177052960302  0.15818689363809751   2.8326261342200265   0.05362686356045781   -1.588533631018682   -0.0005323334371313407   -0.9371417590384581
0.34074054675351695  0.16024217770989307   2.6646176701806783   0.04476827301567765   -1.68008464039348   -0.08858590544780152   -0.9155100937479792
0.3381129185325416  0.16225539839663222   2.487820227043206   0.03310209600792758   -1.767974431374721   -0.11666177007750075   -0.8788979098124101
0.33668253259566866  0.16384747388184348   2.3027494505565382   0.021402589280305678   -1.8507077648666808   -0.11699506727621899   -0.827333334919597
0.33618162893192455  0.1646844903850201   2.1100675455868956   0.009754491821423891   -1.9268190496964277   -0.11648097458881786   -0.7611128482974696
0.3361777465511254  0.1646954732936308   1.9105795130750731   0.0001164891249092344   -1.9948803251182226   -0.09638002696514657   -0.6806127542179486
0.3361767425999547  0.16470290030709273   1.7051575301547772   7.494561155705955e-05   -2.0542198292029603   -0.0004154351335217488   -0.5933950408473768
0.33617723522528375  0.16470936097935848   1.4946937308079662   6.479426351185615e-05   -2.1046379934681116   -0.00010151348045203394   -0.5041816426515124
0.3361788472253885  0.16471474908308498   1.2800941705884044   5.624073799741188e-05   -2.1459956021956175   -8.553525514444253e-05   -0.41357608727506096
0.33618136881962196  0.16471927279809653   1.0622767610052672   5.179038036552642e-05   -2.1781740958313707   -4.4503576318854555e-05   -0.32178493635753447
0.3361846970319939  0.1647230021120836   0.842170263947082   4.998477809007208e-05   -2.201064970581852   -1.8056022754543378e-05   -0.22890874750481266
0.33618877787962875  0.16472591986838195   0.6207142303997345   5.016634253682112e-05   -2.2145603354734753   1.8156444674903195e-06   -0.13495364891623096
0.33619360186426483  0.16472795293722292   0.3988600179507356   5.234901783336434e-05   -2.218542124489989   2.182675296543221e-05   -0.03981789016513901
0.33619920486962207  0.1647289584517948   0.17756970289603555   5.692515137223782e-05   -2.2129031505470005   4.576133538873476e-05   0.056389739429886794
0.33620565561956056  0.1647286861649869   -0.042185059517713945   6.45649400795162e-05   -2.1975476241374947   7.639788707278364e-05   0.1535552640950556
0.33621310991084835  0.16472670754849816   -0.25945047409505867   7.712417378054623e-05   -2.172654145773447   0.00012559233701030023   0.24893478364047836
0.3362217155356328  0.1647223005328343   -0.4732876094965965   9.668431361497649e-05   -2.1383713540153773   0.00019560139834430288   0.3428279175806957
0.3362360235209083  0.1647106645637632   -0.6827681557111204   0.00018442185848394012   -2.0948054621452394   0.0008773754486896367   0.43565891870137696
0.3369268914986636  0.16386297568332428   -0.8869746391802159   0.010935606982273484   -2.042064834690955   0.10751185123789544   0.5274062745428459
0.3379798555194941  0.16186869172516352   -1.0850074638369493   0.022551943896127764   -1.9803282465673346   0.11616336913854279   0.6173658812362051
0.3389735863442994  0.15859580020166858   -1.2760174129299515   0.03420426855925047   -1.9100994909300228   0.11652324663122701   0.7022875563731171
0.33948331866451975  0.15404516539419144   -1.4592478559504187   0.04579094254249358   -1.8323044302046696   0.11586673983243108   0.7779506072535337
0.33914438312885914  0.14869682250101018   -1.6340837615721409   0.05359071654715609   -1.7483590562172209   0.0779977400466251   0.8394537398744857
0.33792607705155076  0.14347610981171324   -1.8000536521777402   0.05360980384425241   -1.6596989060559963   0.00019087297096326067   0.8866015016122478
0.33590584909409993  0.13850523018535665   -1.956818527518362   0.05365721317753416   -1.5676487534062187   0.00047409333281752037   0.920501526497776
0.33317727219162196  0.1338838806987867   -2.1041483054730112   0.053667497603071025   -1.4732977795464905   0.00010284425536860068   0.9435097385972804
0.3298394337449721  0.1296803529894891   -2.2419026540534888   0.05367570278884746   -1.3775434858047773   8.20518577644011e-05   0.9575429374171349
0.3259912338549281  0.12593702358589864   -2.370007756574973   0.053685340100924295   -1.2810510252148393   9.637312076830247e-05   0.9649246058993781
0.3217270028793901  0.12267402418677957   -2.4884328485779856   0.05369434876352403   -1.1842509200301279   9.008662599735346e-05   0.9680010518471148
0.31713314400821946  0.11989268556975814   -2.597177542349196   0.05370231264179223   -1.0874469377121074   7.963878268202423e-05   0.9680398231802042
0.3122860713317457  0.11757919067294816   -2.696271563256952   0.053708818799694996   -0.9909402090775533   6.50615790276572e-05   0.9650672863455417
0.3072511538274347  0.11570809914081329   -2.785785855799712   0.05371347856622602   -0.8951429254276013   4.659766531019948e-05   0.9579728364995204
0.3020824600310949  0.1142456187018586   -2.8658507803153985   0.05371614710182219   -0.8006492451568683   2.668535596169069e-05   0.944936802707331
0.296823186308926  0.11315255457691345   -2.9366743743864823   0.05371661685729924   -0.7082359407108348   4.697554770566389e-06   0.9241330444603324
0.29150659614777347  0.11238686382878055   -2.9985570265066186   0.05371444243724391   -0.618826521201364   -2.1744200553321326e-05   0.8940941950947076
0.28615728282561176  0.11190571945755184   -3.0518889664518354   0.0537090801677167   -0.5333193994521707   -5.3622695272095155e-05   0.8550712174919347
0.280792561113796  0.11166712433438537   -3.097147105840714   0.05370024830298832   -0.4525813938887839   -8.831864728381933e-05   0.8073800556338685
0.2754238379382372  0.11163105846805041   -3.1348749811306797   0.053688443153529344   -0.37727875289965274   -0.0001180514945897098   0.753026409891311
0.27005787738133175  0.11176020000116638   -3.165654814875225   0.05367514344074077   -0.3077983374454574   -0.00013299712788578187   0.6948041545419532
0.26469798615806606  0.11202033023863572   -3.1900873478855436   0.05366199927852703   -0.2443253301031861   -0.0001314416221373719   0.6347300734227129
0.2593451266682276  0.11238051343125781   -3.208779372737451   0.05364963806979541   -0.18692024851907002   -0.00012361208731622377   0.5740508158411607
0.2539988429313942  0.1128131315048443   -3.2223361258005876   0.05363758774620958   -0.13556753063136587   -0.00012050323585828271   0.5135271788770417
0.24865792565803127  0.1132938450563036   -3.231356584802734   0.05362507141203977   -0.0902045900214649   -0.0001251633416981216   0.4536294060990097
0.24332087852619314  0.11380152634825559   -3.2364312928745496   0.05361139093668397   -0.05074708071815597   -0.00013680475355798066   0.3945750930330894
0.23798630460234832  0.11431816938128787   -3.238139590326135   0.05359533465941396   -0.017082974515856258   -0.00016056277270013987   0.33664106202299715
0.23265331426027663  0.11482877257088095   -3.237045946379985   0.05357378239946562   0.0109364394615017   -0.00021552259948339457   0.28019413977357954
0.22732196370005509  0.11532121194464   -3.23369803285803   0.053540447638026456   0.03347913521954862   -0.0003333476143916501   0.22542695758046927
0.22199356699884104  0.11578611496357229   -3.22862233643737   0.05348639660934473   0.05075696420660126   -0.0005405102868172388   0.17277828987052637
0.2166712069335961  0.11621672214495894   -3.2223221253937555   0.05339750856432929   0.0630021104361426   -0.0008888804501544141   0.12245146229541337
0.21135579701396037  0.11660910365620845   -3.2152786155409574   0.053298729688551   0.07043509852798348   -0.0009877887577828717   0.07432988091840886
0.20604153731516583  0.11696227055997384   -3.207951541021896   0.053259818820708765   0.07327074519060886   -0.00038910867842236515   0.028356466626253903
0.20073898595711615  0.11727647175307554   -3.200778168596058   0.053118521529219   0.07173372425838433   -0.0014129729148976845   -0.015370209322245363
0.19553983569602054  0.11755009402531919   -3.1941724131939178   0.05206345415482729   0.06605755402140409   -0.01055067374391711   -0.05676170236980231
0.19053480072074297  0.1177851554731341   -3.1885231648600443   0.050105517648259844   0.0564924833387327   -0.019579365065674384   -0.09565070682671409
0.1857515175343602  0.11798905147312105   -3.184193651810429   0.04787626929904091   0.04329513049615393   -0.022292483492189354   -0.1319735284257876
0.18116592898807518  0.11817223989451434   -3.1815201487353053   0.04589246159616271   0.026735030751238602   -0.019838077028782024   -0.16560099744915327
0.17672467914261775  0.11834651103909885   -3.1808117451761886   0.04444667661547997   0.007084035591164215   -0.014457849806827423   -0.19650995160074392
0.17236132354484474  0.11852444683125059   -3.1823496472100508   0.04366982163776886   -0.015379020338616677   -0.007768549777111084   -0.2246305592978089
0.16800535815986392  0.11871969837211593   -3.186386612102451   0.04360339161047156   -0.040369648924007906   -0.000664300272972994   -0.24990628585391228
0.16358837488936961  0.11894761099027873   -3.1931460909296354   0.04422859411437834   -0.0675947882718453   0.006252025039067816   -0.27225139347837396
0.15905352223431246  0.11922562019422431   -3.2028210389932674   0.04543366342323403   -0.09674948063631487   0.012050693088556889   -0.29154692364469587
0.1543713328289936  0.11957264002210867   -3.2155722577987755   0.04695031457639528   -0.12751218805507994   0.015166511531612427   -0.3076270741876504
0.14955589258605537  0.12000688053950165   -3.2315261067339334   0.04834979789022349   -0.15953848935157844   0.013994833138282158   -0.3202630129649853
0.14466792396712289  0.12054267370251437   -3.2507714605705504   0.04917246336436646   -0.1924535383661764   0.008226654741429735   -0.3291504901459795
0.13979842512223745  0.12118803428201957   -3.2733559918892796   0.04912077898193393   -0.2258453131872893   -0.0005168438243253552   -0.3339177482111287
0.13504127383781664  0.12194446777055248   -3.299282245200506   0.04816916022253265   -0.2592625331122639   -0.009516187594012793   -0.3341721992497462
0.13046537281671183  0.12280985843338066   -3.3285043356173984   0.04657013115104786   -0.29222090416892293   -0.015990290714847893   -0.32958371056659097
0.12610123852515015  0.12378270958877179   -3.3609260797430873   0.0447125345796123   -0.32421744125688895   -0.018575965714355547   -0.31996537087965965
0.12195159776616506  0.12486356624873556   -3.396400840919889   0.0428809626151491   -0.35474761176801783   -0.018315719644631998   -0.30530170511128835
0.11801487426565728  0.12605181009295555   -3.4347327595545303   0.04112142428561624   -0.38331918634641426   -0.01759538329532857   -0.2857157457839645
0.11430437177430573  0.1273397142375563   -3.4756789108185213   0.039276616229005225   -0.4094615126399069   -0.018448080566110168   -0.2614232629349263
0.11085425877202201  0.12870718056366348   -3.518952040446415   0.03711232124451948   -0.4327312962789426   -0.02164294984485745   -0.2326978363903568
0.10771266476994731  0.1301200567623781   -3.5642239120645454   0.03444681701807269   -0.4527187161812972   -0.026655042264468003   -0.1998741990235469
0.10492614952487943  0.13153388687714085   -3.6111291032543025   0.031246732316205186   -0.4690519118975749   -0.03200084701867499   -0.16333195716277626
0.1025200108249013  0.13290413793280836   -3.6592696125239383   0.02768951317573174   -0.48140509269635523   -0.03557219140473447   -0.12353180798780372
0.10047830296488755  0.13420311555087724   -3.7082204113360087   0.024198995511974866   -0.4895079881207064   -0.03490517663756873   -0.08102895424351172
0.0987268555716535  0.1354427925361072   -3.7575353158220297   0.02145778879329164   -0.4931490448602088   -0.02741206718683228   -0.036410567395023706
0.09712316992299067  0.13670073456783927   -3.806753003541813   0.020381918003282536   -0.49217687719783226   -0.010758707900091001   0.009721676623765505
0.09546159108189936  0.13813995243372648   -3.8554024455275067   0.021982248089427052   -0.48649441985693653   0.016003300861445132   0.05682457340895715
0.09350985118916406  0.1400002515628202   -3.9030080531625857   0.02696294023025143   -0.47605607635078906   0.049806921408243804   0.10438343506147471
0.09109132388451802  0.1425281322277352   -3.9490948469776708   0.034984932441508874   -0.46086793815085175   0.08021992211257442   0.15188138199937298
0.08817475164405543  0.14585890937427146   -3.993194826752763   0.044272418088156226   -0.44099979775092335   0.09287485646647356   0.1986814039992839
0.08491162367667826  0.1499145653070025   -4.034857349425196   0.052054153701866814   -0.41662522672433483   0.07781735613710589   0.24374571026588496
0.08173229831373123  0.15419611201094646   -4.073663483428555   0.053328933930401376   -0.3880613400335889   0.01274780228534562   0.28563886690745977
0.07871664608999006  0.1585744646690108   -4.109243744992882   0.05316402010094237   -0.3558026156432692   -0.0016491382945900343   0.322587243903197
0.07583002978800953  0.16306714175822395   -4.141293020500021   0.053401030985179   -0.3204927550713899   0.0023701088423662554   0.3530986057187928
0.07307615672636752  0.16763212025648036   -4.169575204680705   0.05331308050486359   -0.28282184180683434   -0.0008795048031541384   0.3767091326455557
0.07042743317772392  0.1722747070456096   -4.193922380452245   0.05345030264810124   -0.243471757715411   0.0013722214323765149   0.3935008409142334
0.06786671703419118  0.17698265095421245   -4.2142304022533725   0.05359291279105834   -0.2030802180112705   0.0014261014295710221   0.4039153970414054
0.06567957760643725  0.18116394120808849   -4.230450167473359   0.04718767536507219   -0.1621976521998598   -0.06405237425986152   0.4088256581141067
0.0640753131037939  0.18432365160004735   -4.242580349855128   0.03543647041607612   -0.12130182381770022   -0.11751204948996069   0.4089582838215958
0.06302234354779497  0.18643964660095097   -4.250644106241227   0.02363510044342849   -0.08063756386097753   -0.11801369972647631   0.4066425995672269
0.0625  0.1875   -4.254668659154348   0.011820288121691043   -0.04024552913120629   -0.11814812321737447   0.4039203472977124
0.0625  0.1875   -4.254668659154348   0.0   -4.309751795668551e-20   -0.11820288121691043   0.402455291312063
