0.28125  0.34375   -0.7156841219871288   0.0   -4.808597330605434e-22   0.0   5.74100177771892e-05
0.28213015174907474  0.3429871244165296   -0.7141409162741965   0.011647515860699051   0.015432057129322945   0.11647515860699051   0.15432057129322946
0.28383906242797585  0.3415151388689836   -0.7110516814967732   0.02255463846005663   0.03089234777423154   0.1090712259935758   0.15460290644908592
0.28621310616821133  0.3394893341597756   -0.7064148560226515   0.03120892244276707   0.04636825474121807   0.08654283982710437   0.15475906966986544
0.2890305941244535  0.3371151114425399   -0.7002253039646179   0.03684450012497331   0.06189552058033704   0.05635577682206244   0.15527265839118956
0.29207379607784556  0.3345907353286888   -0.692479516553068   0.03953928792137824   0.077457874115497   0.02694787796404925   0.1556235353515995
0.2951774101625361  0.3320646442369387   -0.6831708203913752   0.04001694215016578   0.09308696161692884   0.004776542287875468   0.15629087501431838
0.2982542063401147  0.3296155263825277   -0.6722947861935905   0.03932537728127954   0.10876034197784618   -0.0069156486888624575   0.1567338036091736
0.3012891637691613  0.327260838191223   -0.6598442799835101   0.03841291849676436   0.1245050621008046   -0.009124587845151704   0.1574472012295842
0.30431782622795256  0.3249783751906812   -0.6458143910269032   0.03792417914488301   0.14029888956607056   -0.004887393518813628   0.15793827465265972
0.3073962983667751  0.3227328780155311   -0.6301988667037238   0.03810413136802043   0.15615524323179317   0.0017995222313742525   0.158563536657226
0.3105699522170057  0.3205005862523829   -0.612992320956458   0.038801037714090596   0.17206545747265883   0.006969063460701642   0.15910214240865667
0.31384893111896345  0.3182851712849868   -0.5941903954977193   0.03957242236361765   0.1880192545873844   0.007713846495270533   0.15953797114725568
0.31720048775473  0.3161189607217584   -0.5737907094225377   0.03990664116032423   0.2039968607518183   0.0033421879670658032   0.15977606164433872
0.3205606473519019  0.3140505381700726   -0.5517914007580131   0.03945762837624788   0.21999308664524467   -0.004490127840763486   0.15996225893426405
0.32386095814817206  0.31212482561829574   -0.528194542660025   0.038210496181069864   0.23596858097988194   -0.012471321951780164   0.15975494334637247
0.3270593159193196  0.31036504717825436   -0.5030068276675672   0.03650522235280393   0.2518771499245775   -0.017052738282659376   0.15908568944695597
0.3301608317111901  0.3087651709454104   -0.4762366958244164   0.03489843000425511   0.26770131843150763   -0.016067923485488217   0.1582416850693012
0.33321870719625063  0.30729596787751573   -0.447898077654875   0.03392515311213478   0.28338618169541485   -0.009732768921203207   0.15684863263907148
0.33631573522535996  0.30592030296155764   -0.4180107661286587   0.03388810495447194   0.29887311526216326   -0.0003704815766284463   0.15486933566748398
0.33953527479372914  0.3046096809663451   -0.38659803701042006   0.03476084729489171   0.314127291182386   0.008727423404197803   0.1525417592022278
0.3429319277631648  0.30335558555306824   -0.35368931710430485   0.03620774323307931   0.3290871990611524   0.014468959381875975   0.1495990787876641
0.34652109264376885  0.30216888055705354   -0.3193204597836517   0.037802610078757674   0.34368857320653107   0.015948668456783558   0.14601374145378684
0.3502994331679262  0.30106792816867967   -0.283534660374907   0.039354737043823106   0.3578579940874477   0.015521269650654264   0.1416942088091658
0.35428594384032225  0.30006534861978795   -0.24638335003083883   0.041106487435564665   0.3715131034406806   0.017517503917415654   0.13655109353233033
0.35855590689776606  0.2991644871354564   -0.20792718113962924   0.043639587447404656   0.38456168891209636   0.025331000118399928   0.1304858547141566
0.3632212109511241  0.2983721206601842   -0.16823698788080035   0.047321143837942475   0.3969019325882891   0.03681556390537811   0.12340243676192796
0.36829623886357593  0.29772206961754005   -0.1273944905659182   0.05116490464185109   0.4084249731488211   0.03843760803908614   0.11523040560532036
0.3735576646491009  0.2972711540418061   -0.08549326039252687   0.05280712655780804   0.4190123017339133   0.016422219159569557   0.10587328585092139
0.37892911818573993  0.2970419798069025   -0.04263935788420435   0.053763401981389826   0.4285390250832252   0.009562754235817827   0.09526723349311896
0.38430545062554256  0.29704761599898255   0.0010483336137420618   0.05376335394100965   0.43687691497946407   -4.804038017328886e-07   0.0833788989623891
0.3896762398767611  0.2972918117028752   0.04543608528690546   0.05376337854222961   0.44387751673163406   2.460121996517708e-07   0.07000601752169933
0.39503063895888363  0.2977770131079059   0.09037052062779813   0.053763379668732174   0.44934435340892664   1.1265025596727515e-08   0.05466836677292615
0.4003575695199122  0.29850419639612075   0.13567213952468105   0.05376335623513391   0.45301618896882895   -2.3433598259835638e-07   0.036718355599023145
0.4056459461680358  0.29947270132798914   0.18113119060475516   0.05376330474911502   0.4545905108007416   -5.148601889317585e-07   0.015743218319125972
0.4108670956466663  0.30067599281207674   0.22650984763788065   0.05358013836663658   0.4537865703312545   -0.001831663824784319   -0.008039404694870366
0.41579547127087185  0.302048193748676   0.2715509903811782   0.0511584027347102   0.4504114274329753   -0.024217356319263878   -0.033751428982792694
0.42003950805488705  0.3034357612787817   0.3159902746906468   0.04465108271327363   0.4443928430946859   -0.06507320021436569   -0.06018584338289326
0.42352866687317003  0.30474736640134936   0.3595670924146169   0.03727537693537539   0.43576817723970085   -0.07375705777898241   -0.0862466585498513
0.42645066659800684  0.30598976926328736   0.4020309302030789   0.03175160982263876   0.42463837788462105   -0.05523767112736621   -0.11129799355079732
0.429036356640031  0.30721700703548727   0.443143788888641   0.02862150510180646   0.4111285868556204   -0.03130104720832311   -0.1350979102900065
0.4314671690259317  0.30849080029307924   0.4826781022775147   0.027443392863349028   0.39534313388873654   -0.011781122384574282   -0.15785452966883937
0.43385792689432223  0.309860989304477   0.5204195888131962   0.027555654795718584   0.3774148653568144   0.001122619323695556   -0.17928268531922048
0.4362744467661537  0.31136315427578337   0.5561674149589286   0.028453590093257902   0.3574782614573253   0.008979352975393167   -0.19936603899489128
0.43875378159915446  0.3130222419193742   0.5897312140504034   0.029832319760980025   0.33563799091474733   0.013787296677221216   -0.2184027054257797
0.44131350739931136  0.3148532691649292   0.6209350976662349   0.03147198269240509   0.3120388361583148   0.01639662931425065   -0.23599154756432583
0.4439534369702913  0.31685856661084133   0.6496185187557908   0.03315184155708844   0.28683421089555877   0.01679858864683346   -0.25204625262756036
0.44665653166692665  0.31902500444573056   0.6756340571547342   0.034641267054417224   0.26015538398943516   0.014894254973287897   -0.26678826906123615
0.44939195419045763  0.3213236584844037   0.6988525085764598   0.035730024869397   0.23218451421725547   0.01088757814979779   -0.2797086977217965
0.4521216806036929  0.3237137680293156   0.7191616547978663   0.036282268296947764   0.20309146221406568   0.00552243427550763   -0.2909305200318977
0.4548094114378758  0.32615054969690027   0.7364669032367643   0.03627919780317235   0.1730524843889803   -3.070493775418533e-05   -0.30038977825085417
0.4574285540942779  0.3285939310506104   0.7506939851525876   0.03581901826428284   0.1422708191582324   -0.004601795388895055   -0.3078166523074788
0.45996730321528173  0.3310155329556662   0.761785833777801   0.03508475863662082   0.11091848625213283   -0.007342596276620266   -0.3135233290609959
0.4624298685893429  0.33340199251383423   0.7697043757531169   0.034292007004891545   0.07918541975316037   -0.007927516317292728   -0.3173306649897247
0.46483382149890207  0.33575377192183425   0.7744279478430951   0.033630129311700604   0.04723572089978135   -0.006618776931909348   -0.31949698853379005
0.46720469179378404  0.33808027720243117   0.7759538056608482   0.03321694262835242   0.015258578177531007   -0.004131866833481847   -0.31977142722250346
0.4695696796064945  0.34039331516885574   0.774293540730286   0.03308067712177201   -0.016602649305621192   -0.0013626550658041156   -0.31861227483152194
0.4719526421520026  0.34270157949036856   0.7694765475236044   0.0331761882548752   -0.04816993206681656   0.0009551113310319008   -0.3156728276119537
0.47437160111746307  0.34500781267455205   0.7615463495048718   0.03342166060563422   -0.07930198018732579   0.0024547235075901073   -0.31132048120509204
0.476838735494722  0.3473087685821292   0.7505600574545733   0.03373596022650586   -0.10986292050298511   0.003142996208716391   -0.3056094031565933
0.47936198480945535  0.3495969970844694   0.7365910868547058   0.034062848946038456   -0.1396897059986754   0.003268887195326012   -0.29826785495690306
0.48194721527115436  0.3518631602154934   0.719724563034656   0.03437864435444823   -0.1686652382004969   0.0031579540840977432   -0.289755322018215
0.48459973459967104  0.3540976232438139   0.7000610461904015   0.03468239295820961   -0.1966351684425454   0.003037486037613825   -0.2796993024204847
0.48732431284930133  0.35629059644261346   0.6777127413451921   0.03497493114933412   -0.22348304845209357   0.0029253819112451335   -0.26847880009548225
0.49012497773485064  0.3584320873735278   0.6528029245870796   0.03525578989092972   -0.249098167581126   0.0028085874159559593   -0.25615119129032393
0.493004984911653  0.36051202207686495   0.6254689569516847   0.03552544117752512   -0.2733396763539489   0.0026965128659539412   -0.24241508772822937
0.49596872705832346  0.36252165423873267   0.5958574642540521   0.035808363461577154   -0.2961149269763265   0.0028292228405204303   -0.22775250622377605
0.49902407049599895  0.36445481718724776   0.5641282636685971   0.036155556291748346   -0.31729200585454875   0.003471928301711794   -0.2117707887822217
0.5021823889703454  0.36630724306543216   0.5304508704427107   0.03661482926297143   -0.3367739322588639   0.004592729712230936   -0.19481926404315225
0.505458334230158  0.36807570772030834   0.49500426412032245   0.03722806009025173   -0.354466063223883   0.006132308272802959   -0.17692130965019087
0.5088681523800366  0.3697565290294156   0.4579802651796521   0.038015812615789187   -0.3702399894067032   0.007877525255374622   -0.15773926182820222
0.5124300302969717  0.3713453701691337   0.41957958828601855   0.03900178260337246   -0.3840067689363365   0.009859699875832777   -0.13766779529633225
0.5161641091568997  0.37283686975772345   0.38001408586014135   0.04020934711596357   -0.39565502425877186   0.012075645125911054   -0.11648255322435379
0.5200887746903271  0.3742229891427575   0.33950632970470757   0.04162250172543045   -0.4050775615543375   0.01413154609466882   -0.0942253729556569
0.5242177667229676  0.37549250092632935   0.2982893331431679   0.043197494573446654   -0.4121699656153965   0.015749928480162045   -0.07092404061058984
0.5285543225736569  0.37663037185087483   0.25660585772214767   0.04483354423538947   -0.4168347542102024   0.016360496619428143   -0.04664788594805885
0.5330783564053055  0.3776169196151421   0.21470691079346665   0.04630351887391853   -0.4189894692868104   0.01469974638529054   -0.021547150766079624
0.5377280938498461  0.3784287239351055   0.1728492117790631   0.04720072516081189   -0.4185769901440355   0.008972062868933608   0.00412479142774894
0.5423888290320837  0.37904417964323295   0.1312915906048036   0.04701195397726736   -0.41557621174259485   -0.0018877118354452952   0.030007784014406524
0.546947907645456  0.37945694391222723   0.09029060946535658   0.045777256519650714   -0.4100098113944704   -0.012346974576166379   0.055664003481243965
0.5520604085438301  0.37971327523038784   0.0500961965965652   0.051189228535444616   -0.4019441286879137   0.054119720157938915   0.08065682706556726
0.5571726738715175  0.37976924631546183   0.010947954628946975   0.05112571715197127   -0.39148241967618236   -0.0006351138347334189   0.10461709011731357
0.5621835382519094  0.3796342815784762   -0.026927911761889245   0.050126816494673244   -0.37875866390836227   -0.009989006572980281   0.12723755767820058
0.566995858629094  0.37932915361909697   -0.06332081415002458   0.048219840817094066   -0.3639290238813533   -0.01906975677579175   0.14829640027008978
0.5715765824570818  0.37887862740963923   -0.09803732276398315   0.04602825724889473   -0.34716508613958574   -0.021915835681993363   0.16763937741767565
0.5759208374843049  0.3783066852298354   -0.13090199171682496   0.04381742758149015   -0.32864668952841797   -0.022108296674045784   0.18518396611167753
0.5800135512094937  0.37763882402353405   -0.16175723781341303   0.04146847504699351   -0.308552460965881   -0.02348952534496639   0.2009422856253697
0.5838153087004326  0.37690584600592475   -0.19046278525530144   0.03871771790047509   -0.2870554744188842   -0.02750757146518421   0.2149698654699684
0.5872827447756714  0.37614175961118534   -0.21689425933356415   0.0355062543145481   -0.2643147407826269   -0.032114635859269956   0.22740733636257254
0.5904188253452224  0.37537117673492887   -0.24094192595412275   0.03229365155552228   -0.24047666620558625   -0.03212602759025814   0.23838074577040666
0.593333179694921  0.37458806967704067   -0.2625061838017302   0.030177339080378476   -0.21564257847607413   -0.0211631247514381   0.2483408772951211
0.5962814335026888  0.37373549781102866   -0.2814995631065465   0.03069051857126553   -0.189933793048163   0.005131794908870613   0.25708785427911135
0.5996374364807392  0.37270529430623534   -0.29784202899224776   0.03510566229252928   -0.16342465885701316   0.04415143721263748   0.26509134191149875
0.6037456472053289  0.37138269888199593   -0.3114613220014898   0.04315860750053371   -0.1361929300924201   0.08052945208004428   0.27231728764593033
0.608654724571577  0.3697433525297117   -0.3222981147649192   0.05175567316783501   -0.10836792763429406   0.08597065667301307   0.2782500245812601
0.6137403681173145  0.36799964193796125   -0.33030815384525963   0.053762716544165375   -0.08010039080340393   0.020070433763303603   0.2826753683089013
0.6188169948728647  0.3662296733547383   -0.33547210894236434   0.05376330347064301   -0.05163955097104663   5.869264776362667e-06   0.2846083983235731
0.6238894741008333  0.3644478396911718   -0.33780996574137484   0.05376334878222468   -0.023378567990106278   4.531158167422128e-07   0.28260982980940347
0.6289627077280433  0.36266814989511464   -0.33738723805859067   0.05376336597204999   0.004227276827841625   1.7189825304416296e-07   0.27605844817947905
0.634041376870615  0.36090403219945555   -0.33431944376393635   0.05376336252862758   0.030677942946543676   -3.4434224076521626e-08   0.2645066611870205
0.6391297509179019  0.35916811437502294   -0.32877232860737493   0.05376333428860771   0.055471151565614614   -2.824001987374002e-07   0.2479320861907093
0.6442315541688841  0.357472061224772   -0.32094804714312586   0.05376336364124484   0.07824281464249105   2.935263713229241e-07   0.2277166307687644
0.6492738104439937  0.35585091890057685   -0.3110732523104772   0.0529645643606904   0.0987479483264856   -0.007987992805544372   0.20505133683994567
0.6533794827491163  0.3545836488123427   -0.29938564295269743   0.04296803294727735   0.11687609357779799   -0.09996531413413055   0.18128145251312375
0.6566025843428354  0.3536354211486604   -0.2861247162155064   0.033596904002608355   0.13260926737190976   -0.09371128944668988   0.15733173794111746
0.6593388288045011  0.35287364223575673   -0.2715272756868961   0.028403064739814212   0.1459744052861032   -0.05193839262794148   0.13365137914193487
0.6620286549643531  0.3521700976642407   -0.255826511349317   0.027803128842512095   0.15700764337579148   -0.005999358973021185   0.11033238089688291
0.6649956601349369  0.3514463818046334   -0.23924943407307503   0.030539948146185828   0.1657707727624196   0.02736819303673731   0.08763129386628106
0.6684183953131096  0.35067372892670906   -0.22201996285383127   0.035088614349480185   0.17229471219243758   0.04548666203294354   0.06523939430017961
0.6723565451854043  0.3498575576354019   -0.2043543950179014   0.04021835401083349   0.17665567835929866   0.051297396613533136   0.0436096616686105
0.6767823673241214  0.3490226066198006   -0.1864629530132987   0.04503892183657457   0.17891442004602695   0.048205678257410706   0.022587416867283373
0.6816016648616162  0.34820255129521754   -0.16854639610207908   0.048885702910236604   0.17916556911219597   0.038467810736620436   0.002511490661690474
0.6866839436292203  0.3474302869556076   -0.15079881378142654   0.05140617636225341   0.1774758232065254   0.025204734520168047   -0.016897459056706136
0.6919007213887264  0.34673019390905063   -0.13340324083481514   0.05263544477433102   0.1739557294661142   0.012292684120776056   -0.035200937404112
0.6971702231208505  0.3461133271099934   -0.11653320392766041   0.05305485194837306   0.16870036907154726   0.004194071740420427   -0.052553603945669415
0.7024259252504617  0.34558412762767504   -0.10035230801211034   0.05282277630651952   0.16180895915550086   -0.0023207564185354235   -0.068914099160464
0.7076716558640553  0.34513710298214256   -0.085011466344253   0.05264743175512588   0.1534084166785736   -0.0017534455139363696   -0.08400542476927264
0.7128968090645514  0.3447673216577678   -0.07065167875135646   0.052382214726479505   0.1435978759289652   -0.002652170286463865   -0.09810540749608393
0.7181520272207071  0.34446534424514474   -0.05739927277875427   0.05263887178361865   0.1325240597260218   0.0025665705713915597   -0.11073816202943426
0.7233394696941763  0.34422984261712847   -0.04536725721149049   0.0519278542136574   0.1203201556726378   -0.007110175699612593   -0.1220390405338398
0.7285575573635072  0.34404894324061563   -0.034653874884461006   0.052212224152245995   0.10713382327029485   0.002843699385886014   -0.13186332402342954
0.7337468246992161  0.34391740721296715   -0.02534228034116987   0.05190934136359598   0.09311594543291146   -0.0030288278865002326   -0.1401787783738339
0.7387388165479546  0.3438300387949409   -0.017499928223087807   0.04992756338770754   0.07842352118082056   -0.019817779758884282   -0.14692424252090888
0.7431078534232112  0.34378119774950977   -0.011178438739425079   0.04369309861416067   0.06321489483662732   -0.06234464773546868   -0.15208626344193263
0.7465061146576576  0.34375940151778894   -0.006413848540935657   0.03398331133550244   0.04764590198489419   -0.0970978727865824   -0.1556899285173311
0.7488239906743007  0.34375191992122056   -0.0032277699771706   0.023178880910897134   0.031860785637650574   -0.10804430424605299   -0.15785116347243622
0.75  0.34375   -0.001632571694747853   0.01176010892904043   0.015951982824227474   -0.11418771981856705   -0.15908802813423104
0.75  0.34375   -0.001632571694747853   1.5972068090383238e-26   2.8203117079347257e-21   -0.1176010892904043   -0.15951982824227473
