0.21875  0.875   0.664246733592315   2.1671242014853198e-27   5.223953428660243e-21   0.0   0.0
0.2196814323128165  0.8757286995580336   0.6638813720779725   0.011826111783832685   -0.0036536151434251756   0.11826111783832685   -0.036536151434251755
0.2215451949068202  0.8771847003287715   0.6631817497082942   0.023650685510565102   -0.006996223696782727   0.11824573726732418   -0.03342608553357552
0.2243429971894139  0.8793651232466849   0.6620121893347158   0.035471032848576736   -0.011695603735783731   0.11820347338011636   -0.046993800390010027
0.22807624369424676  0.8822652924877238   0.6604642796564747   0.0472737888184507   -0.01547909678241134   0.11802755969873956   -0.037834930466276076
0.23195961353442168  0.8852690228443699   0.658363196536829   0.04909476282763455   -0.021010831196457278   0.018209740091838542   -0.05531734414045941
0.23493045520652212  0.8875541467400699   0.6556662458472006   0.037480250078391376   -0.026969506896283725   -0.11614512749243175   -0.05958675699826449
0.2370057156266095  0.8891388704622472   0.6521651420380858   0.026111405720130078   -0.035011038091147924   -0.11368844358261296   -0.08041531194864196
0.23918179325322667  0.890784643911741   0.6475226677221361   0.027283482336611552   -0.04642474315949827   0.011720766164814737   -0.1141370506835035
0.2422858083778913  0.8931030207514032   0.6415116614502314   0.038742458704668   -0.06011006271904593   0.11458976368056444   -0.13685319559547665
0.2463376668405427  0.896080605796567   0.6337467099906018   0.05028277011317345   -0.07764951459629627   0.11540311408505458   -0.17539451877250323
0.25069283015869487  0.89921576813285   0.6239390825498854   0.05366254783610656   -0.0980762744071649   0.033797777229331055   -0.20426759810868642
0.25508901582751364  0.9022992645261504   0.6116667376060432   0.05369767075230003   -0.1227234494384212   0.0003512291619347538   -0.246471750312563
0.2595315222433645  0.905316313539539   0.5965829885944731   0.053701441325224204   -0.1508374901157013   3.770572924167215e-05   -0.2811404067728011
0.26401423169163263  0.9082433361643266   0.57845210312199   0.053537038995082234   -0.1813088547248297   -0.0016440233014196964   -0.3047136460912838
0.26794542820401074  0.910691751521122   0.5570278559740675   0.046313112374709364   -0.21424247147922626   -0.0722392662037287   -0.32933616754396566
0.27096045911719635  0.9124673857294323   0.5322380716980207   0.03499041047085115   -0.24789784276046778   -0.11322701903858219   -0.3365537128124152
0.2730367162555733  0.9136129586620172   0.504185070455946   0.023713247454813645   -0.2805300124207475   -0.112771630160375   -0.3263216966027966
0.27422956230328477  0.9142233423590322   0.4729666449597324   0.013399440104431844   -0.3121842549621355   -0.10313807350381798   -0.3165424254138806
0.27492465410574213  0.9145495619342133   0.4388027029978707   0.007678358060645005   -0.3416394196186165   -0.05721082043786839   -0.2945516465648097
0.27566129057589905  0.9148627637993006   0.40202168588240006   0.008004553063471942   -0.36781017115470693   0.0032619500282693712   -0.2617075153609043
0.2769956827588532  0.9153694309833024   0.36288383701877763   0.014273451346024917   -0.39137848863622426   0.06268898282552972   -0.23568317481517428
0.2793471868441526  0.9161532606313485   0.3217486227182413   0.024787013495650236   -0.4113521430053631   0.10513562149625322   -0.19973654369138805
0.2828194304901266  0.9171480470865133   0.27902290256960127   0.036119352192952155   -0.42725720148640045   0.11332338697301914   -0.15905058481037337
0.2874052918193652  0.9182468113665965   0.2351650623288511   0.04715655529636516   -0.4385784024075019   0.11037203103413004   -0.11321200921101471
0.2926533141752082  0.9192598311829341   0.1906836512891382   0.053448992315776336   -0.44481411039712854   0.06292437019411179   -0.062357079896265925
0.29795660168184085  0.9200403423295722   0.14612593753384553   0.053604156581398034   -0.4455771375529266   0.0015516426562169159   -0.007630271557981388
0.30328456024910083  0.920585978005587   0.10205411317544587   0.05355824939762145   -0.44071824358399686   -0.00045907183776577355   0.048588939689298005
0.3083302515564134  0.9208840952492134   0.059014920800833995   0.050544905440247416   -0.4303919237461186   -0.030133439573740404   0.10326319837878231
0.3127007426729167  0.9209606379680776   0.017511737798768783   0.043711613316422086   -0.41503183002065214   -0.06833292123825323   0.1536009372546649
0.3163504906142487  0.920880105222811   -0.022061709611069402   0.0365063632238498   -0.3957344740983819   -0.07205250092572293   0.19297355922270226
0.3194597512468655  0.9206956232592316   -0.05926358619055863   0.031147287645036336   -0.3720187657948922   -0.053590755788134575   0.23715708303489696
0.32230204320901173  0.9204280809133889   -0.09385255157404103   0.028548559516899264   -0.345889653834824   -0.02598728128137073   0.26129111960068213
0.32514289525577855  0.9200696175840083   -0.12551827160073495   0.028633784783241016   -0.31665720026693894   0.0008522526634174919   0.2923245356788506
0.32819313944394257  0.9195956744063714   -0.15414615843756854   0.030868449496300354   -0.28627886836833605   0.022346647130593412   0.30378331898602934
0.3315851426169715  0.9189800190882402   -0.17954740684454357   0.03447421789769964   -0.25401248406975024   0.036057684013992834   0.32266384298585754
0.335379147666303  0.9182040947920684   -0.201731431103211   0.03872535710324944   -0.22184024258667434   0.042511392055498004   0.32172241483075925
0.3395542450125591  0.9172676881629246   -0.2206326326633762   0.04278819372889916   -0.18901201560165198   0.040628366256497205   0.3282822698502235
0.3440146961184348  0.9161931999857703   -0.23638848091205664   0.0458804412694029   -0.15755848248680465   0.030922475405037404   0.3145353311484733
0.348597185224397  0.9150273281880144   -0.24913327600575608   0.047284736919077294   -0.12744795093699424   0.014042956496743924   0.3011053154981042
0.3531145530199754  0.9138305079538742   -0.25898735212038726   0.046732205675931136   -0.09854076114631195   -0.005525312431461563   0.28907189790682275
0.3574026280421427  0.9126609779207352   -0.2662639932876196   0.04444703352772598   -0.07276641167232359   -0.02285172148205151   0.25774349473988345
0.36137396047634124  0.9115565042559829   -0.2712567441723775   0.04122055722457936   -0.04992750884757899   -0.03226476303146617   0.22838902824744617
0.3650417690219237  0.9105246949746318   -0.2742276147392232   0.03810177150754181   -0.02970870566845605   -0.031187857170375637   0.20218803179122938
0.3684964169421513  0.9095477258844172   -0.27560181847281984   0.03590133821456676   -0.013742037335967103   -0.022004332929750497   0.15966668332488948
0.37187190788187763  0.9085926580950794   -0.27573462874257454   0.03508004214137299   -0.0013281026975466251   -0.00821296073193764   0.1241393463842048
0.37530998902288826  0.9076225026139875   -0.2750284625224328   0.035723386723075824   0.007061662201417697   0.006433445817028312   0.08389764898964322
0.37892313114001347  0.9066073562380671   -0.2738981671497605   0.03753041183238959   0.01130295372672241   0.01807025109313771   0.042412915253047134
0.38278230185916484  0.9055278000776129   -0.27276560470667555   0.040073233140251185   0.011325624430850025   0.02542821307861596   0.00022670704127615053
0.3869157179397638  0.9043746949172751   -0.27205469308986857   0.0429124457542927   0.007109116168069589   0.028392126140415072   -0.042165082627804364
0.39131444639065743  0.9031469491810163   -0.27218672493869084   0.045668557649220044   -0.0013203184882227637   0.02756111894927348   -0.08429434656292353
0.3959409178448388  0.9018487084790936   -0.27357557812484207   0.048051708644420724   -0.013888531861512586   0.02383150995200682   -0.12568213373289824
0.4007384032700523  0.9004866968305134   -0.276622565776987   0.04987077514537196   -0.03046987652144952   0.018190665009512323   -0.16581344659936934
0.4056415460777762  0.8990676907754573   -0.28171075260622414   0.05104349868222058   -0.050881868292371235   0.011727235368486211   -0.20411991770921717
0.4105883134254639  0.8975958266882945   -0.28919893272843644   0.051610939812435065   -0.07488180122212297   0.0056744113021448715   -0.2399993292975174
0.41552837767887285  0.8960708481686427   -0.2994156414395288   0.051700864899154826   -0.10216708711092423   0.0008992508671976551   -0.2728528588880127
0.42041700752837075  0.8944905698141282   -0.31265359627715644   0.05137701965192972   -0.1323795483762756   -0.0032384524722511208   -0.30212461265351365
0.4252091328962572  0.8928536178445484   -0.329164901037969   0.05063998152868024   -0.1651130476081259   -0.007370381232494812   -0.327334992318503
0.4298568807173656  0.8911614947028708   -0.34915728509210536   0.04946194550886307   -0.19992384054136336   -0.011780360198171653   -0.3481079293323748
0.43430941486455543  0.8894202058004752   -0.372791561639538   0.04780914909669112   -0.23634276547432678   -0.016527964121719543   -0.36418924932963437
0.4385147416226409  0.8876413278592635   -0.4001803971685033   0.04566090217242629   -0.2738883552896526   -0.0214824692426483   -0.3754558981532577
0.442422445907356  0.8858426017978795   -0.4313883839843363   0.04301809877328573   -0.3120798681583308   -0.026428033991405604   -0.3819151286867818
0.4459881980613908  0.8840472919772698   -0.46643330863509447   0.039922081328482975   -0.35044924650758147   -0.03096017444802751   -0.3836937834925073
0.4491815670816632  0.8822807546094992   -0.5052884625360424   0.03649419127938794   -0.3885515390094791   -0.03427890049095037   -0.3810229250189766
0.4519951911033033  0.8805638809562206   -0.5478858340165521   0.032960787727953585   -0.42597371480509744   -0.03533403551434354   -0.37422175795618323
0.4544512888007334  0.8789045318332255   -0.5941644070533476   0.029640943661270444   -0.4627857303679543   -0.03319844066683144   -0.3681201556285686
0.4566031946287521  0.8772890741061611   -0.6439555034241956   0.02690799576444321   -0.49791096370848004   -0.027329478968272338   -0.35125233340525785
0.45852956234176995  0.8756761077617372   -0.6970803914902509   0.025124794514586667   -0.5312488806605524   -0.0178320124985654   -0.33337916952072305
0.460321445110805  0.8739955606147177   -0.7533464023837273   0.024566405051043915   -0.5626601089347638   -0.0055838946354275516   -0.31411228274211395
0.4620636544821021  0.8721561136169201   -0.8125402834563914   0.025335466743563254   -0.5919388107266417   0.007690616925193426   -0.29278701791877776
0.46381459330460906  0.8700619175138765   -0.8744326941526559   0.027297333346254456   -0.6189241069626451   0.01961866602691202   -0.26985296236003586
0.46559333410130327  0.8676326236669499   -0.9387817110554445   0.03010878180288872   -0.6434901690278855   0.028114484566342638   -0.24566062065240327
0.46737737696397774  0.8648212605563602   -1.005335620590307   0.033296503533320546   -0.6655390953486253   0.03187721730431825   -0.22048926320739756
0.469110863282491  0.8616250883301274   -1.073835173171229   0.036359994109205505   -0.6849955258092194   0.0306349057588496   -0.19456430460594099
0.47072057586707194  0.8580851610621053   -1.1440155577973363   0.03888734970121308   -0.7018038462610757   0.025273555920075793   -0.1680832045185633
0.47213508677015564  0.854271631336529   -1.2156082486488984   0.04067413190566864   -0.7159269085156194   0.01786782204455554   -0.1412306225454371
0.47330031346394075  0.8502565513622024   -1.288342832664145   0.041807440065314366   -0.7273458401524653   0.011333081596457207   -0.11418931636845948
0.47418484444547015  0.8460830115341126   -1.361948874979667   0.042662430490931574   -0.736060423155222   0.00854990425617215   -0.08714583002756687
0.4747727856774684  0.8417426153948888   -1.4361578573665055   0.04380035791825422   -0.7420898238683831   0.011379274273226445   -0.06029400713161003
0.47504757008668075  0.8371753261704522   -1.5107051934436575   0.045755477629678826   -0.7454733607715202   0.019551197114246032   -0.03383536903137166
0.4749768319450964  0.8323092772943246   -1.5853323828556327   0.048665630119765116   -0.7462718941197516   0.0291015249008629   -0.00798533348231442
0.4745160002656467  0.8271446609915721   -1.6597892844515572   0.05185135233669247   -0.744569015959245   0.03185722216927352   0.01702878160506643
0.47364412391293703  0.8218445098675103   -1.7338364325120996   0.053713843943911016   -0.7404714806054252   0.018624916072185492   0.04097535353819775
0.4723876253236106  0.8166299162435535   -1.807247032565827   0.0536383961057647   -0.7341060005372736   -0.0007544783814631487   0.06365480068151594
0.47076268375609454  0.8115398521415653   -1.8798078429758327   0.05343143986473666   -0.7256081041000569   -0.002069562410280376   0.0849789643721661
0.4687865599121775  0.8066002167522249   -1.951349769210016   0.05320250297318774   -0.7154192623418326   -0.002289368915489268   0.10188841758224419
0.46649258551291384  0.8018619905574864   -2.0216772592475247   0.05264323889824969   -0.7032749003750898   -0.0055926407493803836   0.12144361966742893
0.46408065187537656  0.7976470836852997   -2.090553084701866   0.04856219086191446   -0.6887582545434076   -0.040810480363352324   0.14516645831682104
0.461829930329595  0.7942638740530171   -2.1578259897467555   0.040634781767119175   -0.6727290504488999   -0.07927409094795287   0.16029204094507793
0.45987828621359933  0.7917097167289258   -2.223263622773934   0.0321444153652079   -0.6543763302717822   -0.08490366401911276   0.18352720177117532
0.458192722406453  0.789772127349825   -2.286746621162872   0.02568146792916054   -0.6348299838893818   -0.06462947436047356   0.19546346382400412
0.4565779439800997  0.7881308361068655   -2.3480520874283983   0.023024652680185182   -0.613054662655261   -0.02656815248975362   0.21775321234120876
0.4547295656277971  0.7864613738824204   -2.407010351594531   0.024907040474752777   -0.5895826416613276   0.018823877945675947   0.23472020993933362
0.4523215371670847  0.7845217819712694   -2.4635259322906156   0.030920248785227367   -0.565155806960845   0.0601320831047459   0.24426834700482486
0.44911701177916485  0.7822140243047295   -2.517466975078562   0.03949016131810049   -0.5394104278794665   0.08569912532873127   0.25745379081378655
0.44508046148087776  0.7796100371587287   -2.568668293459919   0.04803591090750562   -0.5120131838135745   0.08545749589405123   0.27397244065891846
0.44048358581159747  0.776950108051933   -2.6170282658623814   0.053109781370290425   -0.4835997240246191   0.050738704627848095   0.2841345978895554
0.4357362016728476  0.7744842038560841   -2.662527045335652   0.053496111694177895   -0.4549877947327049   0.003863303238874702   0.28611929291914207
0.4308766370531253  0.7722173405419923   -2.70512324938649   0.05362279140256603   -0.42596204050838177   0.0012667970838813843   0.2902575422432309
0.4259245841867949  0.7701421305875307   -2.744763517692468   0.05369294548264949   -0.39640268305977444   0.0007015408008345154   0.29559357448607376
0.4209691113340005  0.7682759434145388   -2.7814277411419566   0.05295221030270801   -0.3666422344948914   -0.007407351799414784   0.29760448564883035
0.41642278148864864  0.7667365393308632   -2.8151062970992733   0.047998833314543896   -0.33678555957316497   -0.04953376988164107   0.29856674921726434
0.41243887422143255  0.7655226719118003   -2.8458362193931297   0.04164731831083455   -0.3072992229385646   -0.06351515003709347   0.2948633663460036
0.40892796703346745  0.7645583854027302   -2.8735476661901718   0.0364092265148262   -0.2771144679704236   -0.05238091796008354   0.3018475496814101
0.40566926185094565  0.7637493485777153   -2.898243439653869   0.033576331024733105   -0.24695773463697185   -0.02832895490093096   0.30156733333451746
0.402407843923335  0.7630142021645225   -2.91989086170456   0.03343245002594116   -0.21647422050690787   -0.0014388099879193961   0.30483514130063943
0.3989175857947624  0.7622954102505631   -2.9384898926315137   0.03563504401518369   -0.18599030926953966   0.022025939892425277   0.3048391123736823
0.39503020766808605  0.761557457740889   -2.9539919286827283   0.03956802068122147   -0.15502036051214552   0.039329766660377796   0.3096994875739417
0.39065775506433487  0.7607832039269439   -2.9663339652470673   0.04440474157165906   -0.12342036564338649   0.04836720890437586   0.3159999486875902
0.385807437341737  0.7599698072852115   -2.9754390684957017   0.04918047997623462   -0.09105103248634355   0.04775738404575564   0.3236933315704292
0.38060938807282685  0.7591289450945264   -2.9812169697332433   0.05265621086419004   -0.057779012375417355   0.03475730887955419   0.3327202011092619
0.37531906567353923  0.7582858960770923   -2.9835645682042844   0.053570740833219915   -0.02347598471041286   0.00914529969029871   0.34303027665004493
0.37001917944251117  0.7574348092321685   -2.982366196907721   0.053677875218233286   0.01198371296563419   0.0010713438501337097   0.3545969767604704
0.36472630805074135  0.7565579003339004   -2.9774067101432715   0.05365021601603861   0.04959486764449229   -0.000276592021946726   0.376111546788581
0.3594334750323215  0.7556333610520347   -2.9686598400931534   0.05372974431782344   0.08746870050118474   0.0007952830178482839   0.37873832856692463
0.35415577365214423  0.7546423688854487   -2.955984219556788   0.053699345743275784   0.12675620536365365   -0.0003039857454765372   0.39287504862468897
0.34889328060895286  0.7535623420207632   -2.939172354791733   0.05372177496888794   0.16811864765055035   0.00022429225612161132   0.41362442286896667
0.34365410928908874  0.7523715949576131   -2.918111277565054   0.053727827694115896   0.21061077226678496   6.052725227948977e-05   0.4249212461623463
0.33844658456318455  0.7510474154484758   -2.892588003830267   0.053732453083142895   0.25523273734787555   4.625389026998094e-05   0.44621965081090653
0.3332809594710733  0.7495668689127374   -2.8624602960131553   0.053736115077976085   0.30127707817111776   3.661994833189743e-05   0.4604434082324215
0.32816992969431436  0.7479065881831506   -2.8275030305230016   0.053739331480724635   0.34957265490153455   3.216402748553876e-05   0.48295576730416756
0.32312909456148164  0.7460432160973434   -2.787515845734483   0.05374213837070944   0.39987184788518637   2.8068899848024876e-05   0.5029919298365183
0.31817750204585327  0.743953593182541   -2.742257053773913   0.053744574020912324   0.4525879196057026   2.4356502028883615e-05   0.5271607172051623
0.313338178378125  0.7416152165945878   -2.6914725682311005   0.05374668234237473   0.5078448554281232   2.1083214623989948e-05   0.5525693582242056
0.3086387219512538  0.7390067509562687   -2.634875290608651   0.053748473182363476   0.5659727762244974   1.7908399887490463e-05   0.5812792079637422
0.304111872281836  0.7361087923151217   -2.5721580415895997   0.05374991368858655   0.6271724901905115   1.440506223074773e-05   0.6119971396601399
0.29979606893951016  0.7329048119851465   -2.502984080711754   0.05375095203296259   0.6917396087784573   1.0383443760397224e-05   0.6456711858794589
0.2957358766452258  0.7293824356404192   -2.4270038440065655   0.05375155493607558   0.7598023670518829   6.0290311299191815e-06   0.6806275827342557
0.2919821936064244  0.7255350527678128   -2.3438679179552735   0.05375173608750665   0.8313592605129209   1.811514310655471e-06   0.7155689346103801
0.2885920856590332  0.7213637844474421   -2.253250403193384   0.05375156862408205   0.906175147618894   -1.6746342459855682e-06   0.7481588710597306
0.28562809988844506  0.7168797371202978   -2.154870318121807   0.053751178666442696   0.9838008507157728   -3.899576393547854e-06   0.7762570309687895
0.28315701075786737  0.7121063628588469   -2.048489132991245   0.05375070541968836   1.0638118513056178   -4.732467543296194e-06   0.8001100058984497
0.28124788416452323  0.7070818123233161   -1.9339081003061869   0.05375023017021943   1.1458103268505824   -4.752494689347842e-06   0.8199847554496462
0.2799693363198216  0.701861119207757   -1.810969278195404   0.053749717392780554   1.229388221107826   -5.127774388731163e-06   0.8357789425724335
0.27938589224864924  0.696517977208805   -1.6795603491172273   0.05374902176333092   1.314089290781769   -6.9562944963802375e-06   0.8470106967394312
0.279553435374761  0.6911457929835392   -1.5396192801528261   0.053747961867687016   1.3994106896440117   -1.0598956439061111e-05   0.8532139886224277
0.2805138354138171  0.6858576781122517   -1.3911396867174002   0.05374618788988729   1.484795934354261   -1.7739777997186545e-05   0.853852447102494
0.2822889464757149  0.6807850132089207   -1.234177997903244   0.05374285859866169   1.569616888141562   -3.329291225605537e-05   0.8482095378730098
0.2848743722740258  0.6760740916038236   -1.0688631384793605   0.05373751848377719   1.653148594238834   -5.3401148844962606e-05   0.8353170609727193
0.28798719321543786  0.6721882269435958   -0.8954077788587549   0.04978915380974197   1.7345535962060563   -0.03948364674035218   0.8140500196722241
0.2908589308783686  0.669699240403223   -0.7141199761263558   0.03800254097142884   1.8128780273239895   -0.11786612838313133   0.7832443111793297
0.2931255039195376  0.6683851510465912   -0.5254111123708654   0.026199588142120277   1.8870886375549059   -0.11802952829308563   0.7421061023091649
0.29448753358796476  0.667918947262934   -0.32978626230211583   0.01439607858262846   1.9562485006874952   -0.11803509559491818   0.691598631325893
0.2947458133029767  0.667885749026088   -0.127835048436495   0.0026040455855521672   2.019512138656208   -0.11792032997076293   0.6326363796871296
0.2947481763075136  0.6678859379562996   0.0797836669646566   2.370545309870383e-05   2.076187154011516   -0.025803401324534635   0.5667501535530796
0.29474982495604446  0.6678864342517767   0.2924030433038349   1.7217291247288315e-05   2.126193763391783   -6.488161851415526e-05   0.500066093802668
0.2947510933115978  0.6678871421594359   0.5090638432118196   1.4525353915560043e-05   2.166607999079847   -2.6919373317282653e-05   0.40414235688063566
0.29475204219223367  0.6678879886874889   0.7284518422328536   1.2716069382817061e-05   2.1938799902103407   -1.8092845327429832e-05   0.2727199113049402
0.29475272378860934  0.667888940074942   0.9491326784127438   1.1703468312791303e-05   2.206808361798902   -1.012601070025756e-05   0.12928371588561485
0.2947531625903514  0.6678899745703644   1.1696290553134436   1.1237115945202196e-05   2.2049637690069974   -4.663523675891078e-06   -0.018445927919046985
0.2947533654646423  0.6678910748635183   1.3884621415021445   1.1188400254032885e-05   2.1883308618870085   -4.871569116931208e-07   -0.16632907119988682
0.29475332697432116  0.6678922267803491   1.6041980488822738   1.152559712031599e-05   2.1573590738012935   3.3719686628310538e-06   -0.30971788085715085
0.2947530294250665  0.6678934177764492   1.815617116549728   1.2276022439619736e-05   2.1141906766745415   7.504253193037438e-06   -0.43168397126751656
0.29475243978746296  0.6678946347803846   2.0219666891091435   1.3523206285886448e-05   2.063495725594154   1.2471838462667126e-05   -0.5069495108038775
0.29475150332809785  0.6678958620154445   2.2226063446454907   1.5437169541438317e-05   2.0063965553634695   1.9139632555518698e-05   -0.5709917023068443
0.2947501091582177  0.6678970963675986   2.4169210967081822   1.862078112087256e-05   1.9431475206269209   3.183611579434242e-05   -0.632490347365487
0.2947480187755516  0.66789834160917   2.6043406989596005   2.433172057536396e-05   1.8741960225141823   5.710939454491392e-05   -0.6895149811273882
0.29474375503724926  0.6678999331790787   2.7843304357908045   4.551105259706069e-05   1.79989736831204   0.00021179332021696736   -0.742986542021423
0.2941276152505193  0.668015364045159   2.9563941963215115   0.006268592518546401   1.7206376053070702   0.0622308146594934   -0.7925976300496976
0.29232185348993284  0.6680542108527149   3.120083273255497   0.018061795620738907   1.6368907693398531   0.11793203102192505   -0.8374683596721686
0.28936284177823285  0.6676570646405591   3.275011167078467   0.029855444099538903   1.5492789382297067   0.11793648478799999   -0.8761183111014664
0.2853595298415085  0.6665090575716253   3.4208628395901846   0.04164664055243963   1.458516725117168   0.11791196452900717   -0.907622131125388
0.2804786823379514  0.6643539226708873   3.557396810092833   0.05335473624089472   1.3653397050264906   0.11708095688455099   -0.9317702009067714
0.275879037826048  0.6615789046074667   3.684443464988383   0.05371913522031881   1.2704665489554947   0.0036439897942409476   -0.948731560709961
0.2716351945099367  0.6582831438879451   3.801900381461717   0.05373289943045835   1.1745691647333438   0.00013764210139533163   -0.9589738422215079
0.26777028545481196  0.654549454529927   3.9097235989603853   0.05373821566311435   1.0782321749866806   5.3162326560008144e-05   -0.9633698974666307
0.26428987603197246  0.6504546176403841   4.007923546225838   0.053740988921436895   0.9819994726545292   2.7732583225491954e-05   -0.9623270233215148
0.261185547418097  0.6460676254798463   4.096566415550902   0.053742493763811496   0.8864286932506483   1.5048423746001738e-05   -0.9557077940388083
0.25843807990033163  0.6414487171059343   4.175779263023476   0.053742806335133605   0.7921284747257323   3.12571322113886e-06   -0.9430021852491597
0.2560202901880995  0.6366490409081498   4.24575371262672   0.05374253315218674   0.699744496032438   -2.7318294687428335e-06   -0.9238397869329432
0.25389957862913115  0.6317109345844389   4.306748042480934   0.053742266030190396   0.6099432985421473   -2.671219963359806e-06   -0.8980119749029066
0.2520401269365279  0.6266686369357879   4.3590907569197705   0.0537422796080508   0.5234271443883609   1.357786039814154e-07   -0.8651615415378646
0.2504047272311735  0.6215492512861789   4.4031829071191835   0.053742573092172806   0.4409215019941282   2.934841220040215e-06   -0.8250564239423266
0.24895626883961286  0.6163738214974609   4.439498884984426   0.05374300439127958   0.36315977865242327   4.312991067785455e-06   -0.7776172334170497
0.24765906880112318  0.6111583880476326   4.4686122380379265   0.053743347504063885   0.29113353053500757   3.4311278430030836e-06   -0.7202624811741576
0.24648016062834022  0.6059149513872192   4.491231576397379   0.05374332748499975   0.2261933835945164   -2.0019064134510027e-07   -0.6494014694049112
0.24539030058121297  0.600652352545096   4.508180316215258   0.05374266600701742   0.16948739817879635   -6.614779823255301e-06   -0.5670598541572005
0.24436455442762864  0.5953770440812386   4.520342473702369   0.05374107792035297   0.12162157487110574   -1.588086664448248e-05   -0.4786582330769063
0.2433826777040252  0.5900936970937214   4.528641562792056   0.05373810313998666   0.08299089089688061   -2.974780366312826e-05   -0.3863068397422511
0.24242900918757374  0.5848057409307589   4.533959680240461   0.05373263814541475   0.05318117448404146   -5.4649945719103294e-05   -0.2980971641283916
0.24149262458636397  0.579515565654103   4.537199083707696   0.05372408266234138   0.032394034672347506   -8.555483073372212e-05   -0.20787139811693942
0.24056651871654638  0.5742240512160649   4.539126656413452   0.05371945376681956   0.019275727057567447   -4.628895521815263e-05   -0.13118307614780064
0.23964819637590726  0.5689332724467052   4.540530814566624   0.05369884161469627   0.014041581531723265   -0.00020612152123293317   -0.05234145525844182
0.23873904346430527  0.5636470865160568   4.542068702217094   0.05363797228646863   0.01537887650469257   -0.0006086932822763779   0.013372949729693023
0.2378548101118237  0.5584387123085379   4.544220941312904   0.05282899819906692   0.021522390958102097   -0.008089740874017193   0.06143514453409531
0.23706020915053544  0.5536633254423386   4.547504544448191   0.04841044351122552   0.03283603135287327   -0.044185546878413896   0.1131364039477117
0.2363693507506128  0.5493868519589336   4.552224116827168   0.043319176796194764   0.04719572378976356   -0.05091266715030759   0.14359692436890295
0.2357540498915709  0.5454167355274029   4.558629206652258   0.04017514110372258   0.06405089825089902   -0.03144035692472188   0.16855174461135447
0.23516739542831563  0.5414133839940843   4.566883787158893   0.04046107630621634   0.08254580506635974   0.002859352024937683   0.18494906815460735
0.2345715278006348  0.5370368770323337   4.577069616742279   0.04416884808998801   0.10185829583385637   0.037077717837716566   0.19312490767496632
0.23396334326706464  0.5321253708465818   4.589187610567634   0.04949018229866128   0.12117993825354384   0.05321334208673277   0.19321642419687474
0.2333858472818162  0.526859488912671   4.603158013163183   0.05297453553818361   0.1397040259554925   0.034843532395223385   0.18524087701948652
0.2328874003602593  0.5215478655729662   4.618822202638457   0.05334959403454151   0.15664189475273751   0.0037505849635789544   0.1693786879724501
0.23247872198603395  0.5162117791967051   4.635950540585589   0.05351713354475957   0.17128337947132638   0.001675395102180627   0.14641484718588849
0.2321671464737652  0.5108578625066554   4.654258736619881   0.0536297522125909   0.1830819603429136   0.0011261866783132428   0.11798580871587225
0.23195800814565865  0.5054925001250544   4.673429355884373   0.05369436872352982   0.19170619264492758   0.0006461651093892137   0.08624232302013969
0.23185789290955588  0.5002933652031305   4.6931352264128945   0.052000987487614385   0.19705870528520877   -0.016933812359154345   0.053525126402812095
0.23186099810038552  0.49566768316807525   4.713060273902843   0.04625683077302733   0.19925047489948447   -0.057441567145870516   0.021917696142756984
0.23194274575211657  0.4916854645256974   4.732914265157809   0.039830576187479864   0.19853991254966097   -0.06426254585547465   -0.007105623498235082
0.23208212233541833  0.48820796323996496   4.752447060506941   0.034802932382552006   0.1953279534913208   -0.0502764380492786   -0.03211959058340206
0.23227019744356017  0.48502278658019593   4.771367494522129   0.031907244632278474   0.18920434015187607   -0.02895687750273538   -0.06123613339444696
0.23250870587745717  0.4819383582035331   4.789562032706113   0.030936361589242217   0.18194538183983572   -0.00970883043036256   -0.07258958312040321
0.23280344670776568  0.478826495785967   4.806822516802682   0.031257894783417596   0.1726048409656953   0.00321533194175387   -0.09340540874140446
0.23315963154393834  0.47562269382080735   4.823109974589523   0.03223540703865968   0.16287457786841494   0.009775122552420829   -0.09730263097280353
0.23357790262116307  0.4723198706794063   4.838358880150049   0.03329202817104613   0.15248905560525863   0.010566211323864512   -0.10385522263156316
0.23405475146789065  0.46893799529409985   4.8524668444142005   0.03415328087368293   0.14107964264151088   0.008612527026367977   -0.11409412963747743
0.2345838260521367  0.46550956819423983   4.865501084536134   0.03469010275964772   0.13034240121933663   0.005368218859647913   -0.10737241422174237
0.23515881073781647  0.46205743175193675   4.877432981513804   0.0349969333014232   0.11931896977670042   0.003068305417754735   -0.11023431442636211
0.2357770693285665  0.45858097978312184   4.888390698014976   0.03531000138277094   0.10957716501171187   0.0031306808134774137   -0.09741804764988556
0.23643865826157695  0.45506551926066036   4.898407373854999   0.03577172431022419   0.10016675840023576   0.00461722927453254   -0.09410406611476119
0.2371473251217297  0.4514826999283849   4.907664287122437   0.03652232616688632   0.09256913267438424   0.00750601856662128   -0.07597625725851521
0.23790721634649756  0.4478082113977005   4.91631619585128   0.037522394160834555   0.08651908728843635   0.010000679939482301   -0.060500453859479
0.23872217035716248  0.44402444863607093   4.92453013786174   0.038705310586266264   0.08213942010459084   0.011829164254317145   -0.043796671838454926
0.23959341213612523  0.4401302222164367   4.932490989271704   0.03990496415834355   0.07960851409964408   0.011996535720772866   -0.02530906004946769
0.2405217305061077  0.43612959884329633   4.940397263709458   0.04106916406473831   0.07906274437753409   0.011641999063947656   -0.005457697221099974
0.2415084723457363  0.4320276236432577   4.948456639023288   0.04218988030299049   0.08059375313829484   0.011207162382521788   0.015310087607607636
0.24255163788427173  0.42784589953292057   4.956857687192371   0.04309873649628647   0.08401048169083385   0.009088561932959769   0.03416728552539002
0.24364813286613451  0.4236110131520104   4.9657447599910824   0.04374535850175375   0.08887072798711779   0.006466220054672733   0.04860246296283943
0.24479720785827552  0.41934320184061225   4.97539438891592   0.0441979487388988   0.09649628924837685   0.004525902371450507   0.07625561261259052
0.24600166249640343  0.41505217485134727   4.9860387605856635   0.04456862528495803   0.10644371669743038   0.0037067654605924213   0.09947427449053536
0.24726833571743406  0.4107363592813887   4.997867877432891   0.04497857832654876   0.11829116847227628   0.004099530415907312   0.11847451774845906
0.24860514598598363  0.4063942904642552   5.011053918377938   0.04543195275004688   0.13186040945046842   0.004533744234981186   0.13569240978192149
0.25002008936033726  0.40202762528799063   5.025745962280275   0.045901883963766474   0.14692043902337165   0.0046993121371959835   0.1506002957290322
0.2515193902026907  0.39764579075895284   5.042064909846252   0.046312392354261815   0.16318947565977152   0.004105083904953425   0.16269036636399895
0.253105252447553  0.3932702190172613   5.0600989003612336   0.04654093588054703   0.18033990514982012   0.0022854352628520307   0.17150429490048605
0.2547740793616618  0.3889356202125558   5.079899103290417   0.04644752960816048   0.19800202929183325   -0.0009340627238653975   0.17662124142013122
0.2565160386602642  0.38468681754743217   5.101476178386904   0.045920307365206546   0.2157707509648698   -0.005272222429539419   0.17768721673036544
0.2583160406798419  0.38057250515867275   5.124797453219382   0.044908321837699605   0.23321274832478456   -0.010119855275069364   0.17441997359914768
0.2601534609512058  0.3766432442327856   5.149802726611018   0.04337649672036935   0.25005273391634397   -0.015318251173302593   0.16839985591559373
0.2619996793965977  0.3729531196716648   5.176287208552596   0.041262018642684695   0.2648448194157925   -0.021144780776846568   0.14792085499448557
0.2638239390234688  0.369547845123959   5.204199389646494   0.03863135764050263   0.2791218109389766   -0.02630661002182057   0.1427699152318404
0.2656042384183662  0.3664446781629525   5.233248759790168   0.03577584537555187   0.290493701436746   -0.028555122649507617   0.1137189049776942
0.2673438273894165  0.36361311721630274   5.263298187696678   0.03323237455071646   0.3004942790650921   -0.025434708248354122   0.10000577628346123
0.26908554053384226  0.3609644512537781   5.294075296201356   0.031700151511469425   0.3077710850467831   -0.015322230392470345   0.07276805981690995
0.27092474989956883  0.3583486795269887   5.325207870268092   0.03197648013407038   0.3113257406673644   0.002763286226009554   0.03554655620581311
0.27300884444993817  0.3555729989308759   5.356428055701854   0.03471001709379411   0.31220185433762304   0.027335369597237306   0.008761136702586637
0.2755009914543095  0.352459391439934   5.38737682516031   0.039881509874934114   0.3094876945845491   0.05171492781139999   -0.027141597530739633
0.2785188820753132  0.34891415373742907   5.417609435797706   0.04655789317355439   0.3023261063739656   0.06676383298620277   -0.07161588210583454
0.2820298340218357  0.3450253524532461   5.446769029953139   0.052392326726962986   0.2915959415543332   0.05834433553408598   -0.10730164819632423
0.28572861260565074  0.3411494217535855   5.474404090908073   0.05357592911061448   0.27635060954933316   0.011836023836514959   -0.15245332005000092
0.28953049975408424  0.337364527119745   5.500026892685837   0.05364678301510049   0.2562280177776532   0.0007085390448600737   -0.2012259177167996
0.2934231667628994  0.333665041636382   5.523226549868487   0.05370200115743015   0.2319965718264913   0.0005521814232966024   -0.24231445951161873
0.2973912467940422  0.3300443857975298   5.543536762024082   0.053716671375805894   0.20310212155594906   0.00014670218375750736   -0.2889445027054225
0.30142047851548814  0.32649084488937813   5.560438140726565   0.05372370170698202   0.16901378702483144   7.030331176120418e-05   -0.3408833453111764
0.30549615993539625  0.32298957582876736   5.573452903122485   0.05373087015056507   0.1301476239592025   7.168443583046109e-05   -0.3886616306562893
0.30960243826854783  0.3195234804098029   5.582128493297444   0.05373577877231467   0.08675590174958109   4.9086217496023935e-05   -0.43391722209621403
0.3137223023776216  0.3160730040394441   5.585980183176582   0.05373924772420275   0.03851689879138391   3.468951888076835e-05   -0.4823900295819717
0.31783733431976086  0.31261635251416914   5.584521964119661   0.05374190883473193   -0.01458219056920783   2.6611105291819886e-05   -0.5309908936059173
0.32192733206807217  0.30912978869821967   5.577264204845395   0.05374403113265142   -0.0725775927426584   2.1222979194957066e-05   -0.5799540217345058
0.3259699290742216  0.3055881113862435   5.56373850560347   0.05374576144803378   -0.1352569924192495   1.7303153823571827e-05   -0.6267939967659105
0.3299400584206326  0.3019651727256229   5.543480008099844   0.053747196732338014   -0.20258497503627104   1.4352843042387443e-05   -0.6732798261702155
0.33380938703970586  0.29823459571489386   5.516042132990811   0.05374840350685172   -0.2743787510903198   1.2067745137081614e-05   -0.7179377605404876
0.33754569817059776  0.29437066126710654   5.480996722704906   0.05374942816776563   -0.3504541028590557   1.0246609139036065e-05   -0.7607535176873595
0.3411123137581338  0.29034944191800016   5.437946490289236   0.05375030400181591   -0.4305023241566904   8.758340502751234e-06   -0.8004822129763463
0.344467557063819  0.28615014384730836   5.386520471778211   0.053751057595971714   -0.5142601851102487   7.535941558103498e-06   -0.837578609535583
0.3475643741727258  0.28175671744331976   5.3263793712995335   0.05375171790117534   -0.6014110047867823   6.603052036279997e-06   -0.8715081967653368
0.350350203420478  0.2771597313889623   5.257217431496777   0.05375232588603224   -0.6916193980275751   6.079848568966924e-06   -0.9020839324079272
0.3527672404488785  0.27235851281850015   5.17877010368427   0.05375292341631601   -0.7844732781250552   5.975302837730712e-06   -0.9285388009748016
0.3547532408622873  0.26736349720370856   5.090821605022948   0.05375349163920886   -0.8794849866132242   5.682228928474663e-06   -0.9501170848816901
0.3562429922429842  0.2621986699367109   4.9932083588678875   0.05375388346361953   -0.9761324615506055   3.918244106693236e-06   -0.966474749373813
0.35717058401673435  0.2569039224611316   4.885819904565829   0.05375386249273286   -1.0738845430205783   -2.0970886668703727e-07   -0.9775208146997281
0.3574725814989575  0.2515370909380335   4.7686007942340325   0.05375321671917194   -1.1721911033179726   -6.457735609204103e-06   -0.9830656029739434
0.3570920205837184  0.2461754014214954   4.641530015213376   0.05375178237226842   -1.2707077902065627   -1.434346903515432e-05   -0.9851668688858993
0.3559833320602731  0.2409160589591963   4.50462721643257   0.05374930081197069   -1.3690279878080627   -2.4815602977310466e-05   -0.9832019760150021
0.354118088042965  0.2358755510915111   4.357964370633315   0.05374556242918702   -1.4666284579925504   -3.738382783673459e-05   -0.9760047018448758
0.3520371556475441  0.23216134060387383   4.201700942142027   0.042574216587959145   -1.5626342849128778   -0.11171345841227873   -0.9600582692032736
0.3501109509204438  0.2297608930263655   4.036164645470018   0.030777285817739843   -1.6553629667200824   -0.11796930770219305   -0.9272868180720476
0.3486851030092832  0.2285095144957548   3.861914877663701   0.018971005488993258   -1.7424976780631765   -0.11806280328746584   -0.8713471134309404
0.34806938236731316  0.22814196593384303   3.6797594536161293   0.007170800891890376   -1.8215542404757188   -0.11800204597102881   -0.7905656241254225
0.3480679211859506  0.22814143404756035   3.4906946175764624   1.5549771677051387e-05   -1.890648360396671   -0.07155251120213325   -0.690941199209522
0.3480668694997151  0.228141270157571   3.296184691784577   1.0643795688234584e-05   -1.9450992579188526   -4.9059759888168054e-05   -0.5445089752218154
0.3480660393195274  0.22814130651035308   3.0978315832738725   8.309757329213675e-06   -1.9835310851070438   -2.3340383590209072e-05   -0.38431827188191225
0.348065364528304  0.22814147463982212   2.8974068448224743   6.95421249029154e-06   -2.004247384513983   -1.3555448389221348e-05   -0.20716299406939448
0.348064810821499  0.22814173867999896   2.6966284808585606   6.134398429164309e-06   -2.0077836396391366   -8.19814061127231e-06   -0.035362551251533286
0.348064359231178  0.22814207805528697   2.497124930979178   5.648976934795188e-06   -1.9950354987938255   -4.85421494369122e-06   0.127481408453111
0.3480639993265032  0.22814248040431298   2.30056922336681   5.398297080417989e-06   -1.9655570761236814   -2.5067985437719843e-06   0.2947842267014421
0.34806372617000203  0.22814293842148858   2.1085566040265395   5.332862339534039e-06   -1.920126193402702   -6.543474088395065e-07   0.4543088272097899
0.3480635389941302  0.22814344835103526   1.922589752741264   5.431969712204503e-06   -1.8596685128527553   9.910737267046348e-07   0.6045768054994695
0.3480634408375698  0.2281440093439165   1.7440122548759867   5.695153405748793e-06   -1.785774978652775   2.6318369354429053e-06   0.7389353419998042
0.34806343896403236  0.22814462342670971   1.5738472698047252   6.140856512662064e-06   -1.7016498507126154   4.45703106913272e-06   0.8412512794015949
0.3480635461410191  0.22814529603576442   1.412779639856258   6.81094594689893e-06   -1.6106762994846715   6.700894342368647e-06   0.9097355122794384
0.3480637831890593  0.2281460372748734   1.2612750927480445   7.782205279131524e-06   -1.5150454710821353   9.712593322325935e-06   0.956308284025364
0.34806418397760075  0.2281468645254183   1.1196394765108706   9.192251731534166e-06   -1.4163561623717396   1.4100464524026424e-05   0.9868930871039573
0.34806480657710537  0.22814780903809279   0.9879979429081508   1.131253435561263e-05   -1.3164153360271973   2.120282624078464e-05   0.9994082634454227
0.34806576240419523  0.2281489336578119   0.8663537171663963   1.4759318881354047e-05   -1.2164422574175444   3.446784525741416e-05   0.9997307860965285
0.34806715270570504  0.22815024112694268   0.7547037957343763   1.908510889707935e-05   -1.1164992143202013   4.325790015725304e-05   0.9994304309734325
0.3482919534818576  0.22832221975939995   0.6530491395769077   0.0028304070198585164   -1.0165465615746851   0.028113219109614368   0.9995265274551587
0.3495289566210412  0.22910015650571156   0.5613904793730069   0.01461287907159971   -0.9165866020390088   0.11782472051741194   0.9995995953567642
0.35187206239848806  0.23031919385712418   0.4797283434013388   0.02641249088678233   -0.8166213597166818   0.11799611815182619   0.9996524232232697
0.35537948694361216  0.2318355599947216   0.40806311358294906   0.03821176939503186   -0.7166522981838966   0.11799278508249532   0.9996906153278515
0.3600822022164414  0.233532998229469   0.34639504411546806   0.04999682739742944   -0.6166806946748096   0.11785058002397576   0.9997160350908715
0.36522229739940965  0.2350933516141246   0.29472428861759137   0.05371711196162688   -0.516707554978767   0.03720284564197443   0.9997313969604257
0.37042467653987304  0.23643865715618553   0.2530509077328714   0.05373508697548394   -0.4167338088471996   0.00017975013857061826   0.9997374613156739
0.37566762597476705  0.2376186536698745   0.22137487512270934   0.05374096254178359   -0.31676032610162097   5.875566299655377e-05   0.9997348274557867
0.3809354267404615  0.2386848230322385   0.19969607203660117   0.05374610871150991   -0.21678803086108195   5.1461697263172046e-05   0.9997229524053899
0.38621567309196103  0.23968945029320363   0.188014262813611   0.053749676711584635   -0.11681809222990179   3.568000074722719e-05   0.9996993863118014
0.3914977952387225  0.2406852135752744   0.18632903370592993   0.05375161289415272   -0.016852291076810584   1.936182568090371e-05   0.9996580115309122
0.3967714962245738  0.241724847128311   0.19463969850243204   0.0537519860216982   0.08310664796502093   3.731275454739419e-06   0.9995893904183152
0.4020251522283138  0.242860809533751   0.21294503828773031   0.05375063905871846   0.18305339785298266   -1.3469629797421382e-05   0.9994674988796173
0.4072441397498398  0.24414489042362814   0.24124836244814624   0.05374634357943939   0.2830332416041592   -4.2954792790688115e-05   0.9997984375117658
0.41240942900943545  0.24562694509809377   0.2794193653913254   0.05373704419988083   0.3817100294317917   -9.299379558553195e-05   0.9867678782763244
0.41749620858831854  0.247348750091757   0.32638099689830713   0.05370282946023039   0.4696163150698172   -0.00034214739650447433   0.8790628563802553
0.42212054398946053  0.24919830572596297   0.38047309579153227   0.04980495351496444   0.5409209889322517   -0.03897875945265941   0.7130467386243445
0.4256426295880129  0.25085681610858085   0.4400885610132799   0.03893037843738661   0.5961546522174763   -0.10874575077577835   0.5523366328522464
0.4281432434448317  0.25223501007515303   0.5037197611597792   0.028552562530200346   0.6363120014649932   -0.10377815907186265   0.4015734924751701
0.43037522043827353  0.253665472630557   0.5699477570883981   0.026510270503460484   0.6622799592861892   -0.020422920267398597   0.2596795782119585
0.43305215560941634  0.25564787994256677   0.6374263415821969   0.03331053986535029   0.6747858449379877   0.06800269361889802   0.1250588565179855
0.43636360694186893  0.2584648449296792   0.7048851270947115   0.043475282248444956   0.6745878551251456   0.10164742383094673   -0.001979898128420461
0.4401332941238603  0.2621286157737145   0.771150531856376   0.052567821190984465   0.6626540476166459   0.09092538942539498   -0.11933807508499723
0.44373108408838974  0.26610316566519954   0.8351119243809907   0.053610763349137586   0.6396139252461457   0.010429421581531284   -0.23040122370500216
0.44708440396393195  0.270293787321621   0.8959357108939198   0.05367128101226487   0.6082378651292905   0.0006051766312728094   -0.3137606011685519
0.45019667206887143  0.27467190019698495   0.9528124045051346   0.05371599864700529   0.5687669361121485   0.0004471763474042431   -0.39470929017141965
0.453075980709637  0.27920728425491886   1.0051420466555137   0.053721622091806094   0.5232964215037924   5.623444800796456e-05   -0.4547051460835606
0.45573732495445723  0.28387413919893906   1.0525277720632367   0.0537236337731945   0.47385725407722845   2.0116813884054968e-05   -0.4943916742656402
0.45820009452465144  0.28864864958997916   1.0945760049033346   0.053722605512041846   0.42048232840097993   -1.028261152647556e-05   -0.5337492567624855
0.46048694966755466  0.2935094802770781   1.1310538942940003   0.05371906683223949   0.36477889390665735   -3.538679802365273e-05   -0.5570343449432255
0.46262285978068524  0.2984383109257248   1.1618742352661777   0.05371730035511129   0.308203409721772   -1.7664771282002816e-05   -0.5657548418488534
0.46463401074995114  0.3034173055208863   1.1869090888025984   0.05369833833539576   0.25034853536420965   -0.00018962019715528834   -0.5785487435756237
0.466546284317157  0.30842748767923156   1.2061843409969197   0.053627153062264725   0.19275252194321113   -0.0007118527313103707   -0.5759601342099855
0.4683884246829132  0.31345746904196287   1.2197346998305694   0.05356696149360345   0.13550358833649823   -0.0006019156866125946   -0.572489336067129
0.47019082413015484  0.3185020965541736   1.2276411065817212   0.05356949738831895   0.07906406751151782   2.5358947154885864e-05   -0.5643952082498044
0.47189828642617526  0.3233166295581903   1.2299871728842433   0.05108341760209183   0.023460663025219534   -0.024860797862271192   -0.5560340448629826
0.4734124263032839  0.3275458075658602   1.2269926789616563   0.044920558976942505   -0.029944939225869497   -0.06162858625149322   -0.5340560225108902
0.47471318490173864  0.3310877080879544   1.2188385147485064   0.03773199204900906   -0.08154164213150057   -0.0718856692793345   -0.5159670290563109
0.47583036786675525  0.3340110840822024   1.2057675194906843   0.03129572651508355   -0.1307099525782195   -0.06436265533925507   -0.4916831044671893
0.47682203974640025  0.3364736408078997   1.1879644327094958   0.026547313883245296   -0.17803086781188315   -0.04748412631838255   -0.4732091523366364
0.4777563536561208  0.33865275894232166   1.1657470945797181   0.02370969912433272   -0.2221733812977767   -0.028376147589125763   -0.44142513485893553
0.4786985414675825  0.3406994063990168   1.1393632451454894   0.02253105342424919   -0.2638384943422891   -0.011786457000835282   -0.4166511304451236
0.4797025667482377  0.3427173842100955   1.1091184151256164   0.022539523531345817   -0.30244830019872965   8.470107096625868e-05   -0.38609805856440516
0.4808096286651544  0.344765395011941   1.0752336758290066   0.023280752419891203   -0.3388473929660985   0.007412288885453865   -0.36399092767368885
0.48204754408104417  0.346864971415275   1.0380571557816114   0.02437346025974695   -0.37176520047395084   0.010927078398557475   -0.3291780750785233
0.4834331702284518  0.3490126453508353   0.9978203010524203   0.025558683756924175   -0.40236854729191235   0.01185223497177224   -0.30603346817961535
0.48497653772351623  0.3511932551878564   0.9548754443579441   0.02671524374984149   -0.4294485669447609   0.011565599929173153   -0.27080019652848575
0.48668752169957397  0.35339202791862157   0.9095187341587704   0.02786048759064062   -0.4535671019917377   0.011452438407991327   -0.2411853504697678
0.48858044792038857  0.35559956233757223   0.8619732261246839   0.029079851939614914   -0.4754550803408646   0.012193643489742917   -0.2188797834912688
0.4906765131601833  0.3578128445520057   0.8125920901107394   0.030482958600180094   -0.4938113601394442   0.014031066605651822   -0.1835627979857965
0.4930073461737093  0.360035302305311   0.7616011323251413   0.03220574638503124   -0.5099095778559827   0.017227877848511503   -0.16098217716538438
0.4956134742189574  0.36227240475689304   0.7093510002252906   0.03434607803971608   -0.5225013209985055   0.021403316546848364   -0.12591743142522976
0.4985320386414668  0.36451947108910987   0.6561296143850714   0.036833850449986646   -0.532213858402192   0.024877724102705674   -0.09712537403686392
0.5017847259626181  0.3667550045135042   0.6021434705481655   0.03946844879237417   -0.5398614383690584   0.026345983423875195   -0.07647579966866358
0.5053642317176514  0.36893847851484063   0.5477350234670332   0.041929011632554074   -0.5440844708113247   0.024605628401799046   -0.042230324422663244
0.5092329504402626  0.3710175304091982   0.49311856044836067   0.043919746508960925   -0.546164630186725   0.019907348764068435   -0.020801593754003825
0.5133358283997675  0.372941849566734   0.43855536811415385   0.04531733859203324   -0.5456319233420684   0.01397592083072326   0.005327068446566619
0.5176181931129615  0.37467368411219476   0.38430299929190975   0.046192963132559786   -0.5425236882224405   0.00875624540526543   0.031082351196280025
0.5220503774057036  0.3761948584416969   0.33061394178430625   0.04685960834830484   -0.5368905750760354   0.006666452157450503   0.056331131464049736
0.5266399603928329  0.37750336131632595   0.27773421459038183   0.04772468100329086   -0.5287972719392438   0.008650726549860129   0.08093303136791637
0.5314212705100205  0.37860222327759674   0.22590165028868248   0.049059580151739716   -0.5183256430169936   0.013348991484488627   0.1047162892225022
0.5364211165417738  0.379488011717489   0.17534375845619057   0.05077704353493384   -0.5055789183249191   0.01717463383194127   0.12746724692074463
0.5416180412887134  0.38014776626316005   0.1262754686986271   0.05238635593920062   -0.4906828975756349   0.016093124042667883   0.1489602074928428
0.5469341438560363  0.38056806289005596   0.07889693292347963   0.05332691230596187   -0.47378535775147457   0.009405563667612415   0.16897539824160365
0.5522854585899629  0.3807468199503273   0.03339190927987689   0.053542995310438275   -0.4550502364360274   0.002160830044764148   0.18735121315447176
0.557611817032993  0.380693166301206   -0.010072892213289285   0.05326628669027164   -0.43464801493166183   -0.0027670862016664056   0.2040222150436553
0.5628511271961034  0.3804239035075529   -0.051347620114947486   0.052462246842198586   -0.41274727901658204   -0.00804039848073051   0.21900735915079791
0.5679217978167546  0.379964780226778   -0.09029865328322297   0.05091413824281492   -0.38951033168275473   -0.015481085993836777   0.23236947333827276
0.5727589495164176  0.37934808164934947   -0.12680798691021314   0.04876305333031894   -0.3650933362699019   -0.021510849124959736   0.24416995412852838
0.5773131327059847  0.3786095191644938   -0.16077264487225698   0.04613681725929011   -0.3396465796204385   -0.02626236071028827   0.2544675664946347
0.5815370399156736  0.37778795891800726   -0.1921038965724943   0.04303063252459693   -0.3133125170023731   -0.031061847346931827   0.26334062618065324
0.5853899209364354  0.376923442067331   -0.22072606949083876   0.039486809880324235   -0.2862217291834445   -0.03543822644272692   0.2709078781892854
0.5888643470750116  0.37604894048172144   -0.2465749164970364   0.03582790813828698   -0.25848847006197645   -0.036589017420372655   0.27733259121468123
0.5920256345972009  0.3751753087124897   -0.2696237892614025   0.03279782197976075   -0.2304887276436612   -0.030300861585262157   0.2799974241831521
0.5950454420296045  0.37427494199023215   -0.2897620704573127   0.031511739341630714   -0.2013828119591022   -0.0128608263813004   0.2910591568455901
0.5982050191795343  0.3732732712551095   -0.30700362606637993   0.03314554574593524   -0.17241555609067188   0.01633806404304527   0.2896725586843033
0.6018377461786051  0.37206413680738976   -0.32131084869990884   0.03828669685731581   -0.1430722263352894   0.05141151111380562   0.2934332975538248
0.60618350689014  0.37056302440409267   -0.33258877507354534   0.045977140634507495   -0.11277926373636497   0.07690443777191697   0.30292962598924433
0.611160969742362  0.36879743401648224   -0.3408707963986838   0.052813299330822024   -0.08282021325138444   0.06836158696314519   0.29959050484980526
0.6162042939940957  0.36697847717717524   -0.34614526478654883   0.053613173279881195   -0.052744683878649966   0.007998739490591744   0.30075529372734466
0.6212524880083964  0.3651451463986999   -0.3483552216081454   0.05370788075257186   -0.0220995682159656   0.0009470747269066542   0.30645115662684363
0.6263027104648384  0.36331541932500394   -0.34759571508059695   0.053714660963060726   0.007595065275484364   6.780210488866938e-05   0.2969463349144997
0.6313601216593132  0.3615039813302834   -0.3439389800782718   0.053720308635295984   0.03656735002325166   5.647672235253749e-05   0.2897228474776729
0.6364287894300222  0.35972565276928703   -0.3374294807769704   0.0537157755605161   0.0650949930130139   -4.533074779878114e-05   0.2852764298976223
0.6415101110464185  0.35799494917023666   -0.32827719778823145   0.05367975811888449   0.09152282988738955   -0.0003601744163162171   0.26427836874375665
0.6465913180121776  0.3563300043650539   -0.31664238611785955   0.05347027719507383   0.11634811670371915   -0.0020948092381065427   0.24825286816329598
0.651097772549013  0.3549225621543894   -0.30271811031609497   0.04721125508702656   0.13924275801764588   -0.06259022108047274   0.22894641313926734
0.6547688789115117  0.35384022747262106   -0.2867025395906063   0.038273320065205084   0.16015570725488618   -0.08937935021821472   0.20912949237240291
0.6577950243190083  0.35300665744468784   -0.2687901374490144   0.031388525003224386   0.17912402141591924   -0.06884795061980697   0.18968314161033054
0.6605731397998583  0.35229975498368293   -0.24916620420382546   0.028666420624683716   0.1962393324518893   -0.027221043785406664   0.1711531103597006
0.6634864424204132  0.35162375600238677   -0.22800380419630278   0.029907033924553635   0.21162400007522664   0.012406132998699169   0.15384667623337367
0.6667902310211418  0.3509352364969749   -0.20546217138354395   0.033747708407588436   0.22541632812758852   0.03840674483034803   0.13792328052361874
0.6705870368849673  0.35023771790977143   -0.1816860489868598   0.03860345444007981   0.23776122396684118   0.04855746032491375   0.12344895839252668
0.6748519645637102  0.3495634170877231   -0.15680574515210857   0.04317903392101407   0.24880303834751227   0.04575579480934257   0.11041814380671065
0.679481491044698  0.34895374900364934   -0.13093777631381062   0.046694978970874185   0.25867968838297967   0.03515945049860112   0.09876650035467399
0.6843475848932293  0.3484449275942398   -0.10418603746758177   0.04892623894127472   0.26751738846228834   0.022312599704005398   0.08837700079308712
0.6893388520900284  0.34806162932222784   -0.07664335304508485   0.05005963023751728   0.27542684422496927   0.011333912962425554   0.07909455762680885
0.6943783348369201  0.34781756216276905   -0.0483931814025603   0.05045389492848269   0.2825017164252456   0.003942646909654128   0.07074872200276287
0.6994197407433768  0.3477191857165538   -0.01951121654569884   0.0504236565897634   0.2888196485686146   -0.0003023833871928199   0.06317932143369015
0.7044341803708021  0.3477689973341037   0.009933309187964649   0.050146870265586646   0.29444525733663496   -0.0027678632417675415   0.056256087680203605
0.709400424092022  0.3479671397190285   0.039876687396127576   0.049701948757829705   0.29943378208162935   -0.0044492150775695015   0.04988524744994427
0.7143021525375701  0.348312103414472   0.07026008823445114   0.0491385202311488   0.3038340083832355   -0.005634285266809008   0.04400226301606116
0.7191287855982466  0.34880139917794123   0.10102899873285   0.048513706358681956   0.3076891049839887   -0.0062481387246685   0.03855096600753206
0.7238751546804131  0.3494322244838285   0.1321325459189139   0.047881061006093954   0.311035471860639   -0.006326453525880009   0.03346366876650325
0.7285380232925107  0.3502015783939514   0.16352256628746564   0.047259125185202235   0.3139002036855176   -0.006219358208917134   0.02864731824878598
0.7331109156153269  0.35110549361167415   0.1951524052097305   0.046613739301737046   0.3162983892226485   -0.006453858834651869   0.023981855371309216
0.737580110168726  0.3521376779228111   0.2269755323136131   0.04586840351297335   0.3182312710388259   -0.0074533578876370046   0.01932881816177386
0.7419236832726989  0.3532882524583581   0.258944119322487   0.04493378358362952   0.3196858700887392   -0.00934619929343832   0.014545990499133663
0.7461137497540691  0.35454322166031227   0.29100771605614323   0.0437396900036518   0.3206359673365622   -0.011940935799777175   0.009500972478229062
0.750120896789995  0.3558850024301549   0.323112146872239   0.04225825718347764   0.32104430816095775   -0.01481432820174155   0.00408340824395579
0.7539194661258114  0.3572940103762948   0.3551987550302407   0.04051472866907866   0.3208660815800166   -0.01743528514398987   -0.001782265809410954
0.757492447468302  0.35875112454403174   0.3872249461373421   0.03858675598130276   0.3202619110710137   -0.019279726877758908   -0.006041705090029289
0.7608351866911648  0.360240121241544   0.41905709446330847   0.0365937380944706   0.3183214832596644   -0.019930178868321727   -0.019404278113492934
0.7639570267963658  0.3617508200286345   0.450695325628048   0.03468154619932326   0.3163823116473947   -0.01912191895147337   -0.019391716122697387
0.7668810475319021  0.36328057156851823   0.4820090780772527   0.03300005611453271   0.31313752449204746   -0.016814900847905462   -0.03244787155347286
0.76964174435197  0.36483566868618794   0.5129960324860044   0.031685602373503166   0.3098695440875171   -0.013144537410295436   -0.03267980404530308
0.7722758829655065  0.3664273056175411   0.5435271491999853   0.030776605330302072   0.305311167139809   -0.009089970432010918   -0.04558376947708111
0.7748197526714179  0.3680708095071871   0.5736036299244456   0.030285934220253226   0.3007648072446029   -0.004906711100488464   -0.04546359895206082
0.7773026476442302  0.3697807863156999   0.6031036672372525   0.03014761703960711   0.29500037312806915   -0.0013831718064611803   -0.05764434116533751
0.7797466279103401  0.3715703652914193   0.6320371794358164   0.03029130642853071   0.28933512198563893   0.001436893889236009   -0.05665251142430217
0.7821644628633494  0.3734480003929618   0.6602945789462655   0.030612806853567105   0.2825739951044918   0.0032150042503639033   -0.06761126881147114
0.7845619734672  0.37541829983122127   0.6878992775984923   0.031032461990601137   0.27604698652226717   0.0041965513703403805   -0.06527008582224669
0.7869391785415988  0.3774813242477014   0.7147581444110678   0.03147566315225247   0.2685886681257548   0.004432011616513318   -0.07458318396512371
0.7892933274894702  0.3796348155129809   0.7409125145286919   0.031905394368976304   0.26154370117624165   0.004297312167238296   -0.07044966949513169
0.7916210883336152  0.38187527119351217   0.7662890567783472   0.03230806741970128   0.25376542249655326   0.0040267305072497345   -0.07778278679688354
0.7939204688850645  0.3842003311133741   0.7909510739890053   0.0327002363161671   0.24662017210658116   0.003921688964658262   -0.0714525038997213
0.796192521871119  0.3866103063220687   0.8148474411732339   0.03312130021294692   0.23896367184228534   0.004210638967798242   -0.07656500264295811
0.798441303707449  0.38910938456362304   0.8380671375937049   0.03361905977985949   0.2321969642047098   0.004977595669125601   -0.06766707637575531
0.8006745495856059  0.39170648461888213   0.8605829083145695   0.034252468304243035   0.22515770720864603   0.006334085243835432   -0.07039256996063772
0.8029016484622697  0.39441435443934997   0.8825129765750475   0.03506070217642207   0.2193006826047799   0.008082338721790424   -0.058570246038661566
0.8051334176350937  0.39724911274770297   0.9038552522376739   0.03607859241647772   0.2134227566262645   0.010178902400556505   -0.05877925978515366
0.8073789191877517  0.4002268006236692   0.9246705707114425   0.0372946407807684   0.20815318473768513   0.012160483642906719   -0.052695718885793566
0.8096447299422728  0.4033623564556997   0.9450508799820426   0.03868540907252139   0.20380309270600158   0.013907682917529925   -0.04350092031683553
0.8119315543885233  0.4066645296201771   0.9651074438804901   0.04016704327699922   0.20056563898447444   0.014816342044778334   -0.03237453721527153
0.8142341077251094  0.4101347120353228   0.9849717681723373   0.04164602965735241   0.19864324291847274   0.014789863803531937   -0.019223960660016876
0.8165414590533395  0.41376638990055914   1.0047958169402125   0.043026682731454526   0.19824048767875158   0.013806530741021174   -0.004027552397211744
0.81883794669921  0.41754552007919266   1.0247516365600031   0.04422180504535535   0.19955819619790513   0.011951223139008158   0.013177085191535567
0.8211046944853327  0.42145206469357555   1.04503021899828   0.04516551377993585   0.20278582438276965   0.009437087345804998   0.03227628184864493
0.8233216594602589  0.42546281281393644   1.0658396692874166   0.04582688532404113   0.20809450289136602   0.006613715441052781   0.05308678508596383
0.8254699954180995  0.42955541211364484   1.0874027062840073   0.046221982233266505   0.21563036996590876   0.003950969092253773   0.0753586707454276
0.8275343570765135  0.43371324936283717   1.1099535111088352   0.046421115505232494   0.22550804824827908   0.0019913327196598362   0.09877678282370285
0.8295046448494169  0.4379305051820892   1.1337340535993865   0.046548126227665854   0.2378054249055103   0.0012701072243336796   0.12297376657231247
0.831376477640221  0.44221628726274703   1.1590121440326235   0.04676717442781511   0.2527809043323721   0.0021904820014926477   0.14975479426861776
0.8331497504455211  0.44659606489361525   1.1860924131638295   0.04725140054841872   0.2708026913120593   0.004842261206036051   0.1802178697968724
0.8348253488880889  0.45110806706186796   1.215216550102297   0.04813085674185813   0.29124136938467593   0.008794561934394134   0.2043867807261659
0.8364000241999022  0.4557929206747919   1.2465394285108318   0.04942413955969341   0.3132287840853465   0.012932828178352711   0.21987414700670607
0.8378600849214594  0.4606773939145016   1.2803317835336194   0.05098024729252894   0.33792355022787574   0.015561077328355325   0.24694766142529245
0.8391769517021722  0.4657482396846059   1.316715179964711   0.05239047140685977   0.36383396431091836   0.014102241143308183   0.259104140830426
0.840310881521547  0.4709417105403367   1.3558322544276822   0.05315819444318345   0.39117074462971113   0.00767723036323684   0.2733678031879276
0.8412293811217894  0.47619841245834293   1.3978133740130605   0.05336342995949185   0.41981119585378196   0.002052355163084117   0.2864045122407083
0.8419118171587997  0.48149914701711083   1.4427569684441321   0.053444836801253566   0.44943594431071526   0.000814068417617062   0.2962474845693332
0.8423398323310601  0.4868332204652307   1.4907261732707198   0.05351218229302788   0.4796920482658777   0.000673454917743115   0.30256103955162406
0.8424954020314039  0.4921867486780679   1.5417452176067656   0.053557881079546565   0.5101904433604578   0.0004569878651868779   0.3049839509458009
0.8423614545296142  0.4975436862136687   1.5957956096143109   0.05358611918544307   0.5405039200754518   0.00028238105896512554   0.30313476714994014
0.841922335836801  0.5028857398951488   1.6528122859406804   0.053600711527175   0.5701667632636974   0.0001459234173192997   0.29662843188245686
0.8411642911859095  0.5081925612210896   1.712679959448273   0.053606887876655844   0.5986767350759246   6.176349480839453e-05   0.28509971812227025
0.8400760102390482  0.5134415885304725   1.775229947235978   0.053606569666365414   0.62549987787705   -3.1821029043177707e-06   0.2682314280112543
0.8386502992432525  0.5186042755451654   1.840237663736933   0.053559302698235445   0.6500771650095524   -0.000472669681299682   0.24577287132502482
0.8368842973153028  0.5236508076394994   1.9074209566850109   0.053466109816093864   0.6718329294807767   -0.0009319288214157871   0.21755764471224254
0.8347801442102378  0.5285503281376023   1.976439428260587   0.053322379355092896   0.6901847157557639   -0.0014373046100096673   0.1835178627498713
0.8324056811359036  0.5331550143871271   2.0468951178090626   0.05180850349888432   0.7045568954847519   -0.015138758562085804   0.14372179728988008
0.8299528553373074  0.5371778637232427   2.11833480369398   0.04711652701478001   0.7143968588491797   -0.046919764841043085   0.09839963364427921
0.827635346666307  0.5404278105713586   2.1902544389726883   0.039916163337349916   0.7191963527870789   -0.07200363677430094   0.047994939378992574
0.8256137529052857  0.5428707059443888   2.262105860939912   0.031708956365941864   0.7185142196722369   -0.08207206971408051   -0.00682133114842074
0.8239470575368562  0.5446155020553921   2.333305058137596   0.024129208275691157   0.7119919719768394   -0.0757974809025071   -0.06522247695397562
0.8225457636182024  0.545890807311032   2.4032301987314235   0.01894736958397908   0.6992514059382754   -0.05181838691712076   -0.12740566038563933
0.8211376390967601  0.5470073576219249   2.471174904458867   0.017970807618584002   0.6794470572744353   -0.009765619653950768   -0.19804348663840146
0.8192906022410842  0.5482846014241178   2.5365876708087867   0.022456395250497734   0.6541276634991965   0.0448558763191373   -0.2531939377523881
0.8165498680912631  0.5499378101175822   2.5988241076165672   0.03200737831210382   0.6223643680778065   0.09550983061606091   -0.31763295421389975
0.8127357252036019  0.551944645805859   2.6572395480326043   0.04309881140731815   0.5841544041603672   0.11091433095214323   -0.38209963917439305
0.8078893009384149  0.5541696537352642   2.7111945065974012   0.05332774929069173   0.5395495856479704   0.10228937883373578   -0.4460481851239672
0.8029016438446074  0.556170648541295   2.760061412958619   0.05374076990439404   0.4886690636121826   0.0041302061370231315   -0.5088052203578788
0.7978320289458828  0.5579545961361657   2.803234943956291   0.05374333841753186   0.43173530997672027   2.5685131378197792e-05   -0.5693375363546233
0.7926995666961709  0.5595503828437424   2.84014758813195   0.053748212957077025   0.36912644175658227   4.8745395451642076e-05   -0.6260886822013798
0.7881429939988284  0.5608178389869065   2.8702910199356197   0.04729566557414227   0.3014343180366999   -0.0645254738293475   -0.6769212371988239
0.784704157654617  0.5616898672335889   2.893245206881029   0.035476793351824375   0.22954186945409724   -0.118188722223179   -0.7189244858260269
0.782402792485941  0.5622358818317775   2.908643054225129   0.023652512722815024   0.15397847344099763   -0.11824280629009347   -0.755633960130996
0.78125  0.5625   2.916368163270469   0.01182661795454372   0.07725109045340338   -0.11825894768271306   -0.7672738298759426
0.78125  0.5625   2.916368163270469   0.0   -3.835664137750014e-19   -0.11826617954543718   -0.7725109045340337
