0.3125  0.125   1.0909841657659194   2.0051864494396152e-16   -1.3733162106362237e-21   0.0   0.006515868372033509
0.31304084966478407  0.12605184720894164   1.095861005501057   0.011827514155014953   0.04876839735137555   0.11827514155014753   0.48768397351375553
0.3141019380757075  0.12816599975519477   1.1056316687436412   0.023654914087099688   0.09770663242584163   0.11827399932084735   0.4893823507446608
0.31564714796294485  0.13136007157934196   1.1202133255890836   0.03548206365692619   0.1458165684544246   0.11827149569826498   0.48109936028582945
0.3176254996688979  0.13565739861018322   1.139353925686739   0.04730845070664503   0.1914060009765536   0.11826387049718844   0.4558943252212903
0.3197595698833056  0.14059183678922554   1.162602985793775   0.05376145070869347   0.23249060107036218   0.06453000002048437   0.4108460009380858
0.3217609524811401  0.14558148913549473   1.1893363293470163   0.05376073180282907   0.2673334355324123   -7.189058643919474e-06   0.34842834462050126
0.32361119710094366  0.15061959841734654   1.2188376053468999   0.05367117502831469   0.2950127599988361   -0.000895567745143834   0.2767932446642374
0.3252869725345538  0.15566945748491776   1.250384986732405   0.05320648447921334   0.31547381385505047   -0.004646905491013534   0.20461053856214423
0.32652630820315115  0.1598609334622672   1.2833075208664722   0.043708607582834146   0.32922534134067244   -0.09497876896379193   0.1375152748562195
0.32744620049874185  0.16340744098777032   1.3170093160575387   0.036638664637271015   0.33701795191066375   -0.07069942945563129   0.07792610569991293
0.3282070896779608  0.16681283973605834   1.3509708787327126   0.03489368564363421   0.3396156267517399   -0.017449789936368088   0.025976748410761818
0.3288994506311998  0.17049116216406646   1.384745803493181   0.03742915918638414   0.337749247604685   0.025354735427499293   -0.018663791470549116
0.3295402823101804  0.17465136733906175   1.4179591251451227   0.04209272186356974   0.3321332165194163   0.046635626771855995   -0.05616031085268664
0.33010419429837007  0.1793088821539938   1.4503070805271987   0.046915286401927506   0.3234795538207585   0.0482256453835777   -0.08653662698657795
0.3305560746708115  0.18435910162492639   1.4815566042581374   0.050703957020777214   0.3124952373093869   0.037886706188497064   -0.1098431651137169
0.3308692582259305  0.1896384440731948   1.5115433134401408   0.05288623698598753   0.2998670918200353   0.021822799652103157   -0.12628145489351583
0.3310331949968201  0.19498917284023656   1.5401676944891387   0.05353239542874199   0.28624381048997977   0.006461584427544578   -0.1362328133005547
0.3310514108928224  0.20033618758803332   1.5673895986661313   0.05347045776137235   0.2722190417699242   -0.0006193766736963456   -0.14024768720055625
0.33093234918406494  0.205644590220201   1.5932214814246148   0.05309737676737687   0.25831882758483626   -0.003730809939954772   -0.13900214185087928
0.3306870564105456  0.2108681127423314   1.6177211187075438   0.052292787345857905   0.2449963728292903   -0.008045894215189673   -0.13322454755545943
0.33032788519659345  0.2159770108086695   1.6409839133866226   0.05121507923765272   0.23262794679078666   -0.010777081082051873   -0.12368426038503645
0.3298660540804042  0.22096427276364627   1.6631351250656028   0.050085995834621005   0.22151211678980173   -0.011290834030317118   -0.11115830000984933
0.3293094346068577  0.22584621007084882   1.6843221919669937   0.049135666383804365   0.21187066901391016   -0.009503294508166433   -0.09641447775891544
0.3286622937944624  0.23064990957691284   1.7047072785747444   0.048470939928631315   0.20385086607750716   -0.006647264551730504   -0.08019802936403031
0.32792650131183243  0.23540048726075652   1.7244601704910825   0.04807221537202989   0.19752891916337842   -0.003987245566014262   -0.0632194691412874
0.32710203404584764  0.24011979983867232   1.743751583513512   0.04790788816131221   0.1929141302242984   -0.0016432721071767823   -0.04614788939079995
0.32618778323393993  0.24482410700629123   1.7627469302276595   0.04792323077004736   0.18995346714147432   0.00015342608735149736   -0.029606630828240884
0.32518223205378205  0.24952330874128067   1.7816006033436398   0.048055832239227464   0.18853673115980277   0.0013260146918010274   -0.014167359816715545
0.3240839377622444  0.2542213117840374   1.800450841136607   0.04824674387000068   0.1885023779296697   0.0019091163077321568   -0.00034353230133060496
0.3228919839936101  0.25891642267770937   1.819415206887384   0.04844049967788812   0.18964365750777182   0.0019375580788744081   0.01141279578102116
0.32160679407276793  0.26360038876969516   1.838586693416558   0.048570826103232295   0.1917148652917393   0.0013032642534417734   0.020712077839674953
0.320230213757718  0.2682604003611115   1.8580301574461893   0.04859082361508109   0.19443464029631463   0.00019997511848792623   0.027197750045753196
0.31876649744224705  0.27287773523834963   1.8777797350623404   0.04843784349116399   0.197495776161511   -0.001529801239170939   0.030611358651963853
0.3172225118999649  0.27742929355974727   1.8978366602117573   0.04806305702707768   0.20056925149416752   -0.0037478646408631777   0.030734753326565053
0.31560828181283057  0.28188783779282267   1.9181683275923105   0.04741767123397526   0.20331667380553273   -0.006453857931024201   0.027474223113651913
0.3139368933224664  0.2862238923193494   1.938708318239841   0.046470322080636006   0.20539990647530595   -0.009473491533392532   0.020832326697732485
0.3122236304530776  0.29040897347114353   1.9593574161695313   0.04522186850052393   0.20649097929690122   -0.01248453580112071   0.010910728215952561
0.31048445777228484  0.2944193540584574   1.979985660089901   0.0437125543394503   0.20628243920369957   -0.015093141610736362   -0.0020854009320166443
0.3087339731215686  0.298239835357716   2.0004354598028296   0.042024128629240376   0.20449799712928124   -0.01688425710209918   -0.017844420744183187
0.30698301735188943  0.301867094694109   2.020525768153787   0.040277607179342784   0.20090308350957875   -0.017465214498975968   -0.03594913619702493
0.30523608428778803  0.30531178111524304   2.040138404708588   0.03862336038011187   0.19612636554800847   -0.016542467992309164   -0.0477671796157027
0.3034903589599921  0.3085993894382207   2.0589365438207774   0.037223548199431786   0.1879813911218976   -0.013998121806800835   -0.08144974426110875
0.30173460079333775  0.3117677531440753   2.076822408140431   0.03622321812386639   0.1788586431965343   -0.010003300755653885   -0.09122747925363311
0.2999514211992056  0.31486294821956706   2.093466040521121   0.035721089037744465   0.16643632380689563   -0.005021290861219299   -0.12422319389638668
0.29811970916495445  0.3179327933867225   2.1087703106860753   0.03574789270275883   0.15304270164954697   0.0002680366501436044   -0.13393622157348653
0.29622049155631003  0.32101912347452577   2.1224366338329164   0.0362387374725241   0.1366632314684079   0.00490844769765279   -0.16379470181139083
0.29424245734996923  0.32414961136511405   2.134314416035902   0.03703049250921347   0.1187778220298554   0.0079175503668936   -0.1788540943855248
0.2921845501503981  0.32733604230278196   2.1442377134707336   0.03793194453593192   0.09923297434831499   0.009014520267184535   -0.19544847681540423
0.2900571307105236  0.3305734805749827   2.152167882297887   0.03873876616476419   0.07930168827153794   0.008068216288322725   -0.19931286076777047
0.28788199168218637  0.33384228033288404   2.157938387474712   0.0392635730035896   0.057705051768250804   0.005248068388254081   -0.21596636503287128
0.28568929481648664  0.33711171021561037   2.1615628874335155   0.0393663451480395   0.03624499958803468   0.0010277214444990455   -0.21460052180216127
0.2835138512173509  0.3403457571059045   2.162942996949801   0.038976421259356415   0.013801095162857123   -0.0038992388868308962   -0.2244390442517756
0.2813907355645  0.34350738872675246   2.1621550675847043   0.03808350637945701   -0.007879293650970585   -0.008929148798994006   -0.21680388813827706
0.27935200401205024  0.346563086263926   2.1591613119104927   0.03673379068629097   -0.02993755674211752   -0.013497156931660398   -0.22058263091146937
0.2774231410855587  0.3494860036015363   2.1541067698278633   0.03501993425447516   -0.05054542082629269   -0.01713856431815813   -0.20607864084175165
0.27562047336080725  0.35225982310317866   2.147091723023801   0.033081241744696975   -0.07015046804062404   -0.019386925097781837   -0.1960504721433136
0.2739500917036254  0.35488100843145787   2.138164667669729   0.031081807228619997   -0.08927055354071828   -0.01999434516076978   -0.19120085500094236
0.27240759140275206  0.357359749317379   2.1274458520440613   0.029194971412631738   -0.10718815625667863   -0.018868358159882605   -0.17917602715960354
0.2709795019443853  0.3597185113123106   2.1152064138206557   0.027573896441966277   -0.12239438223405544   -0.01621074970665461   -0.152062259773768
0.2696468540329934  0.3619885766845514   2.1016413236564015   0.02632327344776442   -0.13565090164254012   -0.012506229942018577   -0.13256519408484696
0.26838698228905744  0.36420933540636147   2.086836630918491   0.02553242274388116   -0.148046927379105   -0.007908507038832594   -0.12396025736564834
0.267175661936079  0.36642488910769955   2.071129225407234   0.02525069345800325   -0.1570740551125698   -0.0028172928587790642   -0.09027127733464849
0.265990056866339  0.3686804391233043   2.054744132770952   0.025481690003465226   -0.16385092636282125   0.002309965454619732   -0.06776871250251436
0.26481196531979767  0.3710170974321543   2.037780690163156   0.026168438517383846   -0.16963442607796017   0.006867485139186207   -0.057834997151389
0.2636273341680619  0.3734707299634945   2.0205952372664386   0.027246400798156625   -0.17185452896717596   0.010779622807727793   -0.02220102889215806
0.2624269054055535  0.3760708174176072   2.0033272421418475   0.02863823315588644   -0.17267995124590987   0.01391832357729813   -0.008254222787339333
0.26120616466021873  0.3788385570727281   1.98619137556078   0.030249943414595044   -0.1713586658106737   0.016117102587086065   0.013212854352362096
0.2599654557332957  0.38178464780453186   1.9693907551029726   0.03196687229206794   -0.16800620457807608   0.01716928877472891   0.03352461232597594
0.25870923977347565  0.38490878862977157   1.9531114430359005   0.03367244338274275   -0.16279312067071786   0.01705571090674815   0.05213083907358212
0.2574450225893588  0.3882001993328077   1.9375174955583339   0.0352585159992277   -0.15593947477566666   0.015860726164849456   0.06853645895051223
0.25618202203107415  0.3916393656177863   1.9227467039670467   0.03663746053694214   -0.14770791591287286   0.013789445377144455   0.08231558862793781
0.2549297706615383  0.39520081631329557   1.9089071455286215   0.03775190663932885   -0.13839558438425076   0.011144461023867036   0.09312331528622123
0.25369682762701773  0.39885660565993486   1.8960746255261762   0.038581011227511196   -0.12832520002445313   0.008291045881823465   0.10070384359797616
0.25248976669885237  0.40257997450213623   1.884291055570847   0.03914137404253976   -0.11783569955329318   0.0056036281502857025   0.10489500471159952
0.25131233435447803  0.4063484199094232   1.8736311889344783   0.03948104318946555   -0.10659866636368794   0.003396691469257861   0.11237033189605242
0.2501659874937043  0.41014617087165467   1.8639484738065002   0.03966991743921813   -0.09682715127977977   0.0018887424975258542   0.09771515083908168
0.2490494850506987  0.41396414221460504   1.855296936341869   0.03977874166038583   -0.086515374646312   0.001088242211676989   0.10311776633467767
0.24796022042592758  0.41779947446852045   1.8475176654808052   0.03987012781608885   -0.07779270861063788   0.0009138615570301107   0.08722666035674141
0.246894975740319  0.42165314014928496   1.8404856963354614   0.03998185265758967   -0.07031969145343597   0.0011172484150082146   0.074730171572019
0.24585133597440156  0.42552550023832986   1.8340513984228626   0.04010530715534379   -0.0643429791259891   0.0012345449775412228   0.059767123274468606
0.24482791617672783  0.4294157153691288   1.8280428633817978   0.04022581490309544   -0.060085350410648324   0.0012050774775164412   0.042576287153407846
0.2438241051710504  0.4333229450142777   1.8222689846920228   0.04034114529244534   -0.05773878689774906   0.001153303893499118   0.023465635128992624
0.2428392290520577  0.4372487387812104   1.8165965781112583   0.04047448291239968   -0.056724065807645364   0.0013333761995433643   0.010147210901036922
0.24187287470627483  0.4411996724208413   1.8106757017826003   0.04067396875938161   -0.05920876328658136   0.0019948584698192854   -0.024846974789359908
0.24092376020399522  0.44518821689118   1.8044116301015063   0.040999152833094125   -0.0626407168109409   0.0032518407371251723   -0.0343195352435955
0.23999132458963912  0.44923144300978185   1.7974503865795106   0.04149350987934131   -0.06961243521995691   0.0049435704624718425   -0.06971718409016
0.2390759018319165  0.45334624581679167   1.7897019747163017   0.0421540045143243   -0.07748411863208853   0.0066049463498299025   -0.07871683412131614
0.23818134124672924  0.457541416784197   1.780885611993193   0.04289486925768098   -0.08816362723108594   0.007408647433566812   -0.10679508598997414
0.23731553204746922  0.4618124145937729   1.7708042164988298   0.04357871941547772   -0.10081395494363372   0.006838501577967348   -0.12650327712547785
0.23649002854296605  0.46614007066688906   1.7592827350731524   0.044056853182146166   -0.11521481425677416   0.004781337666684515   -0.14400859313140432
0.2357177574046512  0.47049833114301715   1.7461730128803479   0.04426153757932575   -0.13109722192804565   0.0020468439717958218   -0.1588240767127148
0.23500998069094517  0.4748684767771091   1.73135938689152   0.0442708942078694   -0.14813625988827755   9.356628543643219e-05   -0.17039037960231931
0.2343728496401248  0.4792633597098686   1.7147644519054546   0.044408255953805556   -0.1659493498606552   0.0013736174593615882   -0.1781308997237765
0.23380718632677372  0.4837448367314627   1.6963548495687688   0.04517035673885535   -0.18409602336685638   0.007621007850497959   -0.18146673506201175
0.23331258266286398  0.4884222900191925   1.6761469206427055   0.04703530806028222   -0.2020792892606341   0.018649513214268706   -0.17983265893777725
0.23289568922952886  0.4934084609459946   1.6542122477219807   0.050035687909786665   -0.21934672920724715   0.03000379849504443   -0.1726743994661304
0.232577931977607  0.4987080710314078   1.630683239866954   0.05309127680568346   -0.2352900785502673   0.030555888958967947   -0.15943349343020133
0.23239005863259926  0.5040796060578915   1.6057578027659831   0.0537481952576306   -0.2492543710097078   0.006569184519471445   -0.13964292459440494
0.23234232591062426  0.5094401132153342   1.5797006075368576   0.05360719671626489   -0.26057195229125607   -0.0014099854136571364   -0.11317581281548293
0.23243884603445614  0.5148139702736163   1.5528372062894895   0.053747237898498515   -0.268634012473681   0.0014004118223362241   -0.08062060182424936
0.23268202701213284  0.5201836525998768   1.5255394729312788   0.05375186068675908   -0.2729773335821083   4.622788260566561e-05   -0.04343321108427289
0.23307188962450315  0.5255447849179834   1.4982039089924615   0.053752890702552576   -0.27335563938817076   1.0300157934963752e-05   -0.0037830580606249982
0.233605578514113  0.5308870350889976   1.4712270378106451   0.053688416553881846   -0.2697687118181649   -0.0006447414867073181   0.035869275700059114
0.23427602207215756  0.5361877244294981   1.444982070959318   0.05342920741416596   -0.26244966851327073   -0.00259209139715887   0.07319043304894168
0.23504002668886617  0.5412090115610678   1.4198012843567482   0.05079077427255945   -0.25180786602569644   -0.026384331416065   0.10641802487574258
0.2358573379079009  0.5458361697383981   1.3959661248574655   0.04698786058850669   -0.2383515949928276   -0.03802913684052766   0.1345627103286887
0.2367214863984009  0.5501621446993906   1.3736333846796591   0.04411441031775389   -0.22332740177806493   -0.028734502707527983   0.15024193214762677
0.23764377838756384  0.5543318488605212   1.353112357175849   0.042704865419151694   -0.20521027503810269   -0.014095448986021946   0.18117126739962247
0.23863942966010968  0.5584650905885149   1.3344112064226477   0.04251471349849281   -0.18701150753201295   -0.0019015192065888024   0.1819876750608972
0.23971804980217964  0.5626362025693393   1.3177466776277367   0.04308317138685637   -0.16664528794910954   0.005684578883635536   0.2036621958290342
0.24088396829496803  0.5668860059174526   1.30303781078997   0.04406834967353027   -0.147088668377666   0.009851782866739073   0.19556619571443526
0.24213715020718296  0.571237048496337   1.2903674103602414   0.045279174493766686   -0.12670400429728587   0.012108248202364068   0.2038466408038014
0.24347501398771162  0.5757025742181319   1.279708132752936   0.04661630558854468   -0.10659277607305516   0.013371310947780032   0.20111228224230715
0.24489098404414836  0.580283321298622   1.2709997766912486   0.04794602696379391   -0.08708356061687288   0.01329721375249225   0.19509215456182288
0.24637104356768538  0.5849577587115307   1.2641548093018071   0.04903156261064076   -0.06844967389441256   0.010855356468468472   0.18633886722460308
0.24789527386077084  0.5896878994129601   1.2590647374850352   0.049696588456046915   -0.05090071816771964   0.006650258454061578   0.17548955726692916
0.24944473048950785  0.5944399844385645   1.255607555418533   0.049983125087318836   -0.03457182066502294   0.002865366312719168   0.16328897502696696
0.2510087316574725  0.5992051041127617   1.2536560247220754   0.05015223341273431   -0.01951530696457761   0.0016910832541547469   0.1505651370044534
0.25258907874374104  0.604010785247975   1.2530864016842833   0.05058860354512252   -0.0056962303779199905   0.004363701323882159   0.13819076586657617
0.2541944114057836  0.6089039745114558   1.2537857890393305   0.05149795541970257   0.006993873550472032   0.009093518745800454   0.12690103928392021
0.25582381479858357  0.6139020889743226   1.2556569584665427   0.05257005193113015   0.01871169427212114   0.01072096511427583   0.11717820721649107
0.2574526441917117  0.618949133811239   1.2586195408889636   0.05303371265317118   0.029625824224208744   0.004636607220410241   0.10914129952087608
0.2590709754207752  0.6240316836725827   1.262536975216411   0.05333976852221261   0.03917434327447342   0.003060558690414337   0.09548519050264671
0.2606032627965327  0.6289275570811788   1.267478517097904   0.05130056630771995   0.0494154188149323   -0.02039202214492655   0.10241075540458883
0.26198009513299986  0.6334176317393347   1.2732598228169945   0.046964281873118706   0.05781305719090476   -0.04336284434601248   0.0839763837597246
0.26316614329414145  0.6373796127690009   1.2799292192215714   0.04135698722101971   0.06669396404576827   -0.05607294652098998   0.08880906854863518
0.26416793191106414  0.6408175892197915   1.2872581082967587   0.03580958322738982   0.07328889075187311   -0.05547403993629891   0.06594926706104841
0.2650210263452523  0.643834661012905   1.2952340390052233   0.03135361592934407   0.07975930708464471   -0.044559672980457536   0.06470416332771596
0.265774961110878  0.6465883638627802   1.3035559103330152   0.028550476381718638   0.08321871327792112   -0.02803139547625429   0.03459406193276403
0.26647829796221917  0.6492466088515646   1.3121366116711906   0.02749718012242545   0.08580701338175274   -0.010532962592931848   0.025883001038316228
0.26717131790017024  0.6519584518497754   1.3205980656656529   0.027989942981974655   0.08461453994462217   0.004927628595492055   -0.011924734371305711
0.26788104909831506  0.6548319805344269   1.3286531467954705   0.029598793007714116   0.08055081129817851   0.016088500257394563   -0.0406372864644366
0.2686198848942738  0.6579222072820201   1.3361139572175065   0.03177322722816972   0.0746081042203591   0.021744342204556073   -0.0594270707781941
0.2693872985077077  0.6612252023989708   1.3425078717482986   0.03390973370093557   0.06393914530791929   0.02136506472765851   -0.10668958912439816
0.2701729918555072  0.6646866366812575   1.347593423870918   0.03549484656589647   0.05085552122619643   0.01585112864960901   -0.13083624081722856
0.27096413844900324  0.668225618624532   1.350860510856136   0.03626335082038515   0.0326708698521799   0.0076850425448867195   -0.1818465137401653
0.27175151683891763  0.671766238951258   1.3519729310567523   0.03627114145836835   0.01112420200616079   7.790637983211016e-05   -0.21546667846019102
0.27253580167836544  0.6752692273865409   1.3505384429964415   0.03589711783293391   -0.014344880603105657   -0.0037402362543444987   -0.25469082609266447
0.2733295897757552  0.6787435418644276   1.3461784158347239   0.03563840714007066   -0.04360027161717792   -0.0025871069286324618   -0.29255391014072263
0.2741557356438123  0.6822363859519874   1.338539419116922   0.03589216741200772   -0.07638996717801914   0.0025376027193705917   -0.3278969556084122
0.27504166582660144  0.6858026222134997   1.3273037503378096   0.03674631051101077   -0.11235668779112203   0.00854143099003056   -0.3596672061310288
0.276011787159005  0.6894700930226807   1.3121986554658178   0.03793610092747832   -0.1510509487199183   0.01189790416467546   -0.3869426092879627
0.27707713519273186  0.693205988244426   1.293004207043293   0.03884826835374921   -0.1919444842252492   0.009121674262708879   -0.40893535505330897
0.27823232157222416  0.6969241023242041   1.2695599220925349   0.038934339446874265   -0.23444284950758257   0.0008607109312505353   -0.42498365282333356
0.2794555590179002  0.7005067093488273   1.2417695758113794   0.03785681304789705   -0.27790346281155354   -0.01077526398977211   -0.4346061330397098
0.28071756410121784  0.7038474266491045   1.2096040120009057   0.03571141121652126   -0.32165563810473496   -0.021454018313757917   -0.43752175293181433
0.2819962081570985  0.7068911780664696   1.1730933626621178   0.033014168643798324   -0.36510649338787954   -0.026972425727229358   -0.43450855283144607
0.2832940479708935  0.7096594055412904   1.1323907076310988   0.03057363494035955   -0.40702655031019064   -0.024405337034387752   -0.41920056922311055
0.2846555431360664  0.7122543805450012   1.0876111906722712   0.029304546327648298   -0.44779516958827714   -0.012690886127112508   -0.4076861927808649
0.2861782187552207  0.7148427822397558   1.0390474648585806   0.030030591693458786   -0.4856372581369055   0.007260453658104877   -0.37842088548628394
0.2880090999960953  0.7176137327696918   0.9869071801818503   0.03321188485698505   -0.5214028467673021   0.03181293163526261   -0.35765588630396644
0.2903134653436172  0.7207140057313299   0.9316110596792048   0.03862873553652296   -0.5529612050264564   0.05416850679537916   -0.3155835825915429
0.2932131057739784  0.7241751351839273   0.8734436974234362   0.0451523329552546   -0.5816736225576852   0.06523597418731637   -0.28712417531228773
0.29670496626748444  0.7278648434801137   0.8129405817452062   0.050800626981453684   -0.6050311567822992   0.05648294026199089   -0.23357534224614024
0.30060642806665466  0.7315028018654385   0.7504622936117449   0.053344301836059434   -0.6247828813346133   0.025436748546057472   -0.1975172455231413
0.30472730215858546  0.7348807330711011   0.6866456010068841   0.05328416510723429   -0.6381669260486081   -0.0006013672882514234   -0.13384044713994767
0.3089236305674081  0.7378887584280586   0.6219276656184364   0.051630793779300785   -0.6471793538844776   -0.01653371327933508   -0.09012427835869331
0.31292291799419947  0.7403795431381461   0.5570208631510553   0.04711508080658703   -0.649068024673811   -0.04515712972713755   -0.018886707893335027
0.31671573276950893  0.7424144100163729   0.4924239348606301   0.04304198779322953   -0.6459692829042519   -0.04073093013357502   0.030987417695590262
0.320344877297319  0.7440738914991155   0.4288792143460423   0.03990559960120264   -0.6354472051458774   -0.03136388192026885   0.10522077758374583
0.32396663155058986  0.7454660497802671   0.3669755936539648   0.03880104193301654   -0.6190362069207755   -0.011045576681861097   0.16410998225101833
0.3277842826483031  0.7466777339391337   0.3073335629362647   0.040053262544686226   -0.5964203071770008   0.012522206116696924   0.22615899743774812
0.33198148606513833  0.7477519259032687   0.2505523840676786   0.043324825329284986   -0.5678117886858609   0.03271562784598759   0.28608518491139756
0.33666334791619906  0.7486873391853008   0.19719857912997543   0.04774392987663935   -0.5335380493770315   0.04419104547354368   0.34273739308829404
0.3418064516300367  0.7494530530800904   0.14779605204152693   0.05199791686211832   -0.49402527088448506   0.04253986985478968   0.3951277849254647
0.3471338635655543  0.7500027443751047   0.1028178248026747   0.053556958885407686   -0.4497822723885223   0.015590420232893594   0.4424299849596279
0.3524756711611293  0.7503380047442306   0.06267938366185535   0.0535231799347427   -0.40138441140819353   -0.0003377895066497824   0.48397860980328766
0.3578348055494863  0.7504866740296542   0.02773417397132165   0.05361196130428107   -0.34945209690533713   0.000887813695383672   0.5193231450285644
0.36319836689848556  0.7504773980763882   -0.0017294374746847218   0.053635693700936564   -0.29463611446006366   0.0002373239665549171   0.548159824452734
0.3679174909750235  0.7503570801503247   -0.025490295207273507   0.04720657629304216   -0.23760857732588786   -0.064291174078944   0.5702753713417583
0.37145903962949484  0.7502032926195126   -0.04339654569253044   0.03544886102067359   -0.17906250485256928   -0.11757715272368564   0.5854607247331858
0.3738199151095628  0.7500724833719571   -0.055350498380455165   0.02364496583130666   -0.11953952687924728   -0.11803895189366939   0.5952297797332201
0.375  0.75   -0.06134509987355079   0.011823088377617643   -0.059946014930956214   -0.11821877453689016   0.5959351194829106
0.375  0.75   -0.06134509987355079   2.0042663898806533e-16   8.1599905961211e-22   -0.11823088377617441   0.5994601493095622
