0.65625  0.375   -2.8381271411708413   0.0   1.9325276712252122e-20   0.0   0.0
0.6551258260481251  0.37465560577365425   -2.8443175247268635   0.011757442141955123   -0.061903835560224246   0.11757442141955123   -0.6190383556022425
0.6528701433039027  0.37399500324787505   -2.856697783342359   0.0235042556564744   -0.1238025861549531   0.11746813514519278   -0.6189875059472886
0.6494720985865318  0.3730674435441454   -2.875115944934875   0.03522367798120455   -0.1841816159251566   0.11719422324730147   -0.6037902977020354
0.6449236916334836  0.3719426670128963   -2.899165998390189   0.04685416529593333   -0.24050053455314097   0.11630487314728774   -0.5631891862798432
0.6396919905649703  0.37080869060075805   -2.9281434657501486   0.05353185834021652   -0.289774673599598   0.066776930442832   -0.49274139046457105
0.6344329661008435  0.3698488763269092   -2.9610714473529165   0.053458939153866424   -0.3292798160276796   -0.0007291918635009737   -0.3950514242808154
0.6291706955420232  0.3690816470824513   -2.9968146188021056   0.05317906744930713   -0.3574317144918899   -0.0027987170455929587   -0.2815189846421029
0.6239230246686609  0.3685159921719751   -3.034215631695276   0.05278069256165885   -0.37401012893170815   -0.003983748876482774   -0.1657841443981832
0.6196188854033039  0.3682168238497503   -3.072197145926616   0.043145239019630355   -0.37981514231340047   -0.09635453542028498   -0.0580501338169228
0.6163702853429182  0.36811358151361984   -3.10982278445686   0.032502401960944415   -0.37625638530243216   -0.10642837058685942   0.03558757010968346
0.6141684608670023  0.3681239202923881   -3.146288169921212   0.022018487489127464   -0.3646538546435222   -0.10483914471816949   0.11602530658909913
0.6123494323908735  0.3681954360775032   -3.180887789924987   0.018204337682235776   -0.3459962000377482   -0.038141498068916896   0.18657654605773988
0.6101194346189287  0.3683548927742531   -3.2129764735833857   0.022356915039907978   -0.3208868365839833   0.04152577357672201   0.25109363453764966
0.60711508242297  0.36865743622182773   -3.2419560345782545   0.030195470943558123   -0.2897956099486906   0.0783855590365015   0.31091226635292674
0.6033813752959999  0.36912922964669154   -3.267287078093671   0.03763397128358013   -0.25331043515416996   0.07438500340021999   0.36485174794520603
0.5992454229615505  0.3697412698887514   -3.288506944952378   0.04180992103644513   -0.21219866858706715   0.041759497528650075   0.41111766567102837
0.5950909154892835  0.3704272815280145   -3.3052406273364445   0.042107652874896796   -0.16733682384066745   0.0029773183845166707   0.4486184474639971
0.5911589176734284  0.3711249570847476   -3.3172003590458505   0.03993414329411948   -0.11959731709405735   -0.02173509580777322   0.47739506746610083
0.5874932298598899  0.3718017943414063   -3.3241775397049618   0.03727650173812852   -0.06977180659111197   -0.026576415559909538   0.49825510502945386
0.583979275340372  0.3724573589119379   -3.3260327079638996   0.03574582670938964   -0.018551682589380815   -0.01530675028738882   0.5122012400173116
0.580415355545981  0.3731099143079434   -3.322687129436178   0.03623168895553726   0.03345578527721943   0.004858622461476173   0.5200746786660024
0.5765860772106729  0.3737771950385556   -3.314117858874963   0.038869829100096634   0.0856927056121436   0.026381401445593797   0.5223692033492416
0.5723290757717818  0.37445879020194744   -3.300356694295392   0.043112217778120715   0.13761164579571142   0.04242388678024079   0.5191894018356786
0.5675944699472701  0.3751255157664684   -3.281492404214735   0.04781319409105388   0.1886429008065725   0.04700976312933168   0.5103125501086105
0.5624907670819693  0.3757206399940056   -3.257674785895874   0.051382833498633526   0.23817618318860914   0.0356963940757964   0.49533282382036636
0.557262122989515  0.376179452024861   -3.2291181791700505   0.052487358025734586   0.28556606725823436   0.011045245271010638   0.473898840696252
0.5520417031326214  0.37646429368563783   -3.196101582620618   0.052281849865862054   0.33016596549432736   -0.002055081598725338   0.4459989823609304
0.5468005695748298  0.37655534668977064   -3.1589636754239256   0.05241924419540162   0.3713790719669237   0.0013739432953956934   0.41213106472596317
0.5415384443358784  0.3764316765314325   -3.118095037914906   0.05263578282734536   0.4086863750901947   0.002165386319437309   0.3730730312327104
0.5362786615986931  0.37607524020741084   -3.0739297439471565   0.05271846099373209   0.44165293967749764   0.0008267816638673478   0.3296656458730292
0.5311926947791895  0.3754895347240735   -3.026936642204767   0.05119580979172559   0.4699310174238919   -0.01522651202006498   0.2827807774639427
0.5264716670821074  0.3747083559590798   -2.977610523376383   0.04785221288456358   0.4932611882838423   -0.03343596907162016   0.23330170859950428
0.522151294376116  0.37376430716986725   -2.926463088820899   0.04422312566417108   0.5114743455548365   -0.03629087220392494   0.18213157270994138
0.5181696854193694  0.37267274057671085   -2.874014867488491   0.041285260701297295   0.5244822133240826   -0.02937864962873791   0.1300786776924611
0.5144385829669123  0.3714329639236956   -2.8207889672368984   0.03931688143799618   0.5322590025159218   -0.019683792633011097   0.07776789191839238
0.5108934403672875  0.37004042386509184   -2.7673065752279196   0.03808832349486166   0.5348239200897928   -0.012285579431345213   0.02564917573871057
0.5075100679247112  0.36849892714612914   -2.714083645602051   0.03717986177994669   0.5322292962586903   -0.00908461714914967   -0.025946238311026444
0.5042944842711181  0.3668250053198544   -2.6616283503304454   0.03625188617677041   0.5245529527160517   -0.009279756031762879   -0.07676343542638464
0.5012612473316163  0.365043076489328   -2.610439021756772   0.03517925054378161   0.5118932857367336   -0.010726356329887922   -0.12659666979318127
0.4984147926313219  0.36317576715086936   -2.561002454035679   0.03404283849258735   0.49436567721092894   -0.0113641205119426   -0.17527608525804725
0.49574184906782304  0.3612358758124542   -2.513792410513973   0.03302696731234831   0.4721004352170602   -0.010158711802390466   -0.2226524199386871
0.4932148012656004  0.35922423319864066   -2.4692682331249634   0.032299654178381605   0.44524177389009495   -0.007273131339667016   -0.2685866132696526
0.490800737677284  0.35713361435654345   -2.4278733761411964   0.03193491843009558   0.4139485698376704   -0.003647357482860291   -0.31293204052424534
0.48847051050750184  0.3549559879235127   -2.390033762323782   0.031893597389800625   0.37839613817414547   -0.00041321040294952207   -0.35552431663524925
0.4862038636086649  0.35268916616786555   -2.3561559199889825   0.03205646430267043   0.33877842334799235   0.00162866912869805   -0.39617714826153155
0.48398947543874543  0.35033979005902555   -2.3266249099737064   0.032284799934132656   0.29531010015276565   0.0022833563146223475   -0.43468323195226677
0.481820683116033  0.3479212347137264   -2.301802130665626   0.032485489218008624   0.2482277930808012   0.0020068928387596005   -0.4708230707196446
0.4796888331221282  0.3454471267761776   -2.282023147949331   0.03265883415426232   0.1977898271629506   0.0017334493625369644   -0.5043796591785062
0.47757654401419425  0.3429229759859144   -2.267595596506645   0.03291367874833375   0.1442755144268571   0.0025484459407143327   -0.5351431273609348
0.4754528214736271  0.34033931162796327   -2.258797242772085   0.03344475884778203   0.08798353734560417   0.005310800994482799   -0.5629197708125294
0.47327150587842043  0.33766971059598866   -2.2558740132700126   0.03447449404387885   0.02923229502072417   0.010297351960968187   -0.5875124232488002
0.4709737301799366  0.334875667950729   -2.259037750271901   0.03617519518133415   -0.03163737001888224   0.01700701137455301   -0.6086966503960641
0.4684942248182423  0.33191791936711723   -2.2684635091072707   0.03859562607671032   -0.09425758835370424   0.024204308953761685   -0.62620218334822
0.46577065367721  0.3287715176893408   -2.2842858968717334   0.041614520636651636   -0.15822387764462426   0.03018894559941312   -0.6396628929092001
0.46275511586987694  0.3254409549687601   -2.3065944984573896   0.044928962043634384   -0.22308601585655818   0.03314441406982745   -0.6486213821193396
0.45942687377388636  0.321971531260632   -2.3354283446383537   0.048077121706746294   -0.28833846180964445   0.03148159663111918   -0.6525244595308625
0.4558035376467699  0.3184523080908741   -2.3707698798062022   0.05051088635990906   -0.35341535167848603   0.024337646531627618   -0.6507688986884154
0.4519397653270244  0.315001129299121   -2.412538929084761   0.05180672889836542   -0.4176904927855899   0.012958425384563606   -0.6427514110710395
0.44788961956127304  0.311719194554653   -2.4605875555132846   0.05212943160134158   -0.4804862642852339   0.0032270270297615968   -0.6279577149964399
0.4437040909840622  0.30868731723512655   -2.514696592785572   0.051682617533671336   -0.5410903727228735   -0.004468140676702421   -0.6060410843763959
0.4394376044603064  0.3059705474838121   -2.574574399494789   0.05058037676713837   -0.5987780670921672   -0.011022407665329659   -0.5768769436929372
0.43512515591006745  0.303604922752162   -2.6398578281086973   0.049186779595194456   -0.6528342861390819   -0.013935971719439116   -0.540562190469147
0.4307014163337638  0.3015681873423402   -2.710115295582389   0.048700885996649665   -0.7025746747369177   -0.00485893598544797   -0.4974038859783582
0.42599385710400134  0.29981374073091427   -2.7848512689492364   0.05023862738379288   -0.7473597336684773   0.015377413871432202   -0.4478505893155949
0.42091097507386266  0.29836268441205394   -2.863510492784018   0.05285948748599664   -0.7865922383478133   0.0262086010220376   -0.3923250467933602
0.41572730324383694  0.29733286291711236   -2.94547971599962   0.05284977384327878   -0.8196922321560212   -9.713642717858726e-05   -0.3309999380820784
0.41045456397149627  0.2967424681333682   -3.030085942758852   0.053056899112903816   -0.8460622675923201   0.0020712526962503057   -0.2637003543629899
0.4051285156415939  0.2966092950450795   -3.116593754417837   0.053277130069018346   -0.8650781165898489   0.0022023095611453133   -0.19015848997528756
0.3997987070891549  0.2969434397419962   -3.204204272713901   0.05340272641367835   -0.8761051829606414   0.00125596344660009   -0.1102706637079265
0.39451341383836824  0.2977447073813591   -3.2920502028696297   0.053456856039905944   -0.878459301557287   0.0005412962622758569   -0.023541185966455307
0.38931580123667076  0.2990033886580943   -3.379183972216512   0.05347845857327989   -0.8713376934688221   0.00021602533373942808   0.07121608088464935
0.3842437190477389  0.30070094573254236   -3.4645604991809194   0.053486183031040364   -0.853765269644071   7.724457760481174e-05   0.17572423824751154
0.37932830816358915  0.30281068404870043   -3.5470229063660974   0.053490428978177726   -0.8246240718517845   4.245947137361404e-05   0.2914119779228637
0.3745924708539763  0.30529858526470244   -3.625302255659955   0.05349561429100157   -0.7827934929385751   5.185312823839162e-05   0.4183057891320944
0.37004949471529763  0.3081243485758836   -3.6980368594236435   0.0535010004461895   -0.7273460376368811   5.386155187937609e-05   0.5544745530169413
0.36570168388870244  0.31124285664037604   -3.7638084153868148   0.053505655338639505   -0.657715559631717   4.65489245000058e-05   0.6963047800516409
0.36153945898104206  0.3146059153286523   -3.8211898768706103   0.05351100814108089   -0.5738146148379569   5.3528024413852884e-05   0.8390094479375992
0.3575417351444731  0.318164195688818   -3.8688980719415658   0.05351930025235903   -0.4770819507095521   8.292111278137383e-05   0.9673266412840488
0.3536804655801599  0.32187183446623696   -3.9066959888699957   0.0535312880025513   -0.3779791692842993   0.00011987750192275107   0.9910278142525286
0.34992302808766385  0.32568668279701896   -3.934572376852795   0.05354568544420143   -0.27876387982799194   0.00014397441650122896   0.9921528945630734
0.34623363461417156  0.32956941583256083   -3.9525183307132004   0.053560470524018376   -0.1794595386040604   0.00014785079816955607   0.9930434122393152
0.3425745131720005  0.3334825759316861   -3.9605267351788314   0.05357423978923911   -0.08008404465630732   0.00013769265220729693   0.9937549394775308
0.3389069845640036  0.33738954615671823   -3.9585918394319526   0.05358654908628654   0.019348957468788373   0.00012309297047433313   0.994330021250957
0.3351925222239267  0.3412534592616544   -3.946708947395179   0.05359762584140563   0.11882892036773883   0.00011076755119088595   0.9947996289895045
0.3313938481836756  0.34503608650309814   -3.924874191589066   0.05360801554972451   0.21834755806113143   0.00010389708318878766   0.9951863769339262
0.3274761169236477  0.34869676238374525   -3.893084369445391   0.0536182488794212   0.31789822143674323   0.00010233329696700671   0.9955066337561177
0.32340825216104585  0.3521913996532086   -3.8513368276481157   0.05362836317840038   0.4174754179727574   0.00010114298979174074   0.9957719653601418
0.3191644915804408  0.35547167327462603   -3.799629385830139   0.0536373926443748   0.5170744181797672   9.029465974415267e-05   0.9959900020700981
0.314726143244069  0.3584845019984185   -3.7379602958580946   0.05364333404430288   0.6166908997204456   5.941399928082685e-05   0.9961648154067829
0.31008352134486716  0.36117196264695833   -3.6663282362646785   0.053643622954085694   0.7163205959341546   2.8890978281297694e-06   0.996296962137092
0.3052380768878153  0.36347171606724166   -3.5847323423079476   0.053635061089255816   0.8159589395673127   -8.561864829887376e-05   0.9963834363315806
0.3002045876090399  0.3653180987150071   -3.4931722716394087   0.05361449729459228   0.9156007066853877   -0.00020563794663532926   0.9964176711807494
0.2950111238281083  0.3666445156230311   -3.3916483079387563   0.05360172372017687   1.0152396370065266   -0.00012773574415405006   0.9963893032113904
0.2897377198179791  0.36737995841425647   -3.2801615160132416   0.05324440435690205   1.114867919255144   -0.0035731936327482445   0.9962828224861738
0.28550765451626914  0.367452389843587   -3.158713985415314   0.04230685378125639   1.214475305979277   -0.10937550575645652   0.9960738672413305
0.2824551743085675  0.36710201522240976   -3.0273092223999103   0.030725230338559527   1.3140476301540391   -0.11581623442696867   0.9957232417476193
0.2806070815156332  0.36661900055133895   -2.8859525814018525   0.0191017018712095   1.413566409980572   -0.11623528467350026   0.9951877982653282
0.2799146536464422  0.36632056490968695   -2.7346518863360587   0.007540027760165308   1.5130069506579444   -0.11561674111044191   0.9944054067737251
0.27989910844885524  0.36631064091900506   -2.573418261122081   0.00018442851164322737   1.612336252139777   -0.07355599248522081   0.9932930148183274
0.2798904797610758  0.366302772819357   -2.4022670904281656   0.00011677381764244927   1.7115117069391517   -0.000676546940007781   0.9917545479937451
0.27988511057677157  0.366295717200883   -2.2212876580175283   8.866221976885036e-05   1.8097943241063714   -0.0002811159787359883   0.9828261716721987
0.27988189637814637  0.3662892519071878   -2.032158592375221   7.220186657400477e-05   1.8912906564230787   -0.00016460353194845594   0.8149633231670722
0.27988025996597876  0.36628325119308913   -1.8370256951907074   6.219840389964159e-05   1.9513289718451332   -0.00010003462674363206   0.6003831542205452
0.2798798822124421  0.3662776426868695   -1.638048433338442   5.6212133698615096e-05   1.9897726185226534   -5.9862702010265176e-05   0.3844364667752018
0.2798805878055955  0.36627238503349896   -1.4373903603469447   5.304788465479142e-05   2.006580729914974   -3.164249043823622e-05   0.16808111392320368
0.2798822953400445  0.36626745749909667   -1.2372168931854894   5.21500423583364e-05   2.0017346716145505   -8.978422964549318e-06   -0.04846058300423191
0.2798849975093526  0.366262857268404   -1.039694053752192   5.33515148758741e-05   1.9752283943329754   1.2014725175377247e-05   -0.2650627728157542
0.2798887596163708  0.36625860067389976   -0.8469869505446858   5.680849055372139e-05   1.9270710320750626   3.4569756778473445e-05   -0.48157362257912756
0.2798937370813609  0.3662547276096344   -0.6612562650529678   6.306804621324611e-05   1.8573068549171798   6.259555659524755e-05   -0.6976417715788261
0.2799002216149081  0.36625131337815825   -0.48463720973356944   7.32844812339432e-05   1.7661905531939832   0.00010216435020697089   -0.9111630172319694
0.27990873068913846  0.3662485132649354   -0.31791207030230495   8.957956146359035e-05   1.667251394312645   0.00016295080229647213   -0.9893915888133787
0.2799199036525443  0.3662466975397207   -0.16110225167126774   0.0001131953927168132   1.568098186310372   0.00023615831253222846   -0.9915320800227304
0.27993611584916206  0.3662464669311396   -0.014223429193712332   0.00016213836667812472   1.468788224775554   0.0004894297396131147   -0.9930996153481791
0.28088458225760365  0.3663634436008065   0.12271274673395846   0.009556526927647805   1.369361759276708   0.09394388560969681   -0.9942646549884613
0.2829321702202506  0.36688561898884503   0.24969753323153243   0.021131217666406677   1.2698478649757392   0.11574690738758871   -0.9951389430096851
0.2859905537082925  0.3680603433476153   0.36672457667164376   0.03276230590025464   1.1702704344011132   0.11631088233847967   -0.9957743057462608
0.289935764382794  0.3700832201246302   0.47378948418875405   0.0443358971051575   1.0706490751711022   0.1157359120490286   -0.9962135923001108
0.2944428007524081  0.3729777477660461   0.5708894632715508   0.05356460314793117   0.9709997908279677   0.09228706042773667   -0.9964928434313464
0.2986867758651071  0.3762580948465856   0.6580231079977904   0.05363953926538009   0.8713364472623969   0.0007493611744891915   -0.9966334356557088
0.3026679889451203  0.3798583392065635   0.7351903305949212   0.05367664020785201   0.771672225971308   0.00037100942471919113   -0.9966422129108875
0.3064000575803301  0.383719460046134   0.802392310728985   0.05369971176430449   0.6720198013406363   0.0002307155645248454   -0.9965242463067173
0.30990611511041566  0.38778890944685906   0.8596316921220147   0.05371485625908807   0.5723938139302979   0.00015144494783584205   -0.996259874103384
0.3132164881840985  0.39202025062982565   0.906913066240423   0.053724126883223984   0.47281374118408276   9.270624135906682e-05   -0.9958007274621519
0.3163669165077631  0.39637258655647406   0.9442438491949737   0.05372897415823126   0.37330782954550795   4.8472750072737393e-05   -0.9950591163857473
0.3193970390349946  0.400809691441908   0.9716356728228733   0.05373038460163314   0.2739182362789948   1.4104434018771929e-05   -0.9938959326651322
0.3223491018647831  0.40529892923418626   0.9891062612904044   0.05372888506814312   0.1747058846753117   -1.4995334900158877e-05   -0.9921235160368305
0.3252666107289026  0.4098102170436136   0.9967352373692281   0.05372483194177827   0.07628976078823742   -4.053126364855404e-05   -0.9841612388707429
0.32818173091553193  0.4143223580248236   0.997194867914771   0.05371903008881397   0.004596305455427438   -5.801852964296891e-05   -0.7169345533280999
0.33111479685773176  0.4188221942154481   0.9931454280745772   0.053713500690020524   -0.04049439840193775   -5.529398793447217e-05   -0.4509070385736519
0.3340761795310945  0.42330313491163024   0.9868076967482553   0.053710908445879176   -0.06337731326321858   -2.592244141348575e-05   -0.22882914861280818
0.33706849015764606  0.4277635037685313   0.97989199868287   0.05371109124325202   -0.06915698065385231   1.82797372843566e-06   -0.05779667390633747
0.3397232485724886  0.43166723631952986   0.9735810837683053   0.047208971680095954   -0.06310914914564618   -0.06502119563156057   0.06047831508206139
0.3417304324554627  0.43458709723129907   0.9685602606905527   0.035432153313281804   -0.0502082307775264   -0.11776818366814153   0.12900918368119776
0.34307561789369867  0.43652968477681126   0.965141311113907   0.023628733007137477   -0.03418949576645718   -0.11803420306144327   0.16018735011069213
0.34375  0.4375   0.963424903325734   0.01181652596007953   -0.017164077881729894   -0.11812207047057947   0.17025417884727295
0.34375  0.4375   0.963424903325734   0.0   -5.771476648189331e-20   -0.1181652596007953   0.17164077881729892
