graph_load_time: 0.303814
n_generated: 24666
n_expanded: 12527
n_domCheck: 87983
rt_initHeu: 0.324881
rt_search: 0.304197
N: 27
Label: 17791
[121,140869,]
11812 12018 12017 12223 12222 12428 12427 12633 12839 13045 13251 13457 13663 13869 14075 14281 14487 14488 14489 14695 14696 14902 14903 15109 15315 15316 15522 15523 15729 15935 15936 16142 16348 16554 16760 16966 17172 17378 17584 17790 17996 18202 18408 18614 18820 18819 19025 19231 19437 19643 19849 20055 20261 20467 20673 20674 20880 21086 21087 21293 21294 21500 21706 21707 21913 22119 22120 22326 22532 22738 22944 23150 23356 23562 23768 23974 24180 24386 24592 24798 24797 25003 25209 25415 25621 25827 25826 26032 26238 26237 26443 26649 26648 26854 27060 27059 27265 27471 27677 27883 28089 28295 28501 28500 28706 28912 29118 29117 29323 29529 29735 29941 29940 30146 30352 30558 30764 30970 31176 31382 31588 31794 
Label: 22315
[131,116047,]
11812 12018 12017 12223 12222 12428 12427 12633 12839 13045 13044 13250 13456 13662 13868 14074 14073 14072 14278 14277 14276 14275 14481 14687 14893 15099 15305 15511 15717 15923 16129 16335 16541 16747 16953 17159 17365 17571 17777 17983 18189 18395 18601 18602 18808 18809 18810 19016 19017 19018 19224 19225 19226 19227 19228 19434 19640 19846 19847 20053 20054 20260 20466 20467 20673 20674 20880 21086 21087 21293 21294 21500 21706 21707 21913 22119 22120 22326 22532 22738 22944 23150 23356 23562 23768 23974 24180 24386 24592 24798 24797 25003 25209 25415 25621 25827 25826 26032 26238 26237 26443 26649 26648 26854 27060 27059 27265 27471 27677 27883 28089 28295 28501 28500 28706 28912 29118 29117 29323 29529 29735 29941 29940 30146 30352 30558 30764 30970 31176 31382 31588 31794 
Label: 15411
[117,140983,]
11812 12018 12017 12223 12222 12428 12634 12840 13046 13252 13458 13664 13870 14076 14282 14488 14489 14695 14696 14902 14903 15109 15315 15316 15522 15523 15729 15935 15936 16142 16348 16554 16760 16966 17172 17378 17584 17790 17996 18202 18408 18614 18820 19026 19232 19438 19644 19850 20056 20262 20468 20674 20880 21086 21087 21293 21294 21500 21706 21707 21913 22119 22120 22326 22532 22738 22944 23150 23356 23562 23768 23974 24180 24386 24592 24798 24797 25003 25209 25415 25621 25827 25826 26032 26238 26237 26443 26649 26648 26854 27060 27059 27265 27471 27677 27883 28089 28295 28501 28500 28706 28912 29118 29117 29323 29529 29735 29941 29940 30146 30352 30558 30764 30970 31176 31382 31588 31794 
Label: 12343
[113,141904,]
11812 12018 12224 12430 12636 12842 13048 13254 13460 13666 13872 14078 14284 14490 14696 14902 14903 15109 15315 15316 15522 15523 15729 15935 15936 16142 16348 16554 16760 16966 17172 17378 17584 17790 17996 18202 18408 18614 18820 19026 19232 19438 19644 19850 20056 20262 20468 20674 20880 21086 21087 21293 21294 21500 21706 21707 21913 22119 22120 22326 22532 22738 22944 23150 23356 23562 23768 23974 24180 24386 24592 24798 24797 25003 25209 25415 25621 25827 25826 26032 26238 26237 26443 26649 26648 26854 27060 27059 27265 27471 27677 27883 28089 28295 28501 28500 28706 28912 29118 29117 29323 29529 29735 29941 29940 30146 30352 30558 30764 30970 31176 31382 31588 31794 
Label: 10487
[111,145818,]
11812 12018 12224 12430 12636 12842 13048 13254 13460 13666 13872 14078 14284 14490 14696 14902 14903 15109 15315 15316 15522 15523 15729 15935 15936 16142 16348 16554 16760 16966 17172 17378 17584 17790 17996 18202 18408 18614 18820 19026 19232 19438 19644 19850 20056 20262 20468 20674 20880 21086 21087 21293 21294 21500 21706 21707 21913 22119 22325 22531 22737 22943 23149 23355 23561 23767 23973 24179 24385 24591 24797 25003 25209 25415 25621 25827 25826 26032 26238 26237 26443 26649 26648 26854 27060 27059 27265 27471 27677 27883 28089 28295 28501 28500 28706 28912 29118 29117 29323 29529 29735 29941 29940 30146 30352 30558 30764 30970 31176 31382 31588 31794 
Label: 8939
[109,158046,]
11812 12018 12224 12430 12636 12842 13048 13254 13460 13666 13872 14078 14284 14490 14696 14902 14903 15109 15315 15316 15522 15523 15729 15935 15936 16142 16348 16554 16760 16966 17172 17378 17584 17790 17996 18202 18408 18614 18820 19026 19232 19438 19644 19850 20056 20262 20468 20674 20880 21086 21087 21293 21294 21500 21706 21912 22118 22324 22530 22736 22942 23148 23354 23560 23766 23972 24178 24384 24590 24796 25002 25208 25414 25620 25826 26032 26238 26237 26443 26649 26648 26854 27060 27059 27265 27471 27677 27883 28089 28295 28501 28500 28706 28912 29118 29117 29323 29529 29735 29941 29940 30146 30352 30558 30764 30970 31176 31382 31588 31794 
Label: 1283
[99,1095100,]
11812 12018 12224 12430 12636 12842 13048 13254 13460 13666 13872 14078 14284 14490 14696 14902 14903 15109 15315 15521 15727 15933 16139 16345 16551 16757 16963 17169 17375 17581 17787 17993 18199 18405 18611 18817 19023 19229 19435 19641 19847 20053 20259 20465 20671 20877 21083 21289 21495 21701 21907 22113 22319 22525 22731 22937 23143 23349 23555 23761 23967 24173 24379 24585 24791 24997 25203 25409 25615 25821 26027 26233 26439 26645 26851 27057 27263 27469 27675 27881 28087 28293 28499 28705 28911 29117 29323 29529 29735 29941 29940 30146 30352 30558 30764 30970 31176 31382 31588 31794 
Label: 21003
[127,129231,]
11812 12018 12017 12223 12222 12428 12427 12633 12839 13045 13044 13250 13456 13662 13868 14074 14073 14072 14278 14277 14276 14482 14688 14894 15100 15306 15512 15718 15924 16130 16336 16542 16748 16954 17160 17366 17572 17778 17984 18190 18396 18602 18808 18809 18810 19016 19017 19018 19224 19225 19226 19227 19228 19434 19640 19846 19847 20053 20054 20260 20466 20467 20673 20674 20880 21086 21087 21293 21294 21500 21706 21707 21913 22119 22325 22531 22737 22943 23149 23355 23561 23767 23973 24179 24385 24591 24797 25003 25209 25415 25621 25827 25826 26032 26238 26237 26443 26649 26648 26854 27060 27059 27265 27471 27677 27883 28089 28295 28501 28500 28706 28912 29118 29117 29323 29529 29735 29941 29940 30146 30352 30558 30764 30970 31176 31382 31588 31794 
Label: 7327
[107,187209,]
11812 12018 12224 12430 12636 12842 13048 13254 13460 13666 13872 14078 14284 14490 14696 14902 14903 15109 15315 15316 15522 15523 15729 15935 15936 16142 16348 16554 16760 16966 17172 17378 17584 17790 17996 18202 18408 18614 18820 19026 19232 19438 19644 19850 20056 20262 20468 20674 20880 21086 21087 21293 21499 21705 21911 22117 22323 22529 22735 22941 23147 23353 23559 23765 23971 24177 24383 24589 24795 25001 25207 25413 25619 25825 26031 26237 26443 26649 26648 26854 27060 27059 27265 27471 27677 27883 28089 28295 28501 28500 28706 28912 29118 29117 29323 29529 29735 29941 29940 30146 30352 30558 30764 30970 31176 31382 31588 31794 
Label: 5763
[105,250021,]
11812 12018 12224 12430 12636 12842 13048 13254 13460 13666 13872 14078 14284 14490 14696 14902 14903 15109 15315 15316 15522 15523 15729 15935 15936 16142 16348 16554 16760 16966 17172 17378 17584 17790 17996 18202 18408 18614 18820 19026 19232 19438 19644 19850 20056 20262 20468 20674 20880 21086 21292 21498 21704 21910 22116 22322 22528 22734 22940 23146 23352 23558 23764 23970 24176 24382 24588 24794 25000 25206 25412 25618 25824 26030 26236 26442 26648 26854 27060 27059 27265 27471 27677 27883 28089 28295 28501 28500 28706 28912 29118 29117 29323 29529 29735 29941 29940 30146 30352 30558 30764 30970 31176 31382 31588 31794 
Label: 4095
[103,383121,]
11812 12018 12224 12430 12636 12842 13048 13254 13460 13666 13872 14078 14284 14490 14696 14902 14903 15109 15315 15316 15522 15523 15729 15935 16141 16347 16553 16759 16965 17171 17377 17583 17789 17995 18201 18407 18613 18819 19025 19231 19437 19643 19849 20055 20261 20467 20673 20879 21085 21291 21497 21703 21909 22115 22321 22527 22733 22939 23145 23351 23557 23763 23969 24175 24381 24587 24793 24999 25205 25411 25617 25823 26029 26235 26441 26647 26853 27059 27265 27471 27677 27883 28089 28295 28501 28500 28706 28912 29118 29117 29323 29529 29735 29941 29940 30146 30352 30558 30764 30970 31176 31382 31588 31794 
Label: 16619
[119,140914,]
11812 12018 12017 12223 12222 12428 12634 12840 13046 13252 13458 13664 13870 14076 14282 14488 14489 14695 14696 14902 14903 15109 15315 15316 15522 15523 15729 15935 15936 16142 16348 16554 16760 16966 17172 17378 17584 17790 17996 18202 18408 18614 18820 18819 19025 19231 19437 19643 19849 20055 20261 20467 20673 20674 20880 21086 21087 21293 21294 21500 21706 21707 21913 22119 22120 22326 22532 22738 22944 23150 23356 23562 23768 23974 24180 24386 24592 24798 24797 25003 25209 25415 25621 25827 25826 26032 26238 26237 26443 26649 26648 26854 27060 27059 27265 27471 27677 27883 28089 28295 28501 28500 28706 28912 29118 29117 29323 29529 29735 29941 29940 30146 30352 30558 30764 30970 31176 31382 31588 31794 
Label: 2579
[101,657759,]
11812 12018 12224 12430 12636 12842 13048 13254 13460 13666 13872 14078 14284 14490 14696 14902 14903 15109 15315 15316 15522 15728 15934 16140 16346 16552 16758 16964 17170 17376 17582 17788 17994 18200 18406 18612 18818 19024 19230 19436 19642 19848 20054 20260 20466 20672 20878 21084 21290 21496 21702 21908 22114 22320 22526 22732 22938 23144 23350 23556 23762 23968 24174 24380 24586 24792 24998 25204 25410 25616 25822 26028 26234 26440 26646 26852 27058 27264 27470 27676 27882 28088 28294 28500 28706 28912 29118 29117 29323 29529 29735 29941 29940 30146 30352 30558 30764 30970 31176 31382 31588 31794 
Label: 49211
[163,66447,]
11812 12018 12017 12223 12222 12428 12427 12633 12839 13045 13044 13250 13456 13662 13868 14074 14073 14072 14071 14070 14069 14068 14067 14066 14065 14064 14063 14062 14061 14060 14059 14058 14057 14263 14262 14261 14467 14466 14672 14671 14877 15083 15289 15495 15701 15907 16113 16319 16525 16731 16937 17143 17349 17555 17761 17762 17968 18174 18175 18381 18382 18588 18589 18590 18591 18592 18593 18594 18595 18596 18597 18598 18599 18600 18601 18602 18808 18809 18810 19016 19017 19018 19224 19225 19226 19227 19228 19434 19640 19846 19847 20053 20054 20260 20466 20467 20673 20674 20880 21086 21087 21293 21294 21500 21706 21707 21913 22119 22120 22326 22532 22738 22944 23150 23356 23562 23768 23974 24180 24386 24592 24798 24797 25003 25209 25415 25621 25827 25826 26032 26238 26237 26443 26649 26648 26854 27060 27059 27265 27471 27677 27883 28089 28295 28501 28500 28706 28912 29118 29117 29323 29529 29735 29941 29940 30146 30352 30558 30764 30970 31176 31382 31588 31794 
Label: 50103
[169,65988,]
11812 12018 12017 12223 12222 12428 12427 12633 12839 13045 13044 13250 13456 13662 13868 14074 14073 14072 14071 14070 14069 14068 14067 14066 14065 14064 14063 14062 14061 14060 14059 14058 14057 14263 14262 14261 14467 14466 14672 14671 14877 14876 15082 15288 15287 15493 15699 15698 15904 16110 16316 16522 16728 16729 16935 17141 17142 17348 17554 17555 17761 17762 17968 18174 18175 18381 18382 18588 18589 18590 18591 18592 18593 18594 18595 18596 18597 18598 18599 18600 18601 18602 18808 18809 18810 19016 19017 19018 19224 19225 19226 19227 19228 19434 19640 19846 19847 20053 20054 20260 20466 20467 20673 20674 20880 21086 21087 21293 21294 21500 21706 21707 21913 22119 22120 22326 22532 22738 22944 23150 23356 23562 23768 23974 24180 24386 24592 24798 24797 25003 25209 25415 25621 25827 25826 26032 26238 26237 26443 26649 26648 26854 27060 27059 27265 27471 27677 27883 28089 28295 28501 28500 28706 28912 29118 29117 29323 29529 29735 29941 29940 30146 30352 30558 30764 30970 31176 31382 31588 31794 
Label: 49851
[167,65996,]
11812 12018 12017 12223 12222 12428 12427 12633 12839 13045 13044 13250 13456 13662 13868 14074 14073 14072 14071 14070 14069 14068 14067 14066 14065 14064 14063 14062 14061 14060 14059 14058 14057 14263 14262 14261 14467 14466 14672 14671 14877 14876 15082 15288 15287 15493 15699 15905 16111 16317 16523 16729 16935 17141 17142 17348 17554 17555 17761 17762 17968 18174 18175 18381 18382 18588 18589 18590 18591 18592 18593 18594 18595 18596 18597 18598 18599 18600 18601 18602 18808 18809 18810 19016 19017 19018 19224 19225 19226 19227 19228 19434 19640 19846 19847 20053 20054 20260 20466 20467 20673 20674 20880 21086 21087 21293 21294 21500 21706 21707 21913 22119 22120 22326 22532 22738 22944 23150 23356 23562 23768 23974 24180 24386 24592 24798 24797 25003 25209 25415 25621 25827 25826 26032 26238 26237 26443 26649 26648 26854 27060 27059 27265 27471 27677 27883 28089 28295 28501 28500 28706 28912 29118 29117 29323 29529 29735 29941 29940 30146 30352 30558 30764 30970 31176 31382 31588 31794 
Label: 47771
[159,71973,]
11812 12018 12017 12223 12222 12428 12427 12633 12839 13045 13044 13250 13456 13662 13868 14074 14073 14072 14071 14070 14069 14068 14067 14066 14065 14064 14063 14062 14061 14060 14059 14058 14057 14263 14262 14261 14467 14466 14672 14878 15084 15290 15496 15702 15908 16114 16320 16526 16732 16938 17144 17350 17556 17762 17968 18174 18175 18381 18382 18588 18589 18590 18591 18592 18593 18594 18595 18596 18597 18598 18599 18600 18601 18602 18808 18809 18810 19016 19017 19018 19224 19225 19226 19227 19228 19434 19640 19846 19847 20053 20054 20260 20466 20467 20673 20674 20880 21086 21087 21293 21294 21500 21706 21707 21913 22119 22325 22531 22737 22943 23149 23355 23561 23767 23973 24179 24385 24591 24797 25003 25209 25415 25621 25827 25826 26032 26238 26237 26443 26649 26648 26854 27060 27059 27265 27471 27677 27883 28089 28295 28501 28500 28706 28912 29118 29117 29323 29529 29735 29941 29940 30146 30352 30558 30764 30970 31176 31382 31588 31794 
Label: 20055
[125,140850,]
11812 12018 12017 12223 12222 12428 12427 12633 12839 13045 13044 13250 13456 13662 13868 14074 14280 14281 14487 14488 14489 14695 14696 14902 14903 15109 15315 15316 15522 15523 15729 15935 15936 16142 16348 16554 16760 16966 17172 17378 17584 17790 17996 18202 18408 18614 18820 18819 18818 19024 19230 19436 19642 19848 20054 20260 20466 20467 20673 20674 20880 21086 21087 21293 21294 21500 21706 21707 21913 22119 22120 22326 22532 22738 22944 23150 23356 23562 23768 23974 24180 24386 24592 24798 24797 25003 25209 25415 25621 25827 25826 26032 26238 26237 26443 26649 26648 26854 27060 27059 27265 27471 27677 27883 28089 28295 28501 28500 28706 28912 29118 29117 29323 29529 29735 29941 29940 30146 30352 30558 30764 30970 31176 31382 31588 31794 
Label: 46415
[157,77347,]
11812 12018 12017 12223 12222 12428 12427 12633 12839 13045 13044 13250 13456 13662 13868 14074 14073 14072 14071 14070 14069 14068 14067 14066 14065 14064 14063 14062 14061 14060 14059 14058 14057 14263 14262 14261 14467 14673 14879 15085 15291 15497 15703 15909 16115 16321 16527 16733 16939 17145 17351 17557 17763 17969 18175 18381 18382 18588 18589 18590 18591 18592 18593 18594 18595 18596 18597 18598 18599 18600 18601 18602 18808 18809 18810 19016 19017 19018 19224 19225 19226 19227 19228 19434 19640 19846 19847 20053 20054 20260 20466 20467 20673 20674 20880 21086 21087 21293 21294 21500 21706 21707 21913 22119 22325 22531 22737 22943 23149 23355 23561 23767 23973 24179 24385 24591 24797 25003 25209 25415 25621 25827 25826 26032 26238 26237 26443 26649 26648 26854 27060 27059 27265 27471 27677 27883 28089 28295 28501 28500 28706 28912 29118 29117 29323 29529 29735 29941 29940 30146 30352 30558 30764 30970 31176 31382 31588 31794 
Label: 44611
[155,89575,]
11812 12018 12017 12223 12222 12428 12427 12633 12839 13045 13044 13250 13456 13662 13868 14074 14073 14072 14071 14070 14069 14068 14067 14066 14065 14064 14063 14062 14061 14060 14059 14058 14057 14263 14262 14261 14467 14673 14879 15085 15291 15497 15703 15909 16115 16321 16527 16733 16939 17145 17351 17557 17763 17969 18175 18381 18382 18588 18589 18590 18591 18592 18593 18594 18595 18596 18597 18598 18599 18600 18601 18602 18808 18809 18810 19016 19017 19018 19224 19225 19226 19227 19228 19434 19640 19846 19847 20053 20054 20260 20466 20467 20673 20674 20880 21086 21087 21293 21294 21500 21706 21912 22118 22324 22530 22736 22942 23148 23354 23560 23766 23972 24178 24384 24590 24796 25002 25208 25414 25620 25826 26032 26238 26237 26443 26649 26648 26854 27060 27059 27265 27471 27677 27883 28089 28295 28501 28500 28706 28912 29118 29117 29323 29529 29735 29941 29940 30146 30352 30558 30764 30970 31176 31382 31588 31794 
Label: 42295
[153,104424,]
11812 12018 12017 12223 12222 12428 12427 12633 12839 13045 13044 13250 13456 13662 13868 14074 14073 14072 14071 14070 14069 14068 14067 14066 14065 14064 14063 14062 14061 14060 14059 14058 14057 14263 14262 14468 14674 14880 15086 15292 15498 15704 15910 16116 16322 16528 16734 16940 17146 17352 17558 17764 17970 18176 18382 18588 18589 18590 18591 18592 18593 18594 18595 18596 18597 18598 18599 18600 18601 18602 18808 18809 18810 19016 19017 19018 19224 19225 19226 19227 19228 19434 19640 19846 19847 20053 20054 20260 20466 20467 20673 20674 20880 21086 21087 21293 21294 21500 21706 21912 22118 22324 22530 22736 22942 23148 23354 23560 23766 23972 24178 24384 24590 24796 25002 25208 25414 25620 25826 26032 26238 26237 26443 26649 26648 26854 27060 27059 27265 27471 27677 27883 28089 28295 28501 28500 28706 28912 29118 29117 29323 29529 29735 29941 29940 30146 30352 30558 30764 30970 31176 31382 31588 31794 
Label: 48659
[161,68059,]
11812 12018 12017 12223 12222 12428 12427 12633 12839 13045 13044 13250 13456 13662 13868 14074 14073 14072 14071 14070 14069 14068 14067 14066 14065 14064 14063 14062 14061 14060 14059 14058 14057 14263 14262 14261 14467 14466 14672 14878 15084 15290 15496 15702 15908 16114 16320 16526 16732 16938 17144 17350 17556 17762 17968 18174 18175 18381 18382 18588 18589 18590 18591 18592 18593 18594 18595 18596 18597 18598 18599 18600 18601 18602 18808 18809 18810 19016 19017 19018 19224 19225 19226 19227 19228 19434 19640 19846 19847 20053 20054 20260 20466 20467 20673 20674 20880 21086 21087 21293 21294 21500 21706 21707 21913 22119 22120 22326 22532 22738 22944 23150 23356 23562 23768 23974 24180 24386 24592 24798 24797 25003 25209 25415 25621 25827 25826 26032 26238 26237 26443 26649 26648 26854 27060 27059 27265 27471 27677 27883 28089 28295 28501 28500 28706 28912 29118 29117 29323 29529 29735 29941 29940 30146 30352 30558 30764 30970 31176 31382 31588 31794 
Label: 21747
[129,119961,]
11812 12018 12017 12223 12222 12428 12427 12633 12839 13045 13044 13250 13456 13662 13868 14074 14073 14072 14278 14277 14276 14275 14481 14687 14893 15099 15305 15511 15717 15923 16129 16335 16541 16747 16953 17159 17365 17571 17777 17983 18189 18395 18601 18602 18808 18809 18810 19016 19017 19018 19224 19225 19226 19227 19228 19434 19640 19846 19847 20053 20054 20260 20466 20467 20673 20674 20880 21086 21087 21293 21294 21500 21706 21707 21913 22119 22325 22531 22737 22943 23149 23355 23561 23767 23973 24179 24385 24591 24797 25003 25209 25415 25621 25827 25826 26032 26238 26237 26443 26649 26648 26854 27060 27059 27265 27471 27677 27883 28089 28295 28501 28500 28706 28912 29118 29117 29323 29529 29735 29941 29940 30146 30352 30558 30764 30970 31176 31382 31588 31794 
Label: 18919
[123,140858,]
11812 12018 12017 12223 12222 12428 12427 12633 12839 13045 13251 13457 13663 13869 14075 14281 14487 14488 14489 14695 14696 14902 14903 15109 15315 15316 15522 15523 15729 15935 15936 16142 16348 16554 16760 16966 17172 17378 17584 17790 17996 18202 18408 18614 18820 18819 18818 19024 19230 19436 19642 19848 20054 20260 20466 20467 20673 20674 20880 21086 21087 21293 21294 21500 21706 21707 21913 22119 22120 22326 22532 22738 22944 23150 23356 23562 23768 23974 24180 24386 24592 24798 24797 25003 25209 25415 25621 25827 25826 26032 26238 26237 26443 26649 26648 26854 27060 27059 27265 27471 27677 27883 28089 28295 28501 28500 28706 28912 29118 29117 29323 29529 29735 29941 29940 30146 30352 30558 30764 30970 31176 31382 31588 31794 
Label: 14075
[115,141172,]
11812 12018 12017 12223 12429 12635 12841 13047 13253 13459 13665 13871 14077 14283 14489 14695 14696 14902 14903 15109 15315 15316 15522 15523 15729 15935 15936 16142 16348 16554 16760 16966 17172 17378 17584 17790 17996 18202 18408 18614 18820 19026 19232 19438 19644 19850 20056 20262 20468 20674 20880 21086 21087 21293 21294 21500 21706 21707 21913 22119 22120 22326 22532 22738 22944 23150 23356 23562 23768 23974 24180 24386 24592 24798 24797 25003 25209 25415 25621 25827 25826 26032 26238 26237 26443 26649 26648 26854 27060 27059 27265 27471 27677 27883 28089 28295 28501 28500 28706 28912 29118 29117 29323 29529 29735 29941 29940 30146 30352 30558 30764 30970 31176 31382 31588 31794 
Label: 49571
[165,66063,]
11812 12018 12017 12223 12222 12428 12427 12633 12839 13045 13044 13250 13456 13662 13868 14074 14073 14072 14071 14070 14069 14068 14067 14066 14065 14064 14063 14062 14061 14060 14059 14058 14057 14263 14262 14261 14467 14466 14672 14671 14877 14876 15082 15288 15494 15700 15906 16112 16318 16524 16730 16936 17142 17348 17554 17555 17761 17762 17968 18174 18175 18381 18382 18588 18589 18590 18591 18592 18593 18594 18595 18596 18597 18598 18599 18600 18601 18602 18808 18809 18810 19016 19017 19018 19224 19225 19226 19227 19228 19434 19640 19846 19847 20053 20054 20260 20466 20467 20673 20674 20880 21086 21087 21293 21294 21500 21706 21707 21913 22119 22120 22326 22532 22738 22944 23150 23356 23562 23768 23974 24180 24386 24592 24798 24797 25003 25209 25415 25621 25827 25826 26032 26238 26237 26443 26649 26648 26854 27060 27059 27265 27471 27677 27883 28089 28295 28501 28500 28706 28912 29118 29117 29323 29529 29735 29941 29940 30146 30352 30558 30764 30970 31176 31382 31588 31794 
Label: 387
[97,1658790,]
11812 12018 12224 12430 12636 12842 13048 13254 13460 13666 13872 14078 14284 14490 14696 14902 15108 15314 15520 15726 15932 16138 16344 16550 16756 16962 17168 17374 17580 17786 17992 18198 18404 18610 18816 19022 19228 19434 19640 19846 20052 20258 20464 20670 20876 21082 21288 21494 21700 21906 22112 22318 22524 22730 22936 23142 23348 23554 23760 23966 24172 24378 24584 24790 24996 25202 25408 25614 25820 26026 26232 26438 26644 26850 27056 27262 27468 27674 27880 28086 28292 28498 28704 28910 29116 29322 29528 29734 29940 30146 30352 30558 30764 30970 31176 31382 31588 31794 
