graph_load_time: 0.972989
n_generated: 148229
n_expanded: 75376
n_domCheck: 559997
rt_initHeu: 0.895855
rt_search: 5.62845
N: 45
Label: 262280
[304,177498,]
32437 32438 32439 32440 32441 32641 32841 33041 33241 33441 33641 33841 34041 34241 34441 34641 34841 34842 34843 34844 34845 34846 34847 34848 34849 34850 34851 34852 34853 34653 34453 34454 34455 34255 34256 34056 34057 34058 33858 33859 33659 33660 33661 33461 33462 33262 33263 33264 33064 33065 32865 32866 32867 32667 32668 32669 32670 32671 32672 32673 32674 32675 32676 32677 32678 32679 32680 32681 32682 32683 32684 32685 32686 32687 32688 32689 32690 32490 32491 32291 32292 32293 32294 32295 32296 32096 32097 32098 32099 32100 31900 31901 31902 31903 31904 31905 31906 31706 31707 31708 31709 31509 31510 31511 31512 31513 31514 31515 31516 31517 31518 31519 31520 31521 31522 31322 31323 31324 31124 31125 31126 30926 30927 30928 30929 30729 30730 30530 30330 30331 30131 29931 29731 29531 29331 29131 28931 28731 28531 28331 28131 27931 27731 27531 27331 27131 26931 26731 26531 26331 26131 25931 25731 25531 25331 25131 24931 24731 24730 24729 24728 24727 24726 24725 24724 24723 24523 24522 24521 24321 24320 24120 24119 24118 23918 23718 23518 23318 23118 22918 22718 22518 22318 22118 21918 21718 21518 21318 21118 20918 20718 20518 20318 20118 19918 19919 19719 19720 19721 19521 19522 19523 19323 19324 19325 19326 19126 19127 18927 18727 18527 18528 18328 18128 18129 17929 17729 17730 17530 17330 17331 17131 17132 16932 16732 16733 16533 16534 16334 16335 16336 16337 16338 16339 16340 16341 16342 16343 16344 16345 16346 16347 16348 16148 16149 15949 15950 15750 15550 15551 15351 15151 15152 14952 14752 14552 14352 14152 13952 13752 13552 13352 13152 12952 12752 12552 12352 12152 11952 11752 11552 11352 11152 10952 10752 10751 10551 10550 10350 10150 9950 9750 9550 9350 9150 8950 8750 8550 8350 8150 8151 8152 7952 7953 7954 7754 7755 7756 7556 7356 7156 6956 6756 6556 6356 
Label: 292016
[318,174392,]
32437 32438 32439 32440 32441 32641 32841 33041 33241 33441 33641 33841 34041 34241 34441 34641 34841 35041 35042 35043 35044 35045 35046 35047 35048 35049 35050 35051 35052 34852 34853 34653 34453 34454 34455 34255 34256 34056 34057 34058 33858 33859 33659 33660 33661 33461 33462 33262 33263 33264 33064 33065 32865 32866 32867 32667 32668 32669 32670 32671 32672 32673 32674 32675 32676 32677 32678 32679 32680 32681 32682 32683 32684 32685 32686 32687 32688 32689 32690 32490 32491 32291 32292 32293 32294 32295 32296 32096 32097 32098 32099 32100 31900 31901 31902 31903 31904 31905 31906 31706 31707 31708 31709 31509 31510 31511 31512 31513 31514 31515 31516 31517 31518 31519 31520 31521 31522 31322 31323 31324 31124 31125 31126 30926 30927 30928 30929 30729 30730 30530 30330 30331 30131 29931 29932 29732 29532 29533 29333 29133 28933 28733 28533 28333 28133 27933 27733 27533 27333 27133 26933 26733 26533 26333 26133 25933 25733 25533 25333 25133 24933 24733 24732 24731 24730 24729 24728 24727 24726 24725 24724 24723 24523 24522 24521 24321 24320 24120 24119 24118 23918 23718 23518 23517 23317 23117 22917 22717 22517 22317 22117 21917 21717 21517 21317 21117 20917 20717 20517 20317 20117 20118 19918 19919 19719 19720 19721 19521 19522 19523 19323 19324 19325 19326 19126 19127 18927 18727 18527 18528 18328 18128 18129 17929 17729 17730 17530 17330 17331 17131 17132 16932 16732 16733 16533 16534 16334 16335 16336 16337 16338 16339 16340 16341 16342 16343 16344 16345 16346 16347 16348 16148 16149 15949 15950 15750 15550 15551 15351 15151 15152 14952 14953 14753 14553 14554 14354 14154 13954 13754 13554 13354 13154 12954 12754 12554 12354 12154 11954 11754 11554 11354 11353 11153 11152 10952 10752 10751 10551 10550 10350 10150 10149 9949 9749 9549 9349 9149 8949 8749 8549 8349 8149 8150 8151 8152 7952 7953 7954 7754 7755 7756 7556 7356 7156 6956 6756 6556 6356 
Label: 244996
[298,181746,]
32437 32438 32439 32440 32441 32641 32841 33041 33241 33441 33641 33841 34041 34241 34441 34641 34642 34643 34644 34645 34646 34647 34648 34649 34650 34651 34652 34653 34453 34454 34455 34255 34256 34056 34057 34058 33858 33859 33659 33660 33661 33461 33462 33262 33263 33264 33064 33065 32865 32866 32867 32667 32668 32669 32670 32671 32672 32673 32674 32675 32676 32677 32678 32679 32680 32681 32682 32683 32684 32685 32686 32687 32688 32689 32690 32490 32491 32291 32292 32293 32294 32295 32296 32096 32097 32098 32099 32100 31900 31901 31902 31903 31904 31905 31906 31706 31707 31708 31709 31509 31510 31511 31512 31513 31514 31515 31516 31517 31518 31519 31520 31521 31522 31322 31323 31324 31124 31125 31126 30926 30927 30928 30929 30729 30730 30530 30330 30331 30131 29931 29731 29531 29331 29131 28931 28731 28531 28331 28131 27931 27731 27531 27331 27131 26931 26731 26531 26331 26131 25931 25731 25531 25331 25131 24931 24731 24730 24729 24728 24727 24726 24725 24724 24723 24523 24522 24521 24321 24320 24120 24119 24118 23918 23718 23518 23318 23118 22918 22718 22518 22318 22118 21918 21718 21518 21318 21118 20918 20718 20518 20318 20118 19918 19919 19719 19720 19721 19521 19522 19523 19323 19324 19325 19326 19126 19127 18927 18727 18527 18528 18328 18128 18129 17929 17729 17730 17530 17330 17331 17131 17132 16932 16732 16733 16533 16534 16334 16335 16336 16337 16338 16339 16340 16341 16342 16343 16344 16345 16346 16347 16348 16148 16149 15949 15950 15750 15550 15551 15351 15151 14951 14751 14551 14351 14151 13951 13751 13551 13351 13151 12951 12751 12551 12351 12151 11951 11751 11551 11351 11151 10951 10751 10551 10351 10151 9951 9751 9551 9351 9151 8951 8751 8551 8351 8151 8152 7952 7953 7954 7754 7755 7756 7556 7356 7156 6956 6756 6556 6356 
Label: 212192
[286,184075,]
32437 32438 32439 32440 32441 32641 32841 33041 33241 33441 33641 33841 34041 34241 34441 34641 34841 35041 35042 35043 35044 35045 35046 35047 35048 35049 35050 35051 35052 34852 34853 34653 34453 34454 34455 34255 34256 34056 34057 34058 33858 33859 33659 33660 33661 33461 33462 33262 33263 33264 33064 33065 32865 32866 32867 32667 32668 32669 32670 32671 32672 32673 32674 32675 32676 32677 32678 32679 32680 32681 32682 32683 32684 32685 32686 32687 32688 32689 32690 32490 32491 32291 32292 32293 32294 32295 32296 32096 32097 32098 32099 32100 31900 31901 31902 31903 31904 31905 31906 31706 31707 31708 31508 31308 31108 30908 30708 30508 30308 30108 29908 29708 29508 29308 29108 28908 28708 28508 28509 28309 28310 28110 28111 27911 27912 27712 27512 27513 27313 27113 26913 26914 26714 26514 26314 26315 26115 25915 25916 25716 25516 25316 25116 24916 24716 24516 24316 24116 23916 23716 23516 23316 23116 22916 22716 22516 22316 22116 21916 21716 21516 21316 21116 20916 20716 20516 20316 20317 20117 20118 19918 19919 19719 19720 19721 19521 19522 19523 19323 19324 19325 19326 19126 19127 18927 18727 18527 18528 18328 18128 18129 17929 17729 17730 17530 17330 17331 17131 17132 16932 16732 16733 16533 16534 16334 16335 16336 16337 16338 16339 16340 16341 16342 16343 16344 16345 16346 16347 16348 16148 16149 15949 15950 15750 15550 15551 15351 15151 15152 14952 14953 14753 14553 14554 14354 14154 13954 13754 13554 13354 13154 12954 12754 12554 12354 12154 11954 11754 11554 11354 11353 11153 11152 10952 10752 10751 10551 10550 10350 10150 10149 9949 9749 9549 9349 9149 8949 8749 8549 8349 8149 8150 8151 8152 7952 7953 7954 7754 7755 7756 7556 7356 7156 6956 6756 6556 6356 
Label: 173488
[278,185151,]
32437 32438 32439 32440 32441 32641 32841 33041 33241 33441 33641 33841 34041 34241 34441 34641 34841 34842 34843 34844 34845 34846 34847 34848 34849 34850 34851 34852 34853 34653 34453 34454 34455 34255 34256 34056 34057 34058 33858 33859 33659 33660 33661 33461 33462 33262 33263 33264 33064 33065 32865 32866 32867 32667 32668 32669 32670 32671 32672 32673 32674 32675 32676 32677 32678 32679 32680 32681 32682 32683 32684 32685 32686 32687 32688 32689 32690 32490 32491 32291 32292 32293 32294 32295 32296 32096 32097 32098 32099 32100 31900 31901 31902 31903 31904 31905 31906 31706 31707 31708 31508 31308 31108 30908 30708 30508 30308 30108 29908 29708 29508 29308 29108 28908 28708 28508 28509 28309 28310 28110 28111 27911 27912 27712 27512 27513 27313 27113 26913 26914 26714 26514 26314 26315 26115 25915 25916 25716 25516 25316 25116 24916 24716 24516 24316 24116 23916 23716 23516 23316 23116 22916 22716 22516 22316 22116 21916 21716 21516 21316 21116 20916 20716 20516 20316 20317 20117 20118 19918 19919 19719 19720 19721 19521 19522 19523 19323 19324 19325 19326 19126 19127 18927 18727 18527 18528 18328 18128 18129 17929 17729 17730 17530 17330 17331 17131 17132 16932 16732 16733 16533 16534 16334 16335 16336 16337 16338 16339 16340 16341 16342 16343 16344 16345 16346 16347 16348 16148 16149 15949 15950 15750 15550 15551 15351 15151 15152 14952 14752 14552 14352 14152 13952 13752 13552 13352 13152 12952 12752 12552 12352 12152 11952 11752 11552 11352 11152 10952 10752 10751 10551 10550 10350 10150 9950 9750 9550 9350 9150 8950 8750 8550 8350 8150 8151 8152 7952 7953 7954 7754 7755 7756 7556 7356 7156 6956 6756 6556 6356 
Label: 233100
[294,183921,]
32437 32438 32439 32440 32441 32641 32841 33041 33241 33441 33641 33841 34041 34241 34441 34641 34841 35041 35241 35242 35243 35244 35245 35246 35247 35248 35249 35250 35251 35051 35052 34852 34853 34653 34453 34454 34455 34255 34256 34056 34057 34058 33858 33859 33659 33660 33661 33461 33462 33262 33263 33264 33064 33065 32865 32866 32867 32667 32668 32669 32670 32671 32672 32673 32674 32675 32676 32677 32678 32679 32680 32681 32682 32683 32684 32685 32686 32687 32688 32689 32690 32490 32491 32291 32292 32293 32294 32295 32296 32096 32097 32098 32099 32100 31900 31901 31902 31903 31904 31905 31906 31706 31707 31708 31508 31308 31108 30908 30708 30508 30308 30108 29908 29708 29508 29308 29108 28908 28708 28508 28509 28309 28310 28110 28111 27911 27912 27712 27512 27513 27313 27113 26913 26914 26714 26514 26314 26315 26115 25915 25916 25716 25717 25517 25317 25117 24917 24717 24517 24317 24117 23917 23717 23517 23317 23117 22917 22717 22716 22516 22316 22116 21916 21716 21516 21316 21116 20916 20716 20516 20316 20317 20117 20118 19918 19919 19719 19720 19721 19521 19522 19523 19323 19324 19325 19326 19126 19127 18927 18727 18527 18528 18328 18128 18129 17929 17729 17730 17530 17330 17331 17131 17132 16932 16732 16733 16533 16534 16334 16335 16336 16337 16338 16339 16340 16341 16342 16343 16344 16345 16346 16347 16348 16148 16149 15949 15950 15750 15550 15551 15351 15151 15152 14952 14953 14753 14553 14554 14354 14355 14155 13955 13755 13555 13355 13155 12955 12755 12555 12355 12155 11955 11755 11555 11554 11354 11353 11153 11152 10952 10752 10751 10551 10550 10350 10150 10149 9949 9749 9748 9548 9348 9148 8948 8748 8548 8348 8349 8149 8150 8151 8152 7952 7953 7954 7754 7755 7756 7556 7356 7156 6956 6756 6556 6356 
Label: 144836
[274,187552,]
32437 32438 32439 32440 32441 32641 32841 33041 33241 33441 33641 33841 34041 34241 34441 34641 34642 34643 34644 34645 34646 34647 34648 34649 34650 34651 34652 34653 34453 34454 34455 34255 34256 34056 34057 34058 33858 33859 33659 33660 33661 33461 33462 33262 33263 33264 33064 33065 32865 32866 32867 32667 32668 32669 32670 32671 32672 32673 32674 32675 32676 32677 32678 32679 32680 32681 32682 32683 32684 32685 32686 32687 32688 32689 32690 32490 32491 32291 32292 32293 32294 32295 32296 32096 32097 32098 32099 32100 31900 31901 31902 31903 31904 31905 31906 31706 31707 31708 31508 31308 31108 30908 30708 30508 30308 30108 29908 29708 29508 29308 29108 28908 28708 28508 28509 28309 28310 28110 28111 27911 27912 27712 27512 27513 27313 27113 26913 26914 26714 26514 26314 26315 26115 25915 25916 25716 25516 25316 25116 24916 24716 24516 24316 24116 23916 23716 23516 23316 23116 22916 22716 22516 22316 22116 21916 21716 21516 21316 21116 20916 20716 20516 20316 20317 20117 20118 19918 19919 19719 19720 19721 19521 19522 19523 19323 19324 19325 19326 19126 19127 18927 18727 18527 18528 18328 18128 18129 17929 17729 17730 17530 17330 17331 17131 17132 16932 16732 16733 16533 16534 16334 16335 16336 16337 16338 16339 16340 16341 16342 16343 16344 16345 16346 16347 16348 16148 16149 15949 15950 15750 15550 15551 15351 15151 15152 14952 14752 14552 14352 14152 13952 13752 13552 13352 13152 12952 12752 12552 12352 12152 11952 11752 11552 11352 11152 10952 10752 10751 10551 10351 10151 9951 9751 9551 9351 9151 8951 8751 8551 8351 8151 8152 7952 7953 7954 7754 7755 7756 7556 7356 7156 6956 6756 6556 6356 
Label: 218040
[288,184004,]
32437 32438 32439 32440 32441 32641 32841 33041 33241 33441 33641 33841 34041 34241 34441 34641 34841 35041 35042 35043 35044 35045 35046 35047 35048 35049 35050 35051 35052 34852 34853 34653 34453 34454 34455 34255 34256 34056 34057 34058 33858 33859 33659 33660 33661 33461 33462 33262 33263 33264 33064 33065 32865 32866 32867 32667 32668 32669 32670 32671 32672 32673 32674 32675 32676 32677 32678 32679 32680 32681 32682 32683 32684 32685 32686 32687 32688 32689 32690 32490 32491 32291 32292 32293 32294 32295 32296 32096 32097 32098 32099 32100 31900 31901 31902 31903 31904 31905 31906 31706 31707 31708 31508 31308 31108 30908 30708 30508 30308 30108 29908 29708 29508 29308 29108 28908 28708 28508 28509 28309 28310 28110 28111 27911 27912 27712 27512 27513 27313 27113 26913 26914 26714 26514 26314 26315 26115 25915 25916 25716 25717 25517 25317 25117 24917 24717 24517 24317 24117 23917 23717 23517 23317 23117 22917 22717 22716 22516 22316 22116 21916 21716 21516 21316 21116 20916 20716 20516 20316 20317 20117 20118 19918 19919 19719 19720 19721 19521 19522 19523 19323 19324 19325 19326 19126 19127 18927 18727 18527 18528 18328 18128 18129 17929 17729 17730 17530 17330 17331 17131 17132 16932 16732 16733 16533 16534 16334 16335 16336 16337 16338 16339 16340 16341 16342 16343 16344 16345 16346 16347 16348 16148 16149 15949 15950 15750 15550 15551 15351 15151 15152 14952 14953 14753 14553 14554 14354 14154 13954 13754 13554 13354 13154 12954 12754 12554 12354 12154 11954 11754 11554 11354 11353 11153 11152 10952 10752 10751 10551 10550 10350 10150 10149 9949 9749 9549 9349 9149 8949 8749 8549 8349 8149 8150 8151 8152 7952 7953 7954 7754 7755 7756 7556 7356 7156 6956 6756 6556 6356 
Label: 239128
[296,183781,]
32437 32438 32439 32440 32441 32641 32841 33041 33241 33441 33641 33841 34041 34241 34441 34641 34642 34643 34644 34645 34646 34647 34648 34649 34650 34651 34652 34653 34453 34454 34455 34255 34256 34056 34057 34058 33858 33859 33659 33660 33661 33461 33462 33262 33263 33264 33064 33065 32865 32866 32867 32667 32668 32669 32670 32671 32672 32673 32674 32675 32676 32677 32678 32679 32680 32681 32682 32683 32684 32685 32686 32687 32688 32689 32690 32490 32491 32291 32292 32293 32294 32295 32296 32096 32097 32098 32099 32100 31900 31901 31902 31903 31904 31905 31906 31706 31707 31708 31709 31509 31510 31511 31512 31513 31514 31515 31516 31517 31518 31519 31520 31521 31522 31322 31323 31324 31124 31125 31126 30926 30927 30928 30929 30729 30730 30530 30330 30331 30131 29931 29731 29531 29331 29131 28931 28731 28531 28331 28131 27931 27731 27531 27331 27131 26931 26731 26531 26331 26131 25931 25731 25531 25331 25131 24931 24731 24730 24729 24728 24727 24726 24725 24724 24723 24523 24522 24521 24321 24320 24120 24119 23919 23719 23519 23319 23119 22919 22719 22519 22319 22119 21919 21719 21519 21319 21119 20919 20719 20519 20319 20119 19919 19719 19720 19721 19521 19522 19523 19323 19324 19325 19326 19126 19127 18927 18727 18527 18528 18328 18128 18129 17929 17729 17730 17530 17330 17331 17131 17132 16932 16732 16733 16533 16534 16334 16335 16336 16337 16338 16339 16340 16341 16342 16343 16344 16345 16346 16347 16348 16148 16149 15949 15950 15750 15550 15551 15351 15151 14951 14751 14551 14351 14151 13951 13751 13551 13351 13151 12951 12751 12551 12351 12151 11951 11751 11551 11351 11151 10951 10751 10551 10351 10151 9951 9751 9551 9351 9151 8951 8751 8551 8351 8151 8152 7952 7953 7954 7754 7755 7756 7556 7356 7156 6956 6756 6556 6356 
Label: 187916
[280,184629,]
32437 32438 32439 32440 32441 32641 32841 33041 33241 33441 33641 33841 34041 34241 34441 34641 34841 34842 34843 34844 34845 34846 34847 34848 34849 34850 34851 34852 34853 34653 34453 34454 34455 34255 34256 34056 34057 34058 33858 33859 33659 33660 33661 33461 33462 33262 33263 33264 33064 33065 32865 32866 32867 32667 32668 32669 32670 32671 32672 32673 32674 32675 32676 32677 32678 32679 32680 32681 32682 32683 32684 32685 32686 32687 32688 32689 32690 32490 32491 32291 32292 32293 32294 32295 32296 32096 32097 32098 32099 32100 31900 31901 31902 31903 31904 31905 31906 31706 31707 31708 31508 31308 31108 30908 30708 30508 30308 30108 29908 29708 29508 29308 29108 28908 28708 28508 28509 28309 28310 28110 28111 27911 27912 27712 27512 27513 27313 27113 26913 26914 26714 26514 26314 26315 26115 25915 25916 25716 25516 25316 25116 24916 24716 24516 24316 24116 23916 23716 23516 23316 23116 22916 22716 22516 22316 22116 21916 21716 21516 21316 21116 20916 20716 20516 20316 20317 20117 20118 19918 19919 19719 19720 19721 19521 19522 19523 19323 19324 19325 19326 19126 19127 18927 18727 18527 18528 18328 18128 18129 17929 17729 17730 17530 17330 17331 17131 17132 16932 16732 16733 16533 16534 16334 16335 16336 16337 16338 16339 16340 16341 16342 16343 16344 16345 16346 16347 16348 16148 16149 15949 15950 15750 15550 15551 15351 15151 15152 14952 14953 14753 14553 14353 14153 13953 13753 13553 13353 13153 12953 12753 12553 12353 12153 11953 11753 11553 11353 11153 11152 10952 10752 10751 10551 10550 10350 10150 9950 9750 9550 9350 9150 8950 8750 8550 8350 8150 8151 8152 7952 7953 7954 7754 7755 7756 7556 7356 7156 6956 6756 6556 6356 
Label: 38292
[256,261096,]
32437 32438 32439 32440 32240 32040 31840 31640 31641 31441 31241 31041 31042 30842 30843 30643 30443 30444 30445 30446 30447 30448 30449 30450 30451 30452 30453 30454 30455 30456 30457 30458 30459 30460 30461 30462 30463 30464 30465 30466 30467 30468 30469 30470 30471 30472 30473 30474 30475 30675 30676 30876 30877 31077 31078 31079 31080 31081 31082 31083 31084 31085 31086 31087 31088 31089 31090 31091 31092 31093 31094 31095 31096 31097 31098 31099 31100 31101 31102 31103 31104 31105 31106 31107 31108 30908 30708 30508 30308 30108 29908 29708 29508 29308 29108 28908 28708 28508 28509 28309 28310 28110 28111 27911 27912 27712 27512 27513 27313 27113 26913 26914 26714 26514 26314 26315 26115 25915 25916 25716 25516 25316 25116 24916 24716 24516 24316 24116 23916 23716 23516 23316 23116 22916 22716 22516 22316 22116 21916 21716 21516 21316 21116 20916 20716 20516 20316 20317 20117 20118 19918 19919 19719 19720 19721 19521 19522 19523 19323 19324 19325 19326 19126 19127 18927 18727 18527 18528 18328 18128 18129 17929 17729 17730 17530 17330 17331 17131 17132 16932 16732 16733 16533 16534 16334 16335 16336 16337 16338 16339 16340 16341 16342 16343 16344 16345 16346 16347 16348 16148 16149 15949 15950 15750 15550 15551 15351 15151 14951 14751 14551 14351 14151 13951 13751 13551 13351 13151 12951 12751 12551 12351 12151 11951 11751 11551 11351 11151 10951 10751 10551 10351 10151 9951 9751 9551 9351 9151 8951 8751 8551 8351 8151 8152 7952 7953 7954 7754 7755 7756 7556 7356 7156 6956 6756 6556 6356 
Label: 267448
[306,176359,]
32437 32438 32439 32440 32441 32641 32841 33041 33241 33441 33641 33841 34041 34241 34441 34641 34841 34842 34843 34844 34845 34846 34847 34848 34849 34850 34851 34852 34853 34653 34453 34454 34455 34255 34256 34056 34057 34058 33858 33859 33659 33660 33661 33461 33462 33262 33263 33264 33064 33065 32865 32866 32867 32667 32668 32669 32670 32671 32672 32673 32674 32675 32676 32677 32678 32679 32680 32681 32682 32683 32684 32685 32686 32687 32688 32689 32690 32490 32491 32291 32292 32293 32294 32295 32296 32096 32097 32098 32099 32100 31900 31901 31902 31903 31904 31905 31906 31706 31707 31708 31709 31509 31510 31511 31512 31513 31514 31515 31516 31517 31518 31519 31520 31521 31522 31322 31323 31324 31124 31125 31126 30926 30927 30928 30929 30729 30730 30530 30330 30331 30131 29931 29932 29732 29532 29332 29132 28932 28732 28532 28332 28132 27932 27732 27532 27332 27132 26932 26732 26532 26332 26132 25932 25732 25532 25332 25132 24932 24732 24731 24730 24729 24728 24727 24726 24725 24724 24723 24523 24522 24521 24321 24320 24120 24119 24118 23918 23718 23518 23318 23118 22918 22718 22518 22318 22118 21918 21718 21518 21318 21118 20918 20718 20518 20318 20118 19918 19919 19719 19720 19721 19521 19522 19523 19323 19324 19325 19326 19126 19127 18927 18727 18527 18528 18328 18128 18129 17929 17729 17730 17530 17330 17331 17131 17132 16932 16732 16733 16533 16534 16334 16335 16336 16337 16338 16339 16340 16341 16342 16343 16344 16345 16346 16347 16348 16148 16149 15949 15950 15750 15550 15551 15351 15151 15152 14952 14752 14552 14352 14152 13952 13752 13552 13352 13152 12952 12752 12552 12352 12152 11952 11752 11552 11352 11152 10952 10752 10751 10551 10550 10350 10150 9950 9750 9550 9350 9150 8950 8750 8550 8350 8150 8151 8152 7952 7953 7954 7754 7755 7756 7556 7356 7156 6956 6756 6556 6356 
Label: 227644
[292,183948,]
32437 32438 32439 32440 32441 32641 32841 33041 33241 33441 33641 33841 34041 34241 34441 34641 34841 35041 35241 35242 35243 35244 35245 35246 35247 35248 35249 35250 35251 35051 35052 34852 34853 34653 34453 34454 34455 34255 34256 34056 34057 34058 33858 33859 33659 33660 33661 33461 33462 33262 33263 33264 33064 33065 32865 32866 32867 32667 32668 32669 32670 32671 32672 32673 32674 32675 32676 32677 32678 32679 32680 32681 32682 32683 32684 32685 32686 32687 32688 32689 32690 32490 32491 32291 32292 32293 32294 32295 32296 32096 32097 32098 32099 32100 31900 31901 31902 31903 31904 31905 31906 31706 31707 31708 31508 31308 31108 30908 30708 30508 30308 30108 29908 29708 29508 29308 29108 28908 28708 28508 28509 28309 28310 28110 28111 27911 27912 27712 27512 27513 27313 27113 26913 26914 26714 26514 26314 26315 26115 25915 25916 25716 25717 25517 25317 25117 24917 24717 24517 24317 24117 23917 23717 23517 23317 23117 22917 22717 22716 22516 22316 22116 21916 21716 21516 21316 21116 20916 20716 20516 20316 20317 20117 20118 19918 19919 19719 19720 19721 19521 19522 19523 19323 19324 19325 19326 19126 19127 18927 18727 18527 18528 18328 18128 18129 17929 17729 17730 17530 17330 17331 17131 17132 16932 16732 16733 16533 16534 16334 16335 16336 16337 16338 16339 16340 16341 16342 16343 16344 16345 16346 16347 16348 16148 16149 15949 15950 15750 15550 15551 15351 15151 15152 14952 14953 14753 14553 14554 14354 14154 13954 13754 13554 13354 13154 12954 12754 12554 12354 12154 11954 11754 11554 11354 11353 11153 11152 10952 10752 10751 10551 10550 10350 10150 10149 9949 9749 9748 9548 9348 9148 8948 8748 8548 8348 8349 8149 8150 8151 8152 7952 7953 7954 7754 7755 7756 7556 7356 7156 6956 6756 6556 6356 
Label: 204792
[284,184199,]
32437 32438 32439 32440 32441 32641 32841 33041 33241 33441 33641 33841 34041 34241 34441 34641 34841 35041 35042 35043 35044 35045 35046 35047 35048 35049 35050 35051 35052 34852 34853 34653 34453 34454 34455 34255 34256 34056 34057 34058 33858 33859 33659 33660 33661 33461 33462 33262 33263 33264 33064 33065 32865 32866 32867 32667 32668 32669 32670 32671 32672 32673 32674 32675 32676 32677 32678 32679 32680 32681 32682 32683 32684 32685 32686 32687 32688 32689 32690 32490 32491 32291 32292 32293 32294 32295 32296 32096 32097 32098 32099 32100 31900 31901 31902 31903 31904 31905 31906 31706 31707 31708 31508 31308 31108 30908 30708 30508 30308 30108 29908 29708 29508 29308 29108 28908 28708 28508 28509 28309 28310 28110 28111 27911 27912 27712 27512 27513 27313 27113 26913 26914 26714 26514 26314 26315 26115 25915 25916 25716 25516 25316 25116 24916 24716 24516 24316 24116 23916 23716 23516 23316 23116 22916 22716 22516 22316 22116 21916 21716 21516 21316 21116 20916 20716 20516 20316 20317 20117 20118 19918 19919 19719 19720 19721 19521 19522 19523 19323 19324 19325 19326 19126 19127 18927 18727 18527 18528 18328 18128 18129 17929 17729 17730 17530 17330 17331 17131 17132 16932 16732 16733 16533 16534 16334 16335 16336 16337 16338 16339 16340 16341 16342 16343 16344 16345 16346 16347 16348 16148 16149 15949 15950 15750 15550 15551 15351 15151 15152 14952 14953 14753 14553 14353 14153 13953 13753 13553 13353 13153 12953 12753 12553 12353 12153 11953 11753 11553 11353 11153 11152 10952 10752 10751 10551 10550 10350 10150 10149 9949 9749 9549 9349 9149 8949 8749 8549 8349 8149 8150 8151 8152 7952 7953 7954 7754 7755 7756 7556 7356 7156 6956 6756 6556 6356 
Label: 159240
[276,186315,]
32437 32438 32439 32440 32441 32641 32841 33041 33241 33441 33641 33841 34041 34241 34441 34641 34642 34643 34644 34645 34646 34647 34648 34649 34650 34651 34652 34653 34453 34454 34455 34255 34256 34056 34057 34058 33858 33859 33659 33660 33661 33461 33462 33262 33263 33264 33064 33065 32865 32866 32867 32667 32668 32669 32670 32671 32672 32673 32674 32675 32676 32677 32678 32679 32680 32681 32682 32683 32684 32685 32686 32687 32688 32689 32690 32490 32491 32291 32292 32293 32294 32295 32296 32096 32097 32098 32099 32100 31900 31901 31902 31903 31904 31905 31906 31706 31707 31708 31508 31308 31108 30908 30708 30508 30308 30108 29908 29708 29508 29308 29108 28908 28708 28508 28509 28309 28310 28110 28111 27911 27912 27712 27512 27513 27313 27113 26913 26914 26714 26514 26314 26315 26115 25915 25916 25716 25516 25316 25116 24916 24716 24516 24316 24116 23916 23716 23516 23316 23116 22916 22716 22516 22316 22116 21916 21716 21516 21316 21116 20916 20716 20516 20316 20317 20117 20118 19918 19919 19719 19720 19721 19521 19522 19523 19323 19324 19325 19326 19126 19127 18927 18727 18527 18528 18328 18128 18129 17929 17729 17730 17530 17330 17331 17131 17132 16932 16732 16733 16533 16534 16334 16335 16336 16337 16338 16339 16340 16341 16342 16343 16344 16345 16346 16347 16348 16148 16149 15949 15950 15750 15550 15551 15351 15151 15152 14952 14752 14552 14352 14152 13952 13752 13552 13352 13152 12952 12752 12552 12352 12152 11952 11752 11552 11352 11152 10952 10752 10751 10551 10550 10350 10150 9950 9750 9550 9350 9150 8950 8750 8550 8350 8150 8151 8152 7952 7953 7954 7754 7755 7756 7556 7356 7156 6956 6756 6556 6356 
Label: 223068
[290,183976,]
32437 32438 32439 32440 32441 32641 32841 33041 33241 33441 33641 33841 34041 34241 34441 34641 34841 35041 35241 35242 35243 35244 35245 35246 35247 35248 35249 35250 35251 35051 35052 34852 34853 34653 34453 34454 34455 34255 34256 34056 34057 34058 33858 33859 33659 33660 33661 33461 33462 33262 33263 33264 33064 33065 32865 32866 32867 32667 32668 32669 32670 32671 32672 32673 32674 32675 32676 32677 32678 32679 32680 32681 32682 32683 32684 32685 32686 32687 32688 32689 32690 32490 32491 32291 32292 32293 32294 32295 32296 32096 32097 32098 32099 32100 31900 31901 31902 31903 31904 31905 31906 31706 31707 31708 31508 31308 31108 30908 30708 30508 30308 30108 29908 29708 29508 29308 29108 28908 28708 28508 28509 28309 28310 28110 28111 27911 27912 27712 27512 27513 27313 27113 26913 26914 26714 26514 26314 26315 26115 25915 25916 25716 25717 25517 25317 25117 24917 24717 24517 24317 24117 23917 23717 23517 23317 23117 22917 22717 22716 22516 22316 22116 21916 21716 21516 21316 21116 20916 20716 20516 20316 20317 20117 20118 19918 19919 19719 19720 19721 19521 19522 19523 19323 19324 19325 19326 19126 19127 18927 18727 18527 18528 18328 18128 18129 17929 17729 17730 17530 17330 17331 17131 17132 16932 16732 16733 16533 16534 16334 16335 16336 16337 16338 16339 16340 16341 16342 16343 16344 16345 16346 16347 16348 16148 16149 15949 15950 15750 15550 15551 15351 15151 15152 14952 14953 14753 14553 14554 14354 14154 13954 13754 13554 13354 13154 12954 12754 12554 12354 12154 11954 11754 11554 11354 11353 11153 11152 10952 10752 10751 10551 10550 10350 10150 10149 9949 9749 9549 9349 9149 8949 8749 8549 8349 8149 8150 8151 8152 7952 7953 7954 7754 7755 7756 7556 7356 7156 6956 6756 6556 6356 
Label: 130732
[272,189399,]
32437 32438 32439 32440 32441 32641 32841 33041 33241 33441 33641 33841 34041 34241 34441 34641 34642 34643 34644 34645 34646 34647 34648 34649 34650 34651 34652 34653 34453 34454 34455 34255 34256 34056 34057 34058 33858 33859 33659 33660 33661 33461 33462 33262 33263 33264 33064 33065 32865 32866 32867 32667 32668 32669 32670 32671 32672 32673 32674 32675 32676 32677 32678 32679 32680 32681 32682 32683 32684 32685 32686 32687 32688 32689 32690 32490 32491 32291 32292 32293 32294 32295 32296 32096 32097 32098 32099 32100 31900 31901 31902 31903 31904 31905 31906 31706 31707 31708 31508 31308 31108 30908 30708 30508 30308 30108 29908 29708 29508 29308 29108 28908 28708 28508 28509 28309 28310 28110 28111 27911 27912 27712 27512 27513 27313 27113 26913 26914 26714 26514 26314 26315 26115 25915 25916 25716 25516 25316 25116 24916 24716 24516 24316 24116 23916 23716 23516 23316 23116 22916 22716 22516 22316 22116 21916 21716 21516 21316 21116 20916 20716 20516 20316 20317 20117 20118 19918 19919 19719 19720 19721 19521 19522 19523 19323 19324 19325 19326 19126 19127 18927 18727 18527 18528 18328 18128 18129 17929 17729 17730 17530 17330 17331 17131 17132 16932 16732 16733 16533 16534 16334 16335 16336 16337 16338 16339 16340 16341 16342 16343 16344 16345 16346 16347 16348 16148 16149 15949 15950 15750 15550 15551 15351 15151 14951 14751 14551 14351 14151 13951 13751 13551 13351 13151 12951 12751 12551 12351 12151 11951 11751 11551 11351 11151 10951 10751 10551 10351 10151 9951 9751 9551 9351 9151 8951 8751 8551 8351 8151 8152 7952 7953 7954 7754 7755 7756 7556 7356 7156 6956 6756 6556 6356 
Label: 288760
[316,174516,]
32437 32438 32439 32440 32441 32641 32841 33041 33241 33441 33641 33841 34041 34241 34441 34641 34841 35041 35042 35043 35044 35045 35046 35047 35048 35049 35050 35051 35052 34852 34853 34653 34453 34454 34455 34255 34256 34056 34057 34058 33858 33859 33659 33660 33661 33461 33462 33262 33263 33264 33064 33065 32865 32866 32867 32667 32668 32669 32670 32671 32672 32673 32674 32675 32676 32677 32678 32679 32680 32681 32682 32683 32684 32685 32686 32687 32688 32689 32690 32490 32491 32291 32292 32293 32294 32295 32296 32096 32097 32098 32099 32100 31900 31901 31902 31903 31904 31905 31906 31706 31707 31708 31709 31509 31510 31511 31512 31513 31514 31515 31516 31517 31518 31519 31520 31521 31522 31322 31323 31324 31124 31125 31126 30926 30927 30928 30929 30729 30730 30530 30330 30331 30131 29931 29932 29732 29532 29533 29333 29133 28933 28733 28533 28333 28133 27933 27733 27533 27333 27133 26933 26733 26533 26333 26133 25933 25733 25533 25333 25133 24933 24733 24732 24731 24730 24729 24728 24727 24726 24725 24724 24723 24523 24522 24521 24321 24320 24120 24119 24118 23918 23718 23518 23517 23317 23117 22917 22717 22517 22317 22117 21917 21717 21517 21317 21117 20917 20717 20517 20317 20117 20118 19918 19919 19719 19720 19721 19521 19522 19523 19323 19324 19325 19326 19126 19127 18927 18727 18527 18528 18328 18128 18129 17929 17729 17730 17530 17330 17331 17131 17132 16932 16732 16733 16533 16534 16334 16335 16336 16337 16338 16339 16340 16341 16342 16343 16344 16345 16346 16347 16348 16148 16149 15949 15950 15750 15550 15551 15351 15151 15152 14952 14953 14753 14553 14353 14153 13953 13753 13553 13353 13153 12953 12753 12553 12353 12153 11953 11753 11553 11353 11153 11152 10952 10752 10751 10551 10550 10350 10150 10149 9949 9749 9549 9349 9149 8949 8749 8549 8349 8149 8150 8151 8152 7952 7953 7954 7754 7755 7756 7556 7356 7156 6956 6756 6556 6356 
Label: 301288
[336,174129,]
32437 32438 32439 32440 32441 32641 32841 33041 33241 33441 33641 33841 34041 34241 34441 34641 34841 35041 35241 35441 35442 35443 35444 35445 35446 35447 35448 35449 35450 35250 35251 35051 35052 34852 34853 34653 34453 34454 34455 34255 34256 34056 34057 34058 33858 33859 33659 33660 33661 33461 33462 33262 33263 33264 33064 33065 32865 32866 32867 32667 32668 32669 32670 32671 32672 32673 32674 32675 32676 32677 32678 32679 32680 32681 32682 32683 32684 32685 32686 32687 32688 32689 32690 32490 32491 32291 32292 32293 32294 32295 32296 32096 32097 32098 32099 32100 31900 31901 31902 31903 31904 31905 31906 31706 31707 31708 31709 31509 31510 31511 31512 31513 31514 31515 31516 31517 31518 31519 31520 31521 31522 31322 31323 31324 31124 31125 31126 30926 30927 30928 30929 30729 30730 30530 30330 30331 30131 29931 29932 29732 29532 29533 29333 29133 29134 28934 28734 28735 28535 28335 28135 27935 27735 27535 27335 27135 26935 26735 26535 26335 26135 25935 25735 25535 25335 25135 24935 24735 24734 24733 24732 24731 24730 24729 24728 24727 24726 24725 24724 24723 24523 24522 24521 24321 24320 24120 24119 24118 23918 23718 23518 23517 23317 23117 22917 22717 22716 22516 22316 22116 21916 21716 21516 21316 21315 21115 20915 20715 20716 20516 20316 20317 20117 20118 19918 19919 19719 19720 19721 19521 19522 19523 19323 19324 19325 19326 19126 19127 18927 18727 18527 18528 18328 18128 18129 17929 17729 17730 17530 17330 17331 17131 17132 16932 16732 16733 16533 16534 16334 16335 16336 16337 16338 16339 16340 16341 16342 16343 16344 16345 16346 16347 16348 16148 16149 15949 15950 15750 15550 15551 15351 15151 15152 14952 14953 14753 14553 14554 14354 14355 14155 14156 13956 13756 13556 13356 13156 12956 12756 12556 12356 12156 11956 11756 11755 11555 11554 11354 11353 11153 11152 10952 10752 10751 10551 10550 10350 10150 10149 9949 9749 9748 9548 9348 9148 8948 8748 8548 8348 8349 8149 8150 8151 8152 7952 7953 7954 7754 7755 7756 7556 7356 7156 6956 6756 6556 6356 
Label: 281496
[312,174946,]
32437 32438 32439 32440 32441 32641 32841 33041 33241 33441 33641 33841 34041 34241 34441 34641 34841 34842 34843 34844 34845 34846 34847 34848 34849 34850 34851 34852 34853 34653 34453 34454 34455 34255 34256 34056 34057 34058 33858 33859 33659 33660 33661 33461 33462 33262 33263 33264 33064 33065 32865 32866 32867 32667 32668 32669 32670 32671 32672 32673 32674 32675 32676 32677 32678 32679 32680 32681 32682 32683 32684 32685 32686 32687 32688 32689 32690 32490 32491 32291 32292 32293 32294 32295 32296 32096 32097 32098 32099 32100 31900 31901 31902 31903 31904 31905 31906 31706 31707 31708 31709 31509 31510 31511 31512 31513 31514 31515 31516 31517 31518 31519 31520 31521 31522 31322 31323 31324 31124 31125 31126 30926 30927 30928 30929 30729 30730 30530 30330 30331 30131 29931 29932 29732 29532 29533 29333 29133 28933 28733 28533 28333 28133 27933 27733 27533 27333 27133 26933 26733 26533 26333 26133 25933 25733 25533 25333 25133 24933 24733 24732 24731 24730 24729 24728 24727 24726 24725 24724 24723 24523 24522 24521 24321 24320 24120 24119 24118 23918 23718 23518 23517 23317 23117 22917 22717 22517 22317 22117 21917 21717 21517 21317 21117 20917 20717 20517 20317 20117 20118 19918 19919 19719 19720 19721 19521 19522 19523 19323 19324 19325 19326 19126 19127 18927 18727 18527 18528 18328 18128 18129 17929 17729 17730 17530 17330 17331 17131 17132 16932 16732 16733 16533 16534 16334 16335 16336 16337 16338 16339 16340 16341 16342 16343 16344 16345 16346 16347 16348 16148 16149 15949 15950 15750 15550 15551 15351 15151 15152 14952 14953 14753 14553 14353 14153 13953 13753 13553 13353 13153 12953 12753 12553 12353 12153 11953 11753 11553 11353 11153 11152 10952 10752 10751 10551 10550 10350 10150 9950 9750 9550 9350 9150 8950 8750 8550 8350 8150 8151 8152 7952 7953 7954 7754 7755 7756 7556 7356 7156 6956 6756 6556 6356 
Label: 298032
[324,174198,]
32437 32438 32439 32440 32441 32641 32841 33041 33241 33441 33641 33841 34041 34241 34441 34641 34841 35041 35241 35242 35243 35244 35245 35246 35247 35248 35249 35250 35251 35051 35052 34852 34853 34653 34453 34454 34455 34255 34256 34056 34057 34058 33858 33859 33659 33660 33661 33461 33462 33262 33263 33264 33064 33065 32865 32866 32867 32667 32668 32669 32670 32671 32672 32673 32674 32675 32676 32677 32678 32679 32680 32681 32682 32683 32684 32685 32686 32687 32688 32689 32690 32490 32491 32291 32292 32293 32294 32295 32296 32096 32097 32098 32099 32100 31900 31901 31902 31903 31904 31905 31906 31706 31707 31708 31709 31509 31510 31511 31512 31513 31514 31515 31516 31517 31518 31519 31520 31521 31522 31322 31323 31324 31124 31125 31126 30926 30927 30928 30929 30729 30730 30530 30330 30331 30131 29931 29932 29732 29532 29533 29333 29133 29134 28934 28734 28534 28334 28134 27934 27734 27534 27334 27134 26934 26734 26534 26334 26134 25934 25734 25534 25334 25134 24934 24734 24733 24732 24731 24730 24729 24728 24727 24726 24725 24724 24723 24523 24522 24521 24321 24320 24120 24119 24118 23918 23718 23518 23517 23317 23117 22917 22717 22716 22516 22316 22116 21916 21716 21516 21316 21116 20916 20716 20516 20316 20317 20117 20118 19918 19919 19719 19720 19721 19521 19522 19523 19323 19324 19325 19326 19126 19127 18927 18727 18527 18528 18328 18128 18129 17929 17729 17730 17530 17330 17331 17131 17132 16932 16732 16733 16533 16534 16334 16335 16336 16337 16338 16339 16340 16341 16342 16343 16344 16345 16346 16347 16348 16148 16149 15949 15950 15750 15550 15551 15351 15151 15152 14952 14953 14753 14553 14554 14354 14154 13954 13754 13554 13354 13154 12954 12754 12554 12354 12154 11954 11754 11554 11354 11353 11153 11152 10952 10752 10751 10551 10550 10350 10150 10149 9949 9749 9549 9349 9149 8949 8749 8549 8349 8149 8150 8151 8152 7952 7953 7954 7754 7755 7756 7556 7356 7156 6956 6756 6556 6356 
Label: 285296
[314,174708,]
32437 32438 32439 32440 32441 32641 32841 33041 33241 33441 33641 33841 34041 34241 34441 34641 34841 34842 34843 34844 34845 34846 34847 34848 34849 34850 34851 34852 34853 34653 34453 34454 34455 34255 34256 34056 34057 34058 33858 33859 33659 33660 33661 33461 33462 33262 33263 33264 33064 33065 32865 32866 32867 32667 32668 32669 32670 32671 32672 32673 32674 32675 32676 32677 32678 32679 32680 32681 32682 32683 32684 32685 32686 32687 32688 32689 32690 32490 32491 32291 32292 32293 32294 32295 32296 32096 32097 32098 32099 32100 31900 31901 31902 31903 31904 31905 31906 31706 31707 31708 31709 31509 31510 31511 31512 31513 31514 31515 31516 31517 31518 31519 31520 31521 31522 31322 31323 31324 31124 31125 31126 30926 30927 30928 30929 30729 30730 30530 30330 30331 30131 29931 29932 29732 29532 29533 29333 29133 28933 28733 28533 28333 28133 27933 27733 27533 27333 27133 26933 26733 26533 26333 26133 25933 25733 25533 25333 25133 24933 24733 24732 24731 24730 24729 24728 24727 24726 24725 24724 24723 24523 24522 24521 24321 24320 24120 24119 24118 23918 23718 23518 23517 23317 23117 22917 22717 22517 22317 22117 21917 21717 21517 21317 21117 20917 20717 20517 20317 20117 20118 19918 19919 19719 19720 19721 19521 19522 19523 19323 19324 19325 19326 19126 19127 18927 18727 18527 18528 18328 18128 18129 17929 17729 17730 17530 17330 17331 17131 17132 16932 16732 16733 16533 16534 16334 16335 16336 16337 16338 16339 16340 16341 16342 16343 16344 16345 16346 16347 16348 16148 16149 15949 15950 15750 15550 15551 15351 15151 15152 14952 14953 14753 14553 14353 14153 13953 13753 13553 13353 13153 12953 12753 12553 12353 12153 11953 11753 11553 11353 11153 11152 10952 10752 10751 10551 10550 10350 10150 10149 9949 9749 9549 9349 9149 8949 8749 8549 8349 8149 8150 8151 8152 7952 7953 7954 7754 7755 7756 7556 7356 7156 6956 6756 6556 6356 
Label: 277036
[310,175236,]
32437 32438 32439 32440 32441 32641 32841 33041 33241 33441 33641 33841 34041 34241 34441 34641 34841 34842 34843 34844 34845 34846 34847 34848 34849 34850 34851 34852 34853 34653 34453 34454 34455 34255 34256 34056 34057 34058 33858 33859 33659 33660 33661 33461 33462 33262 33263 33264 33064 33065 32865 32866 32867 32667 32668 32669 32670 32671 32672 32673 32674 32675 32676 32677 32678 32679 32680 32681 32682 32683 32684 32685 32686 32687 32688 32689 32690 32490 32491 32291 32292 32293 32294 32295 32296 32096 32097 32098 32099 32100 31900 31901 31902 31903 31904 31905 31906 31706 31707 31708 31709 31509 31510 31511 31512 31513 31514 31515 31516 31517 31518 31519 31520 31521 31522 31322 31323 31324 31124 31125 31126 30926 30927 30928 30929 30729 30730 30530 30330 30331 30131 29931 29932 29732 29532 29332 29132 28932 28732 28532 28332 28132 27932 27732 27532 27332 27132 26932 26732 26532 26332 26132 25932 25732 25532 25332 25132 24932 24732 24731 24730 24729 24728 24727 24726 24725 24724 24723 24523 24522 24521 24321 24320 24120 24119 24118 23918 23718 23518 23517 23317 23117 22917 22717 22517 22317 22117 21917 21717 21517 21317 21117 20917 20717 20517 20317 20117 20118 19918 19919 19719 19720 19721 19521 19522 19523 19323 19324 19325 19326 19126 19127 18927 18727 18527 18528 18328 18128 18129 17929 17729 17730 17530 17330 17331 17131 17132 16932 16732 16733 16533 16534 16334 16335 16336 16337 16338 16339 16340 16341 16342 16343 16344 16345 16346 16347 16348 16148 16149 15949 15950 15750 15550 15551 15351 15151 15152 14952 14953 14753 14553 14353 14153 13953 13753 13553 13353 13153 12953 12753 12553 12353 12153 11953 11753 11553 11353 11153 11152 10952 10752 10751 10551 10550 10350 10150 9950 9750 9550 9350 9150 8950 8750 8550 8350 8150 8151 8152 7952 7953 7954 7754 7755 7756 7556 7356 7156 6956 6756 6556 6356 
Label: 299799
[328,174143,]
32437 32438 32439 32440 32441 32641 32841 33041 33241 33441 33641 33841 34041 34241 34441 34641 34841 35041 35241 35242 35243 35244 35245 35246 35247 35248 35249 35250 35251 35051 35052 34852 34853 34653 34453 34454 34455 34255 34256 34056 34057 34058 33858 33859 33659 33660 33661 33461 33462 33262 33263 33264 33064 33065 32865 32866 32867 32667 32668 32669 32670 32671 32672 32673 32674 32675 32676 32677 32678 32679 32680 32681 32682 32683 32684 32685 32686 32687 32688 32689 32690 32490 32491 32291 32292 32293 32294 32295 32296 32096 32097 32098 32099 32100 31900 31901 31902 31903 31904 31905 31906 31706 31707 31708 31709 31509 31510 31511 31512 31513 31514 31515 31516 31517 31518 31519 31520 31521 31522 31322 31323 31324 31124 31125 31126 30926 30927 30928 30929 30729 30730 30530 30330 30331 30131 29931 29932 29732 29532 29533 29333 29133 29134 28934 28734 28534 28334 28134 27934 27734 27534 27334 27134 26934 26734 26534 26334 26134 25934 25734 25534 25334 25134 24934 24734 24733 24732 24731 24730 24729 24728 24727 24726 24725 24724 24723 24523 24522 24521 24321 24320 24120 24119 24118 23918 23718 23518 23517 23317 23117 22917 22717 22716 22516 22316 22116 21916 21716 21516 21316 21116 20916 20716 20516 20316 20317 20117 20118 19918 19919 19719 19720 19721 19521 19522 19523 19323 19324 19325 19326 19126 19127 18927 18727 18527 18528 18328 18128 18129 17929 17729 17730 17530 17330 17331 17131 17132 16932 16732 16733 16533 16534 16334 16335 16336 16337 16338 16339 16340 16341 16342 16343 16344 16345 16346 16347 16348 16148 16149 15949 15950 15750 15550 15551 15351 15151 15152 14952 14953 14753 14553 14554 14354 14355 14155 13955 13755 13555 13355 13155 12955 12755 12555 12355 12155 11955 11755 11555 11554 11354 11353 11153 11152 10952 10752 10751 10551 10550 10350 10150 10149 9949 9749 9748 9548 9348 9148 8948 8748 8548 8348 8349 8149 8150 8151 8152 7952 7953 7954 7754 7755 7756 7556 7356 7156 6956 6756 6556 6356 
Label: 300764
[332,174133,]
32437 32438 32439 32440 32441 32641 32841 33041 33241 33441 33641 33841 34041 34241 34441 34641 34841 35041 35241 35242 35243 35244 35245 35246 35247 35248 35249 35250 35251 35051 35052 34852 34853 34653 34453 34454 34455 34255 34256 34056 34057 34058 33858 33859 33659 33660 33661 33461 33462 33262 33263 33264 33064 33065 32865 32866 32867 32667 32668 32669 32670 32671 32672 32673 32674 32675 32676 32677 32678 32679 32680 32681 32682 32683 32684 32685 32686 32687 32688 32689 32690 32490 32491 32291 32292 32293 32294 32295 32296 32096 32097 32098 32099 32100 31900 31901 31902 31903 31904 31905 31906 31706 31707 31708 31709 31509 31510 31511 31512 31513 31514 31515 31516 31517 31518 31519 31520 31521 31522 31322 31323 31324 31124 31125 31126 30926 30927 30928 30929 30729 30730 30530 30330 30331 30131 29931 29932 29732 29532 29533 29333 29133 29134 28934 28734 28735 28535 28335 28135 27935 27735 27535 27335 27135 26935 26735 26535 26335 26135 25935 25735 25535 25335 25135 24935 24735 24734 24733 24732 24731 24730 24729 24728 24727 24726 24725 24724 24723 24523 24522 24521 24321 24320 24120 24119 24118 23918 23718 23518 23517 23317 23117 22917 22717 22716 22516 22316 22116 21916 21716 21516 21316 21116 20916 20716 20516 20316 20317 20117 20118 19918 19919 19719 19720 19721 19521 19522 19523 19323 19324 19325 19326 19126 19127 18927 18727 18527 18528 18328 18128 18129 17929 17729 17730 17530 17330 17331 17131 17132 16932 16732 16733 16533 16534 16334 16335 16336 16337 16338 16339 16340 16341 16342 16343 16344 16345 16346 16347 16348 16148 16149 15949 15950 15750 15550 15551 15351 15151 15152 14952 14953 14753 14553 14554 14354 14355 14155 14156 13956 13756 13556 13356 13156 12956 12756 12556 12356 12156 11956 11756 11755 11555 11554 11354 11353 11153 11152 10952 10752 10751 10551 10550 10350 10150 10149 9949 9749 9748 9548 9348 9148 8948 8748 8548 8348 8349 8149 8150 8151 8152 7952 7953 7954 7754 7755 7756 7556 7356 7156 6956 6756 6556 6356 
Label: 301092
[334,174131,]
32437 32438 32439 32440 32441 32641 32841 33041 33241 33441 33641 33841 34041 34241 34441 34641 34841 35041 35241 35441 35442 35443 35444 35445 35446 35447 35448 35449 35450 35250 35251 35051 35052 34852 34853 34653 34453 34454 34455 34255 34256 34056 34057 34058 33858 33859 33659 33660 33661 33461 33462 33262 33263 33264 33064 33065 32865 32866 32867 32667 32668 32669 32670 32671 32672 32673 32674 32675 32676 32677 32678 32679 32680 32681 32682 32683 32684 32685 32686 32687 32688 32689 32690 32490 32491 32291 32292 32293 32294 32295 32296 32096 32097 32098 32099 32100 31900 31901 31902 31903 31904 31905 31906 31706 31707 31708 31709 31509 31510 31511 31512 31513 31514 31515 31516 31517 31518 31519 31520 31521 31522 31322 31323 31324 31124 31125 31126 30926 30927 30928 30929 30729 30730 30530 30330 30331 30131 29931 29932 29732 29532 29533 29333 29133 29134 28934 28734 28735 28535 28335 28135 27935 27735 27535 27335 27135 26935 26735 26535 26335 26135 25935 25735 25535 25335 25135 24935 24735 24734 24733 24732 24731 24730 24729 24728 24727 24726 24725 24724 24723 24523 24522 24521 24321 24320 24120 24119 24118 23918 23718 23518 23517 23317 23117 22917 22717 22716 22516 22316 22116 21916 21716 21516 21316 21116 20916 20716 20516 20316 20317 20117 20118 19918 19919 19719 19720 19721 19521 19522 19523 19323 19324 19325 19326 19126 19127 18927 18727 18527 18528 18328 18128 18129 17929 17729 17730 17530 17330 17331 17131 17132 16932 16732 16733 16533 16534 16334 16335 16336 16337 16338 16339 16340 16341 16342 16343 16344 16345 16346 16347 16348 16148 16149 15949 15950 15750 15550 15551 15351 15151 15152 14952 14953 14753 14553 14554 14354 14355 14155 14156 13956 13756 13556 13356 13156 12956 12756 12556 12356 12156 11956 11756 11755 11555 11554 11354 11353 11153 11152 10952 10752 10751 10551 10550 10350 10150 10149 9949 9749 9748 9548 9348 9148 8948 8748 8548 8348 8349 8149 8150 8151 8152 7952 7953 7954 7754 7755 7756 7556 7356 7156 6956 6756 6556 6356 
Label: 250744
[300,179899,]
32437 32438 32439 32440 32441 32641 32841 33041 33241 33441 33641 33841 34041 34241 34441 34641 34642 34643 34644 34645 34646 34647 34648 34649 34650 34651 34652 34653 34453 34454 34455 34255 34256 34056 34057 34058 33858 33859 33659 33660 33661 33461 33462 33262 33263 33264 33064 33065 32865 32866 32867 32667 32668 32669 32670 32671 32672 32673 32674 32675 32676 32677 32678 32679 32680 32681 32682 32683 32684 32685 32686 32687 32688 32689 32690 32490 32491 32291 32292 32293 32294 32295 32296 32096 32097 32098 32099 32100 31900 31901 31902 31903 31904 31905 31906 31706 31707 31708 31709 31509 31510 31511 31512 31513 31514 31515 31516 31517 31518 31519 31520 31521 31522 31322 31323 31324 31124 31125 31126 30926 30927 30928 30929 30729 30730 30530 30330 30331 30131 29931 29731 29531 29331 29131 28931 28731 28531 28331 28131 27931 27731 27531 27331 27131 26931 26731 26531 26331 26131 25931 25731 25531 25331 25131 24931 24731 24730 24729 24728 24727 24726 24725 24724 24723 24523 24522 24521 24321 24320 24120 24119 24118 23918 23718 23518 23318 23118 22918 22718 22518 22318 22118 21918 21718 21518 21318 21118 20918 20718 20518 20318 20118 19918 19919 19719 19720 19721 19521 19522 19523 19323 19324 19325 19326 19126 19127 18927 18727 18527 18528 18328 18128 18129 17929 17729 17730 17530 17330 17331 17131 17132 16932 16732 16733 16533 16534 16334 16335 16336 16337 16338 16339 16340 16341 16342 16343 16344 16345 16346 16347 16348 16148 16149 15949 15950 15750 15550 15551 15351 15151 15152 14952 14752 14552 14352 14152 13952 13752 13552 13352 13152 12952 12752 12552 12352 12152 11952 11752 11552 11352 11152 10952 10752 10751 10551 10351 10151 9951 9751 9551 9351 9151 8951 8751 8551 8351 8151 8152 7952 7953 7954 7754 7755 7756 7556 7356 7156 6956 6756 6556 6356 
Label: 272376
[308,175758,]
32437 32438 32439 32440 32441 32641 32841 33041 33241 33441 33641 33841 34041 34241 34441 34641 34841 34842 34843 34844 34845 34846 34847 34848 34849 34850 34851 34852 34853 34653 34453 34454 34455 34255 34256 34056 34057 34058 33858 33859 33659 33660 33661 33461 33462 33262 33263 33264 33064 33065 32865 32866 32867 32667 32668 32669 32670 32671 32672 32673 32674 32675 32676 32677 32678 32679 32680 32681 32682 32683 32684 32685 32686 32687 32688 32689 32690 32490 32491 32291 32292 32293 32294 32295 32296 32096 32097 32098 32099 32100 31900 31901 31902 31903 31904 31905 31906 31706 31707 31708 31709 31509 31510 31511 31512 31513 31514 31515 31516 31517 31518 31519 31520 31521 31522 31322 31323 31324 31124 31125 31126 30926 30927 30928 30929 30729 30730 30530 30330 30331 30131 29931 29932 29732 29532 29332 29132 28932 28732 28532 28332 28132 27932 27732 27532 27332 27132 26932 26732 26532 26332 26132 25932 25732 25532 25332 25132 24932 24732 24731 24730 24729 24728 24727 24726 24725 24724 24723 24523 24522 24521 24321 24320 24120 24119 24118 23918 23718 23518 23517 23317 23117 22917 22717 22517 22317 22117 21917 21717 21517 21317 21117 20917 20717 20517 20317 20117 20118 19918 19919 19719 19720 19721 19521 19522 19523 19323 19324 19325 19326 19126 19127 18927 18727 18527 18528 18328 18128 18129 17929 17729 17730 17530 17330 17331 17131 17132 16932 16732 16733 16533 16534 16334 16335 16336 16337 16338 16339 16340 16341 16342 16343 16344 16345 16346 16347 16348 16148 16149 15949 15950 15750 15550 15551 15351 15151 15152 14952 14752 14552 14352 14152 13952 13752 13552 13352 13152 12952 12752 12552 12352 12152 11952 11752 11552 11352 11152 10952 10752 10751 10551 10550 10350 10150 9950 9750 9550 9350 9150 8950 8750 8550 8350 8150 8151 8152 7952 7953 7954 7754 7755 7756 7556 7356 7156 6956 6756 6556 6356 
Label: 103016
[268,206124,]
32437 32438 32439 32440 32240 32040 31840 31640 31641 31441 31241 31041 31042 30842 30843 30643 30443 30444 30244 30245 30045 29845 29846 29847 29848 29849 29850 29851 29852 29853 29854 29855 29856 29857 29858 29859 29860 29861 29862 29863 29864 29865 29866 29867 29868 29869 29870 29871 29872 29873 29874 30074 30274 30275 30475 30675 30676 30876 30877 31077 31078 31278 31279 31280 31480 31481 31482 31483 31683 31684 31685 31686 31687 31688 31689 31690 31691 31692 31693 31694 31695 31696 31697 31698 31699 31700 31701 31702 31703 31704 31705 31706 31707 31708 31508 31308 31108 30908 30708 30508 30308 30108 29908 29708 29508 29308 29108 28908 28708 28508 28509 28309 28310 28110 28111 27911 27912 27712 27512 27513 27313 27113 26913 26914 26714 26514 26314 26315 26115 25915 25916 25716 25516 25316 25116 24916 24716 24516 24316 24116 23916 23716 23516 23316 23116 22916 22716 22516 22316 22116 21916 21716 21516 21316 21116 20916 20716 20516 20316 20317 20117 20118 19918 19919 19719 19720 19721 19521 19522 19523 19323 19324 19325 19326 19126 19127 18927 18727 18527 18528 18328 18128 18129 17929 17729 17730 17530 17330 17331 17131 17132 16932 16732 16733 16533 16534 16334 16335 16336 16337 16338 16339 16340 16341 16342 16343 16344 16345 16346 16347 16348 16148 16149 15949 15950 15750 15550 15551 15351 15151 14951 14751 14551 14351 14151 13951 13751 13551 13351 13151 12951 12751 12551 12351 12151 11951 11751 11551 11351 11151 10951 10751 10551 10351 10151 9951 9751 9551 9351 9151 8951 8751 8551 8351 8151 8152 7952 7953 7954 7754 7755 7756 7556 7356 7156 6956 6756 6556 6356 
Label: 19496
[252,280959,]
32437 32438 32439 32440 32240 32040 31840 31640 31641 31441 31241 31041 31042 30842 30843 30643 30443 30444 30244 30245 30045 29845 29846 29646 29446 29447 29247 29047 28847 28647 28447 28247 28047 27847 27647 27447 27247 27047 26847 26647 26447 26247 26047 25847 25647 25447 25247 25047 24847 24647 24447 24247 24047 23847 23647 23447 23247 23047 22847 22647 22447 22247 22047 21847 21647 21648 21448 21449 21249 21250 21050 20850 20650 20450 20250 20050 19850 19650 19450 19250 19050 18850 18650 18450 18250 18050 17850 17650 17450 17250 17050 17051 16851 16852 16652 16653 16453 16454 16254 16255 16055 16056 15856 15857 15657 15658 15659 15459 15460 15260 15261 15061 14861 14661 14662 14462 14262 14062 14063 13863 13663 13463 13464 13264 13265 13065 13066 12866 12666 12667 12668 12669 12670 12671 12672 12673 12674 12675 12676 12677 12678 12679 12680 12480 12481 12281 12282 12283 12284 12285 12286 12287 12288 12289 12290 12291 12292 12293 12294 12295 12296 12297 12298 12299 12300 12301 12302 12303 12304 12305 12306 12307 12507 12508 12509 12510 12511 12512 12513 12514 12515 12516 12517 12518 12519 12520 12521 12522 12523 12323 12324 12124 11924 11724 11725 11525 11325 11326 11126 11127 10927 10928 10728 10729 10529 10530 10330 10331 10131 10132 9932 9933 9733 9734 9534 9535 9335 9336 9337 9137 9138 9139 8939 8940 8941 8942 8943 8944 8945 8946 8947 8948 8748 8548 8348 8349 8149 8150 8151 8152 7952 7953 7954 7754 7755 7756 7556 7356 7156 6956 6756 6556 6356 
Label: 300321
[330,174136,]
32437 32438 32439 32440 32441 32641 32841 33041 33241 33441 33641 33841 34041 34241 34441 34641 34841 35041 35241 35242 35243 35244 35245 35246 35247 35248 35249 35250 35251 35051 35052 34852 34853 34653 34453 34454 34455 34255 34256 34056 34057 34058 33858 33859 33659 33660 33661 33461 33462 33262 33263 33264 33064 33065 32865 32866 32867 32667 32668 32669 32670 32671 32672 32673 32674 32675 32676 32677 32678 32679 32680 32681 32682 32683 32684 32685 32686 32687 32688 32689 32690 32490 32491 32291 32292 32293 32294 32295 32296 32096 32097 32098 32099 32100 31900 31901 31902 31903 31904 31905 31906 31706 31707 31708 31709 31509 31510 31511 31512 31513 31514 31515 31516 31517 31518 31519 31520 31521 31522 31322 31323 31324 31124 31125 31126 30926 30927 30928 30929 30729 30730 30530 30330 30331 30131 29931 29932 29732 29532 29533 29333 29133 29134 28934 28734 28735 28535 28335 28135 27935 27735 27535 27335 27135 26935 26735 26535 26335 26135 25935 25735 25535 25335 25135 24935 24735 24734 24733 24732 24731 24730 24729 24728 24727 24726 24725 24724 24723 24523 24522 24521 24321 24320 24120 24119 24118 23918 23718 23518 23517 23317 23117 22917 22717 22716 22516 22316 22116 21916 21716 21516 21316 21116 20916 20716 20516 20316 20317 20117 20118 19918 19919 19719 19720 19721 19521 19522 19523 19323 19324 19325 19326 19126 19127 18927 18727 18527 18528 18328 18128 18129 17929 17729 17730 17530 17330 17331 17131 17132 16932 16732 16733 16533 16534 16334 16335 16336 16337 16338 16339 16340 16341 16342 16343 16344 16345 16346 16347 16348 16148 16149 15949 15950 15750 15550 15551 15351 15151 15152 14952 14953 14753 14553 14554 14354 14355 14155 13955 13755 13555 13355 13155 12955 12755 12555 12355 12155 11955 11755 11555 11554 11354 11353 11153 11152 10952 10752 10751 10551 10550 10350 10150 10149 9949 9749 9748 9548 9348 9148 8948 8748 8548 8348 8349 8149 8150 8151 8152 7952 7953 7954 7754 7755 7756 7556 7356 7156 6956 6756 6556 6356 
Label: 90576
[266,209081,]
32437 32438 32439 32440 32240 32040 31840 31640 31641 31441 31241 31041 31042 30842 30843 30643 30443 30444 30244 30245 30045 30046 30047 30048 30049 30050 30051 30052 30053 30054 30055 30056 30057 30058 30059 30060 30061 30062 30063 30064 30065 30066 30067 30068 30069 30070 30071 30072 30073 30074 30274 30275 30475 30675 30676 30876 30877 31077 31078 31278 31279 31280 31480 31481 31482 31483 31683 31684 31685 31686 31687 31688 31689 31690 31691 31692 31693 31694 31695 31696 31697 31698 31699 31700 31701 31702 31703 31704 31705 31706 31707 31708 31508 31308 31108 30908 30708 30508 30308 30108 29908 29708 29508 29308 29108 28908 28708 28508 28509 28309 28310 28110 28111 27911 27912 27712 27512 27513 27313 27113 26913 26914 26714 26514 26314 26315 26115 25915 25916 25716 25516 25316 25116 24916 24716 24516 24316 24116 23916 23716 23516 23316 23116 22916 22716 22516 22316 22116 21916 21716 21516 21316 21116 20916 20716 20516 20316 20317 20117 20118 19918 19919 19719 19720 19721 19521 19522 19523 19323 19324 19325 19326 19126 19127 18927 18727 18527 18528 18328 18128 18129 17929 17729 17730 17530 17330 17331 17131 17132 16932 16732 16733 16533 16534 16334 16335 16336 16337 16338 16339 16340 16341 16342 16343 16344 16345 16346 16347 16348 16148 16149 15949 15950 15750 15550 15551 15351 15151 14951 14751 14551 14351 14151 13951 13751 13551 13351 13151 12951 12751 12551 12351 12151 11951 11751 11551 11351 11151 10951 10751 10551 10351 10151 9951 9751 9551 9351 9151 8951 8751 8551 8351 8151 8152 7952 7953 7954 7754 7755 7756 7556 7356 7156 6956 6756 6556 6356 
Label: 301476
[338,174128,]
32437 32438 32439 32440 32441 32641 32841 33041 33241 33441 33641 33841 34041 34241 34441 34641 34841 35041 35241 35441 35442 35443 35444 35445 35446 35447 35448 35449 35450 35250 35251 35051 35052 34852 34853 34653 34453 34454 34455 34255 34256 34056 34057 34058 33858 33859 33659 33660 33661 33461 33462 33262 33263 33264 33064 33065 32865 32866 32867 32667 32668 32669 32670 32671 32672 32673 32674 32675 32676 32677 32678 32679 32680 32681 32682 32683 32684 32685 32686 32687 32688 32689 32690 32490 32491 32291 32292 32293 32294 32295 32296 32096 32097 32098 32099 32100 31900 31901 31902 31903 31904 31905 31906 31706 31707 31708 31709 31509 31510 31511 31512 31513 31514 31515 31516 31517 31518 31519 31520 31521 31522 31322 31323 31324 31124 31125 31126 30926 30927 30928 30929 30729 30730 30530 30330 30331 30131 29931 29932 29732 29532 29533 29333 29133 29134 28934 28734 28735 28535 28335 28135 27935 27735 27535 27335 27135 26935 26735 26535 26335 26135 25935 25735 25535 25335 25135 24935 24735 24734 24733 24732 24731 24730 24729 24728 24727 24726 24725 24724 24723 24523 24522 24521 24321 24320 24120 24119 24118 23918 23718 23518 23517 23317 23117 22917 22717 22716 22516 22316 22116 21916 21716 21516 21316 21315 21115 20915 20715 20716 20516 20316 20317 20117 20118 19918 19919 19719 19720 19721 19521 19522 19523 19323 19324 19325 19326 19126 19127 18927 18727 18527 18528 18328 18128 18129 17929 17729 17730 17530 17330 17331 17131 17132 16932 16732 16733 16533 16534 16334 16335 16336 16337 16338 16339 16340 16341 16342 16343 16344 16345 16346 16347 16348 16148 16149 15949 15950 15750 15550 15551 15351 15151 15152 14952 14953 14753 14553 14554 14354 14355 14155 14156 13956 13756 13556 13356 13156 12956 12756 12556 12356 12156 11956 11756 11755 11555 11554 11354 11353 11153 11152 10952 10752 10751 10551 10550 10350 10150 10149 9949 9749 9748 9548 9348 9347 9147 8947 8948 8748 8548 8348 8349 8149 8150 8151 8152 7952 7953 7954 7754 7755 7756 7556 7356 7156 6956 6756 6556 6356 
Label: 79872
[264,212506,]
32437 32438 32439 32440 32240 32040 31840 31640 31641 31441 31241 31041 31042 30842 30843 30643 30443 30444 30244 30245 30045 30046 30047 30048 30049 30050 30051 30052 30053 30054 30055 30056 30057 30058 30059 30060 30061 30062 30063 30064 30065 30066 30067 30068 30069 30070 30071 30072 30073 30074 30274 30275 30475 30675 30676 30876 30877 31077 31078 31278 31279 31280 31480 31481 31482 31483 31484 31485 31486 31487 31488 31489 31490 31491 31492 31493 31494 31495 31496 31497 31498 31499 31500 31501 31502 31503 31504 31505 31506 31507 31508 31308 31108 30908 30708 30508 30308 30108 29908 29708 29508 29308 29108 28908 28708 28508 28509 28309 28310 28110 28111 27911 27912 27712 27512 27513 27313 27113 26913 26914 26714 26514 26314 26315 26115 25915 25916 25716 25516 25316 25116 24916 24716 24516 24316 24116 23916 23716 23516 23316 23116 22916 22716 22516 22316 22116 21916 21716 21516 21316 21116 20916 20716 20516 20316 20317 20117 20118 19918 19919 19719 19720 19721 19521 19522 19523 19323 19324 19325 19326 19126 19127 18927 18727 18527 18528 18328 18128 18129 17929 17729 17730 17530 17330 17331 17131 17132 16932 16732 16733 16533 16534 16334 16335 16336 16337 16338 16339 16340 16341 16342 16343 16344 16345 16346 16347 16348 16148 16149 15949 15950 15750 15550 15551 15351 15151 14951 14751 14551 14351 14151 13951 13751 13551 13351 13151 12951 12751 12551 12351 12151 11951 11751 11551 11351 11151 10951 10751 10551 10351 10151 9951 9751 9551 9351 9151 8951 8751 8551 8351 8151 8152 7952 7953 7954 7754 7755 7756 7556 7356 7156 6956 6756 6556 6356 
Label: 294892
[320,174284,]
32437 32438 32439 32440 32441 32641 32841 33041 33241 33441 33641 33841 34041 34241 34441 34641 34841 35041 35042 35043 35044 35045 35046 35047 35048 35049 35050 35051 35052 34852 34853 34653 34453 34454 34455 34255 34256 34056 34057 34058 33858 33859 33659 33660 33661 33461 33462 33262 33263 33264 33064 33065 32865 32866 32867 32667 32668 32669 32670 32671 32672 32673 32674 32675 32676 32677 32678 32679 32680 32681 32682 32683 32684 32685 32686 32687 32688 32689 32690 32490 32491 32291 32292 32293 32294 32295 32296 32096 32097 32098 32099 32100 31900 31901 31902 31903 31904 31905 31906 31706 31707 31708 31709 31509 31510 31511 31512 31513 31514 31515 31516 31517 31518 31519 31520 31521 31522 31322 31323 31324 31124 31125 31126 30926 30927 30928 30929 30729 30730 30530 30330 30331 30131 29931 29932 29732 29532 29533 29333 29133 28933 28733 28533 28333 28133 27933 27733 27533 27333 27133 26933 26733 26533 26333 26133 25933 25733 25533 25333 25133 24933 24733 24732 24731 24730 24729 24728 24727 24726 24725 24724 24723 24523 24522 24521 24321 24320 24120 24119 24118 23918 23718 23518 23517 23317 23117 22917 22717 22716 22516 22316 22116 21916 21716 21516 21316 21116 20916 20716 20516 20316 20317 20117 20118 19918 19919 19719 19720 19721 19521 19522 19523 19323 19324 19325 19326 19126 19127 18927 18727 18527 18528 18328 18128 18129 17929 17729 17730 17530 17330 17331 17131 17132 16932 16732 16733 16533 16534 16334 16335 16336 16337 16338 16339 16340 16341 16342 16343 16344 16345 16346 16347 16348 16148 16149 15949 15950 15750 15550 15551 15351 15151 15152 14952 14953 14753 14553 14554 14354 14154 13954 13754 13554 13354 13154 12954 12754 12554 12354 12154 11954 11754 11554 11354 11353 11153 11152 10952 10752 10751 10551 10550 10350 10150 10149 9949 9749 9549 9349 9149 8949 8749 8549 8349 8149 8150 8151 8152 7952 7953 7954 7754 7755 7756 7556 7356 7156 6956 6756 6556 6356 
Label: 48744
[258,242399,]
32437 32438 32439 32440 32240 32040 31840 31640 31641 31441 31241 31041 31042 30842 30843 30643 30443 30444 30244 30245 30246 30247 30248 30249 30250 30251 30252 30253 30254 30255 30256 30257 30258 30259 30260 30261 30262 30263 30264 30265 30266 30267 30268 30269 30270 30271 30272 30273 30274 30275 30475 30675 30676 30876 30877 31077 31078 31079 31080 31081 31082 31083 31084 31085 31086 31087 31088 31089 31090 31091 31092 31093 31094 31095 31096 31097 31098 31099 31100 31101 31102 31103 31104 31105 31106 31107 31108 30908 30708 30508 30308 30108 29908 29708 29508 29308 29108 28908 28708 28508 28509 28309 28310 28110 28111 27911 27912 27712 27512 27513 27313 27113 26913 26914 26714 26514 26314 26315 26115 25915 25916 25716 25516 25316 25116 24916 24716 24516 24316 24116 23916 23716 23516 23316 23116 22916 22716 22516 22316 22116 21916 21716 21516 21316 21116 20916 20716 20516 20316 20317 20117 20118 19918 19919 19719 19720 19721 19521 19522 19523 19323 19324 19325 19326 19126 19127 18927 18727 18527 18528 18328 18128 18129 17929 17729 17730 17530 17330 17331 17131 17132 16932 16732 16733 16533 16534 16334 16335 16336 16337 16338 16339 16340 16341 16342 16343 16344 16345 16346 16347 16348 16148 16149 15949 15950 15750 15550 15551 15351 15151 14951 14751 14551 14351 14151 13951 13751 13551 13351 13151 12951 12751 12551 12351 12151 11951 11751 11551 11351 11151 10951 10751 10551 10351 10151 9951 9751 9551 9351 9151 8951 8751 8551 8351 8151 8152 7952 7953 7954 7754 7755 7756 7556 7356 7156 6956 6756 6556 6356 
Label: 26972
[254,279925,]
32437 32438 32439 32440 32240 32040 31840 31640 31641 31441 31241 31041 31042 30842 30843 30643 30443 30444 30244 30245 30045 29845 29846 29646 29446 29447 29247 29047 28847 28647 28447 28247 28047 27847 27647 27447 27247 27047 26847 26647 26447 26247 26047 25847 25647 25447 25247 25047 24847 24647 24447 24247 24047 23847 23647 23447 23247 23047 22847 22647 22447 22247 22047 21847 21647 21648 21448 21449 21249 21250 21050 20850 20650 20450 20250 20050 19850 19650 19450 19250 19050 18850 18650 18649 18449 18249 18049 17849 17649 17449 17249 17250 17050 17051 16851 16852 16652 16653 16453 16454 16254 16255 16055 16056 15856 15857 15657 15658 15659 15459 15460 15260 15261 15061 14861 14661 14662 14462 14262 14062 14063 13863 13663 13463 13464 13264 13265 13065 13066 12866 12666 12667 12668 12669 12670 12671 12672 12673 12674 12675 12676 12677 12678 12679 12680 12480 12481 12281 12282 12283 12284 12285 12286 12287 12288 12289 12290 12291 12292 12293 12294 12295 12296 12297 12298 12299 12300 12301 12302 12303 12304 12305 12306 12307 12507 12508 12509 12510 12511 12512 12513 12514 12515 12516 12517 12518 12519 12520 12521 12522 12523 12323 12324 12124 11924 11724 11725 11525 11325 11326 11126 11127 10927 10928 10728 10729 10529 10530 10330 10331 10131 10132 9932 9933 9733 9734 9534 9535 9335 9336 9337 9137 9138 9139 8939 8940 8941 8942 8943 8944 8945 8946 8947 8948 8748 8548 8348 8349 8149 8150 8151 8152 7952 7953 7954 7754 7755 7756 7556 7356 7156 6956 6756 6556 6356 
Label: 116944
[270,194851,]
32437 32438 32439 32440 32441 32641 32841 33041 33241 33441 33641 33841 34041 34241 34441 34442 34443 34444 34445 34446 34447 34448 34449 34450 34451 34452 34453 34454 34455 34255 34256 34056 34057 34058 33858 33859 33659 33660 33661 33461 33462 33262 33263 33264 33064 33065 32865 32866 32867 32667 32668 32669 32670 32671 32672 32673 32674 32675 32676 32677 32678 32679 32680 32681 32682 32683 32684 32685 32686 32687 32688 32689 32690 32490 32491 32291 32292 32293 32294 32295 32296 32096 32097 32098 32099 32100 31900 31901 31902 31903 31904 31905 31906 31706 31707 31708 31508 31308 31108 30908 30708 30508 30308 30108 29908 29708 29508 29308 29108 28908 28708 28508 28509 28309 28310 28110 28111 27911 27912 27712 27512 27513 27313 27113 26913 26914 26714 26514 26314 26315 26115 25915 25916 25716 25516 25316 25116 24916 24716 24516 24316 24116 23916 23716 23516 23316 23116 22916 22716 22516 22316 22116 21916 21716 21516 21316 21116 20916 20716 20516 20316 20317 20117 20118 19918 19919 19719 19720 19721 19521 19522 19523 19323 19324 19325 19326 19126 19127 18927 18727 18527 18528 18328 18128 18129 17929 17729 17730 17530 17330 17331 17131 17132 16932 16732 16733 16533 16534 16334 16335 16336 16337 16338 16339 16340 16341 16342 16343 16344 16345 16346 16347 16348 16148 16149 15949 15950 15750 15550 15551 15351 15151 14951 14751 14551 14351 14151 13951 13751 13551 13351 13151 12951 12751 12551 12351 12151 11951 11751 11551 11351 11151 10951 10751 10551 10351 10151 9951 9751 9551 9351 9151 8951 8751 8551 8351 8151 8152 7952 7953 7954 7754 7755 7756 7556 7356 7156 6956 6756 6556 6356 
Label: 69460
[262,219951,]
32437 32438 32439 32440 32240 32040 31840 31640 31641 31441 31241 31041 31042 30842 30843 30643 30443 30444 30244 30245 30045 30046 30047 30048 30049 30050 30051 30052 30053 30054 30055 30056 30057 30058 30059 30060 30061 30062 30063 30064 30065 30066 30067 30068 30069 30070 30071 30072 30073 30074 30274 30275 30475 30675 30676 30876 30877 31077 31078 31278 31279 31280 31281 31282 31283 31284 31285 31286 31287 31288 31289 31290 31291 31292 31293 31294 31295 31296 31297 31298 31299 31300 31301 31302 31303 31304 31305 31306 31307 31308 31108 30908 30708 30508 30308 30108 29908 29708 29508 29308 29108 28908 28708 28508 28509 28309 28310 28110 28111 27911 27912 27712 27512 27513 27313 27113 26913 26914 26714 26514 26314 26315 26115 25915 25916 25716 25516 25316 25116 24916 24716 24516 24316 24116 23916 23716 23516 23316 23116 22916 22716 22516 22316 22116 21916 21716 21516 21316 21116 20916 20716 20516 20316 20317 20117 20118 19918 19919 19719 19720 19721 19521 19522 19523 19323 19324 19325 19326 19126 19127 18927 18727 18527 18528 18328 18128 18129 17929 17729 17730 17530 17330 17331 17131 17132 16932 16732 16733 16533 16534 16334 16335 16336 16337 16338 16339 16340 16341 16342 16343 16344 16345 16346 16347 16348 16148 16149 15949 15950 15750 15550 15551 15351 15151 14951 14751 14551 14351 14151 13951 13751 13551 13351 13151 12951 12751 12551 12351 12151 11951 11751 11551 11351 11151 10951 10751 10551 10351 10151 9951 9751 9551 9351 9151 8951 8751 8551 8351 8151 8152 7952 7953 7954 7754 7755 7756 7556 7356 7156 6956 6756 6556 6356 
Label: 256608
[302,178662,]
32437 32438 32439 32440 32441 32641 32841 33041 33241 33441 33641 33841 34041 34241 34441 34641 34642 34643 34644 34645 34646 34647 34648 34649 34650 34651 34652 34653 34453 34454 34455 34255 34256 34056 34057 34058 33858 33859 33659 33660 33661 33461 33462 33262 33263 33264 33064 33065 32865 32866 32867 32667 32668 32669 32670 32671 32672 32673 32674 32675 32676 32677 32678 32679 32680 32681 32682 32683 32684 32685 32686 32687 32688 32689 32690 32490 32491 32291 32292 32293 32294 32295 32296 32096 32097 32098 32099 32100 31900 31901 31902 31903 31904 31905 31906 31706 31707 31708 31709 31509 31510 31511 31512 31513 31514 31515 31516 31517 31518 31519 31520 31521 31522 31322 31323 31324 31124 31125 31126 30926 30927 30928 30929 30729 30730 30530 30330 30331 30131 29931 29731 29531 29331 29131 28931 28731 28531 28331 28131 27931 27731 27531 27331 27131 26931 26731 26531 26331 26131 25931 25731 25531 25331 25131 24931 24731 24730 24729 24728 24727 24726 24725 24724 24723 24523 24522 24521 24321 24320 24120 24119 24118 23918 23718 23518 23318 23118 22918 22718 22518 22318 22118 21918 21718 21518 21318 21118 20918 20718 20518 20318 20118 19918 19919 19719 19720 19721 19521 19522 19523 19323 19324 19325 19326 19126 19127 18927 18727 18527 18528 18328 18128 18129 17929 17729 17730 17530 17330 17331 17131 17132 16932 16732 16733 16533 16534 16334 16335 16336 16337 16338 16339 16340 16341 16342 16343 16344 16345 16346 16347 16348 16148 16149 15949 15950 15750 15550 15551 15351 15151 15152 14952 14752 14552 14352 14152 13952 13752 13552 13352 13152 12952 12752 12552 12352 12152 11952 11752 11552 11352 11152 10952 10752 10751 10551 10550 10350 10150 9950 9750 9550 9350 9150 8950 8750 8550 8350 8150 8151 8152 7952 7953 7954 7754 7755 7756 7556 7356 7156 6956 6756 6556 6356 
Label: 196736
[282,184391,]
32437 32438 32439 32440 32441 32641 32841 33041 33241 33441 33641 33841 34041 34241 34441 34641 34841 34842 34843 34844 34845 34846 34847 34848 34849 34850 34851 34852 34853 34653 34453 34454 34455 34255 34256 34056 34057 34058 33858 33859 33659 33660 33661 33461 33462 33262 33263 33264 33064 33065 32865 32866 32867 32667 32668 32669 32670 32671 32672 32673 32674 32675 32676 32677 32678 32679 32680 32681 32682 32683 32684 32685 32686 32687 32688 32689 32690 32490 32491 32291 32292 32293 32294 32295 32296 32096 32097 32098 32099 32100 31900 31901 31902 31903 31904 31905 31906 31706 31707 31708 31508 31308 31108 30908 30708 30508 30308 30108 29908 29708 29508 29308 29108 28908 28708 28508 28509 28309 28310 28110 28111 27911 27912 27712 27512 27513 27313 27113 26913 26914 26714 26514 26314 26315 26115 25915 25916 25716 25516 25316 25116 24916 24716 24516 24316 24116 23916 23716 23516 23316 23116 22916 22716 22516 22316 22116 21916 21716 21516 21316 21116 20916 20716 20516 20316 20317 20117 20118 19918 19919 19719 19720 19721 19521 19522 19523 19323 19324 19325 19326 19126 19127 18927 18727 18527 18528 18328 18128 18129 17929 17729 17730 17530 17330 17331 17131 17132 16932 16732 16733 16533 16534 16334 16335 16336 16337 16338 16339 16340 16341 16342 16343 16344 16345 16346 16347 16348 16148 16149 15949 15950 15750 15550 15551 15351 15151 15152 14952 14953 14753 14553 14353 14153 13953 13753 13553 13353 13153 12953 12753 12553 12353 12153 11953 11753 11553 11353 11153 11152 10952 10752 10751 10551 10550 10350 10150 10149 9949 9749 9549 9349 9149 8949 8749 8549 8349 8149 8150 8151 8152 7952 7953 7954 7754 7755 7756 7556 7356 7156 6956 6756 6556 6356 
Label: 299101
[326,174170,]
32437 32438 32439 32440 32441 32641 32841 33041 33241 33441 33641 33841 34041 34241 34441 34641 34841 35041 35241 35242 35243 35244 35245 35246 35247 35248 35249 35250 35251 35051 35052 34852 34853 34653 34453 34454 34455 34255 34256 34056 34057 34058 33858 33859 33659 33660 33661 33461 33462 33262 33263 33264 33064 33065 32865 32866 32867 32667 32668 32669 32670 32671 32672 32673 32674 32675 32676 32677 32678 32679 32680 32681 32682 32683 32684 32685 32686 32687 32688 32689 32690 32490 32491 32291 32292 32293 32294 32295 32296 32096 32097 32098 32099 32100 31900 31901 31902 31903 31904 31905 31906 31706 31707 31708 31709 31509 31510 31511 31512 31513 31514 31515 31516 31517 31518 31519 31520 31521 31522 31322 31323 31324 31124 31125 31126 30926 30927 30928 30929 30729 30730 30530 30330 30331 30131 29931 29932 29732 29532 29533 29333 29133 29134 28934 28734 28534 28334 28134 27934 27734 27534 27334 27134 26934 26734 26534 26334 26134 25934 25734 25534 25334 25134 24934 24734 24733 24732 24731 24730 24729 24728 24727 24726 24725 24724 24723 24523 24522 24521 24321 24320 24120 24119 24118 23918 23718 23518 23517 23317 23117 22917 22717 22716 22516 22316 22116 21916 21716 21516 21316 21116 20916 20716 20516 20316 20317 20117 20118 19918 19919 19719 19720 19721 19521 19522 19523 19323 19324 19325 19326 19126 19127 18927 18727 18527 18528 18328 18128 18129 17929 17729 17730 17530 17330 17331 17131 17132 16932 16732 16733 16533 16534 16334 16335 16336 16337 16338 16339 16340 16341 16342 16343 16344 16345 16346 16347 16348 16148 16149 15949 15950 15750 15550 15551 15351 15151 15152 14952 14953 14753 14553 14554 14354 14154 13954 13754 13554 13354 13154 12954 12754 12554 12354 12154 11954 11754 11554 11354 11353 11153 11152 10952 10752 10751 10551 10550 10350 10150 10149 9949 9749 9748 9548 9348 9148 8948 8748 8548 8348 8349 8149 8150 8151 8152 7952 7953 7954 7754 7755 7756 7556 7356 7156 6956 6756 6556 6356 
Label: 59148
[260,227712,]
32437 32438 32439 32440 32240 32040 31840 31640 31641 31441 31241 31041 31042 30842 30843 30643 30443 30444 30244 30245 30246 30247 30248 30249 30250 30251 30252 30253 30254 30255 30256 30257 30258 30259 30260 30261 30262 30263 30264 30265 30266 30267 30268 30269 30270 30271 30272 30273 30274 30275 30475 30675 30676 30876 30877 31077 31078 31278 31279 31280 31281 31282 31283 31284 31285 31286 31287 31288 31289 31290 31291 31292 31293 31294 31295 31296 31297 31298 31299 31300 31301 31302 31303 31304 31305 31306 31307 31308 31108 30908 30708 30508 30308 30108 29908 29708 29508 29308 29108 28908 28708 28508 28509 28309 28310 28110 28111 27911 27912 27712 27512 27513 27313 27113 26913 26914 26714 26514 26314 26315 26115 25915 25916 25716 25516 25316 25116 24916 24716 24516 24316 24116 23916 23716 23516 23316 23116 22916 22716 22516 22316 22116 21916 21716 21516 21316 21116 20916 20716 20516 20316 20317 20117 20118 19918 19919 19719 19720 19721 19521 19522 19523 19323 19324 19325 19326 19126 19127 18927 18727 18527 18528 18328 18128 18129 17929 17729 17730 17530 17330 17331 17131 17132 16932 16732 16733 16533 16534 16334 16335 16336 16337 16338 16339 16340 16341 16342 16343 16344 16345 16346 16347 16348 16148 16149 15949 15950 15750 15550 15551 15351 15151 14951 14751 14551 14351 14151 13951 13751 13551 13351 13151 12951 12751 12551 12351 12151 11951 11751 11551 11351 11151 10951 10751 10551 10351 10151 9951 9751 9551 9351 9151 8951 8751 8551 8351 8151 8152 7952 7953 7954 7754 7755 7756 7556 7356 7156 6956 6756 6556 6356 
Label: 12036
[250,282605,]
32437 32438 32439 32440 32240 32040 31840 31640 31641 31441 31241 31041 31042 30842 30843 30643 30443 30444 30244 30245 30045 29845 29846 29646 29446 29447 29247 29047 28847 28647 28447 28247 28047 27847 27647 27447 27247 27047 26847 26647 26447 26247 26047 25847 25647 25447 25247 25047 24847 24647 24447 24247 24047 23847 23647 23447 23247 23047 22847 22647 22447 22247 22047 21847 21647 21648 21448 21449 21249 21250 21050 20850 20650 20450 20250 20050 19850 19650 19450 19250 19050 18850 18650 18450 18250 18050 17850 17650 17450 17250 17050 17051 16851 16852 16652 16653 16453 16454 16254 16255 16055 16056 15856 15857 15657 15658 15659 15459 15460 15260 15261 15061 14861 14661 14662 14462 14262 14062 14063 13863 13663 13463 13464 13264 13265 13065 13066 12866 12666 12667 12668 12669 12670 12671 12672 12673 12674 12675 12676 12677 12678 12679 12680 12480 12481 12482 12483 12484 12485 12486 12487 12488 12489 12490 12491 12492 12493 12494 12495 12496 12497 12498 12499 12500 12501 12502 12503 12504 12505 12506 12507 12508 12509 12510 12511 12512 12513 12514 12515 12516 12517 12518 12519 12520 12521 12522 12523 12323 12324 12124 11924 11724 11725 11525 11325 11326 11126 11127 10927 10928 10728 10729 10529 10530 10330 10331 10131 10132 9932 9933 9733 9734 9534 9535 9335 9336 9337 9137 9138 9139 8939 8940 8941 8942 8943 8944 8945 8946 8947 8948 8748 8548 8348 8349 8149 8150 8151 8152 7952 7953 7954 7754 7755 7756 7556 7356 7156 6956 6756 6556 6356 
Label: 296652
[322,174226,]
32437 32438 32439 32440 32441 32641 32841 33041 33241 33441 33641 33841 34041 34241 34441 34641 34841 35041 35042 35043 35044 35045 35046 35047 35048 35049 35050 35051 35052 34852 34853 34653 34453 34454 34455 34255 34256 34056 34057 34058 33858 33859 33659 33660 33661 33461 33462 33262 33263 33264 33064 33065 32865 32866 32867 32667 32668 32669 32670 32671 32672 32673 32674 32675 32676 32677 32678 32679 32680 32681 32682 32683 32684 32685 32686 32687 32688 32689 32690 32490 32491 32291 32292 32293 32294 32295 32296 32096 32097 32098 32099 32100 31900 31901 31902 31903 31904 31905 31906 31706 31707 31708 31709 31509 31510 31511 31512 31513 31514 31515 31516 31517 31518 31519 31520 31521 31522 31322 31323 31324 31124 31125 31126 30926 30927 30928 30929 30729 30730 30530 30330 30331 30131 29931 29932 29732 29532 29533 29333 29133 29134 28934 28734 28534 28334 28134 27934 27734 27534 27334 27134 26934 26734 26534 26334 26134 25934 25734 25534 25334 25134 24934 24734 24733 24732 24731 24730 24729 24728 24727 24726 24725 24724 24723 24523 24522 24521 24321 24320 24120 24119 24118 23918 23718 23518 23517 23317 23117 22917 22717 22716 22516 22316 22116 21916 21716 21516 21316 21116 20916 20716 20516 20316 20317 20117 20118 19918 19919 19719 19720 19721 19521 19522 19523 19323 19324 19325 19326 19126 19127 18927 18727 18527 18528 18328 18128 18129 17929 17729 17730 17530 17330 17331 17131 17132 16932 16732 16733 16533 16534 16334 16335 16336 16337 16338 16339 16340 16341 16342 16343 16344 16345 16346 16347 16348 16148 16149 15949 15950 15750 15550 15551 15351 15151 15152 14952 14953 14753 14553 14554 14354 14154 13954 13754 13554 13354 13154 12954 12754 12554 12354 12154 11954 11754 11554 11354 11353 11153 11152 10952 10752 10751 10551 10550 10350 10150 10149 9949 9749 9549 9349 9149 8949 8749 8549 8349 8149 8150 8151 8152 7952 7953 7954 7754 7755 7756 7556 7356 7156 6956 6756 6556 6356 
