graph_load_time: 0.322323
n_generated: 6659
n_expanded: 2784
n_domCheck: 14900
rt_initHeu: 0.352418
rt_search: 0.11316
N: 9
Label: 4808
[250,280108,]
37550 37549 37548 37547 37546 37545 37345 37145 37144 37143 36943 36942 36941 36940 36939 36938 36937 36936 36935 36934 36933 36932 36931 36930 36929 36928 36927 36926 36925 36725 36525 36524 36324 36124 36123 35923 35723 35722 35522 35521 35321 35121 34921 34721 34521 34321 34121 33921 33721 33521 33321 33121 32921 32721 32521 32321 32121 31921 31721 31521 31321 31320 31120 31119 31118 30918 30917 30916 30716 30715 30714 30514 30513 30512 30511 30311 30310 30309 30308 30307 30306 30106 30105 30104 29904 29903 29703 29702 29502 29501 29301 29300 29299 29099 29098 28898 28897 28896 28696 28695 28694 28494 28493 28492 28292 28291 28290 28289 28089 28088 28087 28086 27886 27686 27486 27286 27086 26886 26686 26486 26286 26086 25886 25686 25486 25286 25086 24886 24686 24486 24286 24086 23886 23686 23486 23286 23086 22886 22686 22486 22286 22086 21886 21686 21486 21286 21086 20886 20686 20486 20286 20086 19886 19686 19685 19485 19484 19483 19283 19282 19082 19081 19080 18880 18879 18679 18678 18677 18676 18675 18674 18474 18473 18472 18471 18470 18469 18468 18268 18267 18266 18265 18264 18263 18262 18062 18061 18060 18059 18058 17858 17857 17856 17855 17655 17654 17454 17453 17253 17252 17052 17051 16851 16850 16650 16450 16449 16249 16248 16048 16047 15847 15846 15845 15844 15843 15842 15841 15840 15839 15838 15837 15836 15835 15834 15833 15832 15831 15830 15829 15828 15827 15826 15825 15625 15425 15225 15025 14825 14625 14425 14225 14025 13825 13625 13425 13225 13025 12825 12625 12425 
Label: 10112
[262,276086,]
37550 37549 37548 37547 37546 37545 37345 37145 37144 37143 36943 36942 36941 36940 36939 36938 36937 36936 36935 36934 36933 36932 36931 36930 36929 36928 36927 36926 36925 36725 36525 36524 36324 36124 36123 35923 35723 35722 35522 35521 35321 35121 34921 34721 34521 34321 34121 33921 33721 33521 33321 33121 32921 32721 32521 32321 32121 31921 31721 31521 31321 31320 31120 31119 31118 30918 30917 30916 30716 30715 30714 30514 30513 30512 30511 30311 30310 30309 30308 30307 30306 30106 30105 30104 29904 29903 29703 29702 29502 29501 29301 29300 29299 29099 29098 28898 28897 28896 28696 28695 28694 28494 28493 28492 28292 28291 28290 28289 28089 28088 28087 28086 27886 27885 27884 27684 27683 27483 27283 27083 26883 26683 26483 26283 26083 25883 25683 25684 25484 25284 25285 25085 24885 24886 24686 24486 24286 24287 24087 23887 23687 23688 23488 23288 23088 23089 22889 22689 22489 22289 22089 21889 21689 21489 21289 21089 20889 20689 20489 20289 20089 20088 19888 19887 19687 19686 19685 19485 19484 19483 19283 19282 19082 19081 19080 18880 18879 18679 18678 18677 18676 18675 18674 18474 18473 18472 18471 18470 18469 18468 18268 18267 18266 18265 18264 18263 18262 18062 18061 18060 18059 18058 17858 17857 17856 17855 17655 17654 17454 17453 17253 17252 17052 17051 16851 16850 16650 16450 16449 16249 16248 16048 16047 15847 15846 15845 15844 15843 15842 15841 15840 15839 15838 15837 15836 15835 15834 15833 15832 15831 15830 15829 15828 15827 15826 15825 15625 15425 15225 15025 14825 14625 14425 14225 14025 13825 13625 13425 13225 13025 12825 12625 12425 
Label: 6416
[252,278766,]
37550 37549 37548 37547 37546 37545 37345 37145 37144 37143 36943 36942 36941 36940 36939 36938 36937 36936 36935 36934 36933 36932 36931 36930 36929 36928 36927 36926 36925 36725 36525 36524 36324 36124 36123 35923 35723 35722 35522 35521 35321 35121 34921 34721 34521 34321 34121 33921 33721 33521 33321 33121 32921 32721 32521 32321 32121 31921 31721 31521 31321 31320 31120 31119 31118 30918 30917 30916 30716 30715 30714 30514 30513 30512 30511 30311 30310 30309 30308 30307 30306 30106 30105 30104 29904 29903 29703 29702 29502 29501 29301 29300 29299 29099 29098 28898 28897 28896 28696 28695 28694 28494 28493 28492 28292 28291 28290 28289 28089 28088 28087 28086 27886 27686 27486 27286 27086 26886 26686 26486 26286 26086 25886 25686 25486 25286 25086 24886 24686 24486 24286 24287 24087 23887 23687 23487 23287 23087 22887 22687 22487 22287 22087 21887 21687 21487 21287 21087 20887 20687 20487 20287 20087 19887 19687 19686 19685 19485 19484 19483 19283 19282 19082 19081 19080 18880 18879 18679 18678 18677 18676 18675 18674 18474 18473 18472 18471 18470 18469 18468 18268 18267 18266 18265 18264 18263 18262 18062 18061 18060 18059 18058 17858 17857 17856 17855 17655 17654 17454 17453 17253 17252 17052 17051 16851 16850 16650 16450 16449 16249 16248 16048 16047 15847 15846 15845 15844 15843 15842 15841 15840 15839 15838 15837 15836 15835 15834 15833 15832 15831 15830 15829 15828 15827 15826 15825 15625 15425 15225 15025 14825 14625 14425 14225 14025 13825 13625 13425 13225 13025 12825 12625 12425 
Label: 7544
[254,277450,]
37550 37549 37548 37547 37546 37545 37345 37145 37144 37143 36943 36942 36941 36940 36939 36938 36937 36936 36935 36934 36933 36932 36931 36930 36929 36928 36927 36926 36925 36725 36525 36524 36324 36124 36123 35923 35723 35722 35522 35521 35321 35121 34921 34721 34521 34321 34121 33921 33721 33521 33321 33121 32921 32721 32521 32321 32121 31921 31721 31521 31321 31320 31120 31119 31118 30918 30917 30916 30716 30715 30714 30514 30513 30512 30511 30311 30310 30309 30308 30307 30306 30106 30105 30104 29904 29903 29703 29702 29502 29501 29301 29300 29299 29099 29098 28898 28897 28896 28696 28695 28694 28494 28493 28492 28292 28291 28290 28289 28089 28088 28087 28086 27886 27885 27685 27485 27285 27085 26885 26685 26485 26285 26085 25885 25685 25485 25285 25085 24885 24886 24686 24486 24286 24287 24087 23887 23687 23487 23287 23087 22887 22687 22487 22287 22087 21887 21687 21487 21287 21087 20887 20687 20487 20287 20087 19887 19687 19686 19685 19485 19484 19483 19283 19282 19082 19081 19080 18880 18879 18679 18678 18677 18676 18675 18674 18474 18473 18472 18471 18470 18469 18468 18268 18267 18266 18265 18264 18263 18262 18062 18061 18060 18059 18058 17858 17857 17856 17855 17655 17654 17454 17453 17253 17252 17052 17051 16851 16850 16650 16450 16449 16249 16248 16048 16047 15847 15846 15845 15844 15843 15842 15841 15840 15839 15838 15837 15836 15835 15834 15833 15832 15831 15830 15829 15828 15827 15826 15825 15625 15425 15225 15025 14825 14625 14425 14225 14025 13825 13625 13425 13225 13025 12825 12625 12425 
Label: 8376
[256,276857,]
37550 37549 37548 37547 37546 37545 37345 37145 37144 37143 36943 36942 36941 36940 36939 36938 36937 36936 36935 36934 36933 36932 36931 36930 36929 36928 36927 36926 36925 36725 36525 36524 36324 36124 36123 35923 35723 35722 35522 35521 35321 35121 34921 34721 34521 34321 34121 33921 33721 33521 33321 33121 32921 32721 32521 32321 32121 31921 31721 31521 31321 31320 31120 31119 31118 30918 30917 30916 30716 30715 30714 30514 30513 30512 30511 30311 30310 30309 30308 30307 30306 30106 30105 30104 29904 29903 29703 29702 29502 29501 29301 29300 29299 29099 29098 28898 28897 28896 28696 28695 28694 28494 28493 28492 28292 28291 28290 28289 28089 28088 28087 28086 27886 27885 27884 27684 27484 27284 27084 26884 26684 26484 26284 26084 25884 25684 25484 25284 25285 25085 24885 24886 24686 24486 24286 24287 24087 23887 23687 23487 23287 23087 22887 22687 22487 22287 22087 21887 21687 21487 21287 21087 20887 20687 20487 20287 20087 19887 19687 19686 19685 19485 19484 19483 19283 19282 19082 19081 19080 18880 18879 18679 18678 18677 18676 18675 18674 18474 18473 18472 18471 18470 18469 18468 18268 18267 18266 18265 18264 18263 18262 18062 18061 18060 18059 18058 17858 17857 17856 17855 17655 17654 17454 17453 17253 17252 17052 17051 16851 16850 16650 16450 16449 16249 16248 16048 16047 15847 15846 15845 15844 15843 15842 15841 15840 15839 15838 15837 15836 15835 15834 15833 15832 15831 15830 15829 15828 15827 15826 15825 15625 15425 15225 15025 14825 14625 14425 14225 14025 13825 13625 13425 13225 13025 12825 12625 12425 
Label: 11132
[266,276027,]
37550 37549 37548 37547 37546 37545 37345 37145 37144 37143 36943 36942 36941 36940 36939 36938 36937 36936 36935 36934 36933 36932 36931 36930 36929 36928 36927 36926 36925 36725 36525 36524 36324 36124 36123 35923 35723 35722 35522 35521 35321 35121 34921 34721 34521 34321 34121 33921 33721 33521 33321 33121 32921 32721 32521 32321 32121 31921 31721 31521 31321 31320 31120 31119 31118 30918 30917 30916 30716 30715 30714 30514 30513 30512 30511 30311 30310 30309 30308 30307 30306 30106 30105 30104 29904 29903 29703 29702 29502 29501 29301 29300 29299 29099 29098 28898 28897 28896 28696 28695 28694 28494 28493 28492 28292 28291 28290 28289 28089 28088 28087 28086 27886 27885 27884 27684 27683 27682 27482 27282 27082 26882 26682 26482 26282 26082 26083 25883 25683 25684 25484 25284 25285 25085 24885 24886 24686 24486 24286 24287 24087 23887 23687 23688 23488 23288 23088 23089 22889 22689 22489 22289 22089 21889 21890 21690 21490 21290 21090 20890 20690 20490 20290 20289 20089 20088 19888 19887 19687 19686 19685 19485 19484 19483 19283 19282 19082 19081 19080 18880 18879 18679 18678 18677 18676 18675 18674 18474 18473 18472 18471 18470 18469 18468 18268 18267 18266 18265 18264 18263 18262 18062 18061 18060 18059 18058 17858 17857 17856 17855 17655 17654 17454 17453 17253 17252 17052 17051 16851 16850 16650 16450 16449 16249 16248 16048 16047 15847 15846 15845 15844 15843 15842 15841 15840 15839 15838 15837 15836 15835 15834 15833 15832 15831 15830 15829 15828 15827 15826 15825 15625 15425 15225 15025 14825 14625 14425 14225 14025 13825 13625 13425 13225 13025 12825 12625 12425 
Label: 9004
[258,276400,]
37550 37549 37548 37547 37546 37545 37345 37145 37144 37143 36943 36942 36941 36940 36939 36938 36937 36936 36935 36934 36933 36932 36931 36930 36929 36928 36927 36926 36925 36725 36525 36524 36324 36124 36123 35923 35723 35722 35522 35521 35321 35121 34921 34721 34521 34321 34121 33921 33721 33521 33321 33121 32921 32721 32521 32321 32121 31921 31721 31521 31321 31320 31120 31119 31118 30918 30917 30916 30716 30715 30714 30514 30513 30512 30511 30311 30310 30309 30308 30307 30306 30106 30105 30104 29904 29903 29703 29702 29502 29501 29301 29300 29299 29099 29098 28898 28897 28896 28696 28695 28694 28494 28493 28492 28292 28291 28290 28289 28089 28088 28087 28086 27886 27885 27884 27684 27484 27284 27084 26884 26684 26484 26284 26084 25884 25684 25484 25284 25285 25085 24885 24886 24686 24486 24286 24287 24087 23887 23687 23688 23488 23288 23088 22888 22688 22488 22288 22088 21888 21688 21488 21288 21088 20888 20688 20488 20288 20088 19888 19887 19687 19686 19685 19485 19484 19483 19283 19282 19082 19081 19080 18880 18879 18679 18678 18677 18676 18675 18674 18474 18473 18472 18471 18470 18469 18468 18268 18267 18266 18265 18264 18263 18262 18062 18061 18060 18059 18058 17858 17857 17856 17855 17655 17654 17454 17453 17253 17252 17052 17051 16851 16850 16650 16450 16449 16249 16248 16048 16047 15847 15846 15845 15844 15843 15842 15841 15840 15839 15838 15837 15836 15835 15834 15833 15832 15831 15830 15829 15828 15827 15826 15825 15625 15425 15225 15025 14825 14625 14425 14225 14025 13825 13625 13425 13225 13025 12825 12625 12425 
Label: 9560
[260,276178,]
37550 37549 37548 37547 37546 37545 37345 37145 37144 37143 36943 36942 36941 36940 36939 36938 36937 36936 36935 36934 36933 36932 36931 36930 36929 36928 36927 36926 36925 36725 36525 36524 36324 36124 36123 35923 35723 35722 35522 35521 35321 35121 34921 34721 34521 34321 34121 33921 33721 33521 33321 33121 32921 32721 32521 32321 32121 31921 31721 31521 31321 31320 31120 31119 31118 30918 30917 30916 30716 30715 30714 30514 30513 30512 30511 30311 30310 30309 30308 30307 30306 30106 30105 30104 29904 29903 29703 29702 29502 29501 29301 29300 29299 29099 29098 28898 28897 28896 28696 28695 28694 28494 28493 28492 28292 28291 28290 28289 28089 28088 28087 28086 27886 27885 27884 27684 27683 27483 27283 27083 26883 26683 26483 26283 26083 25883 25683 25684 25484 25284 25285 25085 24885 24886 24686 24486 24286 24287 24087 23887 23687 23688 23488 23288 23088 22888 22688 22488 22288 22088 21888 21688 21488 21288 21088 20888 20688 20488 20288 20088 19888 19887 19687 19686 19685 19485 19484 19483 19283 19282 19082 19081 19080 18880 18879 18679 18678 18677 18676 18675 18674 18474 18473 18472 18471 18470 18469 18468 18268 18267 18266 18265 18264 18263 18262 18062 18061 18060 18059 18058 17858 17857 17856 17855 17655 17654 17454 17453 17253 17252 17052 17051 16851 16850 16650 16450 16449 16249 16248 16048 16047 15847 15846 15845 15844 15843 15842 15841 15840 15839 15838 15837 15836 15835 15834 15833 15832 15831 15830 15829 15828 15827 15826 15825 15625 15425 15225 15025 14825 14625 14425 14225 14025 13825 13625 13425 13225 13025 12825 12625 12425 
Label: 10624
[264,276028,]
37550 37549 37548 37547 37546 37545 37345 37145 37144 37143 36943 36942 36941 36940 36939 36938 36937 36936 36935 36934 36933 36932 36931 36930 36929 36928 36927 36926 36925 36725 36525 36524 36324 36124 36123 35923 35723 35722 35522 35521 35321 35121 34921 34721 34521 34321 34121 33921 33721 33521 33321 33121 32921 32721 32521 32321 32121 31921 31721 31521 31321 31320 31120 31119 31118 30918 30917 30916 30716 30715 30714 30514 30513 30512 30511 30311 30310 30309 30308 30307 30306 30106 30105 30104 29904 29903 29703 29702 29502 29501 29301 29300 29299 29099 29098 28898 28897 28896 28696 28695 28694 28494 28493 28492 28292 28291 28290 28289 28089 28088 28087 28086 27886 27885 27884 27684 27683 27682 27482 27282 27082 26882 26682 26482 26282 26082 26083 25883 25683 25684 25484 25284 25285 25085 24885 24886 24686 24486 24286 24287 24087 23887 23687 23688 23488 23288 23088 23089 22889 22689 22489 22289 22089 21889 21689 21489 21289 21089 20889 20689 20489 20289 20089 20088 19888 19887 19687 19686 19685 19485 19484 19483 19283 19282 19082 19081 19080 18880 18879 18679 18678 18677 18676 18675 18674 18474 18473 18472 18471 18470 18469 18468 18268 18267 18266 18265 18264 18263 18262 18062 18061 18060 18059 18058 17858 17857 17856 17855 17655 17654 17454 17453 17253 17252 17052 17051 16851 16850 16650 16450 16449 16249 16248 16048 16047 15847 15846 15845 15844 15843 15842 15841 15840 15839 15838 15837 15836 15835 15834 15833 15832 15831 15830 15829 15828 15827 15826 15825 15625 15425 15225 15025 14825 14625 14425 14225 14025 13825 13625 13425 13225 13025 12825 12625 12425 
