0.1  0.3   -0.771740858358112   1.0001561198004626e-26   2.1699773522269897e-21   -7.717716985294196e-19   0.0
0.10084946354917061  0.2991770238744649   -0.769561891536206   0.011827417404363133   0.02178966821905978   0.11827417404363134   0.2178966821905978
0.10255449354646748  0.29753742736167793   -0.765836894536407   0.023654606351459606   0.03724996999798964   0.1182718894709647   0.15460301778929855
0.10511152351791954  0.29510811244899043   -0.7597908007540816   0.03527034621308714   0.060460937823255366   0.11615739861627535   0.23210967825265735
0.10846301911570694  0.2919773076400961   -0.7513661733852393   0.04586334210825027   0.08424627368842308   0.10592995895163132   0.23785335865167706
0.11201228651623019  0.2887295291173077   -0.7410713494446626   0.048109629403584514   0.10294823940576651   0.02246287295334238   0.18701965717343444
0.11540387636159163  0.2857047484623371   -0.7282926117952794   0.04544466931318049   0.12778737649383204   -0.02664960090404022   0.24839137088065502
0.11851702550494106  0.2830098208505143   -0.713515341518483   0.041175638940643154   0.14777270276796473   -0.04269030372537338   0.19985326274132711
0.12135937814443463  0.2806340337513981   -0.6962230613711301   0.03704501703004511   0.1729228014735279   -0.04130621910598035   0.2515009870556316
0.12401880746996287  0.2784969778675322   -0.6769181560549233   0.03411681724347333   0.1930490531620676   -0.02928199786571783   0.20126251688539706
0.1265792394147201  0.27652954927131107   -0.6551716884414528   0.03229022611404547   0.21746467613470605   -0.01826591129427861   0.24415622972638454
0.12912690037606525  0.27466606636479896   -0.6315220766478251   0.03156444980801229   0.23649611793627678   -0.007257763060331806   0.19031441801570723
0.1316938159992253  0.27288869863846404   -0.6056163692048379   0.031221934358781   0.2590570744298715   -0.003425154492312856   0.2256095649359473
0.13431319108556652  0.27117990605106745   -0.578037050498896   0.031274746920936916   0.2757931870594187   0.0005281256215591384   0.1673611262954715
0.13697047427985903  0.2695561939646006   -0.5484992047953504   0.031140961633206232   0.2953784570354561   -0.0013378528773068147   0.19585269976037428
0.13969295412442181  0.26800596105869845   -0.5176302156316618   0.03132908962385058   0.30868989163688626   0.001881279906443383   0.1331143460143022
0.14248626488765873  0.2665331939538378   -0.48520752979212267   0.03157788461118777   0.32422685839539206   0.002487949873371938   0.1553696675850576
0.14543873215987327  0.2651000648288196   -0.4518999518250404   0.032819082989129285   0.3330757796708226   0.012411983779415216   0.08848921275430578
0.14861295589148074  0.26369079085674146   -0.41783172223817633   0.03473002940781524   0.3406822958686403   0.01910946418685949   0.07606516197817667
0.15213499547214165  0.26227056424718215   -0.3832962021448352   0.03797605354725864   0.34535520093341193   0.03246024139443403   0.04672905064771622
0.1560057833902848  0.2608638407187233   -0.34858030236127674   0.04118479111609457   0.34715899783558346   0.03208737568835928   0.018037969021715287
0.16014204093175527  0.2595207847670344   -0.31396340658673266   0.0434884188477098   0.346168957745441   0.023036277316152286   -0.009900400901424576
0.1644148672998496  0.2582934236491591   -0.27971710863467525   0.044456113736532146   0.34246297952057414   0.009676948888223558   -0.03705978224866868
0.16867646161408073  0.25722255578567915   -0.2461861937916705   0.0439408057278438   0.33530914843004805   -0.005153080086883536   -0.07153831090526039
0.1727952351986083  0.2563303087469758   -0.21333295076358377   0.04214309032175683   0.32853243028086676   -0.017977154060869683   -0.06776718149181316
0.17670927799799754  0.25561089309317514   -0.18177483365132208   0.03979609267049275   0.31558117112261747   -0.023469976512640735   -0.12951259158249318
0.18048950953928075  0.2550329949910601   -0.1516992513599734   0.038241491500908595   0.30075582291348685   -0.01554601169584169   -0.14825348209130648
0.1844201542776179  0.25454575113080874   -0.12333114907612985   0.03960729053895316   0.2836810228384352   0.013657990380445656   -0.17074800075051633
0.1886282331728735  0.25413678427579645   -0.09688186220799583   0.042279051405151445   0.26449286868134025   0.026717608661982906   -0.19188154157094844
0.1931349910563269  0.25380925797157244   -0.07254694266348669   0.04518643612858673   0.2433491954450914   0.02907384723435285   -0.2114367323624894
0.19789589397556573  0.25356861057101854   -0.05050360620010522   0.0476698099197073   0.2204333646338148   0.02483373791120559   -0.229158308112766
0.2028313194827374  0.25341601833060085   -0.03090790180579731   0.04937783847909597   0.19595704394307903   0.01708028559388674   -0.24476320690735734
0.20785200109475824  0.2533462646528728   -0.013892374704186115   0.05021166141927697   0.17015527101611191   0.008338229401810128   -0.2580177292696713
0.21287986960307193  0.25334845722769966   0.00043608433448673475   0.05027868986387493   0.14328459038672853   0.0006702844459795501   -0.268706806293834
0.21786191551491832  0.25340823461595313   0.011997986557466266   0.04982404520298619   0.11561902222979531   -0.0045464466088874205   -0.2766556815693322
0.22277560473307462  0.25351017170732193   0.020742555507489772   0.04914746473951891   0.08744568950023504   -0.0067658046346727565   -0.2817333272956026
0.22762585921174855  0.2536394536588208   0.026648364135111725   0.04851977156879502   0.05905808627621954   -0.0062769317072389995   -0.2838760322401551
0.23243584376877496  0.25378246786142067   0.029724020922685498   0.048121101921068166   0.030756567875737714   -0.003986696477268481   -0.28301518400481823
0.2372359208183826  0.25392655639077477   0.030008950464188458   0.04802239184636847   0.0028492954150296235   -0.0009871007469969284   -0.27907272460708094
0.24205418667891565  0.25405944595674146   0.027573382176063144   0.048200980840145985   -0.02435568288125321   0.001785889937775097   -0.27204978296282833
0.24690959209676436  0.25416880152336097   0.022518630734787055   0.04856636738693332   -0.05054751441276083   0.0036538654678733135   -0.26191831531507626
0.2518075821551925  0.2542421647646954   0.014977114063704982   0.04898539453514719   -0.07541516671082074   0.00419027148213875   -0.24867652298059903
0.25673853377595607  0.2542673715033713   0.005111897469590753   0.04931016048035756   -0.09865216594114228   0.003247659452103743   -0.23236999230321548
0.26167961578207377  0.2542333583589277   -0.006883635440389182   0.04941199073623244   -0.11995532909979935   0.0010183025587488035   -0.21303163158657062
0.26660027471218933  0.2541310592155908   -0.020786730046481988   0.0492172220073974   -0.13903094606092803   -0.0019476872883504388   -0.19075616961128708
0.27147060306340104  0.25395396009934784   -0.036346855575534395   0.04873547203587053   -0.15560125529052407   -0.004817499715268667   -0.1657030922959604
0.2762706991408956  0.2536979308513208   -0.05328786301447528   0.048069193179232285   -0.16941007438940875   -0.006662788566382423   -0.1380881909888469
0.280998097800768  0.2533602453280204   -0.07131045129402157   0.047394440182378726   -0.1802258827954629   -0.006747529968535675   -0.1081580840605412
0.28567062143991134  0.2529381315736513   -0.09009500087752276   0.04691551681478283   -0.1878454958350118   -0.004789233675958972   -0.07619613039548932
0.2903232194999809  0.2524275459001072   -0.10930465873947473   0.04680530572338121   -0.1920965786195197   -0.0011021109140162434   -0.04251082784507862
0.29499865185211815  0.2518230046992181   -0.1285882163361838   0.04714354435443359   -0.19283557596709097   0.0033823863105238443   -0.007389973475712574
0.2997330481862137  0.2511191707771101   -0.14758301336189825   0.04786427774260108   -0.1899479702571441   0.007207333881674941   0.02887605709946837
0.30453832285003424  0.25031449242111886   -0.16591785060212244   0.04872183478827206   -0.18334837240224228   0.008575570456709742   0.06599597854901841
0.3093841950268123  0.24941658187393734   -0.18321592395953795   0.04928358804349823   -0.17298073357415514   0.005617532552261807   0.10367638828087149
0.3141834832386094  0.24844822435235447   -0.19909793108611254   0.04896006906602686   -0.1588200712657456   -0.0032351897747137158   0.14160662308409525
0.31878552719247566  0.24745199646821528   -0.2131856494748309   0.04708638715218571   -0.1408771838871839   -0.018736819138411593   0.17942887378561687
0.3235189773501263  0.2463680995667869   -0.2251057395001191   0.04855963641532918   -0.11920090025288202   0.014732492631434772   0.2167628363430189
0.3281497507455979  0.2452605975061315   -0.23475186423926941   0.047613677714039904   -0.09646124739150296   -0.00945958701289276   0.22739652861379067
0.33244909019068997  0.24420181114037512   -0.24146238296193906   0.044277927043209396   -0.0671051872266966   -0.03335750670830508   0.2935606016480635
0.3362392014201522  0.24325323988750466   -0.24523775914043225   0.0390701043682617   -0.03775376178493177   -0.05207822674947699   0.29351425441764833
0.339466451508961  0.24244470918167535   -0.2454796814115078   0.0332699038742013   -0.0024192227107556964   -0.058002004940604035   0.3533453907417608
0.34231624567753954  0.24174142765814277   -0.24194886854327127   0.029352907359592086   0.0353081286823655   -0.03916996514609209   0.3772735139312118
0.34497690726580954  0.2411052681667948   -0.23469215476313052   0.027356569568803186   0.07256713780140733   -0.019963377907888984   0.37259009119041836
0.347820813958588  0.24045915141137741   -0.22340114359233385   0.029163799716192967   0.11291011170796701   0.018072301473897788   0.4034297390655966
0.35119012684358325  0.239748334252324   -0.20791911590417977   0.03443476491948406   0.15482027688154074   0.052709652032910906   0.4191016517357373
0.3551523063631553  0.2389940043018609   -0.18813116849607578   0.040333460326983324   0.19787947408103967   0.05898695407499267   0.43059197199498955
0.35962989513957916  0.23825318772797877   -0.16396455423895046   0.04538459038803551   0.24166614257125327   0.050511300610521906   0.43786668490213587
0.36449146914709496  0.2375909182800232   -0.13539191471391168   0.049064755835784554   0.28572639525038773   0.036801654477490356   0.4406025267913449
0.3696107930821804  0.23706468687811857   -0.10243336986754165   0.051462993539718956   0.3295854484637004   0.02398237703934408   0.4385905321331266
0.37489269449551405  0.2367200312669189   -0.06515981015729513   0.05293134235073818   0.37273559710246523   0.014683488110192268   0.4315014863876481
0.38026234508655665  0.23659277035182882   -0.023695600636676147   0.05371158423505725   0.41464209520618983   0.00780241884319066   0.4190649810372459
0.38561259508736145  0.23670931072705345   0.021778785852338396   0.05351519104905784   0.4547438648901455   -0.001963931859994097   0.40101769683955657
0.39091003592374163  0.23708619861913297   0.07102560205655113   0.05310830810536871   0.4924681620421272   -0.004068829436891331   0.377242971519817
0.39620481166632415  0.23774478929650555   0.12374940969803937   0.053355779297620955   0.5272380764148825   0.0024747119225224765   0.34769914372755356
0.4014077067029702  0.23868940561772084   0.1795996049055621   0.0528795014695333   0.558501952075227   -0.004762778280876634   0.3126387566034458
0.4062784427615883  0.23987193981469135   0.2381751864099173   0.05012230728899988   0.5857558150435526   -0.0275719418053342   0.27253862968325454
0.41064965625154565  0.24121948216415692   0.299032501884735   0.04574207883162777   0.6085731547481767   -0.04380228457372103   0.2281733970462415
0.414442210771232  0.24265434702829972   0.3616933135373401   0.040549114618133895   0.6266081165260508   -0.051929642134938725   0.1803496177787407
0.4176424728228865  0.24410525521189075   0.42565427755515867   0.03513803033249221   0.6396096401781862   -0.05411084285641689   0.13001523652135352
0.42028090695314296  0.24551399975219926   0.49042333818496453   0.02990969046906226   0.6476906062980592   -0.05228339863429948   0.0808096611987305
0.4224275679713847  0.2468453684207185   0.5551433790958372   0.025260039704547398   0.6472004091087266   -0.04649650764514863   -0.004901971893326808
0.42419578716452977  0.2481066305759661   0.6195932571829581   0.02171953346475554   0.644498780871209   -0.0354050623979186   -0.02701628237517491
0.4257436099489358  0.24936576219080403   0.6829099742119176   0.019952863943331213   0.6331671702895941   -0.01766669521424324   -0.11331610581614918
0.42725451880320664  0.2507587368796031   0.7448079026723081   0.020550484299763735   0.6189792846039059   0.005976203564325254   -0.14187885685688198
0.42887065918897666  0.2524388381987966   0.8047999286097131   0.023312336196255876   0.5999202593740485   0.027618518964921384   -0.19059025229857432
0.4306814449898303  0.2545524828859456   0.8624182019887213   0.027832425478363326   0.5761827337900829   0.045200892821074506   -0.23737525583965577
0.4327062279069487  0.2571962801468951   0.917220811563521   0.0333007654843822   0.5480260957479958   0.05468340006018874   -0.28156638042087107
0.4349056851207147  0.2603974761479975   0.9687985931053954   0.0388397578167797   0.5157778154187455   0.055389923323974896   -0.32248280329250417
0.43720269073097084  0.2641104438005393   1.0167805924097602   0.04366046674323229   0.4798199930436473   0.04820708926452592   -0.359578223750981
0.4395029883864471  0.26822322905235074   1.0608379272522164   0.04712363720184006   0.4405733484245624   0.03463170458607776   -0.3924664461908489
0.44171398310084586  0.27257173107423066   1.100411799614714   0.04878316047714834   0.3957387236249779   0.016595232753082823   -0.44834624799584494
0.4437574473375291  0.2769666094041203   1.1355675003633903   0.04846720707977381   0.35155700748675983   -0.003159533973745312   -0.44181716138218113
0.4455818988757475  0.28122301948779904   1.1658498023876307   0.04630944851296373   0.30282302024240615   -0.021577585668100804   -0.4873398724435371
0.447175067867492  0.28521593061486156   1.1911528662866493   0.04299014620221291   0.25303063899018763   -0.03319302310750821   -0.4979238125221842
0.4485803234775113  0.2889593227739053   1.211678250390387   0.03998465728986564   0.20525384103737512   -0.030054889123472626   -0.4777679795281257
0.44981589358453783  0.29241194894293016   1.2271330963952165   0.0366705071582231   0.15454846004829437   -0.03314150131642547   -0.5070538098908072
0.4509066356473613  0.2955652953050124   1.2377788534583063   0.03336661733959482   0.1064575706308976   -0.03303889818628279   -0.48090889417396765
0.4519210045560009  0.2985520896488169   1.2434003403955332   0.031543437883332484   0.05621486937226581   -0.0182317945626234   -0.502427012586318
0.45290540665955176  0.30145931547669447   1.2443085210340221   0.03069366305241781   0.009081806384892182   -0.008497748309146722   -0.4713306298737363
0.4539336076813157  0.30445666436248875   1.2403382057815784   0.031688006697058624   -0.03970315252443493   0.009943436446408152   -0.48784958909327114
0.45504789099759435  0.3076148125128572   1.2316042937792595   0.03348959099274286   -0.08733912002319062   0.01801584295684233   -0.4763596749875571
0.4563068665642282  0.3110392326626551   1.2184882271418433   0.03648516525894052   -0.1311606663741618   0.029955742661976627   -0.43821546350971147
0.45772149000231993  0.31468731233319647   1.2008755014228067   0.03912754113692184   -0.17612725719036676   0.026423758779813174   -0.44966590816205
0.45929130340106616  0.31848713144109764   1.1790237970579363   0.041113184454203304   -0.21851704364870364   0.019856433172814675   -0.4238978645833686
0.4610413581751345  0.322430920419538   1.1531523793590512   0.04314645201949554   -0.25871417698885013   0.02033267565292235   -0.40197133340146457
0.46293988365679506  0.3263884414943147   1.1234991234206553   0.0438934756675932   -0.29653255938396167   0.00747023648097658   -0.3781838239511155
0.4649197940406382  0.3301871120972209   1.0903239578668988   0.04283683400699955   -0.33175165553756214   -0.010566416605936435   -0.3521909615360044
0.46689859776356163  0.333668258853194   1.0539102345989506   0.0400425360216832   -0.36413723267948567   -0.027942979853163512   -0.3238557714192361
0.4687990476654383  0.3367238800967582   1.014391797484227   0.03598406732661524   -0.3951843711472322   -0.0405846869506796   -0.31047138467746505
0.47056907373250484  0.3393197745303789   0.9723516507484569   0.03141919825297655   -0.42040146735770323   -0.04564869073638687   -0.2521709621047102
0.4722041237115874  0.34150226750171364   0.9278290597238922   0.02727024753100636   -0.44522591024564734   -0.04148950721970194   -0.24824442887944168
0.47376327565714094  0.34339385077657136   0.8814381661121083   0.02451334753770948   -0.4639089361178373   -0.027568999932968824   -0.1868302587218993
0.4753752431648606  0.34516811183860774   0.8332890415801323   0.023971736612526044   -0.4814912453197598   -0.005416109251834351   -0.17582309201922516
0.47717997616406277  0.3469669290408728   0.7837565068861944   0.025480982174113573   -0.49532534693937996   0.01509245561587529   -0.13834101619620137
0.479309507150179  0.34888504738678555   0.7332146150695099   0.028660216694501854   -0.5054189181668439   0.03179234520388282   -0.10093571227463945
0.4818374106236452  0.35093776562995527   0.6820297568693724   0.032563703961629685   -0.5118485820013765   0.039034872671278295   -0.06429663834532538
0.48475368298164756  0.3530671409798306   0.6306888196187923   0.036109394687130016   -0.5134093725058003   0.0354569072550033   -0.015607905044237768
0.487969681418067  0.3551706133208355   0.5792276301879663   0.03842816913727433   -0.5146118943082596   0.02318774450144306   -0.0120252180245933
0.49135038717914675  0.3571433186793736   0.5282128142487271   0.039141714160992616   -0.5101481593923932   0.0071354502371829545   0.04463734915866309
0.4947835186914523  0.35892021624851306   0.47760729267223684   0.038657155808471934   -0.5060552157649016   -0.0048455835252068005   0.040929436274916756
0.498279907304144  0.36051504383354915   0.42794462696826174   0.038429426689659464   -0.49662665703975084   -0.0022772911881247747   0.0942855872515072
0.5018791242838361  0.36194909061195346   0.3791547758320589   0.0387438421295076   -0.4878985113620291   0.0031441543984813557   0.08728145677721785
0.5057282299827831  0.36327382350472076   0.33146843472956217   0.04070691823124696   -0.476863411024967   0.019630761017393767   0.11035100337062043
0.5098788182016467  0.36449029775878794   0.28510054793880346   0.04325181172319454   -0.46367886790758667   0.025448934919475644   0.13184543117380335
0.5143174336309774  0.3655776603286894   0.24024639925938235   0.04569864799742591   -0.4485414867942115   0.024468362742313735   0.1513738111337521
0.5189939737891972  0.3665114283299835   0.19707889579126014   0.047688521188746974   -0.43167503468122215   0.019898731913210628   0.16866452112989294
0.5238436941041693  0.36727292464314265   0.15574694018769702   0.04909140838112109   -0.41331955603563086   0.014028871923741124   0.18355478645591355
0.5288031798041269  0.36785270491464855   0.11637508159538251   0.04993259814121947   -0.39371858592314546   0.008411897600983874   0.19600970112485425
0.5338205841040615  0.3682502304169611   0.07906415426942395   0.0503312750027271   -0.37310927325958554   0.00398676861507629   0.2060931266355992
0.5388588453545337  0.36847151293837477   0.04389220605245726   0.05043118319284726   -0.35171948216966686   0.0009990819012016033   0.2138979108991866
0.5438927470352635  0.36852646691208446   0.010916341685096038   0.05034201631886816   -0.32975864367361224   -0.0008916687397910336   0.21960838496054583
0.5489052382383834  0.36842708159428156   -0.01982493196937999   0.05013476388969932   -0.3074127365447603   -0.00207252429168842   0.22345907128851966
0.5538846391499147  0.368186342865268   -0.04830930996333028   0.04985217003643141   -0.2848437799395029   -0.0028259385326790667   0.22568956605257398
0.5588237225611197  0.3678175594726847   -0.07452806822253978   0.049528321325777135   -0.2621875825920949   -0.0032384871065427425   0.22656197347407964
0.5637168454439697  0.3673341032701067   -0.09848356288724155   0.049169483876166424   -0.2395549466470178   -0.00358837449610715   0.22632635945077134
0.5685529747558807  0.3667500530716531   -0.12018606366257566   0.04871268967717062   -0.217025007753341   -0.004567941989957961   0.22529938893676812
0.5733062046018609  0.36608191122247324   -0.13965088232547365   0.04799959114340953   -0.19464818662898006   -0.007130985337610998   0.22376821124360877
0.577929193711365  0.36535057354442985   -0.15689564924327862   0.04680478939801005   -0.17244766917804955   -0.011948017453994758   0.2220051745093054
0.5823561185825108  0.364581826456784   -0.1719380221567317   0.044931765934062735   -0.150423729134531   -0.018730234639473212   0.22023940043518553
0.5865185436085484  0.36380376021722616   -0.18479356759757518   0.04234521126470393   -0.12855545440843452   -0.025865546693587947   0.21868274726096465
0.5903714065571527  0.36304088099697374   -0.19547483145737266   0.039276631227003374   -0.1068126385979749   -0.030685800377005544   0.21742815810459645
0.5939195975617236  0.3623068726852736   -0.20399090647770254   0.03623317210314538   -0.08516075020329877   -0.030434591238579996   0.2165188839467611
0.5972335617044578  0.36159871141885763   -0.21052378034187264   0.0338878307340248   -0.06532873864170102   -0.023453413691205727   0.19832011561597773
0.6004489724513019  0.3608971297111133   -0.21482654630839212   0.032910610999431295   -0.04302765966519485   -0.00977219734593514   0.2230107897650615
0.6037509256768304  0.3601684383962594   -0.21720352034728815   0.03381402983366476   -0.02376974038896045   0.009034188342334657   0.1925791927623441
0.6073597025668932  0.3593706152631887   -0.21757882226452274   0.03695915636741714   -0.0037530191723459515   0.03145126533752378   0.200167212166145
0.6115385658507954  0.35845333526989637   -0.21607779017510276   0.04278352595524879   0.015010320894199987   0.0582436958783166   0.18763340066545942
0.6162605950724156  0.3574346041477501   -0.2124834660381106   0.04830670043488668   0.0359432413699215   0.055231744796378865   0.209329204757215
0.6213146524001619  0.35637240188128844   -0.207153310071653   0.05164471814911625   0.05330155966457643   0.033380177142295735   0.1735831829465494
0.6264691366008082  0.3553268159007057   -0.20013422416688187   0.052594636054920346   0.07019085904771115   0.009499179058040902   0.1688929938313472
0.6316688920279413  0.3543185583132097   -0.19152798969469415   0.052966064479758525   0.08606234472187704   0.0037142842483818   0.15871485674165883
0.6368724341781958  0.35336381570617603   -0.181461053279694   0.0529040493300386   0.1006693641500016   -0.0006201514971992335   0.14607019428124574
0.6420047304592427  0.3524824169362928   -0.17007667126507622   0.05207430163525343   0.1138438201461776   -0.008297476947851734   0.13174455996176002
0.6469405464913806  0.351698409230225   -0.15752454380675499   0.04997694266987434   0.1255212745832124   -0.02097358965379089   0.11677454437034784
0.6516141630050993  0.3510209596080447   -0.1439493178718411   0.04722460090661796   0.13575225934913907   -0.027523417632563756   0.10230984765926672
0.6560389942263282  0.3504448079925353   -0.12948025115446188   0.04462183548489614   0.14469066717379214   -0.02602765421721822   0.08938407824653108
0.6602965233077789  0.3499563715919631   -0.11422360859923385   0.04285454934636436   0.1525664255522802   -0.01767286138531786   0.07875758378488013
0.6645050762216312  0.3495415125516651   -0.09825778370733326   0.042289508925987825   0.15965824891900585   -0.00565040420376528   0.07091823366725686
0.668783681033812  0.34919146622280806   -0.08163138824629221   0.042929001352420504   0.1662639546104105   0.006394924264326713   0.06605705691404659
0.6732237276757674  0.3489052951723201   -0.06436323709788765   0.04449259270134342   0.17268151148404573   0.015635913489229124   0.06417556873635186
0.677874324336293  0.3486891456562239   -0.0464443795530154   0.046556170280857734   0.17918857544872246   0.020635775795143228   0.0650706396467674
0.6827409125691243  0.34855361980685456   -0.02784103044626472   0.04868474944351839   0.18603349106750672   0.02128579162660653   0.06844915618784274
0.6877928727808323  0.3485106842318971   -0.00849859053974508   0.05052142658742027   0.19342439906519646   0.0183667714390189   0.07390907997689704
0.6929752489377999  0.34857108121446434   0.011653775514022063   0.05182728087389185   0.20152366053767143   0.01305854286471573   0.08099261472475018
0.6982223943273146  0.3487427141789659   0.03269812046353068   0.05249951677226725   0.2104434494950862   0.006722358983754026   0.08919788957414768
0.7034753845644542  0.3490304584640065   0.05472254705785309   0.05260865252509785   0.22024426594322402   0.001091357528305958   0.09800816448137795
0.7086737827543008  0.34943579684987003   0.07781625851538505   0.05214177111228848   0.2309371145753197   -0.004668814128093673   0.10692848632095708
0.7137658056220769  0.3499573257714415   0.10206487917004553   0.05118660889529365   0.2424862065466048   -0.009551622169948254   0.11549091971285076
0.7188250757824218  0.3506061388869319   0.1275462597691517   0.05100703188208384   0.2548138059910616   -0.0017957701320981474   0.12327599444456812
0.7239325618383318  0.35140067657279006   0.15432639479842872   0.0516891709602426   0.26780135029277025   0.006821390781587566   0.12987544301708623
0.7290080449048941  0.3523371442857162   0.1824560979507639   0.05161152985169515   0.2812970315233516   -0.0007764110854744002   0.13495681230581372
0.7339884899358969  0.353408936962857   0.21196748958016254   0.05094464863910875   0.2951139162939866   -0.006668812125864144   0.1381688477063494
0.7388393196286394  0.3546107869887406   0.2428709626122249   0.049974985935682135   0.30903473032062356   -0.009696627034266046   0.13920814026637082
0.7434874089045788  0.3559230046929709   0.2751525907471625   0.048297669944218385   0.3228162813493764   -0.016773159914637514   0.1378155102875278
0.7478512700961996  0.3573149652773177   0.3087724543877334   0.04580484556039525   0.33619863640570824   -0.024928243838231414   0.13382355056331802
0.7518606246758238  0.3587499620464705   0.34370605426295947   0.04258419879795437   0.34933599875226146   -0.03220646762440872   0.13137362346553233
0.7554697962858884  0.3601895973676547   0.37954262638736325   0.038857006535377075   0.35836572124403715   -0.037271922625772995   0.0902972249177576
0.7586729307295142  0.36160648147714114   0.4164681499596157   0.03502517786344573   0.3692552357225249   -0.038318286719313435   0.10889514478487639
0.7615305430000034  0.36300102600465634   0.4540100113179671   0.031797330591851386   0.37541861358351386   -0.03227847271594339   0.061633778609890305
0.7641970584217082  0.3644312742116758   0.49232124876646105   0.030258741592923796   0.38311237448494   -0.015385889989275935   0.07693760901426148
0.7667630523368317  0.36593789566987106   0.5309168449624508   0.029756063232133242   0.3859559619598977   -0.005026783607905531   0.02843587474957681
0.7693244744969895  0.36757946398482527   0.5699383616328344   0.030423066931540597   0.39021516670383527   0.006670036994073486   0.04259204743937581
0.7719012940771454  0.36937623768422584   0.608900462423665   0.03141400145720775   0.3896210079083071   0.009909345256671531   -0.005941587955281323
0.774507945736785  0.3713493900827294   0.6479458569171733   0.03269245060013502   0.3904539449350818   0.012784491429272845   0.008329370267746147
0.7771142413391794  0.37348557758224277   0.686593945923767   0.033698774161887164   0.3864808900659365   0.010063235617521366   -0.039730548691452844
0.7796924710958967  0.37576975000767127   0.7249959962711278   0.03444519175082542   0.3840205034736077   0.007464175889382552   -0.024603865923287675
0.7822020642360767  0.37816781627396723   0.7626770101830566   0.034711351956939945   0.37681013911928896   0.002661602061145251   -0.07210364354318725
0.7846076182689197  0.3806436825865144   0.7998012290197429   0.03452043482132568   0.37124218836686185   -0.001909171356142652   -0.05567950752427113
0.7868821187781153  0.3831603398399654   0.8358976193212619   0.03392184590743779   0.3609639030151921   -0.005985889138878923   -0.10278285351669744
0.7890010152602739  0.38567777026967703   0.871146364922442   0.03290467789014512   0.3524874560117997   -0.01017168017292672   -0.08476447003392396
0.790963136998171  0.38817630571665435   0.9050778828160905   0.03176885439251967   0.33931517893648455   -0.011358234976254525   -0.13172277075315134
0.7927670937317587  0.39063544013468193   0.9378910962177948   0.03049852780477178   0.328132134017042   -0.012703265877478881   -0.11183044919442582
0.7944463739043535  0.3930812084358807   0.9691160273912492   0.029667767831804085   0.31224931173454673   -0.008307599729676927   -0.15882822282495324
0.7960303776138549  0.3955425940368482   0.9989747801765504   0.029270269606486817   0.29858752785301185   -0.003974982253172669   -0.1366178388153479
0.7975857882613081  0.3981152001093156   1.0269976315901443   0.030062608480149338   0.2802285141359398   0.007923388736625236   -0.18359013717072045
0.7991616051636145  0.4008818040435896   1.0530408670102593   0.03183912096577858   0.26043235420115074   0.0177651248562924   -0.19796159934789137
0.8008255404151622  0.40397338139677746   1.077045613227284   0.03510915984766264   0.24004746217024595   0.032700388818840576   -0.20384892030904792
0.802590851786898  0.4074330007507051   1.098973071744609   0.038839786705453135   0.2192745851732475   0.03730626857790493   -0.20772876996998424
0.8044417997186813  0.4112453731991851   1.1188071349237543   0.04237946664612848   0.19834063179145206   0.035396799406753464   -0.20933953381795442
0.8063502842293402  0.41536060674742753   1.1365579253436595   0.045362385611876326   0.1775079041990546   0.029829189657478432   -0.20832727592397476
0.8082846540604232  0.41970933126900656   1.1522641553985482   0.04759536911085715   0.15706230054888518   0.022329834989808305   -0.2044560365016943
0.8102125024668776  0.4242087622651452   1.1659945132178382   0.04895046349860691   0.1373035781929022   0.013550943877497588   -0.19758722355982972
0.8120993589715637  0.42876081587457693   1.1778471027530961   0.049276180384052674   0.11852589535257813   0.003257168854457641   -0.18777682840324048
0.8139053033116772  0.4332451856344851   1.1879475249984746   0.04834356948257931   0.10100422245378389   -0.009326109014733717   -0.17521672898794244
0.8155832308458882  0.4375146851563505   1.1963360744548646   0.045873812766407895   0.08388549456390293   -0.024697567161714076   -0.1711872788988095
0.8170815953668997  0.44140833044390926   1.2034415864517238   0.04171998305747024   0.07105511996858974   -0.04153829708937656   -0.12830374595313213
0.8183599123807079  0.44479018441926066   1.2094042719873208   0.0361538804257483   0.059626855355970454   -0.055661026317219385   -0.11428264612619272
0.8194147218435403  0.4476207730027651   1.2140904280757059   0.030207374483637178   0.04686156088384948   -0.05946505942111128   -0.12765294472120964
0.8203159188217501  0.4500678685594105   1.2179371111478323   0.02607763918933059   0.03846683072126448   -0.041297352943065885   -0.08394730162585007
0.8211465550497221  0.452345296029374   1.2210635842248951   0.0242417664871281   0.03126473077063106   -0.018358727022024846   -0.07202099950633414
0.8219514596054381  0.454567511048116   1.2232872507813621   0.023634954904411306   0.02223666556466916   -0.006068115827167951   -0.09028065205961901
0.8228055867536179  0.456938265236195   1.2249959434773086   0.025199223411749617   0.017086926959463986   0.015642685073383074   -0.051497386052051765
0.8237717132974963  0.4596278548741839   1.2259405976671502   0.028578476025785542   0.00944654189841736   0.03379252614035931   -0.07640385061046627
0.8248544364693978  0.4626442627960188   1.2261754212166953   0.032048410596910784   0.0023482354954482564   0.03469934571125234   -0.07098306402969105
0.8260652241623461  0.46601593207284464   1.2260321327547308   0.03582479664937011   -0.0014328846196451613   0.037763860524593316   -0.03781120115093417
0.8273672289162961  0.46963206440172284   1.2251924909877616   0.03843387750314506   -0.008396417669688518   0.026090808537749463   -0.06963533050043358
0.8287245241260115  0.4733838129618818   1.2236687808036908   0.039897202339226646   -0.015237101840709928   0.014633248360815877   -0.06840684171021409
0.8301458563553628  0.4772852521967689   1.2214307370000728   0.041522780987921754   -0.022380438036182636   0.01625578648695118   -0.07143336195472709
0.8316043829569306  0.48125563479299976   1.2187478605987976   0.042298035188333145   -0.026828764012747676   0.007752542004113912   -0.044483259765650394
0.8330712168757722  0.4852058819537856   1.2152495936696934   0.0421379334765731   -0.03498266929104317   -0.0016010171176005618   -0.08153905278295488
0.8345395096612505  0.4891082154316062   1.2109212792633226   0.04169423254600934   -0.04328314406370715   -0.004437009305637604   -0.08300474772663993
0.8360493566122846  0.49305868512734197   1.2057333020966574   0.042291664228868854   -0.0518797716666522   0.005974316828595188   -0.08596627602945042
0.837595514984597  0.4970309319176546   1.1995998620220467   0.04262552084774923   -0.06133440074610955   0.0033385661888038227   -0.09454629079457358
0.839148511469349  0.5009415482087353   1.1927724007212386   0.04207697453206239   -0.06827461300808017   -0.0054854631568685116   -0.06940212261970614
0.8406793007702941  0.50470953141517   1.1849031506228116   0.04067064460745868   -0.07869250098427026   -0.014063299246037074   -0.10417887976190077
0.8421821298967352  0.5083165913413566   1.1760317847285506   0.039076049818758576   -0.08871365894260637   -0.015945947887001016   -0.1002115795833612
0.8437027702162614  0.5118674046974037   1.1661750529695676   0.03862722158122683   -0.09856731758983343   -0.004488282375317465   -0.09853658647227062
0.845249844654623  0.5153738833712698   1.1552807043407842   0.038326012065058715   -0.10894348628783498   -0.003012095161681127   -0.10376168698001564
0.8468167334086855  0.5188163836166217   1.1436595541355223   0.03782320492350801   -0.11621150205261757   -0.005028071415507075   -0.07268015764782583
0.8484028727279905  0.5221879954310621   1.1310755338901954   0.03726070875268072   -0.1258402024532683   -0.005624961708272925   -0.09628700400650732
0.8500307487282951  0.5255314748356568   1.1176990355112275   0.03718714132777428   -0.13376498378967966   -0.0007356742490644692   -0.07924781336411361
0.8517653380519238  0.5289705915036818   1.103658357160676   0.0385179485148601   -0.14040678350551597   0.0133080718708583   -0.06641799715836301
0.853619824558374  0.5325180674144028   1.0891051747574447   0.040029620957177554   -0.14553182403231218   0.015116724423174521   -0.05125040526796227
0.8555695655627648  0.536116237510417   1.0742162553071986   0.04092470894710821   -0.14888919450246196   0.008950879899306576   -0.03357370470149782
0.8575628879666487  0.5396664544691585   1.0591934800938974   0.040715322250920914   -0.1502277521330117   -0.0020938669618729673   -0.013385576305497379
0.8595315719295827  0.5430515593443265   1.0440366548284163   0.03915948360461413   -0.15156825265480856   -0.015558386463067857   -0.013405005217968329
0.8614010853780376  0.5461592039258913   1.0292119444033219   0.03626642438852355   -0.14824710425094614   -0.028930592160905794   0.03321148403862384
0.8631086861894276  0.5489076673095751   1.0148672271671781   0.03235730443425521   -0.1434471723614372   -0.0390911995426833   0.047999318895089356
0.8646282969494835  0.5512808843130226   1.0012584106505704   0.02818044678057865   -0.13608816516607888   -0.041768576536765675   0.07359007195358337
0.866007428758303  0.5533745660009672   0.9883215177111114   0.025070914535639154   -0.12936892939458747   -0.031095322449394974   0.06719235771491414
0.8673288934486957  0.5553301244858561   0.9765329853719413   0.023601859917760523   -0.11788532339170231   -0.014690546178786285   0.11483606002885162
0.8686905223062532  0.5573004575853976   0.9660920008944229   0.02395046068217244   -0.10440984477518321   0.0034860076441191527   0.13475478616519115
0.8701920123932131  0.5594318652469854   0.9570837660944684   0.026071768450018455   -0.09008234799954636   0.021213077678460115   0.1432749677563685
0.8719866074816814  0.5619375621216581   0.9492764672661159   0.030820591102865058   -0.07807298828352414   0.047488226528466036   0.12009359716022197
0.8742355022187428  0.5650369974069853   0.9431066970202338   0.03829363736485822   -0.06169770245881986   0.07473046261993167   0.16375285824704294
0.8770257047196953  0.5688459586154252   0.9385659651346573   0.04721590355348649   -0.04540731885576606   0.0892226618862826   0.16290383603053807
0.8802170358077515  0.5731720919651885   0.9352224097136015   0.05375874242718816   -0.033435554210557376   0.06542838873701683   0.11971764645208682
0.8834162497634748  0.5774929659525537   0.9334617738655826   0.053763297842657015   -0.01760635848018962   4.555415468856257e-05   0.15829195730367757
0.8866169011971602  0.5818127834269927   0.9331299563121286   0.053763363559602734   -0.00331817553453992   6.571694571294914e-07   0.14288182945649697
0.8898158551769549  0.58613386266147   0.9335233533176273   0.0537634004834845   0.00393397005498654   3.692388176472455e-07   0.0725214558952646
0.8930085559789323  0.590459566409793   0.9349699555619233   0.053763418166260034   0.014466022442960956   1.7682775531684423e-07   0.10532052387974418
0.8958106657817906  0.5942716830079344   0.9369297772237873   0.04731178743727552   0.019598216618641095   -0.06451630728984505   0.051321941756801395
0.8979072385766559  0.5971344475369015   0.9386810600101203   0.03548385299327112   0.01751282786332851   -0.11827934444004407   -0.020853887553125863
0.8993028366373621  0.599044506344944   0.9397900284348518   0.023655905387931397   0.011089684247315719   -0.11827947605339724   -0.06423143616012791
0.9  0.6   0.9404555267759073   0.01182795366518179   0.006654983410554531   -0.11827951722749606   -0.04434700836761188
0.9  0.6   0.9404555267759073   0.0   3.0550121239483915e-22   -0.11827953665181791   -0.06654983410554532
