0.1  0.3   1.6841779700097723   2.400330064348563e-28   2.8910179355230127e-22   0.0   0.0
0.09987282128425004  0.3011549720832091   1.6804685917294608   0.011619530707959846   -0.03709378280311133   0.11619530707959845   -0.37093782803111336
0.09964020237471798  0.3034222604836138   1.6730364384379022   0.022791902614045928   -0.07432153291558809   0.11172371906086082   -0.37227750112476754
0.09933669619913832  0.3067461140721696   1.661855345544899   0.03337681632026988   -0.11181092893003187   0.10584913706223953   -0.3748939601444378
0.09901543535008192  0.3109582518641116   1.6469192099973664   0.04224371351034674   -0.14936135547532522   0.08866897190076861   -0.37550426545293353
0.09873992766417519  0.3157480721447061   1.6282524387041277   0.04797737258894854   -0.18666771293238446   0.05733659078601795   -0.3730635745705923
0.0985623852539584  0.32080241394279024   1.6059086023315647   0.05057459077371338   -0.22343836372563186   0.025972181847648452   -0.3677065079324742
0.09851522069986991  0.3259448534862674   1.5799676998916432   0.05142655826854477   -0.2594090243992159   0.00851967494831382   -0.3597066067358398
0.09861962857470292  0.33109681497560367   1.5505334453188608   0.0515301932772729   -0.2943425457278245   0.0010363500872813925   -0.34933521328608647
0.09889143923118877  0.336214307333287   1.5177321563851525   0.051247057538873465   -0.3280128893370832   -0.002831357383994314   -0.33670343609258707
0.09934229025534992  0.34126182247336034   1.481711359400058   0.05067610456147628   -0.36020796985094494   -0.00570952977397196   -0.3219508051386173
0.09997908778184472  0.34620348579672405   1.4426395957026568   0.04982524208795008   -0.3907176369740124   -0.008508624735261917   -0.30509667123067497
0.10080246650771682  0.35099753103134296   1.4007055221941547   0.04864239122184598   -0.41934073508501857   -0.011828508661041017   -0.2862309811100614
0.10180440490062137  0.35559275508689436   1.3561171893373336   0.04703186649910213   -0.44588332856821433   -0.01610524722743852   -0.2654259348319576
0.10296572215970767  0.35992865121158274   1.3091007906639598   0.04488725095206898   -0.470163986733737   -0.021446155470331442   -0.24280658165522684
0.10425546142979103  0.3639425715817257   1.2598995303049643   0.04216038913796154   -0.4920126035899559   -0.027268618141074518   -0.21848616856218936
0.10563426173770406  0.3675832939228952   1.208771658773352   0.03893064275682031   -0.5112787153161233   -0.0322974638114122   -0.19266111726167381
0.10706169307490261  0.37082451086789686   1.1559545374210949   0.03541616510434563   -0.5281712135225703   -0.03514477652474685   -0.16892498206447118
0.1085054347186443  0.3736732441013629   1.1017225107571635   0.03193692372368962   -0.5423202666393131   -0.03479241380656002   -0.1414905311674263
0.10995013008870387  0.3761706897211215   1.046358759583175   0.028852000512829434   -0.5536375117398841   -0.030849232108601937   -0.11317245100570984
0.11140346246382661  0.3783858908681145   0.9901641082009814   0.02649394480672746   -0.5619465138219354   -0.02358055706101974   -0.08309002082051373
0.11289768209645253  0.38040386341430993   0.9334314910476922   0.025109570899804628   -0.5673261715328928   -0.013843739069228275   -0.05379657710957379
0.11448366355980409  0.38230857750369274   0.8764548679488287   0.024785626811497024   -0.5697662309886355   -0.003239440883076068   -0.024400594557427966
0.11622057063592452  0.3841683260523111   0.8195392525154026   0.025447025081855097   -0.5691561543342609   0.006613982703580711   0.00610076654374638
0.1181643544522311  0.3860268276852706   0.7629727332527378   0.026892980207199952   -0.5656651926266465   0.014459551253448558   0.03490961707614499
0.12035627950109928  0.3878996389960221   0.7070510071664637   0.028830465874721475   -0.5592172608627408   0.01937485667521523   0.06447931763905644
0.12281676205407505  0.3897781026909408   0.6520558120403236   0.030955775303852205   -0.5499519512614027   0.02125309429130727   0.09265309601338133
0.12554460604942966  0.3916372933085723   0.598242940496674   0.03301169885916407   -0.5381287154364951   0.020559235553118636   0.1182323582490754
0.1285240703089814  0.3934471512075008   0.5458751104748033   0.0348608561114901   -0.5236783002187064   0.01849157252326032   0.14450415217788748
0.1317370689272792  0.39518238741223655   0.4951855404530238   0.036516304313839947   -0.5068957002177956   0.01655448202349854   0.16782600000910763
0.13517768958252627  0.39682910802591215   0.44639086944838957   0.03814388453319487   -0.48794671004634266   0.0162758021935492   0.18948990171452995
0.13886424239325443  0.3983864216725322   0.3996925454345167   0.040019866841654074   -0.4669832401387284   0.018759823084591988   0.20963469907614263
0.14283134742961165  0.3998582652611149   0.3552697689565628   0.0423134091261185   -0.4442277647795386   0.02293542284464425   0.22755475359189778
0.14711841846255647  0.40124703917174964   0.31327711431224525   0.045064033348530465   -0.419926546443176   0.027506242224119723   0.24301218336362626
0.1517490702122477  0.4025477873134026   0.27384269037522585   0.04809873320050357   -0.39434423937019414   0.03034699851973104   0.2558230707298181
0.15670581693914107  0.40374538356885104   0.2370661051509756   0.050993700498818816   -0.3677658522425023   0.028949672983152465   0.26578387127691877
0.16191358040186618  0.4048174201602638   0.20301758448324736   0.0531695991493473   -0.34048520667728227   0.021758986505284846   0.27280645565220035
0.167171284695388  0.40572934269487915   0.17173647838393008   0.053362025024597005   -0.31281106099317296   0.0019242587524970025   0.2767414568410928
0.1724834335319827  0.40649545901930284   0.14323207062747284   0.053671090434873066   -0.2850440775645719   0.0030906541027606272   0.2776698342860113
0.17780836002332598  0.4071239520939261   0.11748495950697134   0.0536188825723352   -0.25747111120501537   -0.0005220786253786806   0.2757296635955652
0.18310963509520575  0.4076261521181211   0.09445006794939483   0.05325009131638708   -0.23034891557576526   -0.003687912559481122   0.27122195629250107
0.18833382861306783  0.4080137738156274   0.07406171258391696   0.0523855404596056   -0.20388355365477853   -0.008645508567814935   0.26465361920986713
0.1933165601880604  0.4082942926127401   0.056238829714737835   0.049906216791058715   -0.1782288286917912   -0.024793236685468775   0.2565472496298733
0.1979772712651127  0.40848497692015573   0.04089033121262107   0.04664610192594076   -0.15348498502116764   -0.03260114865117961   0.2474384367062355
0.20233616691067055  0.40860670970405855   0.027920179889758343   0.043605951565743664   -0.1297015132286273   -0.030401503601970904   0.2378347179254035
0.20646614288672244  0.4086778800906578   0.017230933849370727   0.04130589157335088   -0.10689246040387616   -0.02300059992392791   0.22809052824751144
0.21044277867062508  0.4087125839896162   0.008726727784905018   0.039767872106032894   -0.08504206064465707   -0.015380194673179725   0.21850399759219086
0.21431564112490684  0.40872154985038883   0.0023150434234316813   0.038728728324649034   -0.06411684361473338   -0.01039143781383864   0.20925217029923696
0.21810193431645744  0.40871357785007656   -0.002105486323855172   0.037863015840225195   -0.04420529747286853   -0.008657124844238405   0.19911546141864855
0.22179810692417887  0.40869649378507306   -0.004622063187787059   0.036962120896057035   -0.025165768639318874   -0.009008949441681636   0.1903952883354965
0.22540047356990175  0.4086773616192051   -0.005310949125468759   0.036024174508220826   -0.0068888593768169915   -0.009379463878362053   0.1827690926250188
0.22892101986206784  0.4086624437613343   -0.004237344818030515   0.03520577898267232   0.010736043074382426   -0.008183955255485077   0.1762490245119942
0.23239532524793768  0.4086573384740387   -0.0014694400908529417   0.03474309136827465   0.027679047271775736   -0.0046268761439766624   0.1694300419739331
0.23588002174231412  0.40866757329783654   0.002937069091601269   0.034847115245795236   0.0440650918245421   0.0010402387752058183   0.16386044552766368
0.23943752552996092  0.4086993529362984   0.008932890884110858   0.03557645730612057   0.059958217925095904   0.007293420603253363   0.15893126100553798
0.243129206143798  0.408760138042934   0.016463941691766074   0.03692181006365912   0.07531050807655214   0.013453527575385506   0.15352290151456222
0.2469987348136965  0.4088588095359589   0.0254940907223018   0.038707865080241925   0.09030149030535724   0.01786055016582808   0.14990982228805125
0.2510659395919936  0.4090052567047966   0.03599128561337011   0.04069840473760956   0.10497194891068311   0.019905396573676272   0.1467045860532586
0.2553267156516113  0.40920961380616744   0.04792568628085481   0.042656739743084884   0.11934400667484699   0.019583350054753267   0.14372057764163887
0.2597596336111541  0.4094815487269428   0.06126767548906613   0.04441250976602641   0.13341989208211322   0.017557700229415316   0.14075885407266253
0.26433682184723684  0.4098300162140315   0.07598476700560401   0.045904337200412704   0.14717091516537875   0.014918274343862881   0.13751023083265498
0.26902876012004373  0.41026307937083945   0.09203864127327836   0.047118816255944905   0.16053874267674362   0.01214479055532203   0.13367827511364885
0.27380353969976373  0.41078744605112233   0.109381755309194   0.048034862808487656   0.17343114035915635   0.00916046552542747   0.12892397682412737
0.27862115158977235  0.41140726473778083   0.12795393289765544   0.04857320200180663   0.1857217758846145   0.005383391933189769   0.12290635525458127
0.2834252380577695  0.41212193133101294   0.1476791906899559   0.048569532766411155   0.19725257792300463   -3.66923539547308e-05   0.11530802038390144
0.2881354807310184  0.41292302323882424   0.1684625100922276   0.047778796851381936   0.20783319402271672   -0.0079073591502922   0.10580616099712088
0.2926459094693861  0.41379134292786485   0.19018701892159465   0.04593250100557157   0.21724508829367062   -0.01846295845810369   0.0941189427095391
0.29683516222974754  0.4146961324420364   0.21271146406233296   0.04285846795576175   0.2252444514073832   -0.030740330498098153   0.07999363113712574
0.3005921404490325  0.41559909182978816   0.23586826099001137   0.038639644144467106   0.23156796927678422   -0.04218823811294647   0.06323517869401032
0.30385216944046084  0.41646445267874355   0.2594621880823143   0.03372927278175246   0.2359392709230291   -0.049103713627146446   0.04371301646244852
0.3066309617603418  0.41727335326307397   0.28326984561015833   0.028941331884278138   0.23807657527844003   -0.047879408974743236   0.02137304355410939
0.3090508629202504  0.41804062338114206   0.3070398685209343   0.025386266085833567   0.23770022910775931   -0.03555065798444571   -0.0037634617068073722
0.3113604516271413  0.41883298838305444   0.3304933898398713   0.024417293648669514   0.23453521318937143   -0.009689724371640505   -0.031650159183878965
0.31392947991512643  0.419780446762445   0.35332426122340116   0.02738171602574454   0.22830871383529808   0.029644223770750218   -0.062264993540733185
0.3171681627959269  0.42105586898322284   0.37515787533593653   0.0348077127137702   0.21833614112535382   0.07425996688025663   -0.09972572709944244
0.32131017498896963  0.4227857764651542   0.39562789303516993   0.044887464734998064   0.20470017699233384   0.10079752021227863   -0.1363596413302001
0.3261072439589427  0.42489546501575903   0.4143284052515443   0.05240482466646733   0.18700512216374338   0.07517359931469263   -0.1769505482859046
0.33099119375156544  0.4271401599246171   0.4308138877464717   0.05375092632756453   0.16485482494927411   0.013461016610972073   -0.22150297214469264
0.33584407480758166  0.42945231236520626   0.4446302813564618   0.053755468049644324   0.13816393609990069   4.5417220797853175e-05   -0.2669088884937341
0.3406720733643962  0.43181625102656596   0.45531820354293656   0.0537566517365759   0.10687922186474753   1.1836869315855706e-05   -0.3128471423515314
0.34548282375963135  0.4342146369091555   0.46248465096847013   0.0537546037163886   0.07166447425533624   -2.048020187305251e-05   -0.35214747609411307
0.34976563639187747  0.4363677653989878   0.46583483249435187   0.047935838718702314   0.03350181525881738   -0.05818764997686285   -0.38162658996518867
0.35308993652224246  0.43803637258131806   0.46520032053361127   0.0371957272891237   -0.00634511960740605   -0.10740111429578611   -0.39846934866223427
0.3554477189852764  0.439206167960773   0.46055660942855503   0.02632025716588723   -0.046437111050561884   -0.10875470123236475   -0.4009199144315583
0.35768336615432195  0.4402915556986855   0.45197360185986324   0.024851931124306052   -0.08583007568691839   -0.01468326041581177   -0.3939296463635649
0.3608494194414272  0.44178044458577953   0.43957916949285925   0.03498668823267205   -0.12394432367004019   0.10134757108365998   -0.3811424798312182
0.3650341118534365  0.44366703837638816   0.42354571002643926   0.04590303553567126   -0.1603345946641999   0.10916347302999216   -0.36390270994159707
0.369976702812459  0.4457809694313858   0.40415276482935814   0.053756776217974894   -0.19392945197081127   0.07853740682303635   -0.33594857306611364
0.37496565844035107  0.44778387790778523   0.3817716743039251   0.053759948495054055   -0.22381090525433014   3.1722770791547206e-05   -0.2988145328351889
0.3800030664125268  0.44966192131636945   0.3568575405628947   0.05376106967189813   -0.24914133741030386   1.1211768440742197e-05   -0.25330432155973703
0.38508929573514544  0.45140357546092597   0.32991098026274335   0.05376159212813154   -0.2694656030015134   5.224562334087104e-06   -0.20324265591209545
0.3902230835167774  0.45299968873866653   0.30142986761903295   0.05376184016773815   -0.2848111264371039   2.480396066113176e-06   -0.153455234355905
0.39540181784343825  0.4544433435665535   0.27186400861565496   0.053761908902323075   -0.2956585900337798   6.873458492840069e-07   -0.1084746359667594
0.4006218756502426  0.4557295459654636   0.24158398433535147   0.05376180811444157   -0.30280024280303514   -1.007878815024767e-06   -0.07141652769255313
0.4058789364032359  0.4568548362325191   0.21087094177238092   0.053761478723890116   -0.3071304256297056   -3.29390551461211e-06   -0.043301828266705
0.4111682231030224  0.45781692919602224   0.17992752191695058   0.05376074465905472   -0.3094341985543032   -7.34064835390425e-06   -0.0230377292459759
0.41648462709872064  0.45861446889618107   0.1489044988044049   0.05375892578800731   -0.3102302311254569   -1.818871047412646e-05   -0.007960325711536143
0.42182279475598267  0.45924695183999614   0.11793334587547516   0.05375506358591325   -0.3097115292892976   -3.862202094060903e-05   0.005187018361592758
0.42692308061558076  0.459692600522542   0.08715584176294495   0.051197186053406445   -0.30777504112530196   -0.02557877532506808   0.019364881639956432
0.43092703704479973  0.45992005222558735   0.05674575062445107   0.04010411620308103   -0.3041009113849389   -0.11093069850325404   0.03674129740363044
0.43380672671104026  0.4599975926168073   0.026920143584114906   0.028807334285079162   -0.2982560704033617   -0.11296781918001877   0.058448409815771825
0.43587627516447075  0.4599933196114228   -0.0020647012662177934   0.020695528646718527   -0.28984844850332697   -0.08111805638360632   0.08407621900034726
0.4377513516801619  0.4599371960305719   -0.029922421444649478   0.0187591625506682   -0.27857720178431683   -0.019363660960503307   0.11271246719010117
0.44001374772771434  0.45980958948723183   -0.05634357508365249   0.022659919033139405   -0.2642115363900301   0.0390075648247121   0.14365665394286767
0.4430724554301449  0.45956129442775256   -0.0809988531142146   0.030687690114229046   -0.24655278030562125   0.0802777108108964   0.17658756084408875
0.44708697776608236  0.459144135693441   -0.10354081714405917   0.04036138128874388   -0.2254196402984457   0.09673691174514827   0.21133140007175552
0.4519333759885785  0.458542014168848   -0.12360763491940165   0.04883659085295724   -0.2006681777534247   0.08475209564213365   0.2475146254502098
0.45715329844811126  0.45780197965357144   -0.1408326399416236   0.05272119267176653   -0.17225005022221945   0.038846018188092885   0.28418127531205234
0.46246289083675984  0.45697309663187907   -0.1548605450716706   0.05373901599140536   -0.14027905130047033   0.0101782331963883   0.31970998921749116
0.46776433132851686  0.4560883196150697   -0.16536956617416837   0.053747652653036854   -0.10509021102497741   8.636661631491086e-05   0.3518884027549292
0.4730601564236692  0.45516784091059076   -0.17209287381135757   0.053752250635526785   -0.06723307637189213   4.59798248993654e-05   0.3785713465308528
0.478353770542546  0.45423278925309835   -0.17483422888241187   0.05375562486079992   -0.027413550710542942   3.3742252731280256e-05   0.39819525661349187
0.48364880020588463  0.45330489273832136   -0.17347770386746275   0.053757167966487066   0.013565250149491169   1.543105687148588e-05   0.40978800860034115
0.48894883706321496  0.4524060611932814   -0.16799133354353687   0.053757128676501245   0.05486370323925868   -3.9289985819928863e-07   0.4129845308976752
0.49425707436388294  0.4515579648195139   -0.1584308666287133   0.05375560500952506   0.09560466914823601   -1.5236669761853321e-05   0.4074096590897733
0.49957601121679834  0.45078156113903434   -0.1449460342735766   0.053753038909780844   0.13484832355136694   -2.5660997442166064e-05   0.39243654403130934
0.5048983476671045  0.4500976271715139   -0.12780218937506949   0.0536610016326439   0.17143844898507116   -0.0009203727713694212   0.3659012543370423
0.5099972648300464  0.4495481656888337   -0.10734619194426609   0.05128436814029437   0.20455997430803388   -0.023766334923495364   0.331215253229627
0.5147517249145968  0.44914760857066127   -0.08405022426681684   0.04771303459276085   0.2329596767744925   -0.03571333547533515   0.2839970246645865
0.5196299118046845  0.44886213371952477   -0.058454019855118215   0.04886532842952851   0.2559620441169862   0.011522938367676622   0.23002367342493701
0.5249813260699501  0.44869549814793075   -0.03112854608634249   0.05354008036247906   0.27325473768775727   0.04674751932950547   0.17292693570771073
0.5303569065382605  0.4486811829859129   -0.002662992073769063   0.05375599528903293   0.28465554012573424   0.002159149265538731   0.11400802437977013
0.5357307905914263  0.44882289238400247   0.026363904245689074   0.05375752167871555   0.29026896319458134   1.5263896826149706e-05   0.05613423068847101
0.5410985709062519  0.4491206264411932   0.05541010778763475   0.05376031164069048   0.2904620354194567   2.78996197493467e-05   0.0019307222487531678
0.5464557197228711  0.44957150004024504   0.08396509831020892   0.05376088768400831   0.28554990522574164   5.760433178273772e-06   -0.04912130193715083
0.5517983672588382  0.4501701940610247   0.11159387432964471   0.05376087538730489   0.276287760194358   -1.2296703416193098e-07   -0.09262145031383615
0.5571233741471668  0.4509091090590845   0.13788271173449396   0.0537602955117482   0.2628883740484927   -5.79875556690066e-06   -0.133993861458653
0.5624284734608601  0.45177864144237684   0.16246046770860573   0.05375887395932224   0.2457775597411176   -1.421552425971848e-05   -0.1711081430737513
0.567712498305183  0.45276743194154206   0.18498883367972746   0.053757441537577   0.2252836597112171   -1.432421745231258e-05   -0.2049390002990049
0.5729280796525081  0.4538526631414571   0.2051476257045514   0.05327289700010278   0.20158792024823927   -0.0048454453747422445   -0.23695739462977844
0.5773187410060288  0.4548469168908044   0.22269164940436015   0.04501827144548133   0.17544023699808753   -0.08254625554621446   -0.2614768325015174
0.580670662218785  0.45565804513868396   0.23742485553548942   0.034486671122382816   0.14733206131129303   -0.10531600323098515   -0.2810817568679445
0.5832934382167019  0.4563256205829534   0.24923772371429131   0.027064018380572707   0.11812868178801879   -0.07422652741810104   -0.2920337952327427
0.5857190409587307  0.4569658580503742   0.25806422850738764   0.025086754825659124   0.0882650479309633   -0.01977263554913586   -0.29863633857055494
0.5884397083930134  0.45770097519724556   0.26389577149219995   0.02818231450323085   0.05831542984812327   0.030955596775717274   -0.29949618082840035
0.5917868132464854  0.45861575275382643   0.2667888849781814   0.034698600660776714   0.028931134859813995   0.06516286157545866   -0.29384294988309273
0.5958732179568144  0.4597327220311506   0.2668203130015477   0.04236310166062403   0.0003142802336628808   0.07664500999847307   -0.28616854626151106
0.6005863505611888  0.4610072205073332   0.2640979482569477   0.048824138816993025   -0.027223647445999498   0.06461037156369008   -0.27537927679662383
0.6056423572075432  0.46234578684694855   0.2588100095389823   0.052301972289322506   -0.0528793871796544   0.03477833472329468   -0.2565573973365491
0.6107180378884309  0.46364822080135476   0.2511833585352301   0.05240121046304989   -0.07626651003752136   0.0009923817372738673   -0.23387122857866943
0.6155626615681572  0.4648413342676919   0.24147045328494474   0.04989378552657425   -0.09712905250285414   -0.02507424936475636   -0.20862542465332795
0.62004576714249  0.46589071737887444   0.22993522648191528   0.04604285015575204   -0.11535226803029452   -0.03850935370822209   -0.18223215527440378
0.6241724900797021  0.46679985525221784   0.21684124667341603   0.042256802852628825   -0.13093979808499237   -0.0378604730312321   -0.15587530054697868
0.6280441732118262  0.4675945397866427   0.202443848933389   0.03952398485075487   -0.1439739774002704   -0.027328180018739635   -0.13034179315278016
0.6318000879564557  0.46830514521397343   0.18698620042779138   0.03822545701790667   -0.154576485055976   -0.012985278328482014   -0.10602507655705591
0.6355682638018162  0.46895468436345145   0.17069749630378905   0.03823748201472349   -0.16288704124002337   0.0001202499681682765   -0.0831055618404738
0.6394367533186304  0.4695543661152528   0.15379292960059002   0.03914694029569111   -0.16904566703199048   0.009094582809676153   -0.06158625791967132
0.6434446323660603  0.4701047598350596   0.13647427810693666   0.040454947417628645   -0.17318651493653336   0.013080071219375341   -0.041408479045428596
0.6475874050254702  0.4705997991279137   0.11893074949792326   0.04172245104140434   -0.17543528609013412   0.012675036237756992   -0.022487711536007475
0.6518307648952685  0.471031299542808   0.10134004049460339   0.04265242735492149   -0.1759070900331987   0.009299763135171358   -0.004718039430646016
0.656127790739016  0.47139253604021975   0.08386943064536709   0.04312183079241394   -0.17470609849236293   0.004694034374924604   0.01200991540835788
0.6604353689965367  0.4716801072115057   0.06666044724037005   0.04317166619812168   -0.17208983404997033   0.0004983540570773986   0.026162644423926146
0.6647268032950885  0.47189430068207266   0.04987047575404618   0.04296776370911213   -0.16789971486323874   -0.002039024890095552   0.04190119186731564
0.6689985708285201  0.472038011491099   0.033629318109106805   0.04274184209449901   -0.16241157644939375   -0.0022592161461312036   0.05488138413845013
0.6732694272152362  0.4721151669459276   0.018063605019234086   0.04271553258495535   -0.15565713089872718   -0.00026309509543653045   0.06754445550666538
0.6775737451763952  0.4721293978008343   0.0033061691037321065   0.0430434148598692   -0.14757435915501982   0.0032788227491385097   0.08082771743707368
0.6819419991492778  0.4720834711665305   -0.010513340680381658   0.04368495396282645   -0.13819509784113765   0.006415391029572462   0.09379261313882196
0.6863920970463051  0.47197990792676564   -0.023267926211395194   0.04451302802299302   -0.12754585531013538   0.008280740601665677   0.10649242531002266
0.6909250584179136  0.4718219477978695   -0.034832910491559926   0.045357127553248305   -0.11564984280164728   0.0084409953025529   0.11896012508488078
0.6955273256205173  0.471614312523558   -0.04508529394173173   0.04606948644309088   -0.10252383450171804   0.007123588898425851   0.13126008299929254
0.7001787508004195  0.47136334155906856   -0.05390344582553812   0.04658190918075817   -0.08818151883806395   0.005124227376672766   0.1434231566365409
0.7048636310602248  0.47107642490339047   -0.06116671724936491   0.04693657871641195   -0.07263271423826784   0.0035466953565378035   0.15548804599796112
0.7095810695382753  0.47076104392085494   -0.06675495088886176   0.04727969009874921   -0.05588233639496847   0.0034311138233726144   0.16750377843299363
0.7143498705396545  0.4704240531530772   -0.0705484470910465   0.04780693021761858   -0.03793496202184749   0.00527240118869373   0.17947374373120978
0.7192034592830068  0.4700719016007544   -0.07242796661094325   0.048663471316172345   -0.018795195198967572   0.008565410985537631   0.19139766822879922
0.7241736429851562  0.46971205360141494   -0.072275236098155   0.04983193415445615   0.0015273051278825974   0.011684628382838062   0.2032250032685017
0.7292690269838711  0.4693549263214776   -0.06997396381124639   0.051078839051447875   0.02301272286908619   0.012469048969917225   0.2148541774120359
0.7344613343753176  0.4690148041193824   -0.06541156897355511   0.05203435322902348   0.045623948376912624   0.009555141775756025   0.2261122550782643
0.739690930220095  0.46870861715434065   -0.05848211320345291   0.05238551627814329   0.06929455770102214   0.003511630491198183   0.2367060932410951
0.7448829233061199  0.46845353741229856   -0.049089974824731875   0.05198255272697716   0.09392138378721022   -0.004029635511661298   0.246268260861881
0.7499655752388218  0.4682646079939268   -0.037154319715304765   0.050861621085181365   0.11935655109427115   -0.011209316417958007   0.2543516730706092
0.7549006386179923  0.4681529898730643   -0.022613507782854952   0.04936325471576525   0.14540811932449815   -0.014983663694161152   0.26051568230227024
0.7596945086630187  0.46812696402807064   -0.005428930917982305   0.047939406914571665   0.17184576864872644   -0.014238478011935783   0.2643764932422828
0.7643874559329349  0.46819460363191934   0.014412035087149357   0.046934346905250175   0.1984096600513166   -0.010050600093214988   0.26563891402590156
0.7690295501593076  0.4683659487484475   0.03689441795857686   0.04645255424137791   0.2248238287142751   -0.004817926638722536   0.2641416866295844
0.7736585443430384  0.4686531951653751   0.061974277406716245   0.046378979782926225   0.25079859448139374   -0.0007357445845169508   0.25974765767118696
0.7782892138069154  0.46906911409586993   0.08957794650534637   0.04649310512369203   0.2760366909863012   0.0011412534076580948   0.25238096504907426
0.7829140265298008  0.469624902865233   0.11960184328005156   0.046580890800749904   0.300238967747052   0.0008778567705786872   0.2420227676075077
0.7875093761392509  0.4703284125333263   0.1519121892596805   0.0464888845705882   0.3231034597962894   -0.0009200623016170698   0.22864492049237434
0.7920411392513409  0.4711827970316059   0.18634516928295217   0.04611599481199512   0.3443298002327168   -0.0037288975859307754   0.21226340436427413
0.7964665336166026  0.4721849898788395   0.2227075335593583   0.04537455872086898   0.3636236427640612   -0.007414360911261417   0.19293842531344432
0.8007337479391713  0.47332371791771655   0.2607783360674163   0.044165393263571925   0.38070802508058027   -0.0120916545729705   0.170843823165191
0.8047835912305921  0.4745778615957673   0.3003110424454933   0.042395880755401   0.3953270637807693   -0.017695125081709256   0.1461903870018899
0.808557193652155  0.4759171286829664   0.3410370573308817   0.0400421172852779   0.40726014885388445   -0.023537634701230978   0.11933085073115146
0.8120091140917417  0.4773065676967808   0.3826699205430682   0.03721061071031532   0.41632863212186483   -0.028315065749625862   0.09068483267980379
0.81512061273549  0.47871444381348344   0.4249104355966716   0.034151923767232556   0.4224051505360342   -0.030586869430827616   0.060765184141693365
0.8179069268883087  0.48012085917385455   0.46744704651638   0.03121145739001347   0.42536610919708456   -0.029404663772190823   0.029609586610503502
0.8204159272196214  0.48152421855074373   0.5099781947821133   0.02874804376515003   0.4253114826573314   -0.024634136248634402   -0.0005462653975311663
0.8227190788338431  0.4829432584392397   0.5521951582918692   0.02705213774036137   0.42216963509755906   -0.016959060247886626   -0.031418475597723906
0.82489815923712  0.48441429835595673   0.5938003107417527   0.02629134808357961   0.41605152449883515   -0.0076078965678175615   -0.06118110598723841
0.8270316116271245  0.48598456749836516   0.6344953839916201   0.02649030819000875   0.4069507324986748   0.0019896010642913298   -0.09100792000160429
0.8291825621515219  0.4877027569492156   0.6740116934101095   0.027529553478796813   0.3951630941848946   0.010392452887880679   -0.11787638313780212
0.831393759831948  0.489611353953319   0.7120793985549029   0.029209823186719035   0.38067705144793273   0.01680269707922222   -0.14486042736961757
0.8336889259503479  0.4917429702122447   0.7484694208661715   0.03132343433655981   0.3639002231126869   0.021136111498407772   -0.16776828335245894
0.8360771781620709  0.49411975978992045   0.7829925996177655   0.033694031108414575   0.34523178751594025   0.023705967718547646   -0.18668435596746663
0.8385575783705481  0.4967539853504715   0.8154646831670886   0.03618221869658352   0.32472083549323044   0.024881875881689466   -0.20510952022709764
0.8411216433399885  0.4996478808713964   0.8457558601696337   0.038664014863358985   0.3029117700254513   0.024817961667754677   -0.21809065467779198
0.8437530834814541  0.5027907858579672   0.8737429908245301   0.04099064402120121   0.27987130654896464   0.023266291578422138   -0.2304046347648665
0.846426306295316  0.5061551121558444   0.8993696629670747   0.04297070124065846   0.25626672142544515   0.019800572194572503   -0.2360458512351945
0.8491046840678936  0.509691866562789   0.9226407043736995   0.04436478246050604   0.232710414066248   0.013940812198475903   -0.23556307359197137
0.8517453659535862  0.5133347733258771   0.9435647022412367   0.04499330006342922   0.20923997867537214   0.006285176029231728   -0.234704353908759
0.8543078877279089  0.5170122590409252   0.9622121410198508   0.04482233709687759   0.1864743877861401   -0.0017096296655161808   -0.22765590889232065
0.8567626620346181  0.5206615513912055   0.9786481674443802   0.043980963557764964   0.16436026424529424   -0.008413735391126368   -0.22114123540845837
0.8590947492229335  0.5242382549506787   0.993001413657863   0.042698289200215886   0.14353246213482926   -0.012826743575490766   -0.20827802110464996
0.8612989960164847  0.5277124922369538   1.0054268708698457   0.04114490083622116   0.12425457211982449   -0.015533883639947269   -0.19277890015004748
0.8633739606319387  0.5310614632526465   1.0161020619921264   0.03939680827089413   0.10675191122280796   -0.017480925653270262   -0.17502660897016525
0.8653158817104898  0.534260508602455   1.0252226906448063   0.03742318616239396   0.09120628652680163   -0.019736221085001768   -0.15545624696006327
0.8671161952959678  0.537279053622239   1.0330150566440395   0.03514646929994494   0.07792365999233032   -0.022767168624490228   -0.13282626534471315
0.868764069597984  0.5400843944646913   1.0396885221255705   0.03253525312269134   0.06673465481530944   -0.02611216177253595   -0.11189005177020882
0.8702533363236287  0.542653433276745   1.0454385243525113   0.029694908314307152   0.05750002226941037   -0.02840344808384185   -0.0923463254589907
0.8715917647408047  0.544989476672435   1.0505065054303686   0.026923018728312865   0.050679810778570034   -0.02771889585994289   -0.06820211490840333
0.8728113931126585  0.547141074442062   1.0551102549542963   0.024732299382982725   0.04603749523927963   -0.021907193453301416   -0.04642315539290407
0.8739758348423687  0.5492162654935809   1.059451935225621   0.0237956770069573   0.04341680271324553   -0.00936622376025423   -0.02620692526034104
0.8751831540550455  0.5513894131261141   1.0636925576313283   0.02485998856412348   0.04240622405707248   0.010643115571661784   -0.01010578656173051
0.8765590280841216  0.5538914369711097   1.0680264830589288   0.028553725964944657   0.043339254276002735   0.03693737400821177   0.009330302189302603
0.8782347386784293  0.5569719332052764   1.072591188251411   0.03506773879877517   0.04564705192482557   0.06514012833830514   0.023077976488228336
0.8802964213126621  0.5608068237467357   1.0775138877161876   0.04353954610382506   0.0492269946477656   0.08471807305049887   0.03579942722940032
0.8827179056787087  0.5653693487278468   1.0828653599758042   0.05165289995563744   0.05351472259616726   0.08113353851812381   0.04287727948401668
0.8852100481180348  0.5701311907565263   1.0886383436668332   0.05374561697849372   0.05772983691028898   0.020927170228562872   0.04215114314121719
0.8876732986987934  0.5749093986124922   1.0948117877614008   0.0537576726974148   0.06173444094567662   0.00012055718921076207   0.040046040353876426
0.8901058557068511  0.5797035996670755   1.10124967610539   0.053760298873069705   0.06437888343989229   2.626175654905546e-05   0.02644442494215662
0.8925076032373075  0.5845134709181639   1.107679117067409   0.053761745369825385   0.06429440962018614   1.4464967556806616e-05   -0.0008447381970615382
0.8948797783857265  0.589338068640702   1.1138240160174866   0.053762401470820724   0.06144898950077878   6.561009953361563e-06   -0.028454201194073558
0.8969439272495588  0.5935950797957096   1.1193159510066317   0.047310521563305515   0.05491934989144914   -0.06451879907515208   -0.06529639609329638
0.8984778015797618  0.596794744757618   1.1237755612337956   0.03548327257923073   0.04459610227164021   -0.11827248984074785   -0.10323247619808941
0.8994937479037883  0.5989310349240052   1.1268865328128348   0.023655617954951844   0.031109715790390437   -0.11827654624278888   -0.13486386481249768
0.9  0.6   1.128498344861224   0.011827838004534954   0.0161181204838942   -0.11827779950416888   -0.1499159530649624
0.9  0.6   1.128498344861224   0.0   -1.1277884883761893e-23   -0.11827838004534955   -0.161181204838942
