graph_load_time: 0.585215
n_generated: 114198
n_expanded: 59533
n_domCheck: 425214
rt_initHeu: 0.605942
rt_search: 3.09854
N: 32
Label: 234870
[281,240474,]
4181 4387 4593 4799 5005 5004 5003 5209 5208 5414 5413 5619 5618 5824 5823 6029 6028 6234 6233 6439 6645 6851 7057 7263 7469 7675 7674 7880 8086 8292 8498 8704 8910 9116 9322 9528 9734 9940 9941 10147 10353 10354 10560 10561 10767 10973 10974 11180 11386 11592 11798 12004 12210 12416 12622 12828 13034 13240 13446 13652 13858 14064 14270 14476 14475 14474 14473 14472 14471 14677 14676 14675 14881 14880 15086 15085 15291 15290 15496 15495 15701 15907 16113 16319 16525 16731 16937 17143 17144 17350 17556 17557 17763 17969 17970 18176 18177 18383 18384 18590 18591 18592 18593 18594 18595 18596 18597 18598 18599 18805 18806 18807 19013 19014 19220 19221 19427 19428 19429 19635 19636 19637 19638 19639 19640 19641 19642 19848 19849 20055 20261 20467 20673 20879 21085 21086 21292 21293 21499 21705 21706 21912 21913 22119 22325 22531 22737 22943 23149 23355 23561 23767 23973 24179 24385 24384 24590 24796 25002 25001 25207 25413 25619 25825 26031 26030 26236 26442 26648 26647 26853 27059 27058 27264 27263 27469 27675 27674 27880 28086 28292 28498 28704 28910 29116 29322 29528 29734 29940 30146 30352 30558 30764 30970 31176 31382 31588 31589 31795 31796 32002 32208 32209 32415 32416 32622 32623 32829 32830 33036 33037 33243 33244 33450 33451 33657 33658 33864 33865 34071 34072 34278 34279 34280 34281 34282 34283 34284 34285 34286 34287 34288 34289 34495 34701 34702 34908 35114 35115 35321 35322 35323 35529 35530 35531 35532 35738 35739 35740 35741 35742 35948 35949 35950 35951 35952 36158 36159 36160 36161 36162 36163 36164 36165 36371 36577 36783 36784 36990 37196 37402 37403 37609 37815 37816 38022 38228 38229 38230 38231 38232 38233 
Label: 234010
[279,240524,]
4181 4387 4593 4799 5005 5004 5003 5209 5208 5414 5413 5619 5618 5824 5823 6029 6028 6234 6233 6439 6645 6851 7057 7263 7469 7675 7674 7880 8086 8292 8498 8704 8910 9116 9322 9528 9734 9940 9941 10147 10353 10354 10560 10561 10767 10973 11179 11385 11591 11797 12003 12209 12415 12621 12827 13033 13239 13445 13651 13857 14063 14269 14475 14474 14473 14472 14471 14677 14676 14675 14881 14880 15086 15085 15291 15290 15496 15495 15701 15907 16113 16319 16525 16731 16937 17143 17144 17350 17556 17557 17763 17969 17970 18176 18177 18383 18384 18590 18591 18592 18593 18594 18595 18596 18597 18598 18599 18805 18806 18807 19013 19014 19220 19221 19427 19428 19429 19635 19636 19637 19638 19639 19640 19641 19642 19848 19849 20055 20261 20467 20673 20879 21085 21086 21292 21293 21499 21705 21706 21912 21913 22119 22325 22531 22737 22943 23149 23355 23561 23767 23973 24179 24385 24384 24590 24796 25002 25001 25207 25413 25619 25825 26031 26030 26236 26442 26648 26647 26853 27059 27058 27264 27263 27469 27675 27674 27880 28086 28292 28498 28704 28910 29116 29322 29528 29734 29940 30146 30352 30558 30764 30970 31176 31382 31588 31589 31795 31796 32002 32208 32209 32415 32416 32622 32623 32829 32830 33036 33037 33243 33244 33450 33451 33657 33658 33864 33865 34071 34072 34278 34279 34280 34281 34282 34283 34284 34285 34286 34287 34288 34289 34495 34701 34702 34908 35114 35115 35321 35322 35323 35529 35530 35531 35532 35738 35739 35740 35741 35742 35948 35949 35950 35951 35952 36158 36159 36160 36161 36162 36163 36164 36165 36371 36577 36783 36784 36990 37196 37402 37403 37609 37815 37816 38022 38228 38229 38230 38231 38232 38233 
Label: 228718
[271,241897,]
4181 4387 4593 4799 5005 5004 5003 5209 5208 5414 5413 5619 5618 5824 5823 6029 6028 6234 6233 6439 6645 6851 7057 7263 7469 7675 7674 7880 8086 8292 8498 8704 8910 9116 9322 9528 9734 9940 9941 10147 10353 10354 10560 10766 10972 11178 11384 11590 11796 12002 12208 12414 12620 12826 13032 13238 13444 13650 13856 14062 14268 14474 14473 14472 14471 14677 14676 14675 14881 14880 15086 15085 15291 15497 15703 15909 16115 16321 16527 16733 16939 17145 17351 17557 17763 17969 17970 18176 18177 18383 18384 18590 18591 18592 18593 18594 18595 18596 18597 18598 18599 18805 18806 18807 19013 19014 19220 19221 19427 19428 19429 19635 19636 19637 19638 19639 19640 19641 19642 19848 19849 20055 20261 20467 20673 20879 21085 21086 21292 21293 21499 21705 21706 21912 22118 22324 22530 22736 22942 23148 23354 23560 23766 23972 24178 24384 24590 24796 25002 25001 25207 25413 25619 25825 26031 26030 26236 26442 26648 26647 26853 27059 27058 27264 27263 27469 27675 27674 27880 28086 28292 28498 28704 28910 29116 29322 29528 29734 29940 30146 30352 30558 30764 30970 31176 31382 31588 31589 31795 31796 32002 32208 32209 32415 32416 32622 32623 32829 32830 33036 33037 33243 33244 33450 33451 33657 33658 33864 33865 34071 34072 34278 34279 34280 34281 34282 34283 34284 34285 34286 34287 34288 34289 34495 34701 34702 34908 35114 35115 35321 35322 35323 35529 35530 35531 35532 35738 35739 35740 35741 35742 35948 35949 35950 35951 35952 36158 36159 36160 36161 36162 36163 36164 36165 36371 36577 36783 36784 36990 37196 37402 37403 37609 37815 37816 38022 38228 38229 38230 38231 38232 38233 
Label: 99397
[239,407953,]
4181 4387 4593 4799 5005 5004 5003 5209 5208 5414 5413 5619 5618 5824 5823 6029 6235 6441 6647 6853 7059 7265 7471 7677 7883 8089 8295 8501 8707 8913 9119 9325 9531 9737 9943 10149 10355 10561 10767 10973 10974 11180 11181 11387 11388 11389 11390 11596 11802 12008 12214 12420 12626 12832 13038 13244 13450 13656 13862 14068 14274 14480 14686 14892 15098 15304 15510 15716 15922 16128 16334 16540 16746 16952 17158 17364 17570 17776 17982 18188 18394 18600 18806 18807 19013 19014 19220 19221 19427 19428 19429 19635 19636 19637 19638 19639 19640 19641 19642 19848 19849 20055 20261 20467 20673 20879 21085 21086 21292 21293 21499 21705 21706 21912 21913 22119 22325 22531 22737 22943 23149 23355 23561 23767 23973 24179 24385 24591 24592 24593 24594 24595 24596 24597 24598 24599 24600 24601 24602 24603 24604 24605 24606 24607 24608 24814 24815 25021 25227 25228 25434 25640 25846 26052 26258 26464 26670 26876 27082 27288 27494 27700 27906 28112 28318 28524 28525 28731 28937 29143 29349 29555 29761 29967 30173 30379 30585 30791 30997 31203 31409 31615 31821 32027 32233 32439 32645 32851 33057 33263 33469 33675 33881 34087 34293 34499 34705 34911 35117 35323 35529 35530 35531 35532 35738 35739 35740 35741 35742 35948 35949 35950 35951 35952 36158 36159 36160 36161 36162 36163 36164 36165 36371 36577 36783 36784 36990 37196 37402 37403 37609 37815 37816 38022 38228 38229 38230 38231 38232 38233 
Label: 31541
[229,715306,]
4181 4182 4183 4184 4185 4186 4187 4188 4189 4190 4191 4192 4193 4194 4195 4196 4197 4198 4199 4200 4406 4612 4613 4819 5025 5026 5232 5438 5644 5850 5851 6057 6263 6469 6675 6881 7087 7293 7499 7705 7911 8117 8323 8529 8735 8941 9147 9353 9559 9765 9971 9972 9973 10179 10180 10181 10387 10593 10799 11005 11211 11417 11623 11829 12035 12241 12447 12653 12859 13065 13271 13477 13683 13889 14095 14301 14507 14508 14714 14920 14921 15127 15128 15129 15335 15336 15337 15543 15749 15955 16161 16367 16573 16779 16985 17191 17397 17603 17809 18015 18016 18222 18428 18634 18840 19046 19252 19458 19664 19870 20076 20282 20281 20487 20693 20899 21105 21311 21517 21723 21929 22135 22341 22547 22753 22959 23165 23371 23577 23783 23989 24195 24401 24607 24608 24814 24815 25021 25227 25228 25434 25640 25846 26052 26258 26464 26670 26876 27082 27288 27494 27700 27906 28112 28318 28524 28525 28731 28937 29143 29349 29555 29761 29967 30173 30379 30585 30791 30997 31203 31409 31615 31821 32027 32233 32439 32645 32851 33057 33263 33469 33675 33881 34087 34293 34499 34705 34911 35117 35323 35529 35530 35531 35532 35738 35739 35740 35741 35742 35948 35949 35950 35951 35952 36158 36159 36160 36161 36162 36163 36164 36165 36371 36577 36783 36784 36990 37196 37402 37403 37609 37815 37816 38022 38228 38229 38230 38231 38232 38233 
Label: 220911
[267,243554,]
4181 4387 4593 4799 5005 5004 5003 5209 5208 5414 5413 5619 5618 5824 5823 6029 6028 6234 6233 6439 6645 6851 7057 7263 7469 7675 7674 7880 8086 8292 8498 8704 8910 9116 9322 9528 9734 9940 9941 10147 10353 10559 10765 10971 11177 11383 11589 11795 12001 12207 12413 12619 12825 13031 13237 13443 13649 13855 14061 14267 14473 14472 14471 14677 14676 14675 14881 14880 15086 15085 15291 15497 15703 15909 16115 16321 16527 16733 16939 17145 17351 17557 17763 17969 17970 18176 18177 18383 18384 18590 18591 18592 18593 18594 18595 18596 18597 18598 18599 18805 18806 18807 19013 19014 19220 19221 19427 19428 19429 19635 19636 19637 19638 19639 19640 19641 19642 19848 19849 20055 20261 20467 20673 20879 21085 21086 21292 21293 21499 21705 21706 21912 22118 22324 22530 22736 22942 23148 23354 23560 23766 23972 24178 24384 24590 24796 25002 25001 25207 25413 25619 25825 26031 26030 26236 26442 26648 26647 26853 27059 27058 27264 27263 27469 27675 27881 28087 28293 28499 28705 28911 29117 29323 29529 29735 29941 30147 30353 30559 30765 30971 31177 31383 31589 31795 31796 32002 32208 32209 32415 32416 32622 32623 32829 32830 33036 33037 33243 33244 33450 33451 33657 33658 33864 33865 34071 34072 34278 34279 34280 34281 34282 34283 34284 34285 34286 34287 34288 34289 34495 34701 34702 34908 35114 35115 35321 35322 35323 35529 35530 35531 35532 35738 35739 35740 35741 35742 35948 35949 35950 35951 35952 36158 36159 36160 36161 36162 36163 36164 36165 36371 36577 36783 36784 36990 37196 37402 37403 37609 37815 37816 38022 38228 38229 38230 38231 38232 38233 
Label: 109829
[241,369421,]
4181 4387 4593 4799 5005 5004 5003 5209 5208 5414 5413 5619 5618 5824 5823 6029 6028 6234 6440 6646 6852 7058 7264 7470 7676 7882 8088 8294 8500 8706 8912 9118 9324 9530 9736 9942 10148 10354 10560 10561 10767 10973 10974 11180 11181 11387 11388 11389 11390 11596 11802 12008 12214 12420 12626 12832 13038 13244 13450 13656 13862 14068 14274 14480 14686 14892 15098 15304 15510 15716 15922 16128 16334 16540 16746 16952 17158 17364 17570 17776 17982 18188 18394 18600 18806 18807 19013 19014 19220 19221 19427 19428 19429 19635 19636 19637 19638 19639 19640 19641 19642 19848 19849 20055 20261 20467 20673 20879 21085 21086 21292 21293 21499 21705 21706 21912 21913 22119 22325 22531 22737 22943 23149 23355 23561 23767 23973 24179 24385 24591 24592 24593 24594 24595 24596 24597 24598 24599 24600 24601 24602 24603 24604 24605 24606 24607 24608 24814 24815 25021 25227 25228 25434 25640 25846 26052 26258 26464 26670 26876 27082 27288 27494 27700 27906 28112 28318 28524 28525 28731 28937 29143 29349 29555 29761 29967 30173 30379 30585 30791 30997 31203 31409 31615 31821 32027 32233 32439 32645 32851 33057 33263 33469 33675 33881 34087 34293 34499 34705 34911 35117 35323 35529 35530 35531 35532 35738 35739 35740 35741 35742 35948 35949 35950 35951 35952 36158 36159 36160 36161 36162 36163 36164 36165 36371 36577 36783 36784 36990 37196 37402 37403 37609 37815 37816 38022 38228 38229 38230 38231 38232 38233 
Label: 232018
[275,240773,]
4181 4387 4593 4799 5005 5004 5003 5209 5208 5414 5413 5619 5618 5824 5823 6029 6028 6234 6233 6439 6645 6851 7057 7263 7469 7675 7674 7880 8086 8292 8498 8704 8910 9116 9322 9528 9734 9940 9941 10147 10353 10354 10560 10766 10972 11178 11384 11590 11796 12002 12208 12414 12620 12826 13032 13238 13444 13650 13856 14062 14268 14474 14473 14472 14471 14677 14676 14675 14881 14880 15086 15085 15291 15290 15496 15702 15908 16114 16320 16526 16732 16938 17144 17350 17556 17557 17763 17969 17970 18176 18177 18383 18384 18590 18591 18592 18593 18594 18595 18596 18597 18598 18599 18805 18806 18807 19013 19014 19220 19221 19427 19428 19429 19635 19636 19637 19638 19639 19640 19641 19642 19848 19849 20055 20261 20467 20673 20879 21085 21086 21292 21293 21499 21705 21706 21912 21913 22119 22325 22531 22737 22943 23149 23355 23561 23767 23973 24179 24385 24384 24590 24796 25002 25001 25207 25413 25619 25825 26031 26030 26236 26442 26648 26647 26853 27059 27058 27264 27263 27469 27675 27674 27880 28086 28292 28498 28704 28910 29116 29322 29528 29734 29940 30146 30352 30558 30764 30970 31176 31382 31588 31589 31795 31796 32002 32208 32209 32415 32416 32622 32623 32829 32830 33036 33037 33243 33244 33450 33451 33657 33658 33864 33865 34071 34072 34278 34279 34280 34281 34282 34283 34284 34285 34286 34287 34288 34289 34495 34701 34702 34908 35114 35115 35321 35322 35323 35529 35530 35531 35532 35738 35739 35740 35741 35742 35948 35949 35950 35951 35952 36158 36159 36160 36161 36162 36163 36164 36165 36371 36577 36783 36784 36990 37196 37402 37403 37609 37815 37816 38022 38228 38229 38230 38231 38232 38233 
Label: 235730
[283,240431,]
4181 4387 4593 4799 5005 5004 5003 5209 5208 5414 5413 5619 5618 5824 5823 6029 6028 6234 6233 6439 6645 6851 7057 7263 7469 7675 7674 7880 8086 8292 8498 8704 8910 9116 9322 9528 9734 9940 9941 10147 10353 10354 10560 10561 10767 10973 10974 11180 11386 11592 11798 12004 12210 12416 12622 12828 13034 13240 13446 13652 13858 14064 14270 14476 14475 14474 14473 14472 14471 14677 14676 14675 14881 14880 15086 15085 15291 15290 15496 15495 15701 15907 16113 16319 16525 16731 16937 17143 17144 17350 17556 17557 17763 17969 17970 18176 18177 18383 18384 18590 18591 18592 18593 18594 18595 18596 18597 18598 18599 18805 18806 18807 19013 19014 19220 19221 19427 19428 19429 19635 19636 19637 19638 19639 19640 19641 19642 19848 19849 20055 20261 20467 20673 20879 21085 21086 21292 21293 21499 21705 21706 21912 21913 22119 22325 22531 22737 22943 23149 23355 23561 23767 23973 24179 24385 24384 24590 24796 25002 25001 25207 25413 25619 25825 26031 26030 26236 26442 26648 26647 26853 27059 27058 27264 27263 27469 27675 27674 27880 28086 28292 28498 28704 28910 29116 29322 29528 29527 29733 29939 30145 30351 30557 30763 30969 31175 31176 31382 31588 31589 31795 31796 32002 32208 32209 32415 32416 32622 32623 32829 32830 33036 33037 33243 33244 33450 33451 33657 33658 33864 33865 34071 34072 34278 34279 34280 34281 34282 34283 34284 34285 34286 34287 34288 34289 34495 34701 34702 34908 35114 35115 35321 35322 35323 35529 35530 35531 35532 35738 35739 35740 35741 35742 35948 35949 35950 35951 35952 36158 36159 36160 36161 36162 36163 36164 36165 36371 36577 36783 36784 36990 37196 37402 37403 37609 37815 37816 38022 38228 38229 38230 38231 38232 38233 
Label: 142433
[247,317411,]
4181 4387 4593 4799 5005 5004 5003 5209 5208 5414 5413 5619 5618 5824 5823 6029 6028 6234 6233 6439 6645 6851 7057 7263 7469 7675 7881 8087 8293 8499 8705 8911 9117 9323 9529 9735 9941 10147 10353 10354 10560 10561 10767 10973 10974 11180 11181 11387 11388 11389 11390 11596 11802 12008 12214 12420 12626 12832 13038 13244 13450 13656 13862 14068 14274 14480 14686 14892 15098 15304 15510 15716 15922 16128 16334 16540 16746 16952 17158 17364 17570 17776 17982 18188 18394 18600 18806 18807 19013 19014 19220 19221 19427 19428 19429 19635 19636 19637 19638 19639 19640 19641 19642 19848 19849 20055 20261 20467 20673 20879 21085 21086 21292 21293 21499 21705 21911 22117 22323 22529 22735 22941 23147 23353 23559 23765 23971 24177 24383 24589 24795 25001 25207 25413 25619 25825 26031 26030 26236 26442 26648 26647 26853 27059 27265 27471 27677 27883 28089 28295 28501 28707 28913 29119 29325 29531 29737 29943 30149 30355 30561 30767 30973 31179 31385 31591 31797 32003 32209 32415 32416 32622 32623 32829 32830 33036 33037 33243 33244 33450 33451 33657 33658 33864 33865 34071 34072 34278 34279 34280 34281 34282 34283 34284 34285 34286 34287 34288 34289 34495 34701 34702 34908 35114 35115 35321 35322 35323 35529 35530 35531 35532 35738 35739 35740 35741 35742 35948 35949 35950 35951 35952 36158 36159 36160 36161 36162 36163 36164 36165 36371 36577 36783 36784 36990 37196 37402 37403 37609 37815 37816 38022 38228 38229 38230 38231 38232 38233 
Label: 179013
[255,281533,]
4181 4387 4593 4799 5005 5004 5003 5209 5208 5414 5413 5619 5618 5824 5823 6029 6028 6234 6233 6439 6645 6851 7057 7263 7469 7675 7674 7880 8086 8292 8498 8704 8910 9116 9322 9528 9734 9940 10146 10352 10558 10764 10970 11176 11382 11588 11794 12000 12206 12412 12618 12824 13030 13236 13442 13648 13854 14060 14266 14472 14471 14677 14676 14675 14881 15087 15293 15499 15705 15911 16117 16323 16529 16735 16941 17147 17353 17559 17765 17971 18177 18383 18384 18590 18591 18592 18593 18594 18595 18596 18597 18598 18599 18805 18806 18807 19013 19014 19220 19221 19427 19428 19429 19635 19636 19637 19638 19639 19640 19641 19642 19848 19849 20055 20261 20467 20673 20879 21085 21086 21292 21293 21499 21705 21911 22117 22323 22529 22735 22941 23147 23353 23559 23765 23971 24177 24383 24589 24795 25001 25207 25413 25619 25825 26031 26030 26236 26442 26648 26647 26853 27059 27265 27471 27677 27883 28089 28295 28501 28707 28913 29119 29325 29531 29737 29943 30149 30355 30561 30767 30973 31179 31385 31591 31797 32003 32209 32415 32416 32622 32623 32829 32830 33036 33037 33243 33244 33450 33451 33657 33658 33864 33865 34071 34072 34278 34279 34280 34281 34282 34283 34284 34285 34286 34287 34288 34289 34495 34701 34702 34908 35114 35115 35321 35322 35323 35529 35530 35531 35532 35738 35739 35740 35741 35742 35948 35949 35950 35951 35952 36158 36159 36160 36161 36162 36163 36164 36165 36371 36577 36783 36784 36990 37196 37402 37403 37609 37815 37816 38022 38228 38229 38230 38231 38232 38233 
Label: 121825
[243,351013,]
4181 4387 4593 4799 5005 5004 5003 5209 5208 5414 5413 5619 5618 5824 5823 6029 6028 6234 6440 6646 6852 7058 7264 7470 7676 7882 8088 8294 8500 8706 8912 9118 9324 9530 9736 9942 10148 10354 10560 10561 10767 10973 10974 11180 11181 11387 11388 11389 11390 11596 11802 12008 12214 12420 12626 12832 13038 13244 13450 13656 13862 14068 14274 14480 14686 14892 15098 15304 15510 15716 15922 16128 16334 16540 16746 16952 17158 17364 17570 17776 17982 18188 18394 18600 18806 18807 19013 19014 19220 19221 19427 19428 19429 19635 19636 19637 19638 19639 19640 19641 19642 19848 19849 20055 20261 20467 20673 20879 21085 21086 21292 21498 21704 21910 22116 22322 22528 22734 22940 23146 23352 23558 23764 23970 24176 24382 24588 24794 25000 25206 25412 25618 25824 26030 26236 26442 26648 26647 26853 27059 27265 27471 27677 27883 28089 28295 28501 28707 28913 29119 29325 29531 29737 29943 30149 30355 30561 30767 30973 31179 31385 31591 31797 32003 32209 32415 32416 32622 32623 32829 32830 33036 33037 33243 33244 33450 33451 33657 33658 33864 33865 34071 34072 34278 34279 34280 34281 34282 34283 34284 34285 34286 34287 34288 34289 34495 34701 34702 34908 35114 35115 35321 35322 35323 35529 35530 35531 35532 35738 35739 35740 35741 35742 35948 35949 35950 35951 35952 36158 36159 36160 36161 36162 36163 36164 36165 36371 36577 36783 36784 36990 37196 37402 37403 37609 37815 37816 38022 38228 38229 38230 38231 38232 38233 
Label: 133577
[245,331457,]
4181 4387 4593 4799 5005 5004 5003 5209 5208 5414 5413 5619 5618 5824 5823 6029 6028 6234 6440 6646 6852 7058 7264 7470 7676 7882 8088 8294 8500 8706 8912 9118 9324 9530 9736 9942 10148 10354 10560 10561 10767 10973 10974 11180 11181 11387 11388 11389 11390 11596 11802 12008 12214 12420 12626 12832 13038 13244 13450 13656 13862 14068 14274 14480 14686 14892 15098 15304 15510 15716 15922 16128 16334 16540 16746 16952 17158 17364 17570 17776 17982 18188 18394 18600 18806 18807 19013 19014 19220 19221 19427 19428 19429 19635 19636 19637 19638 19639 19640 19641 19642 19848 19849 20055 20261 20467 20673 20879 21085 21086 21292 21293 21499 21705 21911 22117 22323 22529 22735 22941 23147 23353 23559 23765 23971 24177 24383 24589 24795 25001 25207 25413 25619 25825 26031 26030 26236 26442 26648 26647 26853 27059 27265 27471 27677 27883 28089 28295 28501 28707 28913 29119 29325 29531 29737 29943 30149 30355 30561 30767 30973 31179 31385 31591 31797 32003 32209 32415 32416 32622 32623 32829 32830 33036 33037 33243 33244 33450 33451 33657 33658 33864 33865 34071 34072 34278 34279 34280 34281 34282 34283 34284 34285 34286 34287 34288 34289 34495 34701 34702 34908 35114 35115 35321 35322 35323 35529 35530 35531 35532 35738 35739 35740 35741 35742 35948 35949 35950 35951 35952 36158 36159 36160 36161 36162 36163 36164 36165 36371 36577 36783 36784 36990 37196 37402 37403 37609 37815 37816 38022 38228 38229 38230 38231 38232 38233 
Label: 236530
[285,240423,]
4181 4387 4593 4799 5005 5004 5003 5209 5208 5414 5413 5619 5618 5824 5823 6029 6028 6234 6233 6439 6645 6851 7057 7263 7469 7675 7674 7880 8086 8292 8498 8704 8910 9116 9322 9528 9734 9940 9941 10147 10353 10354 10560 10561 10767 10973 10974 11180 11181 11387 11593 11799 12005 12211 12417 12623 12829 13035 13241 13447 13653 13859 14065 14271 14477 14476 14475 14474 14473 14472 14471 14677 14676 14675 14881 14880 15086 15085 15291 15290 15496 15495 15701 15907 16113 16319 16525 16731 16937 17143 17144 17350 17556 17557 17763 17969 17970 18176 18177 18383 18384 18590 18591 18592 18593 18594 18595 18596 18597 18598 18599 18805 18806 18807 19013 19014 19220 19221 19427 19428 19429 19635 19636 19637 19638 19639 19640 19641 19642 19848 19849 20055 20261 20467 20673 20879 21085 21086 21292 21293 21499 21705 21706 21912 21913 22119 22325 22531 22737 22943 23149 23355 23561 23767 23973 24179 24385 24384 24590 24796 25002 25001 25207 25413 25619 25825 26031 26030 26236 26442 26648 26647 26853 27059 27058 27264 27263 27469 27675 27674 27880 28086 28292 28498 28704 28910 29116 29322 29528 29527 29733 29939 30145 30351 30557 30763 30969 31175 31176 31382 31588 31589 31795 31796 32002 32208 32209 32415 32416 32622 32623 32829 32830 33036 33037 33243 33244 33450 33451 33657 33658 33864 33865 34071 34072 34278 34279 34280 34281 34282 34283 34284 34285 34286 34287 34288 34289 34495 34701 34702 34908 35114 35115 35321 35322 35323 35529 35530 35531 35532 35738 35739 35740 35741 35742 35948 35949 35950 35951 35952 36158 36159 36160 36161 36162 36163 36164 36165 36371 36577 36783 36784 36990 37196 37402 37403 37609 37815 37816 38022 38228 38229 38230 38231 38232 38233 
Label: 159417
[251,300335,]
4181 4387 4593 4799 5005 5004 5003 5209 5208 5414 5413 5619 5618 5824 5823 6029 6028 6234 6233 6439 6645 6851 7057 7263 7469 7675 7881 8087 8293 8499 8705 8911 9117 9323 9529 9735 9941 10147 10353 10354 10560 10561 10767 10973 10974 11180 11181 11387 11388 11389 11390 11596 11802 12008 12214 12420 12626 12832 13038 13244 13450 13656 13862 14068 14274 14480 14686 14892 15098 15304 15510 15716 15922 16128 16334 16540 16746 16952 17158 17364 17570 17776 17982 18188 18394 18600 18806 18807 19013 19014 19220 19221 19427 19428 19429 19635 19636 19637 19638 19639 19640 19641 19642 19848 19849 20055 20261 20467 20673 20879 21085 21086 21292 21293 21499 21705 21706 21912 22118 22324 22530 22736 22942 23148 23354 23560 23766 23972 24178 24384 24590 24796 25002 25001 25207 25413 25619 25825 26031 26030 26236 26442 26648 26647 26853 27059 27058 27264 27470 27676 27882 28088 28294 28500 28706 28912 29118 29324 29530 29736 29942 30148 30354 30560 30766 30972 31178 31384 31590 31796 32002 32208 32209 32415 32416 32622 32623 32829 32830 33036 33037 33243 33244 33450 33451 33657 33658 33864 33865 34071 34072 34278 34279 34280 34281 34282 34283 34284 34285 34286 34287 34288 34289 34495 34701 34702 34908 35114 35115 35321 35322 35323 35529 35530 35531 35532 35738 35739 35740 35741 35742 35948 35949 35950 35951 35952 36158 36159 36160 36161 36162 36163 36164 36165 36371 36577 36783 36784 36990 37196 37402 37403 37609 37815 37816 38022 38228 38229 38230 38231 38232 38233 
Label: 149937
[249,305120,]
4181 4387 4593 4799 5005 5004 5003 5209 5208 5414 5413 5619 5618 5824 5823 6029 6028 6234 6233 6439 6645 6851 7057 7263 7469 7675 7881 8087 8293 8499 8705 8911 9117 9323 9529 9735 9941 10147 10353 10354 10560 10561 10767 10973 10974 11180 11181 11387 11388 11389 11390 11596 11802 12008 12214 12420 12626 12832 13038 13244 13450 13656 13862 14068 14274 14480 14686 14892 15098 15304 15510 15716 15922 16128 16334 16540 16746 16952 17158 17364 17570 17776 17982 18188 18394 18600 18806 18807 19013 19014 19220 19221 19427 19428 19429 19635 19636 19637 19638 19639 19640 19641 19642 19848 19849 20055 20261 20467 20673 20879 21085 21086 21292 21293 21499 21705 21911 22117 22323 22529 22735 22941 23147 23353 23559 23765 23971 24177 24383 24589 24795 25001 25207 25413 25619 25825 26031 26030 26236 26442 26648 26647 26853 27059 27058 27264 27470 27676 27882 28088 28294 28500 28706 28912 29118 29324 29530 29736 29942 30148 30354 30560 30766 30972 31178 31384 31590 31796 32002 32208 32209 32415 32416 32622 32623 32829 32830 33036 33037 33243 33244 33450 33451 33657 33658 33864 33865 34071 34072 34278 34279 34280 34281 34282 34283 34284 34285 34286 34287 34288 34289 34495 34701 34702 34908 35114 35115 35321 35322 35323 35529 35530 35531 35532 35738 35739 35740 35741 35742 35948 35949 35950 35951 35952 36158 36159 36160 36161 36162 36163 36164 36165 36371 36577 36783 36784 36990 37196 37402 37403 37609 37815 37816 38022 38228 38229 38230 38231 38232 38233 
Label: 74789
[235,663793,]
4181 4387 4593 4799 5005 5004 5003 5209 5208 5414 5413 5619 5825 6031 6237 6443 6649 6855 7061 7267 7473 7679 7885 8091 8297 8503 8709 8915 9121 9327 9533 9739 9945 10151 10357 10563 10769 10975 11181 11387 11388 11389 11390 11596 11802 12008 12214 12420 12626 12832 13038 13244 13450 13656 13862 14068 14274 14480 14686 14892 15098 15304 15510 15716 15922 16128 16334 16540 16746 16952 17158 17364 17570 17776 17982 18188 18394 18600 18806 18807 19013 19014 19220 19221 19427 19428 19429 19635 19636 19637 19638 19639 19640 19641 19642 19848 19849 20055 20261 20467 20673 20879 21085 21086 21292 21293 21499 21705 21706 21912 21913 22119 22325 22531 22737 22943 23149 23355 23561 23767 23973 24179 24385 24591 24592 24593 24594 24595 24596 24597 24598 24599 24600 24601 24602 24603 24604 24605 24606 24607 24608 24814 24815 25021 25227 25228 25434 25640 25846 26052 26258 26464 26670 26876 27082 27288 27494 27700 27906 28112 28318 28524 28525 28731 28937 29143 29349 29555 29761 29967 30173 30379 30585 30791 30997 31203 31409 31615 31821 32027 32233 32439 32645 32851 33057 33263 33469 33675 33881 34087 34293 34499 34705 34911 35117 35323 35529 35530 35531 35532 35738 35739 35740 35741 35742 35948 35949 35950 35951 35952 36158 36159 36160 36161 36162 36163 36164 36165 36371 36577 36783 36784 36990 37196 37402 37403 37609 37815 37816 38022 38228 38229 38230 38231 38232 38233 
Label: 238082
[289,240419,]
4181 4387 4593 4799 5005 5004 5003 5209 5208 5414 5413 5619 5618 5824 5823 6029 6028 6234 6233 6439 6645 6851 7057 7263 7469 7675 7674 7880 8086 8292 8498 8704 8910 9116 9322 9528 9734 9940 9941 10147 10353 10354 10560 10561 10767 10973 10974 11180 11181 11387 11593 11799 12005 12211 12417 12623 12829 13035 13241 13447 13653 13859 14065 14271 14477 14476 14475 14474 14473 14472 14471 14677 14676 14675 14881 14880 15086 15085 15291 15290 15496 15495 15701 15907 16113 16112 16318 16524 16525 16731 16937 17143 17144 17350 17556 17557 17763 17969 17970 18176 18177 18383 18384 18590 18591 18592 18593 18594 18595 18596 18597 18598 18599 18805 18806 18807 19013 19014 19220 19221 19427 19428 19429 19635 19636 19637 19638 19639 19640 19641 19642 19848 19849 20055 20261 20467 20673 20879 21085 21086 21292 21293 21499 21705 21706 21912 21913 22119 22325 22531 22737 22943 23149 23355 23561 23767 23973 24179 24385 24384 24590 24796 25002 25001 25207 25413 25619 25825 26031 26030 26236 26442 26648 26647 26853 27059 27058 27264 27263 27469 27675 27674 27880 28086 28292 28498 28704 28910 29116 29322 29528 29527 29733 29939 29938 30144 30350 30556 30762 30763 30969 31175 31176 31382 31588 31589 31795 31796 32002 32208 32209 32415 32416 32622 32623 32829 32830 33036 33037 33243 33244 33450 33451 33657 33658 33864 33865 34071 34072 34278 34279 34280 34281 34282 34283 34284 34285 34286 34287 34288 34289 34495 34701 34702 34908 35114 35115 35321 35322 35323 35529 35530 35531 35532 35738 35739 35740 35741 35742 35948 35949 35950 35951 35952 36158 36159 36160 36161 36162 36163 36164 36165 36371 36577 36783 36784 36990 37196 37402 37403 37609 37815 37816 38022 38228 38229 38230 38231 38232 38233 
Label: 237318
[287,240420,]
4181 4387 4593 4799 5005 5004 5003 5209 5208 5414 5413 5619 5618 5824 5823 6029 6028 6234 6233 6439 6645 6851 7057 7263 7469 7675 7674 7880 8086 8292 8498 8704 8910 9116 9322 9528 9734 9940 9941 10147 10353 10354 10560 10561 10767 10973 10974 11180 11181 11387 11593 11799 12005 12211 12417 12623 12829 13035 13241 13447 13653 13859 14065 14271 14477 14476 14475 14474 14473 14472 14471 14677 14676 14675 14881 14880 15086 15085 15291 15290 15496 15495 15701 15907 16113 16319 16525 16731 16937 17143 17144 17350 17556 17557 17763 17969 17970 18176 18177 18383 18384 18590 18591 18592 18593 18594 18595 18596 18597 18598 18599 18805 18806 18807 19013 19014 19220 19221 19427 19428 19429 19635 19636 19637 19638 19639 19640 19641 19642 19848 19849 20055 20261 20467 20673 20879 21085 21086 21292 21293 21499 21705 21706 21912 21913 22119 22325 22531 22737 22943 23149 23355 23561 23767 23973 24179 24385 24384 24590 24796 25002 25001 25207 25413 25619 25825 26031 26030 26236 26442 26648 26647 26853 27059 27058 27264 27263 27469 27675 27674 27880 28086 28292 28498 28704 28910 29116 29322 29528 29527 29733 29939 29938 30144 30350 30556 30762 30763 30969 31175 31176 31382 31588 31589 31795 31796 32002 32208 32209 32415 32416 32622 32623 32829 32830 33036 33037 33243 33244 33450 33451 33657 33658 33864 33865 34071 34072 34278 34279 34280 34281 34282 34283 34284 34285 34286 34287 34288 34289 34495 34701 34702 34908 35114 35115 35321 35322 35323 35529 35530 35531 35532 35738 35739 35740 35741 35742 35948 35949 35950 35951 35952 36158 36159 36160 36161 36162 36163 36164 36165 36371 36577 36783 36784 36990 37196 37402 37403 37609 37815 37816 38022 38228 38229 38230 38231 38232 38233 
Label: 88461
[237,495131,]
4181 4387 4593 4799 5005 5004 5003 5209 5208 5414 5413 5619 5618 5824 6030 6236 6442 6648 6854 7060 7266 7472 7678 7884 8090 8296 8502 8708 8914 9120 9326 9532 9738 9944 10150 10356 10562 10768 10974 11180 11181 11387 11388 11389 11390 11596 11802 12008 12214 12420 12626 12832 13038 13244 13450 13656 13862 14068 14274 14480 14686 14892 15098 15304 15510 15716 15922 16128 16334 16540 16746 16952 17158 17364 17570 17776 17982 18188 18394 18600 18806 18807 19013 19014 19220 19221 19427 19428 19429 19635 19636 19637 19638 19639 19640 19641 19642 19848 19849 20055 20261 20467 20673 20879 21085 21086 21292 21293 21499 21705 21706 21912 21913 22119 22325 22531 22737 22943 23149 23355 23561 23767 23973 24179 24385 24591 24592 24593 24594 24595 24596 24597 24598 24599 24600 24601 24602 24603 24604 24605 24606 24607 24608 24814 24815 25021 25227 25228 25434 25640 25846 26052 26258 26464 26670 26876 27082 27288 27494 27700 27906 28112 28318 28524 28525 28731 28937 29143 29349 29555 29761 29967 30173 30379 30585 30791 30997 31203 31409 31615 31821 32027 32233 32439 32645 32851 33057 33263 33469 33675 33881 34087 34293 34499 34705 34911 35117 35323 35529 35530 35531 35532 35738 35739 35740 35741 35742 35948 35949 35950 35951 35952 36158 36159 36160 36161 36162 36163 36164 36165 36371 36577 36783 36784 36990 37196 37402 37403 37609 37815 37816 38022 38228 38229 38230 38231 38232 38233 
Label: 57309
[233,710318,]
4181 4182 4183 4184 4185 4186 4187 4188 4189 4190 4191 4192 4193 4194 4195 4196 4197 4198 4199 4200 4406 4612 4613 4819 5025 5026 5232 5438 5644 5850 5851 6057 6263 6469 6675 6881 7087 7293 7499 7705 7911 8117 8323 8529 8735 8941 9147 9353 9559 9765 9971 9972 9973 10179 10180 10181 10387 10593 10799 11005 11211 11417 11623 11829 12035 12241 12447 12653 12859 13065 13271 13477 13683 13889 14095 14301 14507 14508 14714 14920 14921 15127 15128 15129 15335 15336 15337 15543 15749 15955 16161 16367 16573 16779 16985 17191 17397 17603 17809 18015 18016 18222 18223 18429 18635 18841 19047 19253 19459 19665 19664 19870 20076 20282 20281 20487 20693 20899 21105 21311 21517 21723 21929 22135 22341 22547 22753 22959 23165 23371 23577 23783 23989 24195 24401 24607 24608 24814 24815 25021 25227 25228 25434 25640 25846 26052 26258 26464 26670 26876 27082 27288 27494 27700 27906 28112 28318 28524 28525 28731 28732 28938 29144 29350 29556 29762 29968 30174 30380 30586 30792 30998 31204 31410 31616 31822 32028 32234 32440 32439 32645 32851 33057 33263 33469 33675 33881 34087 34293 34499 34705 34911 35117 35323 35529 35530 35531 35532 35738 35739 35740 35741 35742 35948 35949 35950 35951 35952 36158 36159 36160 36161 36162 36163 36164 36165 36371 36577 36783 36784 36990 37196 37402 37403 37609 37815 37816 38022 38228 38229 38230 38231 38232 38233 
Label: 18417
[227,735258,]
4181 4182 4183 4184 4185 4186 4187 4188 4189 4190 4191 4192 4193 4194 4195 4196 4197 4198 4199 4200 4406 4612 4613 4819 5025 5026 5232 5438 5644 5850 5851 6057 6263 6469 6675 6881 7087 7293 7499 7705 7911 8117 8323 8529 8735 8941 9147 9353 9559 9765 9971 9972 9973 10179 10180 10181 10387 10593 10799 11005 11211 11417 11623 11829 12035 12241 12447 12653 12859 13065 13271 13477 13683 13889 14095 14301 14507 14508 14714 14920 14921 15127 15128 15129 15335 15336 15337 15543 15749 15955 16161 16367 16573 16779 16985 17191 17397 17603 17809 18015 18221 18427 18633 18839 19045 19251 19457 19663 19869 20075 20281 20487 20693 20899 21105 21311 21517 21723 21929 22135 22341 22547 22753 22959 23165 23371 23577 23783 23989 24195 24401 24607 24608 24814 24815 25021 25227 25228 25434 25640 25846 26052 26258 26464 26670 26876 27082 27288 27494 27700 27906 28112 28318 28524 28525 28731 28937 29143 29349 29555 29761 29967 30173 30379 30585 30791 30997 31203 31409 31615 31821 32027 32233 32439 32645 32851 33057 33263 33469 33675 33881 34087 34293 34499 34705 34911 35117 35323 35529 35530 35531 35532 35738 35739 35740 35741 35742 35948 35949 35950 35951 35952 36158 36159 36160 36161 36162 36163 36164 36165 36371 36577 36783 36784 36990 37196 37402 37403 37609 37815 37816 38022 38228 38229 38230 38231 38232 38233 
Label: 233058
[277,240576,]
4181 4387 4593 4799 5005 5004 5003 5209 5208 5414 5413 5619 5618 5824 5823 6029 6028 6234 6233 6439 6645 6851 7057 7263 7469 7675 7674 7880 8086 8292 8498 8704 8910 9116 9322 9528 9734 9940 9941 10147 10353 10354 10560 10561 10767 10973 11179 11385 11591 11797 12003 12209 12415 12621 12827 13033 13239 13445 13651 13857 14063 14269 14475 14474 14473 14472 14471 14677 14676 14675 14881 14880 15086 15085 15291 15290 15496 15702 15908 16114 16320 16526 16732 16938 17144 17350 17556 17557 17763 17969 17970 18176 18177 18383 18384 18590 18591 18592 18593 18594 18595 18596 18597 18598 18599 18805 18806 18807 19013 19014 19220 19221 19427 19428 19429 19635 19636 19637 19638 19639 19640 19641 19642 19848 19849 20055 20261 20467 20673 20879 21085 21086 21292 21293 21499 21705 21706 21912 21913 22119 22325 22531 22737 22943 23149 23355 23561 23767 23973 24179 24385 24384 24590 24796 25002 25001 25207 25413 25619 25825 26031 26030 26236 26442 26648 26647 26853 27059 27058 27264 27263 27469 27675 27674 27880 28086 28292 28498 28704 28910 29116 29322 29528 29734 29940 30146 30352 30558 30764 30970 31176 31382 31588 31589 31795 31796 32002 32208 32209 32415 32416 32622 32623 32829 32830 33036 33037 33243 33244 33450 33451 33657 33658 33864 33865 34071 34072 34278 34279 34280 34281 34282 34283 34284 34285 34286 34287 34288 34289 34495 34701 34702 34908 35114 35115 35321 35322 35323 35529 35530 35531 35532 35738 35739 35740 35741 35742 35948 35949 35950 35951 35952 36158 36159 36160 36161 36162 36163 36164 36165 36371 36577 36783 36784 36990 37196 37402 37403 37609 37815 37816 38022 38228 38229 38230 38231 38232 38233 
Label: 44317
[231,711687,]
4181 4182 4183 4184 4185 4186 4187 4188 4189 4190 4191 4192 4193 4194 4195 4196 4197 4198 4199 4200 4406 4612 4613 4819 5025 5026 5232 5438 5644 5850 5851 6057 6263 6469 6675 6881 7087 7293 7499 7705 7911 8117 8323 8529 8735 8941 9147 9353 9559 9765 9971 9972 9973 10179 10180 10181 10387 10593 10799 11005 11211 11417 11623 11829 12035 12241 12447 12653 12859 13065 13271 13477 13683 13889 14095 14301 14507 14508 14714 14920 14921 15127 15128 15129 15335 15336 15337 15543 15749 15955 16161 16367 16573 16779 16985 17191 17397 17603 17809 18015 18016 18222 18223 18429 18635 18841 19047 19253 19459 19665 19664 19870 20076 20282 20281 20487 20693 20899 21105 21311 21517 21723 21929 22135 22341 22547 22753 22959 23165 23371 23577 23783 23989 24195 24401 24607 24608 24814 24815 25021 25227 25228 25434 25640 25846 26052 26258 26464 26670 26876 27082 27288 27494 27700 27906 28112 28318 28524 28525 28731 28937 29143 29349 29555 29761 29967 30173 30379 30585 30791 30997 31203 31409 31615 31821 32027 32233 32439 32645 32851 33057 33263 33469 33675 33881 34087 34293 34499 34705 34911 35117 35323 35529 35530 35531 35532 35738 35739 35740 35741 35742 35948 35949 35950 35951 35952 36158 36159 36160 36161 36162 36163 36164 36165 36371 36577 36783 36784 36990 37196 37402 37403 37609 37815 37816 38022 38228 38229 38230 38231 38232 38233 
Label: 230639
[273,241264,]
4181 4387 4593 4799 5005 5004 5003 5209 5208 5414 5413 5619 5618 5824 5823 6029 6028 6234 6233 6439 6645 6851 7057 7263 7469 7675 7674 7880 8086 8292 8498 8704 8910 9116 9322 9528 9734 9940 9941 10147 10353 10354 10560 10766 10972 11178 11384 11590 11796 12002 12208 12414 12620 12826 13032 13238 13444 13650 13856 14062 14268 14474 14473 14472 14471 14677 14676 14675 14881 14880 15086 15085 15291 15497 15703 15909 16115 16321 16527 16733 16939 17145 17351 17557 17763 17969 17970 18176 18177 18383 18384 18590 18591 18592 18593 18594 18595 18596 18597 18598 18599 18805 18806 18807 19013 19014 19220 19221 19427 19428 19429 19635 19636 19637 19638 19639 19640 19641 19642 19848 19849 20055 20261 20467 20673 20879 21085 21086 21292 21293 21499 21705 21706 21912 21913 22119 22325 22531 22737 22943 23149 23355 23561 23767 23973 24179 24385 24384 24590 24796 25002 25001 25207 25413 25619 25825 26031 26030 26236 26442 26648 26647 26853 27059 27058 27264 27263 27469 27675 27674 27880 28086 28292 28498 28704 28910 29116 29322 29528 29734 29940 30146 30352 30558 30764 30970 31176 31382 31588 31589 31795 31796 32002 32208 32209 32415 32416 32622 32623 32829 32830 33036 33037 33243 33244 33450 33451 33657 33658 33864 33865 34071 34072 34278 34279 34280 34281 34282 34283 34284 34285 34286 34287 34288 34289 34495 34701 34702 34908 35114 35115 35321 35322 35323 35529 35530 35531 35532 35738 35739 35740 35741 35742 35948 35949 35950 35951 35952 36158 36159 36160 36161 36162 36163 36164 36165 36371 36577 36783 36784 36990 37196 37402 37403 37609 37815 37816 38022 38228 38229 38230 38231 38232 38233 
Label: 169273
[253,296595,]
4181 4387 4593 4799 5005 5004 5003 5209 5208 5414 5413 5619 5618 5824 5823 6029 6028 6234 6233 6439 6645 6851 7057 7263 7469 7675 7881 8087 8293 8499 8705 8911 9117 9323 9529 9735 9941 10147 10353 10354 10560 10561 10767 10973 10974 11180 11181 11387 11388 11389 11390 11596 11802 12008 12214 12420 12626 12832 13038 13244 13450 13656 13862 14068 14274 14480 14686 14892 15098 15304 15510 15716 15922 16128 16334 16540 16746 16952 17158 17364 17570 17776 17982 18188 18394 18600 18806 18807 19013 19014 19220 19221 19427 19428 19429 19635 19636 19637 19638 19639 19640 19641 19642 19848 19849 20055 20261 20467 20673 20879 21085 21086 21292 21293 21499 21705 21706 21912 22118 22324 22530 22736 22942 23148 23354 23560 23766 23972 24178 24384 24590 24796 25002 25001 25207 25413 25619 25825 26031 26030 26236 26442 26648 26647 26853 27059 27058 27264 27263 27469 27675 27881 28087 28293 28499 28705 28911 29117 29323 29529 29735 29941 30147 30353 30559 30765 30971 31177 31383 31589 31795 31796 32002 32208 32209 32415 32416 32622 32623 32829 32830 33036 33037 33243 33244 33450 33451 33657 33658 33864 33865 34071 34072 34278 34279 34280 34281 34282 34283 34284 34285 34286 34287 34288 34289 34495 34701 34702 34908 35114 35115 35321 35322 35323 35529 35530 35531 35532 35738 35739 35740 35741 35742 35948 35949 35950 35951 35952 36158 36159 36160 36161 36162 36163 36164 36165 36371 36577 36783 36784 36990 37196 37402 37403 37609 37815 37816 38022 38228 38229 38230 38231 38232 38233 
Label: 196221
[259,256986,]
4181 4387 4593 4799 5005 5004 5003 5209 5208 5414 5413 5619 5618 5824 5823 6029 6028 6234 6233 6439 6645 6851 7057 7263 7469 7675 7674 7880 8086 8292 8498 8704 8910 9116 9322 9528 9734 9940 10146 10352 10558 10764 10970 11176 11382 11588 11794 12000 12206 12412 12618 12824 13030 13236 13442 13648 13854 14060 14266 14472 14471 14677 14676 14675 14881 14880 15086 15292 15498 15704 15910 16116 16322 16528 16734 16940 17146 17352 17558 17764 17970 18176 18177 18383 18384 18590 18591 18592 18593 18594 18595 18596 18597 18598 18599 18805 18806 18807 19013 19014 19220 19221 19427 19428 19429 19635 19636 19637 19638 19639 19640 19641 19642 19848 19849 20055 20261 20467 20673 20879 21085 21086 21292 21293 21499 21705 21911 22117 22323 22529 22735 22941 23147 23353 23559 23765 23971 24177 24383 24589 24795 25001 25207 25413 25619 25825 26031 26030 26236 26442 26648 26647 26853 27059 27058 27264 27470 27676 27882 28088 28294 28500 28706 28912 29118 29324 29530 29736 29942 30148 30354 30560 30766 30972 31178 31384 31590 31796 32002 32208 32209 32415 32416 32622 32623 32829 32830 33036 33037 33243 33244 33450 33451 33657 33658 33864 33865 34071 34072 34278 34279 34280 34281 34282 34283 34284 34285 34286 34287 34288 34289 34495 34701 34702 34908 35114 35115 35321 35322 35323 35529 35530 35531 35532 35738 35739 35740 35741 35742 35948 35949 35950 35951 35952 36158 36159 36160 36161 36162 36163 36164 36165 36371 36577 36783 36784 36990 37196 37402 37403 37609 37815 37816 38022 38228 38229 38230 38231 38232 38233 
Label: 188197
[257,269242,]
4181 4387 4593 4799 5005 5004 5003 5209 5208 5414 5413 5619 5618 5824 5823 6029 6028 6234 6233 6439 6645 6851 7057 7263 7469 7675 7674 7880 8086 8292 8498 8704 8910 9116 9322 9528 9734 9940 10146 10352 10558 10764 10970 11176 11382 11588 11794 12000 12206 12412 12618 12824 13030 13236 13442 13648 13854 14060 14266 14472 14471 14677 14676 14675 14881 15087 15293 15499 15705 15911 16117 16323 16529 16735 16941 17147 17353 17559 17765 17971 18177 18383 18384 18590 18591 18592 18593 18594 18595 18596 18597 18598 18599 18805 18806 18807 19013 19014 19220 19221 19427 19428 19429 19635 19636 19637 19638 19639 19640 19641 19642 19848 19849 20055 20261 20467 20673 20879 21085 21086 21292 21293 21499 21705 21911 22117 22323 22529 22735 22941 23147 23353 23559 23765 23971 24177 24383 24589 24795 25001 25207 25413 25619 25825 26031 26030 26236 26442 26648 26647 26853 27059 27058 27264 27470 27676 27882 28088 28294 28500 28706 28912 29118 29324 29530 29736 29942 30148 30354 30560 30766 30972 31178 31384 31590 31796 32002 32208 32209 32415 32416 32622 32623 32829 32830 33036 33037 33243 33244 33450 33451 33657 33658 33864 33865 34071 34072 34278 34279 34280 34281 34282 34283 34284 34285 34286 34287 34288 34289 34495 34701 34702 34908 35114 35115 35321 35322 35323 35529 35530 35531 35532 35738 35739 35740 35741 35742 35948 35949 35950 35951 35952 36158 36159 36160 36161 36162 36163 36164 36165 36371 36577 36783 36784 36990 37196 37402 37403 37609 37815 37816 38022 38228 38229 38230 38231 38232 38233 
Label: 203909
[261,252201,]
4181 4387 4593 4799 5005 5004 5003 5209 5208 5414 5413 5619 5618 5824 5823 6029 6028 6234 6233 6439 6645 6851 7057 7263 7469 7675 7674 7880 8086 8292 8498 8704 8910 9116 9322 9528 9734 9940 10146 10352 10558 10764 10970 11176 11382 11588 11794 12000 12206 12412 12618 12824 13030 13236 13442 13648 13854 14060 14266 14472 14471 14677 14676 14675 14881 14880 15086 15292 15498 15704 15910 16116 16322 16528 16734 16940 17146 17352 17558 17764 17970 18176 18177 18383 18384 18590 18591 18592 18593 18594 18595 18596 18597 18598 18599 18805 18806 18807 19013 19014 19220 19221 19427 19428 19429 19635 19636 19637 19638 19639 19640 19641 19642 19848 19849 20055 20261 20467 20673 20879 21085 21086 21292 21293 21499 21705 21706 21912 22118 22324 22530 22736 22942 23148 23354 23560 23766 23972 24178 24384 24590 24796 25002 25001 25207 25413 25619 25825 26031 26030 26236 26442 26648 26647 26853 27059 27058 27264 27470 27676 27882 28088 28294 28500 28706 28912 29118 29324 29530 29736 29942 30148 30354 30560 30766 30972 31178 31384 31590 31796 32002 32208 32209 32415 32416 32622 32623 32829 32830 33036 33037 33243 33244 33450 33451 33657 33658 33864 33865 34071 34072 34278 34279 34280 34281 34282 34283 34284 34285 34286 34287 34288 34289 34495 34701 34702 34908 35114 35115 35321 35322 35323 35529 35530 35531 35532 35738 35739 35740 35741 35742 35948 35949 35950 35951 35952 36158 36159 36160 36161 36162 36163 36164 36165 36371 36577 36783 36784 36990 37196 37402 37403 37609 37815 37816 38022 38228 38229 38230 38231 38232 38233 
Label: 210269
[263,248461,]
4181 4387 4593 4799 5005 5004 5003 5209 5208 5414 5413 5619 5618 5824 5823 6029 6028 6234 6233 6439 6645 6851 7057 7263 7469 7675 7674 7880 8086 8292 8498 8704 8910 9116 9322 9528 9734 9940 10146 10352 10558 10764 10970 11176 11382 11588 11794 12000 12206 12412 12618 12824 13030 13236 13442 13648 13854 14060 14266 14472 14471 14677 14676 14675 14881 14880 15086 15292 15498 15704 15910 16116 16322 16528 16734 16940 17146 17352 17558 17764 17970 18176 18177 18383 18384 18590 18591 18592 18593 18594 18595 18596 18597 18598 18599 18805 18806 18807 19013 19014 19220 19221 19427 19428 19429 19635 19636 19637 19638 19639 19640 19641 19642 19848 19849 20055 20261 20467 20673 20879 21085 21086 21292 21293 21499 21705 21706 21912 22118 22324 22530 22736 22942 23148 23354 23560 23766 23972 24178 24384 24590 24796 25002 25001 25207 25413 25619 25825 26031 26030 26236 26442 26648 26647 26853 27059 27058 27264 27263 27469 27675 27881 28087 28293 28499 28705 28911 29117 29323 29529 29735 29941 30147 30353 30559 30765 30971 31177 31383 31589 31795 31796 32002 32208 32209 32415 32416 32622 32623 32829 32830 33036 33037 33243 33244 33450 33451 33657 33658 33864 33865 34071 34072 34278 34279 34280 34281 34282 34283 34284 34285 34286 34287 34288 34289 34495 34701 34702 34908 35114 35115 35321 35322 35323 35529 35530 35531 35532 35738 35739 35740 35741 35742 35948 35949 35950 35951 35952 36158 36159 36160 36161 36162 36163 36164 36165 36371 36577 36783 36784 36990 37196 37402 37403 37609 37815 37816 38022 38228 38229 38230 38231 38232 38233 
Label: 216009
[265,245617,]
4181 4387 4593 4799 5005 5004 5003 5209 5208 5414 5413 5619 5618 5824 5823 6029 6028 6234 6233 6439 6645 6851 7057 7263 7469 7675 7674 7880 8086 8292 8498 8704 8910 9116 9322 9528 9734 9940 10146 10352 10558 10764 10970 11176 11382 11588 11794 12000 12206 12412 12618 12824 13030 13236 13442 13648 13854 14060 14266 14472 14471 14677 14676 14675 14881 14880 15086 15085 15291 15497 15703 15909 16115 16321 16527 16733 16939 17145 17351 17557 17763 17969 17970 18176 18177 18383 18384 18590 18591 18592 18593 18594 18595 18596 18597 18598 18599 18805 18806 18807 19013 19014 19220 19221 19427 19428 19429 19635 19636 19637 19638 19639 19640 19641 19642 19848 19849 20055 20261 20467 20673 20879 21085 21086 21292 21293 21499 21705 21706 21912 22118 22324 22530 22736 22942 23148 23354 23560 23766 23972 24178 24384 24590 24796 25002 25001 25207 25413 25619 25825 26031 26030 26236 26442 26648 26647 26853 27059 27058 27264 27263 27469 27675 27881 28087 28293 28499 28705 28911 29117 29323 29529 29735 29941 30147 30353 30559 30765 30971 31177 31383 31589 31795 31796 32002 32208 32209 32415 32416 32622 32623 32829 32830 33036 33037 33243 33244 33450 33451 33657 33658 33864 33865 34071 34072 34278 34279 34280 34281 34282 34283 34284 34285 34286 34287 34288 34289 34495 34701 34702 34908 35114 35115 35321 35322 35323 35529 35530 35531 35532 35738 35739 35740 35741 35742 35948 35949 35950 35951 35952 36158 36159 36160 36161 36162 36163 36164 36165 36371 36577 36783 36784 36990 37196 37402 37403 37609 37815 37816 38022 38228 38229 38230 38231 38232 38233 
Label: 225070
[269,242600,]
4181 4387 4593 4799 5005 5004 5003 5209 5208 5414 5413 5619 5618 5824 5823 6029 6028 6234 6233 6439 6645 6851 7057 7263 7469 7675 7674 7880 8086 8292 8498 8704 8910 9116 9322 9528 9734 9940 9941 10147 10353 10559 10765 10971 11177 11383 11589 11795 12001 12207 12413 12619 12825 13031 13237 13443 13649 13855 14061 14267 14473 14472 14471 14677 14676 14675 14881 14880 15086 15085 15291 15497 15703 15909 16115 16321 16527 16733 16939 17145 17351 17557 17763 17969 17970 18176 18177 18383 18384 18590 18591 18592 18593 18594 18595 18596 18597 18598 18599 18805 18806 18807 19013 19014 19220 19221 19427 19428 19429 19635 19636 19637 19638 19639 19640 19641 19642 19848 19849 20055 20261 20467 20673 20879 21085 21086 21292 21293 21499 21705 21706 21912 22118 22324 22530 22736 22942 23148 23354 23560 23766 23972 24178 24384 24590 24796 25002 25001 25207 25413 25619 25825 26031 26030 26236 26442 26648 26647 26853 27059 27058 27264 27263 27469 27675 27674 27880 28086 28292 28498 28704 28910 29116 29322 29528 29734 29940 30146 30352 30558 30764 30970 31176 31382 31588 31589 31795 31796 32002 32208 32209 32415 32416 32622 32623 32829 32830 33036 33037 33243 33244 33450 33451 33657 33658 33864 33865 34071 34072 34278 34279 34280 34281 34282 34283 34284 34285 34286 34287 34288 34289 34495 34701 34702 34908 35114 35115 35321 35322 35323 35529 35530 35531 35532 35738 35739 35740 35741 35742 35948 35949 35950 35951 35952 36158 36159 36160 36161 36162 36163 36164 36165 36371 36577 36783 36784 36990 37196 37402 37403 37609 37815 37816 38022 38228 38229 38230 38231 38232 38233 
