graph_load_time: 0.293522
n_generated: 2917
n_expanded: 1155
n_domCheck: 5360
rt_initHeu: 0.285819
rt_search: 0.0274692
N: 4
Label: 2713
[206,697848,]
2500 2700 2900 3100 3300 3500 3700 3900 4100 4300 4500 4501 4701 4702 4902 4903 5103 5104 5304 5305 5306 5506 5507 5707 5708 5908 5909 5910 6110 6111 6311 6312 6313 6513 6514 6714 6715 6716 6916 6917 7117 7317 7517 7717 7917 8117 8317 8517 8717 8917 9117 9317 9517 9717 9917 10117 10317 10517 10717 10917 11117 11317 11517 11717 11917 12117 12317 12517 12717 12917 13117 13317 13517 13717 13917 14117 14317 14517 14717 14917 15117 15317 15517 15717 15917 15918 16118 16119 16319 16320 16520 16521 16721 16722 16723 16923 16924 16925 16926 17126 17127 17128 17129 17130 17330 17331 17332 17532 17533 17733 17734 17934 18134 18135 18335 18535 18735 18736 18936 19136 19336 19337 19537 19737 19738 19938 20138 20139 20339 20539 20540 20740 20940 20941 21141 21341 21342 21542 21742 21743 21943 21944 22144 22145 22146 22346 22347 22547 22548 22549 22749 22750 22950 22951 22952 23152 23153 23353 23354 23355 23555 23556 23557 23757 23758 23759 23959 23960 23961 24161 24162 24362 24363 24563 24564 24764 24765 24766 24966 24967 25167 25367 25368 25568 25768 25968 26168 26169 26369 26569 26769 26969 27169 27369 27569 27570 27571 27572 27573 27574 27575 27576 27577 27578 27579 27580 27581 
Label: 3405
[208,696376,]
2500 2700 2900 3100 3300 3500 3700 3900 4100 4300 4500 4501 4701 4702 4902 4903 5103 5104 5304 5305 5306 5506 5507 5707 5708 5908 5909 5910 6110 6111 6311 6312 6313 6513 6514 6714 6715 6716 6916 6917 7117 7317 7517 7717 7917 8117 8317 8517 8717 8917 9117 9317 9517 9717 9917 10117 10317 10517 10717 10917 11117 11317 11517 11516 11716 11916 12116 12316 12516 12716 12916 13116 13316 13516 13716 13916 14116 14316 14516 14716 14916 15116 15316 15516 15716 15717 15917 15918 16118 16119 16319 16320 16520 16521 16721 16722 16723 16923 16924 16925 16926 17126 17127 17128 17129 17130 17330 17331 17332 17532 17533 17733 17734 17934 18134 18135 18335 18535 18735 18736 18936 19136 19336 19337 19537 19737 19738 19938 20138 20139 20339 20539 20540 20740 20940 20941 21141 21341 21342 21542 21742 21743 21943 21944 22144 22145 22146 22346 22347 22547 22548 22549 22749 22750 22950 22951 22952 23152 23153 23353 23354 23355 23555 23556 23557 23757 23758 23759 23959 23960 23961 24161 24162 24362 24363 24563 24564 24764 24765 24766 24966 24967 25167 25367 25368 25568 25768 25968 26168 26169 26369 26569 26769 26969 27169 27369 27569 27570 27571 27572 27573 27574 27575 27576 27577 27578 27579 27580 27581 
Label: 4025
[210,695545,]
2500 2700 2900 3100 3300 3500 3700 3900 4100 4300 4500 4501 4701 4702 4902 4903 5103 5104 5304 5305 5306 5506 5507 5707 5708 5908 5909 5910 6110 6111 6311 6312 6313 6513 6514 6714 6715 6716 6916 6917 7117 7118 7318 7518 7718 7918 8118 8318 8518 8718 8918 9118 9318 9518 9718 9918 10118 10318 10518 10718 10918 10917 11117 11317 11517 11516 11716 11916 12116 12316 12516 12716 12916 13116 13316 13516 13716 13916 14116 14316 14516 14716 14916 15116 15316 15516 15716 15717 15917 15918 16118 16119 16319 16320 16520 16521 16721 16722 16723 16923 16924 16925 16926 17126 17127 17128 17129 17130 17330 17331 17332 17532 17533 17733 17734 17934 18134 18135 18335 18535 18735 18736 18936 19136 19336 19337 19537 19737 19738 19938 20138 20139 20339 20539 20540 20740 20940 20941 21141 21341 21342 21542 21742 21743 21943 21944 22144 22145 22146 22346 22347 22547 22548 22549 22749 22750 22950 22951 22952 23152 23153 23353 23354 23355 23555 23556 23557 23757 23758 23759 23959 23960 23961 24161 24162 24362 24363 24563 24564 24764 24765 24766 24966 24967 25167 25367 25368 25568 25768 25968 26168 26169 26369 26569 26769 26969 27169 27369 27569 27570 27571 27572 27573 27574 27575 27576 27577 27578 27579 27580 27581 
Label: 4613
[212,695358,]
2500 2700 2900 3100 3300 3500 3700 3900 4100 4300 4500 4501 4701 4702 4902 4903 5103 5104 5304 5305 5306 5506 5507 5707 5708 5908 5909 5910 6110 6111 6311 6312 6313 6513 6514 6714 6715 6716 6916 6917 7117 7118 7119 7319 7519 7719 7919 8119 8319 8519 8719 8919 9119 9319 9519 9719 9919 10119 10319 10318 10518 10718 10918 10917 11117 11317 11517 11516 11716 11916 12116 12316 12516 12716 12916 13116 13316 13516 13716 13916 14116 14316 14516 14716 14916 15116 15316 15516 15716 15717 15917 15918 16118 16119 16319 16320 16520 16521 16721 16722 16723 16923 16924 16925 16926 17126 17127 17128 17129 17130 17330 17331 17332 17532 17533 17733 17734 17934 18134 18135 18335 18535 18735 18736 18936 19136 19336 19337 19537 19737 19738 19938 20138 20139 20339 20539 20540 20740 20940 20941 21141 21341 21342 21542 21742 21743 21943 21944 22144 22145 22146 22346 22347 22547 22548 22549 22749 22750 22950 22951 22952 23152 23153 23353 23354 23355 23555 23556 23557 23757 23758 23759 23959 23960 23961 24161 24162 24362 24363 24563 24564 24764 24765 24766 24966 24967 25167 25367 25368 25568 25768 25968 26168 26169 26369 26569 26769 26969 27169 27369 27569 27570 27571 27572 27573 27574 27575 27576 27577 27578 27579 27580 27581 
