graph_load_time: 0.338131
n_generated: 197563
n_expanded: 103461
n_domCheck: 750897
rt_initHeu: 0.325725
rt_search: 3.1874
N: 37
Label: 405602
[387,336989,]
31381 31382 31383 31183 30983 30984 30784 30584 30585 30385 30185 29985 29785 29585 29385 29185 28985 28984 28983 28982 28981 28980 28979 28978 28977 28976 28975 28974 28774 28773 28772 28771 28770 28769 28569 28568 28567 28566 28565 28564 28563 28562 28362 28361 28161 28160 27960 27760 27759 27559 27558 27358 27357 27157 27156 26956 26955 26755 26754 26753 26752 26552 26551 26550 26549 26548 26547 26546 26545 26544 26543 26542 26541 26540 26340 26339 26338 26337 26336 26335 26334 26333 26332 26331 26330 26329 26328 26327 26326 26325 26324 26323 26322 26321 26320 26319 26318 26118 25918 25917 25717 25517 25317 25117 25116 24916 24716 24516 24316 24116 24115 23915 23914 23714 23713 23513 23512 23312 23311 23111 23110 23109 22909 22709 22509 22309 22109 21909 21709 21509 21309 21109 20909 20709 20509 20309 20109 19909 19709 19509 19309 19109 18909 18709 18509 18309 18109 17909 17709 17509 17309 17109 16909 16709 16509 16309 16109 15909 15709 15509 15309 15109 14909 14709 14509 14309 14109 13909 13709 13509 13309 13310 13110 13111 13112 12912 12712 12713 12513 12514 12314 12114 12115 11915 11715 11515 11315 11115 10915 10715 10515 10315 10115 9915 9715 9515 9315 9115 8915 8715 8515 8315 8115 8114 7914 7714 7713 7513 7512 7312 7311 7310 7309 7308 7307 7306 7305 7304 7303 7302 7301 7300 7500 7499 7498 7698 7697 7696 7896 7895 8095 8094 8294 8293 8292 8492 8491 8691 8690 8689 8688 8687 8887 9087 9287 9487 9687 9887 10087 10086 10286 10285 10284 10484 10483 10683 10682 10882 10881 10880 11080 11079 11279 11278 11277 11477 11476 11475 11675 11674 11874 11873 11872 11871 11870 11869 11868 11867 11866 11865 11864 11664 11464 11463 11263 11063 11062 10862 10861 10661 10461 10460 10459 10259 10258 10257 10256 10056 10055 10054 10053 10052 10051 9851 9850 9849 9848 9847 9846 9845 9645 9644 9643 9443 9442 9441 9241 9240 9040 8840 8640 8639 8439 8239 8039 8038 7838 7638 7438 7437 7237 7037 6837 6836 6636 6436 6435 6235 6234 6233 6033 6032 5832 5831 5830 5630 5629 5429 5428 5228 5028 4828 4628 4428 4228 4028 3828 3628 3428 3228 3028 2828 2628 2428 2228 2227 2226 2225 2224 2223 2222 2221 2220 2219 2218 2217 2216 2416 2415 2414 2413 2412 2411 2410 2409 2408 2407 2406 
Label: 403951
[385,337273,]
31381 31382 31383 31183 30983 30984 30784 30584 30585 30385 30185 29985 29785 29585 29385 29185 28985 28984 28983 28982 28981 28980 28979 28978 28977 28976 28975 28974 28774 28773 28772 28771 28770 28769 28569 28568 28567 28566 28565 28564 28563 28562 28362 28361 28161 28160 27960 27760 27759 27559 27558 27358 27357 27157 27156 26956 26955 26755 26754 26753 26752 26552 26551 26550 26549 26548 26547 26546 26545 26544 26543 26542 26541 26540 26340 26339 26338 26337 26336 26335 26334 26333 26332 26331 26330 26329 26328 26327 26326 26325 26324 26323 26322 26321 26320 26319 26318 26118 25918 25917 25717 25517 25317 25117 25116 24916 24716 24516 24316 24116 24115 23915 23914 23714 23713 23513 23512 23312 23311 23111 23110 23109 22909 22709 22509 22309 22109 21909 21709 21509 21309 21109 20909 20709 20509 20309 20109 19909 19709 19509 19309 19109 18909 18709 18509 18309 18109 17909 17709 17509 17309 17109 16909 16709 16509 16309 16109 15909 15709 15509 15309 15109 14909 14709 14509 14309 14109 13909 13709 13509 13309 13310 13110 13111 13112 12912 12712 12713 12513 12514 12314 12114 12115 11915 11715 11515 11315 11115 10915 10715 10515 10315 10115 9915 9715 9515 9315 9115 8915 8715 8515 8315 8115 8114 7914 7714 7713 7513 7512 7312 7311 7310 7309 7308 7307 7306 7305 7304 7303 7302 7301 7300 7500 7499 7498 7698 7697 7696 7896 7895 8095 8094 8294 8293 8292 8492 8491 8691 8690 8689 8688 8687 8887 9087 9287 9487 9687 9887 10087 10086 10286 10285 10284 10484 10483 10683 10682 10882 10881 10880 11080 11079 11279 11278 11277 11477 11476 11475 11675 11674 11673 11672 11671 11670 11669 11668 11667 11666 11665 11664 11464 11463 11263 11063 11062 10862 10861 10661 10461 10460 10459 10259 10258 10257 10256 10056 10055 10054 10053 10052 10051 9851 9850 9849 9848 9847 9846 9845 9645 9644 9643 9443 9442 9441 9241 9240 9040 8840 8640 8639 8439 8239 8039 8038 7838 7638 7438 7437 7237 7037 6837 6836 6636 6436 6435 6235 6234 6233 6033 6032 5832 5831 5830 5630 5629 5429 5428 5228 5028 4828 4628 4428 4228 4028 3828 3628 3428 3228 3028 2828 2628 2428 2228 2227 2226 2225 2224 2223 2222 2221 2220 2219 2218 2217 2216 2416 2415 2414 2413 2412 2411 2410 2409 2408 2407 2406 
Label: 348963
[359,362997,]
31381 31382 31383 31183 30983 30984 30784 30584 30384 30184 29984 29784 29584 29384 29184 28984 28983 28982 28981 28980 28979 28978 28977 28976 28975 28974 28774 28773 28772 28771 28770 28769 28569 28568 28567 28566 28565 28564 28563 28562 28362 28361 28161 28160 27960 27760 27759 27559 27558 27358 27357 27157 27156 26956 26955 26755 26754 26753 26752 26552 26551 26550 26549 26548 26547 26546 26545 26544 26543 26542 26541 26540 26340 26339 26338 26337 26336 26335 26334 26333 26332 26331 26330 26329 26328 26327 26326 26325 26324 26323 26322 26321 26320 26319 26318 26118 25918 25917 25717 25517 25317 25117 25116 24916 24716 24516 24316 24116 24115 23915 23914 23714 23713 23513 23512 23312 23311 23111 23110 22910 22710 22510 22310 22110 21910 21710 21510 21310 21110 20910 20710 20510 20310 20110 19910 19710 19510 19310 19110 18910 18710 18510 18310 18110 17910 17710 17510 17310 17110 16910 16710 16510 16310 16110 15910 15710 15510 15310 15110 14910 14710 14510 14310 14110 13910 13710 13510 13310 13110 13111 13112 12912 12712 12713 12513 12313 12113 11913 11713 11513 11313 11113 10913 10713 10513 10313 10113 9913 9713 9513 9313 9113 8913 8713 8513 8313 8113 7913 7713 7513 7512 7511 7510 7509 7508 7507 7506 7505 7504 7503 7502 7501 7500 7499 7498 7698 7697 7696 7896 7895 7894 7893 7892 7891 7890 7889 7888 7887 7886 7885 7884 7883 7882 7682 7482 7282 7082 6882 6682 6482 6282 6082 5882 5682 5482 5282 5082 4882 4682 4482 4282 4082 3882 3682 3482 3282 3082 2882 2881 2880 2680 2679 2479 2478 2477 2277 2276 2076 1876 1676 1675 1475 1275 1075 875 874 674 474 274 74 73 72 71 70 69 68 67 66 65 64 63 62 61 60 59 58 57 56 55 54 53 52 51 50 49 48 47 46 45 44 43 42 41 40 39 38 37 36 35 34 33 32 31 30 29 28 27 26 25 225 425 625 825 1025 1225 1425 1625 1624 1824 1823 2023 2022 2021 2020 2019 2219 2218 2217 2216 2416 2415 2414 2413 2412 2411 2410 2409 2408 2407 2406 
Label: 397620
[379,338693,]
31381 31382 31383 31183 30983 30984 30784 30584 30585 30385 30185 29985 29785 29585 29385 29185 28985 28984 28983 28982 28981 28980 28979 28978 28977 28976 28975 28974 28774 28773 28772 28771 28770 28769 28569 28568 28567 28566 28565 28564 28563 28562 28362 28361 28161 28160 27960 27760 27759 27559 27558 27358 27357 27157 27156 26956 26955 26755 26754 26753 26752 26552 26551 26550 26549 26548 26547 26546 26545 26544 26543 26542 26541 26540 26340 26339 26338 26337 26336 26335 26334 26333 26332 26331 26330 26329 26328 26327 26326 26325 26324 26323 26322 26321 26320 26319 26318 26118 25918 25917 25717 25517 25317 25117 25116 24916 24716 24516 24316 24116 24115 23915 23914 23714 23713 23513 23512 23312 23311 23111 23110 22910 22710 22510 22310 22110 21910 21710 21510 21310 21110 20910 20710 20510 20310 20110 19910 19710 19510 19310 19110 18910 18710 18510 18310 18110 17910 17710 17510 17310 17110 16910 16710 16510 16310 16110 15910 15710 15510 15310 15110 14910 14710 14510 14310 14110 13910 13710 13510 13310 13110 13111 13112 12912 12712 12713 12513 12514 12314 12114 11914 11714 11514 11314 11114 10914 10714 10514 10314 10114 9914 9714 9514 9314 9114 8914 8714 8514 8314 8114 7914 7714 7713 7513 7512 7511 7510 7509 7508 7507 7506 7505 7504 7503 7502 7501 7500 7499 7498 7698 7697 7696 7896 7895 8095 8094 8294 8293 8292 8492 8491 8691 8690 8689 8688 8687 8887 9087 9287 9487 9687 9887 10087 10086 10286 10285 10284 10484 10483 10683 10682 10882 10881 10880 11080 11079 11279 11278 11277 11477 11476 11475 11675 11674 11673 11672 11671 11670 11669 11668 11667 11666 11665 11664 11464 11463 11263 11063 11062 10862 10861 10661 10461 10460 10459 10259 10258 10257 10256 10056 10055 10054 10053 10052 10051 9851 9850 9849 9848 9847 9846 9845 9645 9644 9643 9443 9442 9441 9241 9240 9040 8840 8640 8639 8439 8239 8039 8038 7838 7638 7438 7437 7237 7037 6837 6836 6636 6436 6435 6235 6234 6233 6033 6032 5832 5831 5830 5630 5629 5429 5428 5228 5028 4828 4628 4428 4228 4028 3828 3628 3428 3228 3028 2828 2628 2428 2228 2227 2226 2225 2224 2223 2222 2221 2220 2219 2218 2217 2216 2416 2415 2414 2413 2412 2411 2410 2409 2408 2407 2406 
Label: 391875
[375,340630,]
31381 31382 31383 31183 30983 30984 30784 30584 30585 30385 30185 29985 29785 29585 29385 29185 28985 28984 28983 28982 28981 28980 28979 28978 28977 28976 28975 28974 28774 28773 28772 28771 28770 28769 28569 28568 28567 28566 28565 28564 28563 28562 28362 28361 28161 28160 27960 27760 27759 27559 27558 27358 27357 27157 27156 26956 26955 26755 26754 26753 26752 26552 26551 26550 26549 26548 26547 26546 26545 26544 26543 26542 26541 26540 26340 26339 26338 26337 26336 26335 26334 26333 26332 26331 26330 26329 26328 26327 26326 26325 26324 26323 26322 26321 26320 26319 26318 26118 25918 25917 25717 25517 25317 25117 25116 24916 24716 24516 24316 24116 24115 23915 23914 23714 23713 23513 23512 23312 23311 23111 23110 22910 22710 22510 22310 22110 21910 21710 21510 21310 21110 20910 20710 20510 20310 20110 19910 19710 19510 19310 19110 18910 18710 18510 18310 18110 17910 17710 17510 17310 17110 16910 16710 16510 16310 16110 15910 15710 15510 15310 15110 14910 14710 14510 14310 14110 13910 13710 13510 13310 13110 13111 13112 12912 12712 12713 12513 12514 12314 12114 11914 11714 11514 11314 11114 10914 10714 10514 10314 10114 9914 9714 9514 9314 9114 8914 8714 8514 8314 8114 7914 7714 7713 7513 7512 7511 7510 7509 7508 7507 7506 7505 7504 7503 7502 7501 7500 7499 7498 7698 7697 7696 7896 7895 8095 8094 8294 8293 8292 8492 8491 8691 8690 8689 8688 8687 8887 9087 9287 9487 9687 9887 10087 10086 10286 10285 10284 10484 10483 10683 10682 10882 10881 10880 11080 11079 11279 11278 11277 11477 11476 11475 11474 11473 11472 11471 11470 11469 11468 11467 11466 11465 11464 11463 11263 11063 11062 10862 10861 10661 10461 10460 10459 10259 10258 10257 10256 10056 10055 10054 10053 10052 10051 9851 9850 9849 9848 9847 9846 9845 9645 9644 9643 9443 9442 9441 9241 9240 9040 8840 8640 8639 8439 8239 8039 8038 7838 7638 7438 7437 7237 7037 6837 6836 6636 6436 6435 6235 6234 6233 6033 6032 5832 5831 5830 5630 5629 5429 5428 5228 5028 4828 4628 4428 4228 4028 3828 3628 3428 3228 3028 2828 2628 2428 2427 2426 2425 2424 2423 2422 2421 2420 2419 2418 2417 2416 2415 2414 2413 2412 2411 2410 2409 2408 2407 2406 
Label: 388529
[373,341859,]
31381 31382 31383 31183 30983 30984 30784 30584 30384 30184 29984 29784 29584 29384 29184 28984 28983 28982 28981 28980 28979 28978 28977 28976 28975 28974 28774 28773 28772 28771 28770 28769 28569 28568 28567 28566 28565 28564 28563 28562 28362 28361 28161 28160 27960 27760 27759 27559 27558 27358 27357 27157 27156 26956 26955 26755 26754 26753 26752 26552 26551 26550 26549 26548 26547 26546 26545 26544 26543 26542 26541 26540 26340 26339 26338 26337 26336 26335 26334 26333 26332 26331 26330 26329 26328 26327 26326 26325 26324 26323 26322 26321 26320 26319 26318 26118 25918 25917 25717 25517 25317 25117 25116 24916 24716 24516 24316 24116 24115 23915 23914 23714 23713 23513 23512 23312 23311 23111 23110 22910 22710 22510 22310 22110 21910 21710 21510 21310 21110 20910 20710 20510 20310 20110 19910 19710 19510 19310 19110 18910 18710 18510 18310 18110 17910 17710 17510 17310 17110 16910 16710 16510 16310 16110 15910 15710 15510 15310 15110 14910 14710 14510 14310 14110 13910 13710 13510 13310 13110 13111 13112 12912 12712 12713 12513 12514 12314 12114 11914 11714 11514 11314 11114 10914 10714 10514 10314 10114 9914 9714 9514 9314 9114 8914 8714 8514 8314 8114 7914 7714 7713 7513 7512 7511 7510 7509 7508 7507 7506 7505 7504 7503 7502 7501 7500 7499 7498 7698 7697 7696 7896 7895 8095 8094 8294 8293 8292 8492 8491 8691 8690 8689 8688 8687 8887 9087 9287 9487 9687 9887 10087 10086 10286 10285 10284 10484 10483 10683 10682 10882 10881 10880 11080 11079 11279 11278 11277 11477 11476 11475 11474 11473 11472 11471 11470 11469 11468 11467 11466 11465 11464 11463 11263 11063 11062 10862 10861 10661 10461 10460 10459 10259 10258 10257 10256 10056 10055 10054 10053 10052 10051 9851 9850 9849 9848 9847 9846 9845 9645 9644 9643 9443 9442 9441 9241 9240 9040 8840 8640 8639 8439 8239 8039 8038 7838 7638 7438 7437 7237 7037 6837 6836 6636 6436 6435 6235 6234 6233 6033 6032 5832 5831 5830 5630 5629 5429 5428 5228 5028 4828 4628 4428 4228 4028 3828 3628 3428 3228 3028 2828 2628 2428 2427 2426 2425 2424 2423 2422 2421 2420 2419 2418 2417 2416 2415 2414 2413 2412 2411 2410 2409 2408 2407 2406 
Label: 384792
[371,343263,]
31381 31382 31383 31183 30983 30984 30784 30584 30384 30184 29984 29784 29584 29384 29184 28984 28983 28982 28981 28980 28979 28978 28977 28976 28975 28974 28774 28773 28772 28771 28770 28769 28569 28568 28567 28566 28565 28564 28563 28562 28362 28361 28161 28160 27960 27760 27759 27559 27558 27358 27357 27157 27156 26956 26955 26755 26754 26753 26752 26552 26551 26550 26549 26548 26547 26546 26545 26544 26543 26542 26541 26540 26340 26339 26338 26337 26336 26335 26334 26333 26332 26331 26330 26329 26328 26327 26326 26325 26324 26323 26322 26321 26320 26319 26318 26118 25918 25917 25717 25517 25317 25117 25116 24916 24716 24516 24316 24116 24115 23915 23914 23714 23713 23513 23512 23312 23311 23111 23110 22910 22710 22510 22310 22110 21910 21710 21510 21310 21110 20910 20710 20510 20310 20110 19910 19710 19510 19310 19110 18910 18710 18510 18310 18110 17910 17710 17510 17310 17110 16910 16710 16510 16310 16110 15910 15710 15510 15310 15110 14910 14710 14510 14310 14110 13910 13710 13510 13310 13110 13111 13112 12912 12712 12713 12513 12313 12113 11913 11713 11513 11313 11113 10913 10713 10513 10313 10113 9913 9713 9513 9313 9113 8913 8713 8513 8313 8113 7913 7713 7513 7512 7511 7510 7509 7508 7507 7506 7505 7504 7503 7502 7501 7500 7499 7498 7698 7697 7696 7896 7895 8095 8094 8294 8293 8292 8492 8491 8691 8690 8689 8688 8687 8887 9087 9287 9487 9687 9887 10087 10086 10286 10285 10284 10484 10483 10683 10682 10882 10881 10880 11080 11079 11279 11278 11277 11477 11476 11475 11474 11473 11472 11471 11470 11469 11468 11467 11466 11465 11464 11463 11263 11063 11062 10862 10861 10661 10461 10460 10459 10259 10258 10257 10256 10056 10055 10054 10053 10052 10051 9851 9850 9849 9848 9847 9846 9845 9645 9644 9643 9443 9442 9441 9241 9240 9040 8840 8640 8639 8439 8239 8039 8038 7838 7638 7438 7437 7237 7037 6837 6836 6636 6436 6435 6235 6234 6233 6033 6032 5832 5831 5830 5630 5629 5429 5428 5228 5028 4828 4628 4428 4228 4028 3828 3628 3428 3228 3028 2828 2628 2428 2427 2426 2425 2424 2423 2422 2421 2420 2419 2418 2417 2416 2415 2414 2413 2412 2411 2410 2409 2408 2407 2406 
Label: 269678
[347,385914,]
31381 31382 31383 31183 30983 30984 30784 30584 30384 30184 29984 29784 29584 29384 29184 28984 28983 28982 28981 28980 28979 28978 28977 28976 28975 28974 28774 28773 28772 28771 28770 28769 28569 28568 28567 28566 28565 28564 28563 28562 28362 28361 28161 28160 27960 27760 27759 27559 27558 27358 27357 27157 27156 26956 26955 26755 26754 26753 26752 26552 26551 26550 26549 26548 26547 26546 26545 26544 26543 26542 26541 26540 26340 26339 26338 26337 26336 26335 26334 26333 26332 26331 26330 26329 26328 26327 26326 26325 26324 26323 26322 26321 26320 26319 26318 26118 25918 25917 25717 25517 25317 25117 25116 24916 24716 24516 24316 24116 24115 23915 23914 23714 23713 23513 23512 23312 23112 22912 22712 22512 22312 22112 21912 21712 21512 21312 21112 20912 20712 20512 20312 20112 19912 19712 19512 19312 19112 18912 18712 18512 18312 18112 17912 17712 17512 17312 17112 16912 16712 16512 16312 16112 15912 15712 15512 15312 15112 14912 14712 14512 14312 14112 13912 13712 13512 13312 13112 12912 12712 12512 12312 12112 11912 11712 11512 11312 11112 10912 10712 10512 10312 10112 9912 9712 9512 9312 9112 8912 8712 8512 8312 8112 7912 7712 7711 7710 7709 7708 7707 7706 7705 7704 7703 7702 7701 7700 7699 7698 7697 7696 7695 7694 7693 7692 7691 7690 7689 7688 7687 7686 7685 7684 7683 7682 7482 7282 7082 6882 6682 6482 6282 6082 5882 5682 5482 5282 5082 4882 4682 4482 4282 4082 3882 3682 3482 3282 3082 2882 2881 2880 2680 2679 2479 2478 2477 2277 2276 2076 1876 1676 1675 1475 1275 1075 875 874 674 474 274 273 272 271 270 269 268 267 266 265 264 263 262 261 260 259 258 257 256 255 254 253 252 251 250 249 248 247 246 245 244 243 242 241 240 239 238 237 236 235 234 233 232 231 230 229 228 227 226 225 425 625 825 1025 1225 1425 1625 1624 1824 1823 2023 2022 2021 2020 2019 2219 2218 2217 2216 2416 2415 2414 2413 2412 2411 2410 2409 2408 2407 2406 
Label: 125142
[329,386795,]
31381 31382 31383 31183 30983 30984 30784 30584 30585 30385 30185 29985 29785 29585 29385 29185 28985 28984 28983 28982 28981 28980 28979 28978 28977 28976 28975 28974 28774 28773 28772 28771 28770 28769 28569 28568 28567 28566 28565 28564 28563 28562 28362 28361 28161 28160 27960 27760 27759 27559 27558 27358 27357 27157 27156 26956 26955 26755 26754 26753 26752 26552 26551 26550 26549 26548 26547 26546 26545 26544 26543 26542 26541 26540 26340 26339 26338 26337 26336 26335 26334 26333 26332 26331 26330 26329 26328 26327 26326 26325 26324 26323 26322 26321 26320 26319 26318 26118 25918 25917 25717 25517 25317 25117 25116 24916 24716 24516 24316 24116 24115 23915 23914 23714 23713 23513 23512 23312 23311 23111 23110 23109 22909 22908 22907 22707 22507 22506 22306 22106 21906 21905 21705 21505 21504 21304 21303 21103 20903 20902 20702 20701 20700 20500 20499 20299 20298 20297 20097 20096 20095 20094 20093 19893 19693 19493 19293 19093 18893 18693 18493 18293 18093 17893 17693 17692 17492 17292 17092 16892 16891 16691 16690 16490 16290 16289 16288 16088 16087 16086 16085 16084 16083 16082 16081 16080 16079 16078 16077 16076 16075 16074 16073 16072 15872 15672 15472 15272 15072 14872 14672 14472 14272 14072 13872 13672 13472 13272 13072 12872 12672 12472 12471 12271 12270 12070 12069 12068 12067 12066 11866 11865 11864 11664 11464 11463 11263 11063 11062 10862 10861 10661 10461 10460 10459 10259 10258 10257 10256 10056 10055 10054 10053 10052 10051 9851 9850 9849 9848 9847 9846 9845 9645 9644 9643 9443 9442 9441 9241 9240 9040 8840 8640 8639 8439 8239 8039 8038 7838 7638 7438 7437 7237 7037 6837 6836 6636 6436 6435 6235 6234 6233 6033 6032 5832 5831 5830 5630 5629 5429 5428 5228 5028 4828 4628 4428 4228 4028 3828 3628 3428 3228 3028 2828 2628 2428 2228 2227 2226 2225 2224 2223 2222 2221 2220 2219 2218 2217 2216 2416 2415 2414 2413 2412 2411 2410 2409 2408 2407 2406 
Label: 65330
[323,398499,]
31381 31382 31383 31183 30983 30783 30583 30383 30183 29983 29783 29583 29383 29183 28983 28982 28981 28980 28979 28978 28977 28976 28975 28974 28774 28773 28772 28771 28770 28769 28569 28568 28567 28566 28565 28564 28563 28562 28362 28361 28161 28160 27960 27760 27759 27559 27558 27358 27357 27157 27156 26956 26955 26755 26754 26753 26752 26552 26551 26550 26549 26548 26547 26546 26545 26544 26543 26542 26541 26540 26340 26339 26338 26337 26336 26335 26334 26333 26332 26331 26330 26329 26328 26327 26326 26325 26324 26323 26322 26321 26320 26319 26318 26118 25918 25917 25717 25517 25317 25117 25116 24916 24716 24516 24316 24116 24115 23915 23914 23714 23713 23513 23512 23312 23311 23111 23110 23109 22909 22908 22907 22707 22507 22506 22306 22106 21906 21905 21705 21505 21504 21304 21303 21103 20903 20902 20702 20701 20700 20500 20499 20299 20298 20297 20097 20096 20095 20094 20093 19893 19693 19493 19293 19093 18893 18693 18493 18293 18093 17893 17693 17692 17492 17292 17092 16892 16891 16691 16690 16490 16290 16289 16288 16088 16087 16086 16085 16084 16083 16082 16081 16080 16079 16078 16077 16076 16075 16074 16073 16072 15872 15672 15472 15272 15072 14872 14672 14472 14272 14072 13872 13672 13472 13272 13072 12872 12672 12472 12471 12271 12270 12070 12069 12068 12067 12066 11866 11865 11864 11664 11464 11463 11263 11063 11062 10862 10861 10661 10461 10460 10459 10259 10258 10257 10256 10056 10055 10054 10053 10052 10051 9851 9850 9849 9848 9847 9846 9845 9645 9644 9643 9443 9442 9441 9241 9240 9040 8840 8640 8639 8439 8239 8039 8038 7838 7638 7438 7437 7237 7037 6837 6836 6636 6436 6435 6235 6234 6233 6033 6032 5832 5831 5830 5630 5629 5429 5428 5228 5028 4828 4628 4428 4228 4028 3828 3628 3428 3228 3028 2828 2628 2428 2427 2426 2425 2424 2423 2422 2421 2420 2419 2418 2417 2416 2415 2414 2413 2412 2411 2410 2409 2408 2407 2406 
Label: 380487
[369,344898,]
31381 31382 31383 31183 30983 30984 30784 30584 30384 30184 29984 29784 29584 29384 29184 28984 28983 28982 28981 28980 28979 28978 28977 28976 28975 28974 28774 28773 28772 28771 28770 28769 28569 28568 28567 28566 28565 28564 28563 28562 28362 28361 28161 28160 27960 27760 27759 27559 27558 27358 27357 27157 27156 26956 26955 26755 26754 26753 26752 26552 26551 26550 26549 26548 26547 26546 26545 26544 26543 26542 26541 26540 26340 26339 26338 26337 26336 26335 26334 26333 26332 26331 26330 26329 26328 26327 26326 26325 26324 26323 26322 26321 26320 26319 26318 26118 25918 25917 25717 25517 25317 25117 25116 24916 24716 24516 24316 24116 24115 23915 23914 23714 23713 23513 23512 23312 23311 23111 23110 22910 22710 22510 22310 22110 21910 21710 21510 21310 21110 20910 20710 20510 20310 20110 19910 19710 19510 19310 19110 18910 18710 18510 18310 18110 17910 17710 17510 17310 17110 16910 16710 16510 16310 16110 15910 15710 15510 15310 15110 14910 14710 14510 14310 14110 13910 13710 13510 13310 13110 13111 13112 12912 12712 12713 12513 12313 12113 11913 11713 11513 11313 11113 10913 10713 10513 10313 10113 9913 9713 9513 9313 9113 8913 8713 8513 8313 8113 7913 7713 7712 7711 7710 7709 7708 7707 7706 7705 7704 7703 7702 7701 7700 7699 7698 7697 7696 7896 7895 8095 8094 8294 8293 8292 8492 8491 8691 8690 8689 8688 8687 8887 9087 9287 9487 9687 9887 10087 10086 10286 10285 10284 10484 10483 10683 10682 10882 10881 10880 11080 11079 11279 11278 11277 11477 11476 11475 11474 11473 11472 11471 11470 11469 11468 11467 11466 11465 11464 11463 11263 11063 11062 10862 10861 10661 10461 10460 10459 10259 10258 10257 10256 10056 10055 10054 10053 10052 10051 9851 9850 9849 9848 9847 9846 9845 9645 9644 9643 9443 9442 9441 9241 9240 9040 8840 8640 8639 8439 8239 8039 8038 7838 7638 7438 7437 7237 7037 6837 6836 6636 6436 6435 6235 6234 6233 6033 6032 5832 5831 5830 5630 5629 5429 5428 5228 5028 4828 4628 4428 4228 4028 3828 3628 3428 3228 3028 2828 2628 2428 2427 2426 2425 2424 2423 2422 2421 2420 2419 2418 2417 2416 2415 2414 2413 2412 2411 2410 2409 2408 2407 2406 
Label: 402081
[383,337643,]
31381 31382 31383 31183 30983 30984 30784 30584 30585 30385 30185 29985 29785 29585 29385 29185 28985 28984 28983 28982 28981 28980 28979 28978 28977 28976 28975 28974 28774 28773 28772 28771 28770 28769 28569 28568 28567 28566 28565 28564 28563 28562 28362 28361 28161 28160 27960 27760 27759 27559 27558 27358 27357 27157 27156 26956 26955 26755 26754 26753 26752 26552 26551 26550 26549 26548 26547 26546 26545 26544 26543 26542 26541 26540 26340 26339 26338 26337 26336 26335 26334 26333 26332 26331 26330 26329 26328 26327 26326 26325 26324 26323 26322 26321 26320 26319 26318 26118 25918 25917 25717 25517 25317 25117 25116 24916 24716 24516 24316 24116 24115 23915 23914 23714 23713 23513 23512 23312 23311 23111 23110 23109 22909 22709 22509 22309 22109 21909 21709 21509 21309 21109 20909 20709 20509 20309 20109 19909 19709 19509 19309 19109 18909 18709 18509 18309 18109 17909 17709 17509 17309 17109 16909 16709 16509 16309 16109 15909 15709 15509 15309 15109 14909 14709 14509 14309 14109 13909 13709 13509 13309 13310 13110 13111 13112 12912 12712 12713 12513 12514 12314 12114 11914 11714 11514 11314 11114 10914 10714 10514 10314 10114 9914 9714 9514 9314 9114 8914 8714 8514 8314 8114 7914 7714 7713 7513 7512 7312 7311 7310 7309 7308 7307 7306 7305 7304 7303 7302 7301 7300 7500 7499 7498 7698 7697 7696 7896 7895 8095 8094 8294 8293 8292 8492 8491 8691 8690 8689 8688 8687 8887 9087 9287 9487 9687 9887 10087 10086 10286 10285 10284 10484 10483 10683 10682 10882 10881 10880 11080 11079 11279 11278 11277 11477 11476 11475 11675 11674 11673 11672 11671 11670 11669 11668 11667 11666 11665 11664 11464 11463 11263 11063 11062 10862 10861 10661 10461 10460 10459 10259 10258 10257 10256 10056 10055 10054 10053 10052 10051 9851 9850 9849 9848 9847 9846 9845 9645 9644 9643 9443 9442 9441 9241 9240 9040 8840 8640 8639 8439 8239 8039 8038 7838 7638 7438 7437 7237 7037 6837 6836 6636 6436 6435 6235 6234 6233 6033 6032 5832 5831 5830 5630 5629 5429 5428 5228 5028 4828 4628 4428 4228 4028 3828 3628 3428 3228 3028 2828 2628 2428 2228 2227 2226 2225 2224 2223 2222 2221 2220 2219 2218 2217 2216 2416 2415 2414 2413 2412 2411 2410 2409 2408 2407 2406 
Label: 328769
[355,366335,]
31381 31382 31383 31183 30983 30984 30784 30584 30384 30184 29984 29784 29584 29384 29184 28984 28983 28982 28981 28980 28979 28978 28977 28976 28975 28974 28774 28773 28772 28771 28770 28769 28569 28568 28567 28566 28565 28564 28563 28562 28362 28361 28161 28160 27960 27760 27759 27559 27558 27358 27357 27157 27156 26956 26955 26755 26754 26753 26752 26552 26551 26550 26549 26548 26547 26546 26545 26544 26543 26542 26541 26540 26340 26339 26338 26337 26336 26335 26334 26333 26332 26331 26330 26329 26328 26327 26326 26325 26324 26323 26322 26321 26320 26319 26318 26118 25918 25917 25717 25517 25317 25117 25116 24916 24716 24516 24316 24116 24115 23915 23914 23714 23713 23513 23512 23312 23311 23111 22911 22711 22511 22311 22111 21911 21711 21511 21311 21111 20911 20711 20511 20311 20111 19911 19711 19511 19311 19111 18911 18711 18511 18311 18111 17911 17711 17511 17311 17111 16911 16711 16511 16311 16111 15911 15711 15511 15311 15111 14911 14711 14511 14311 14111 13911 13711 13511 13311 13111 13112 12912 12712 12713 12513 12313 12113 11913 11713 11513 11313 11113 10913 10713 10513 10313 10113 9913 9713 9513 9313 9113 8913 8713 8513 8313 8113 7913 7713 7712 7711 7710 7709 7708 7707 7706 7705 7704 7703 7702 7701 7700 7699 7698 7697 7696 7896 7895 7894 7893 7892 7891 7890 7889 7888 7887 7886 7885 7884 7883 7882 7682 7482 7282 7082 6882 6682 6482 6282 6082 5882 5682 5482 5282 5082 4882 4682 4482 4282 4082 3882 3682 3482 3282 3082 2882 2881 2880 2680 2679 2479 2478 2477 2277 2276 2076 1876 1676 1675 1475 1275 1075 875 874 674 474 274 74 73 72 71 70 69 68 67 66 65 64 63 62 61 60 59 58 57 56 55 54 53 52 51 50 49 48 47 46 45 44 43 42 41 40 39 38 37 36 35 34 33 32 31 30 29 28 27 26 25 225 425 625 825 1025 1225 1425 1625 1624 1824 1823 2023 2022 2021 2020 2019 2219 2218 2217 2216 2416 2415 2414 2413 2412 2411 2410 2409 2408 2407 2406 
Label: 87834
[325,388780,]
31381 31382 31383 31183 30983 30984 30784 30584 30384 30184 29984 29784 29584 29384 29184 28984 28983 28982 28981 28980 28979 28978 28977 28976 28975 28974 28774 28773 28772 28771 28770 28769 28569 28568 28567 28566 28565 28564 28563 28562 28362 28361 28161 28160 27960 27760 27759 27559 27558 27358 27357 27157 27156 26956 26955 26755 26754 26753 26752 26552 26551 26550 26549 26548 26547 26546 26545 26544 26543 26542 26541 26540 26340 26339 26338 26337 26336 26335 26334 26333 26332 26331 26330 26329 26328 26327 26326 26325 26324 26323 26322 26321 26320 26319 26318 26118 25918 25917 25717 25517 25317 25117 25116 24916 24716 24516 24316 24116 24115 23915 23914 23714 23713 23513 23512 23312 23311 23111 23110 23109 22909 22908 22907 22707 22507 22506 22306 22106 21906 21905 21705 21505 21504 21304 21303 21103 20903 20902 20702 20701 20700 20500 20499 20299 20298 20297 20097 20096 20095 20094 20093 19893 19693 19493 19293 19093 18893 18693 18493 18293 18093 17893 17693 17692 17492 17292 17092 16892 16891 16691 16690 16490 16290 16289 16288 16088 16087 16086 16085 16084 16083 16082 16081 16080 16079 16078 16077 16076 16075 16074 16073 16072 15872 15672 15472 15272 15072 14872 14672 14472 14272 14072 13872 13672 13472 13272 13072 12872 12672 12472 12471 12271 12270 12070 12069 12068 12067 12066 11866 11865 11864 11664 11464 11463 11263 11063 11062 10862 10861 10661 10461 10460 10459 10259 10258 10257 10256 10056 10055 10054 10053 10052 10051 9851 9850 9849 9848 9847 9846 9845 9645 9644 9643 9443 9442 9441 9241 9240 9040 8840 8640 8639 8439 8239 8039 8038 7838 7638 7438 7437 7237 7037 6837 6836 6636 6436 6435 6235 6234 6233 6033 6032 5832 5831 5830 5630 5629 5429 5428 5228 5028 4828 4628 4428 4228 4028 3828 3628 3428 3228 3028 2828 2628 2428 2427 2426 2425 2424 2423 2422 2421 2420 2419 2418 2417 2416 2415 2414 2413 2412 2411 2410 2409 2408 2407 2406 
Label: 412334
[399,336462,]
31381 31382 31383 31183 30983 30984 30784 30584 30585 30385 30185 29985 29785 29585 29385 29185 28985 28984 28983 28982 28981 28980 28979 28978 28977 28976 28975 28974 28774 28773 28772 28771 28770 28769 28569 28568 28567 28566 28565 28564 28563 28562 28362 28361 28161 28160 27960 27760 27759 27559 27558 27358 27357 27157 27156 26956 26955 26755 26754 26753 26752 26552 26551 26550 26549 26548 26547 26546 26545 26544 26543 26542 26541 26540 26340 26339 26338 26337 26336 26335 26334 26333 26332 26331 26330 26329 26328 26327 26326 26325 26324 26323 26322 26321 26320 26319 26318 26118 25918 25917 25717 25517 25317 25117 25116 24916 24716 24516 24316 24116 24115 23915 23914 23714 23713 23513 23512 23312 23311 23111 23110 23109 22909 22908 22907 22707 22507 22506 22306 22106 21906 21706 21506 21306 21106 20906 20706 20506 20306 20106 19906 19706 19506 19306 19106 18906 18706 18506 18306 18106 17906 17706 17506 17306 17106 16906 16706 16506 16306 16106 15906 15706 15506 15306 15106 14906 14706 14506 14306 14106 13906 13706 13707 13507 13508 13308 13309 13310 13110 13111 13112 12912 12712 12713 12513 12514 12314 12114 12115 11915 11715 11716 11516 11316 11116 10916 10716 10516 10316 10116 9916 9716 9516 9316 9116 8916 8716 8516 8515 8315 8115 8114 7914 7714 7713 7513 7512 7312 7311 7310 7110 7109 7108 7107 7106 7105 7104 7103 7102 7101 7301 7300 7500 7499 7498 7698 7697 7696 7896 7895 8095 8094 8294 8293 8292 8492 8491 8691 8690 8689 8688 8687 8887 9087 9287 9487 9687 9887 10087 10086 10286 10285 10284 10484 10483 10683 10682 10882 10881 10880 11080 11079 11279 11278 11277 11477 11476 11475 11675 11674 11874 11873 11872 11871 11870 11869 11868 11867 11866 11865 11864 11664 11464 11463 11263 11063 11062 10862 10861 10661 10461 10460 10459 10259 10258 10257 10256 10056 10055 10054 10053 10052 10051 9851 9850 9849 9848 9847 9846 9845 9645 9644 9643 9443 9442 9441 9241 9240 9040 8840 8640 8639 8439 8239 8039 8038 7838 7638 7438 7437 7237 7037 6837 6836 6636 6436 6435 6235 6234 6233 6033 6032 5832 5831 5830 5630 5629 5429 5428 5228 5028 4828 4628 4428 4228 4028 3828 3628 3428 3228 3028 2828 2628 2428 2228 2028 2027 2026 2025 2024 2023 2022 2021 2020 2019 2219 2218 2217 2216 2416 2415 2414 2413 2412 2411 2410 2409 2408 2407 2406 
Label: 43506
[321,428663,]
31381 31382 31182 30982 30782 30582 30382 30182 29982 29782 29582 29382 29182 28982 28981 28980 28979 28978 28977 28976 28975 28974 28774 28773 28772 28771 28770 28769 28569 28568 28567 28566 28565 28564 28563 28562 28362 28361 28161 28160 27960 27760 27759 27559 27558 27358 27357 27157 27156 26956 26955 26755 26754 26753 26752 26552 26551 26550 26549 26548 26547 26546 26545 26544 26543 26542 26541 26540 26340 26339 26338 26337 26336 26335 26334 26333 26332 26331 26330 26329 26328 26327 26326 26325 26324 26323 26322 26321 26320 26319 26318 26118 25918 25917 25717 25517 25317 25117 25116 24916 24716 24516 24316 24116 24115 23915 23914 23714 23713 23513 23512 23312 23311 23111 23110 23109 22909 22908 22907 22707 22507 22506 22306 22106 21906 21905 21705 21505 21504 21304 21303 21103 20903 20902 20702 20701 20700 20500 20499 20299 20298 20297 20097 20096 20095 20094 20093 19893 19693 19493 19293 19093 18893 18693 18493 18293 18093 17893 17693 17692 17492 17292 17092 16892 16891 16691 16690 16490 16290 16289 16288 16088 16087 16086 16085 16084 16083 16082 16081 16080 16079 16078 16077 16076 16075 16074 16073 16072 15872 15672 15472 15272 15072 14872 14672 14472 14272 14072 13872 13672 13472 13272 13072 12872 12672 12472 12471 12271 12270 12070 12069 12068 12067 12066 11866 11865 11864 11664 11464 11463 11263 11063 11062 10862 10861 10661 10461 10460 10459 10259 10258 10257 10256 10056 10055 10054 10053 10052 10051 9851 9850 9849 9848 9847 9846 9845 9645 9644 9643 9443 9442 9441 9241 9240 9040 8840 8640 8639 8439 8239 8039 8038 7838 7638 7438 7437 7237 7037 6837 6836 6636 6436 6435 6235 6234 6233 6033 6032 5832 5831 5830 5630 5629 5429 5428 5228 5028 4828 4628 4428 4228 4028 3828 3628 3428 3228 3028 2828 2628 2428 2427 2426 2425 2424 2423 2422 2421 2420 2419 2418 2417 2416 2415 2414 2413 2412 2411 2410 2409 2408 2407 2406 
Label: 409370
[393,336602,]
31381 31382 31383 31183 30983 30984 30784 30584 30585 30385 30185 29985 29785 29585 29385 29185 28985 28984 28983 28982 28981 28980 28979 28978 28977 28976 28975 28974 28774 28773 28772 28771 28770 28769 28569 28568 28567 28566 28565 28564 28563 28562 28362 28361 28161 28160 27960 27760 27759 27559 27558 27358 27357 27157 27156 26956 26955 26755 26754 26753 26752 26552 26551 26550 26549 26548 26547 26546 26545 26544 26543 26542 26541 26540 26340 26339 26338 26337 26336 26335 26334 26333 26332 26331 26330 26329 26328 26327 26326 26325 26324 26323 26322 26321 26320 26319 26318 26118 25918 25917 25717 25517 25317 25117 25116 24916 24716 24516 24316 24116 24115 23915 23914 23714 23713 23513 23512 23312 23311 23111 23110 23109 22909 22908 22907 22707 22507 22307 22107 21907 21707 21507 21307 21107 20907 20707 20507 20307 20107 19907 19707 19507 19307 19107 18907 18707 18507 18307 18107 17907 17707 17507 17307 17107 16907 16707 16507 16307 16107 15907 15707 15507 15307 15107 14907 14707 14507 14307 14107 13907 13707 13507 13508 13308 13309 13310 13110 13111 13112 12912 12712 12713 12513 12514 12314 12114 12115 11915 11715 11716 11516 11316 11116 10916 10716 10516 10316 10116 9916 9716 9516 9316 9116 8916 8716 8516 8515 8315 8115 8114 7914 7714 7713 7513 7512 7312 7311 7310 7309 7308 7307 7306 7305 7304 7303 7302 7301 7300 7500 7499 7498 7698 7697 7696 7896 7895 8095 8094 8294 8293 8292 8492 8491 8691 8690 8689 8688 8687 8887 9087 9287 9487 9687 9887 10087 10086 10286 10285 10284 10484 10483 10683 10682 10882 10881 10880 11080 11079 11279 11278 11277 11477 11476 11475 11675 11674 11874 11873 11872 11871 11870 11869 11868 11867 11866 11865 11864 11664 11464 11463 11263 11063 11062 10862 10861 10661 10461 10460 10459 10259 10258 10257 10256 10056 10055 10054 10053 10052 10051 9851 9850 9849 9848 9847 9846 9845 9645 9644 9643 9443 9442 9441 9241 9240 9040 8840 8640 8639 8439 8239 8039 8038 7838 7638 7438 7437 7237 7037 6837 6836 6636 6436 6435 6235 6234 6233 6033 6032 5832 5831 5830 5630 5629 5429 5428 5228 5028 4828 4628 4428 4228 4028 3828 3628 3428 3228 3028 2828 2628 2428 2228 2227 2226 2225 2224 2223 2222 2221 2220 2219 2218 2217 2216 2416 2415 2414 2413 2412 2411 2410 2409 2408 2407 2406 
Label: 413382
[405,336423,]
31381 31382 31383 31183 30983 30984 30784 30584 30585 30385 30185 29985 29785 29585 29385 29185 28985 28984 28983 28982 28981 28980 28979 28978 28977 28976 28975 28974 28774 28773 28772 28771 28770 28769 28569 28568 28567 28566 28565 28564 28563 28562 28362 28361 28161 28160 27960 27760 27759 27559 27558 27358 27357 27157 27156 26956 26955 26755 26754 26753 26752 26552 26551 26550 26549 26548 26547 26546 26545 26544 26543 26542 26541 26540 26340 26339 26338 26337 26336 26335 26334 26333 26332 26331 26330 26329 26328 26327 26326 26325 26324 26323 26322 26321 26320 26319 26318 26118 25918 25917 25717 25517 25317 25117 25116 24916 24716 24516 24316 24116 24115 23915 23914 23714 23713 23513 23512 23312 23311 23111 23110 23109 22909 22908 22907 22707 22507 22506 22306 22106 21906 21706 21506 21306 21106 20906 20706 20506 20306 20106 19906 19706 19506 19306 19106 18906 18706 18506 18306 18106 17906 17706 17506 17306 17106 16906 16706 16506 16306 16106 15906 15706 15506 15306 15106 14906 14706 14506 14306 14106 13906 13706 13707 13507 13508 13308 13309 13310 13110 13111 13112 12912 12712 12713 12513 12514 12314 12114 12115 11915 11715 11716 11516 11316 11116 11117 10917 10717 10517 10317 10117 9917 9717 9517 9317 9316 9116 8916 8716 8516 8515 8315 8115 8114 7914 7714 7713 7513 7512 7312 7311 7310 7110 7109 7108 6908 6907 6906 6905 6904 6903 7103 7102 7101 7301 7300 7500 7499 7498 7698 7697 7696 7896 7895 8095 8094 8294 8293 8292 8492 8491 8691 8690 8689 8688 8687 8887 9087 9287 9487 9687 9887 10087 10086 10286 10285 10284 10484 10483 10683 10682 10882 10881 10880 11080 11079 11279 11278 11277 11477 11476 11475 11675 11674 11874 11873 11872 12072 12071 12070 12069 12068 12067 12066 11866 11865 11864 11664 11464 11463 11263 11063 11062 10862 10861 10661 10461 10460 10459 10259 10258 10257 10256 10056 10055 10054 10053 10052 10051 9851 9850 9849 9848 9847 9846 9845 9645 9644 9643 9443 9442 9441 9241 9240 9040 8840 8640 8639 8439 8239 8039 8038 7838 7638 7438 7437 7237 7037 6837 6836 6636 6436 6435 6235 6234 6233 6033 6032 5832 5831 5830 5630 5629 5429 5428 5228 5028 4828 4628 4428 4228 4028 3828 3628 3428 3228 3028 2828 2628 2428 2228 2028 2027 2026 2025 2024 2023 2022 2021 2020 2019 2219 2218 2217 2216 2416 2415 2414 2413 2412 2411 2410 2409 2408 2407 2406 
Label: 303026
[351,372118,]
31381 31382 31383 31183 30983 30984 30784 30584 30384 30184 29984 29784 29584 29384 29184 28984 28983 28982 28981 28980 28979 28978 28977 28976 28975 28974 28774 28773 28772 28771 28770 28769 28569 28568 28567 28566 28565 28564 28563 28562 28362 28361 28161 28160 27960 27760 27759 27559 27558 27358 27357 27157 27156 26956 26955 26755 26754 26753 26752 26552 26551 26550 26549 26548 26547 26546 26545 26544 26543 26542 26541 26540 26340 26339 26338 26337 26336 26335 26334 26333 26332 26331 26330 26329 26328 26327 26326 26325 26324 26323 26322 26321 26320 26319 26318 26118 25918 25917 25717 25517 25317 25117 25116 24916 24716 24516 24316 24116 24115 23915 23914 23714 23713 23513 23512 23312 23112 22912 22712 22512 22312 22112 21912 21712 21512 21312 21112 20912 20712 20512 20312 20112 19912 19712 19512 19312 19112 18912 18712 18512 18312 18112 17912 17712 17512 17312 17112 16912 16712 16512 16312 16112 15912 15712 15512 15312 15112 14912 14712 14512 14312 14112 13912 13712 13512 13312 13112 12912 12712 12713 12513 12313 12113 11913 11713 11513 11313 11113 10913 10713 10513 10313 10113 9913 9713 9513 9313 9113 8913 8713 8513 8313 8113 7913 7713 7712 7711 7710 7709 7708 7707 7706 7705 7704 7703 7702 7701 7700 7699 7698 7697 7696 7695 7694 7693 7692 7691 7690 7689 7688 7687 7686 7685 7684 7683 7682 7482 7282 7082 6882 6682 6482 6282 6082 5882 5682 5482 5282 5082 4882 4682 4482 4282 4082 3882 3682 3482 3282 3082 2882 2881 2880 2680 2679 2479 2478 2477 2277 2276 2076 1876 1676 1675 1475 1275 1075 875 874 674 474 274 74 73 72 71 70 69 68 67 66 65 64 63 62 61 60 59 58 57 56 55 54 53 52 51 50 49 48 47 46 45 44 43 42 41 40 39 38 37 36 35 34 33 32 31 30 29 28 27 26 25 225 425 625 825 1025 1225 1425 1625 1624 1824 1823 2023 2022 2021 2020 2019 2219 2218 2217 2216 2416 2415 2414 2413 2412 2411 2410 2409 2408 2407 2406 
Label: 317068
[353,368127,]
31381 31382 31383 31183 30983 30984 30784 30584 30384 30184 29984 29784 29584 29384 29184 28984 28983 28982 28981 28980 28979 28978 28977 28976 28975 28974 28774 28773 28772 28771 28770 28769 28569 28568 28567 28566 28565 28564 28563 28562 28362 28361 28161 28160 27960 27760 27759 27559 27558 27358 27357 27157 27156 26956 26955 26755 26754 26753 26752 26552 26551 26550 26549 26548 26547 26546 26545 26544 26543 26542 26541 26540 26340 26339 26338 26337 26336 26335 26334 26333 26332 26331 26330 26329 26328 26327 26326 26325 26324 26323 26322 26321 26320 26319 26318 26118 25918 25917 25717 25517 25317 25117 25116 24916 24716 24516 24316 24116 24115 23915 23914 23714 23713 23513 23512 23312 23311 23111 22911 22711 22511 22311 22111 21911 21711 21511 21311 21111 20911 20711 20511 20311 20111 19911 19711 19511 19311 19111 18911 18711 18511 18311 18111 17911 17711 17511 17311 17111 16911 16711 16511 16311 16111 15911 15711 15511 15311 15111 14911 14711 14511 14311 14111 13911 13711 13511 13311 13111 13112 12912 12712 12713 12513 12313 12113 11913 11713 11513 11313 11113 10913 10713 10513 10313 10113 9913 9713 9513 9313 9113 8913 8713 8513 8313 8113 7913 7713 7712 7711 7710 7709 7708 7707 7706 7705 7704 7703 7702 7701 7700 7699 7698 7697 7696 7695 7694 7693 7692 7691 7690 7689 7688 7687 7686 7685 7684 7683 7682 7482 7282 7082 6882 6682 6482 6282 6082 5882 5682 5482 5282 5082 4882 4682 4482 4282 4082 3882 3682 3482 3282 3082 2882 2881 2880 2680 2679 2479 2478 2477 2277 2276 2076 1876 1676 1675 1475 1275 1075 875 874 674 474 274 74 73 72 71 70 69 68 67 66 65 64 63 62 61 60 59 58 57 56 55 54 53 52 51 50 49 48 47 46 45 44 43 42 41 40 39 38 37 36 35 34 33 32 31 30 29 28 27 26 25 225 425 625 825 1025 1225 1425 1625 1624 1824 1823 2023 2022 2021 2020 2019 2219 2218 2217 2216 2416 2415 2414 2413 2412 2411 2410 2409 2408 2407 2406 
Label: 408146
[391,336675,]
31381 31382 31383 31183 30983 30984 30784 30584 30585 30385 30185 29985 29785 29585 29385 29185 28985 28984 28983 28982 28981 28980 28979 28978 28977 28976 28975 28974 28774 28773 28772 28771 28770 28769 28569 28568 28567 28566 28565 28564 28563 28562 28362 28361 28161 28160 27960 27760 27759 27559 27558 27358 27357 27157 27156 26956 26955 26755 26754 26753 26752 26552 26551 26550 26549 26548 26547 26546 26545 26544 26543 26542 26541 26540 26340 26339 26338 26337 26336 26335 26334 26333 26332 26331 26330 26329 26328 26327 26326 26325 26324 26323 26322 26321 26320 26319 26318 26118 25918 25917 25717 25517 25317 25117 25116 24916 24716 24516 24316 24116 24115 23915 23914 23714 23713 23513 23512 23312 23311 23111 23110 23109 22909 22908 22708 22508 22308 22108 21908 21708 21508 21308 21108 20908 20708 20508 20308 20108 19908 19708 19508 19308 19108 18908 18708 18508 18308 18108 17908 17708 17508 17308 17108 16908 16708 16508 16308 16108 15908 15708 15508 15308 15108 14908 14708 14508 14308 14108 13908 13708 13508 13308 13309 13310 13110 13111 13112 12912 12712 12713 12513 12514 12314 12114 12115 11915 11715 11716 11516 11316 11116 10916 10716 10516 10316 10116 9916 9716 9516 9316 9116 8916 8716 8516 8515 8315 8115 8114 7914 7714 7713 7513 7512 7312 7311 7310 7309 7308 7307 7306 7305 7304 7303 7302 7301 7300 7500 7499 7498 7698 7697 7696 7896 7895 8095 8094 8294 8293 8292 8492 8491 8691 8690 8689 8688 8687 8887 9087 9287 9487 9687 9887 10087 10086 10286 10285 10284 10484 10483 10683 10682 10882 10881 10880 11080 11079 11279 11278 11277 11477 11476 11475 11675 11674 11874 11873 11872 11871 11870 11869 11868 11867 11866 11865 11864 11664 11464 11463 11263 11063 11062 10862 10861 10661 10461 10460 10459 10259 10258 10257 10256 10056 10055 10054 10053 10052 10051 9851 9850 9849 9848 9847 9846 9845 9645 9644 9643 9443 9442 9441 9241 9240 9040 8840 8640 8639 8439 8239 8039 8038 7838 7638 7438 7437 7237 7037 6837 6836 6636 6436 6435 6235 6234 6233 6033 6032 5832 5831 5830 5630 5629 5429 5428 5228 5028 4828 4628 4428 4228 4028 3828 3628 3428 3228 3028 2828 2628 2428 2228 2227 2226 2225 2224 2223 2222 2221 2220 2219 2218 2217 2216 2416 2415 2414 2413 2412 2411 2410 2409 2408 2407 2406 
Label: 413086
[401,336440,]
31381 31382 31383 31183 30983 30984 30784 30584 30585 30385 30185 29985 29785 29585 29385 29185 28985 28984 28983 28982 28981 28980 28979 28978 28977 28976 28975 28974 28774 28773 28772 28771 28770 28769 28569 28568 28567 28566 28565 28564 28563 28562 28362 28361 28161 28160 27960 27760 27759 27559 27558 27358 27357 27157 27156 26956 26955 26755 26754 26753 26752 26552 26551 26550 26549 26548 26547 26546 26545 26544 26543 26542 26541 26540 26340 26339 26338 26337 26336 26335 26334 26333 26332 26331 26330 26329 26328 26327 26326 26325 26324 26323 26322 26321 26320 26319 26318 26118 25918 25917 25717 25517 25317 25117 25116 24916 24716 24516 24316 24116 24115 23915 23914 23714 23713 23513 23512 23312 23311 23111 23110 23109 22909 22908 22907 22707 22507 22506 22306 22106 21906 21706 21506 21306 21106 20906 20706 20506 20306 20106 19906 19706 19506 19306 19106 18906 18706 18506 18306 18106 17906 17706 17506 17306 17106 16906 16706 16506 16306 16106 15906 15706 15506 15306 15106 14906 14706 14506 14306 14106 13906 13706 13707 13507 13508 13308 13309 13310 13110 13111 13112 12912 12712 12713 12513 12514 12314 12114 12115 11915 11715 11716 11516 11316 11116 10916 10716 10516 10316 10116 9916 9716 9516 9316 9116 8916 8716 8516 8515 8315 8115 8114 7914 7714 7713 7513 7512 7312 7311 7310 7110 7109 7108 7107 7106 7105 7104 7103 7102 7101 7301 7300 7500 7499 7498 7698 7697 7696 7896 7895 8095 8094 8294 8293 8292 8492 8491 8691 8690 8689 8688 8687 8887 9087 9287 9487 9687 9887 10087 10086 10286 10285 10284 10484 10483 10683 10682 10882 10881 10880 11080 11079 11279 11278 11277 11477 11476 11475 11675 11674 11874 11873 11872 12072 12071 12070 12069 12068 12067 12066 11866 11865 11864 11664 11464 11463 11263 11063 11062 10862 10861 10661 10461 10460 10459 10259 10258 10257 10256 10056 10055 10054 10053 10052 10051 9851 9850 9849 9848 9847 9846 9845 9645 9644 9643 9443 9442 9441 9241 9240 9040 8840 8640 8639 8439 8239 8039 8038 7838 7638 7438 7437 7237 7037 6837 6836 6636 6436 6435 6235 6234 6233 6033 6032 5832 5831 5830 5630 5629 5429 5428 5228 5028 4828 4628 4428 4228 4028 3828 3628 3428 3228 3028 2828 2628 2428 2228 2028 2027 2026 2025 2024 2023 2022 2021 2020 2019 2219 2218 2217 2216 2416 2415 2414 2413 2412 2411 2410 2409 2408 2407 2406 
Label: 364570
[363,354312,]
31381 31382 31383 31183 30983 30984 30784 30584 30384 30184 29984 29784 29584 29384 29184 28984 28983 28982 28981 28980 28979 28978 28977 28976 28975 28974 28774 28773 28772 28771 28770 28769 28569 28568 28567 28566 28565 28564 28563 28562 28362 28361 28161 28160 27960 27760 27759 27559 27558 27358 27357 27157 27156 26956 26955 26755 26754 26753 26752 26552 26551 26550 26549 26548 26547 26546 26545 26544 26543 26542 26541 26540 26340 26339 26338 26337 26336 26335 26334 26333 26332 26331 26330 26329 26328 26327 26326 26325 26324 26323 26322 26321 26320 26319 26318 26118 25918 25917 25717 25517 25317 25117 25116 24916 24716 24516 24316 24116 24115 23915 23914 23714 23713 23513 23512 23312 23112 22912 22712 22512 22312 22112 21912 21712 21512 21312 21112 20912 20712 20512 20312 20112 19912 19712 19512 19312 19112 18912 18712 18512 18312 18112 17912 17712 17512 17312 17112 16912 16712 16512 16312 16112 15912 15712 15512 15312 15112 14912 14712 14512 14312 14112 13912 13712 13512 13312 13112 12912 12712 12713 12513 12313 12113 11913 11713 11513 11313 11113 10913 10713 10513 10313 10113 9913 9713 9513 9313 9113 8913 8713 8513 8313 8113 7913 7713 7712 7711 7710 7709 7708 7707 7706 7705 7704 7703 7702 7701 7700 7699 7698 7697 7696 7896 7895 8095 8094 8294 8293 8292 8492 8491 8691 8690 8689 8688 8687 8887 9087 9287 9487 9687 9887 10087 10086 10286 10285 10284 10484 10483 10683 10682 10882 10881 10880 11080 11079 11279 11278 11277 11276 11275 11274 11273 11272 11271 11270 11269 11268 11267 11266 11265 11264 11263 11063 11062 10862 10861 10661 10461 10460 10459 10259 10258 10257 10256 10056 10055 10054 10053 10052 10051 9851 9850 9849 9848 9847 9846 9845 9645 9644 9643 9443 9442 9441 9241 9240 9040 8840 8640 8639 8439 8239 8039 8038 7838 7638 7438 7437 7237 7037 6837 6836 6636 6436 6435 6235 6234 6233 6033 6032 5832 5831 5830 5630 5629 5429 5428 5228 5028 4828 4628 4428 4228 4028 3828 3628 3428 3228 3028 2828 2628 2428 2427 2426 2425 2424 2423 2422 2421 2420 2419 2418 2417 2416 2415 2414 2413 2412 2411 2410 2409 2408 2407 2406 
Label: 339318
[357,364632,]
31381 31382 31383 31183 30983 30984 30784 30584 30384 30184 29984 29784 29584 29384 29184 28984 28983 28982 28981 28980 28979 28978 28977 28976 28975 28974 28774 28773 28772 28771 28770 28769 28569 28568 28567 28566 28565 28564 28563 28562 28362 28361 28161 28160 27960 27760 27759 27559 27558 27358 27357 27157 27156 26956 26955 26755 26754 26753 26752 26552 26551 26550 26549 26548 26547 26546 26545 26544 26543 26542 26541 26540 26340 26339 26338 26337 26336 26335 26334 26333 26332 26331 26330 26329 26328 26327 26326 26325 26324 26323 26322 26321 26320 26319 26318 26118 25918 25917 25717 25517 25317 25117 25116 24916 24716 24516 24316 24116 24115 23915 23914 23714 23713 23513 23512 23312 23311 23111 23110 22910 22710 22510 22310 22110 21910 21710 21510 21310 21110 20910 20710 20510 20310 20110 19910 19710 19510 19310 19110 18910 18710 18510 18310 18110 17910 17710 17510 17310 17110 16910 16710 16510 16310 16110 15910 15710 15510 15310 15110 14910 14710 14510 14310 14110 13910 13710 13510 13310 13110 13111 13112 12912 12712 12713 12513 12313 12113 11913 11713 11513 11313 11113 10913 10713 10513 10313 10113 9913 9713 9513 9313 9113 8913 8713 8513 8313 8113 7913 7713 7712 7711 7710 7709 7708 7707 7706 7705 7704 7703 7702 7701 7700 7699 7698 7697 7696 7896 7895 7894 7893 7892 7891 7890 7889 7888 7887 7886 7885 7884 7883 7882 7682 7482 7282 7082 6882 6682 6482 6282 6082 5882 5682 5482 5282 5082 4882 4682 4482 4282 4082 3882 3682 3482 3282 3082 2882 2881 2880 2680 2679 2479 2478 2477 2277 2276 2076 1876 1676 1675 1475 1275 1075 875 874 674 474 274 74 73 72 71 70 69 68 67 66 65 64 63 62 61 60 59 58 57 56 55 54 53 52 51 50 49 48 47 46 45 44 43 42 41 40 39 38 37 36 35 34 33 32 31 30 29 28 27 26 25 225 425 625 825 1025 1225 1425 1625 1624 1824 1823 2023 2022 2021 2020 2019 2219 2218 2217 2216 2416 2415 2414 2413 2412 2411 2410 2409 2408 2407 2406 
Label: 138702
[331,386743,]
31381 31382 31383 31183 30983 30984 30784 30584 30585 30385 30185 29985 29785 29585 29385 29185 28985 28984 28983 28982 28981 28980 28979 28978 28977 28976 28975 28974 28774 28773 28772 28771 28770 28769 28569 28568 28567 28566 28565 28564 28563 28562 28362 28361 28161 28160 27960 27760 27759 27559 27558 27358 27357 27157 27156 26956 26955 26755 26754 26753 26752 26552 26551 26550 26549 26548 26547 26546 26545 26544 26543 26542 26541 26540 26340 26339 26338 26337 26336 26335 26334 26333 26332 26331 26330 26329 26328 26327 26326 26325 26324 26323 26322 26321 26320 26319 26318 26118 25918 25917 25717 25517 25317 25117 25116 24916 24716 24516 24316 24116 24115 23915 23914 23714 23713 23513 23512 23312 23311 23111 23110 23109 22909 22908 22907 22707 22507 22506 22306 22106 21906 21905 21705 21505 21504 21304 21303 21103 20903 20902 20702 20701 20700 20500 20499 20299 20298 20297 20097 20096 20095 20094 20093 19893 19693 19493 19293 19093 18893 18693 18493 18293 18093 17893 17693 17692 17492 17292 17092 16892 16891 16691 16690 16490 16290 16289 16288 16088 16087 16086 16085 16084 16083 16082 16081 16080 16079 16078 16077 16076 16075 16074 16073 16072 15872 15672 15472 15272 15072 14872 14672 14472 14272 14072 13872 13672 13472 13272 13072 12872 12672 12472 12471 12271 12270 12070 12069 12068 12067 12066 11866 11865 11864 11664 11464 11463 11263 11063 11062 10862 10861 10661 10461 10460 10459 10259 10258 10257 10256 10056 10055 10054 10053 10052 10051 9851 9850 9849 9848 9847 9846 9845 9645 9644 9643 9443 9442 9441 9241 9240 9040 8840 8640 8639 8439 8239 8039 8038 7838 7638 7438 7437 7237 7037 6837 6836 6636 6436 6435 6235 6234 6233 6033 6032 5832 5831 5830 5630 5629 5429 5428 5228 5028 4828 4628 4428 4228 4028 3828 3628 3428 3228 3028 2828 2628 2428 2228 2028 2027 2026 2025 2024 2023 2022 2021 2020 2019 2219 2218 2217 2216 2416 2415 2414 2413 2412 2411 2410 2409 2408 2407 2406 
Label: 111638
[327,387551,]
31381 31382 31383 31183 30983 30984 30784 30584 30585 30385 30185 29985 29785 29585 29385 29185 28985 28984 28983 28982 28981 28980 28979 28978 28977 28976 28975 28974 28774 28773 28772 28771 28770 28769 28569 28568 28567 28566 28565 28564 28563 28562 28362 28361 28161 28160 27960 27760 27759 27559 27558 27358 27357 27157 27156 26956 26955 26755 26754 26753 26752 26552 26551 26550 26549 26548 26547 26546 26545 26544 26543 26542 26541 26540 26340 26339 26338 26337 26336 26335 26334 26333 26332 26331 26330 26329 26328 26327 26326 26325 26324 26323 26322 26321 26320 26319 26318 26118 25918 25917 25717 25517 25317 25117 25116 24916 24716 24516 24316 24116 24115 23915 23914 23714 23713 23513 23512 23312 23311 23111 23110 23109 22909 22908 22907 22707 22507 22506 22306 22106 21906 21905 21705 21505 21504 21304 21303 21103 20903 20902 20702 20701 20700 20500 20499 20299 20298 20297 20097 20096 20095 20094 20093 19893 19693 19493 19293 19093 18893 18693 18493 18293 18093 17893 17693 17692 17492 17292 17092 16892 16891 16691 16690 16490 16290 16289 16288 16088 16087 16086 16085 16084 16083 16082 16081 16080 16079 16078 16077 16076 16075 16074 16073 16072 15872 15672 15472 15272 15072 14872 14672 14472 14272 14072 13872 13672 13472 13272 13072 12872 12672 12472 12471 12271 12270 12070 12069 12068 12067 12066 11866 11865 11864 11664 11464 11463 11263 11063 11062 10862 10861 10661 10461 10460 10459 10259 10258 10257 10256 10056 10055 10054 10053 10052 10051 9851 9850 9849 9848 9847 9846 9845 9645 9644 9643 9443 9442 9441 9241 9240 9040 8840 8640 8639 8439 8239 8039 8038 7838 7638 7438 7437 7237 7037 6837 6836 6636 6436 6435 6235 6234 6233 6033 6032 5832 5831 5830 5630 5629 5429 5428 5228 5028 4828 4628 4428 4228 4028 3828 3628 3428 3228 3028 2828 2628 2428 2427 2426 2425 2424 2423 2422 2421 2420 2419 2418 2417 2416 2415 2414 2413 2412 2411 2410 2409 2408 2407 2406 
Label: 413254
[403,336429,]
31381 31382 31383 31183 30983 30984 30784 30584 30585 30385 30185 29985 29785 29585 29385 29185 28985 28984 28983 28982 28981 28980 28979 28978 28977 28976 28975 28974 28774 28773 28772 28771 28770 28769 28569 28568 28567 28566 28565 28564 28563 28562 28362 28361 28161 28160 27960 27760 27759 27559 27558 27358 27357 27157 27156 26956 26955 26755 26754 26753 26752 26552 26551 26550 26549 26548 26547 26546 26545 26544 26543 26542 26541 26540 26340 26339 26338 26337 26336 26335 26334 26333 26332 26331 26330 26329 26328 26327 26326 26325 26324 26323 26322 26321 26320 26319 26318 26118 25918 25917 25717 25517 25317 25117 25116 24916 24716 24516 24316 24116 24115 23915 23914 23714 23713 23513 23512 23312 23311 23111 23110 23109 22909 22908 22907 22707 22507 22506 22306 22106 21906 21706 21506 21306 21106 20906 20706 20506 20306 20106 19906 19706 19506 19306 19106 18906 18706 18506 18306 18106 17906 17706 17506 17306 17106 16906 16706 16506 16306 16106 15906 15706 15506 15306 15106 14906 14706 14506 14306 14106 13906 13706 13707 13507 13508 13308 13309 13310 13110 13111 13112 12912 12712 12713 12513 12514 12314 12114 12115 11915 11715 11716 11516 11316 11116 11117 10917 10717 10517 10317 10117 9917 9717 9517 9317 9316 9116 8916 8716 8516 8515 8315 8115 8114 7914 7714 7713 7513 7512 7312 7311 7310 7110 7109 7108 7107 7106 7105 7104 7103 7102 7101 7301 7300 7500 7499 7498 7698 7697 7696 7896 7895 8095 8094 8294 8293 8292 8492 8491 8691 8690 8689 8688 8687 8887 9087 9287 9487 9687 9887 10087 10086 10286 10285 10284 10484 10483 10683 10682 10882 10881 10880 11080 11079 11279 11278 11277 11477 11476 11475 11675 11674 11874 11873 11872 12072 12071 12070 12069 12068 12067 12066 11866 11865 11864 11664 11464 11463 11263 11063 11062 10862 10861 10661 10461 10460 10459 10259 10258 10257 10256 10056 10055 10054 10053 10052 10051 9851 9850 9849 9848 9847 9846 9845 9645 9644 9643 9443 9442 9441 9241 9240 9040 8840 8640 8639 8439 8239 8039 8038 7838 7638 7438 7437 7237 7037 6837 6836 6636 6436 6435 6235 6234 6233 6033 6032 5832 5831 5830 5630 5629 5429 5428 5228 5028 4828 4628 4428 4228 4028 3828 3628 3428 3228 3028 2828 2628 2428 2228 2028 2027 2026 2025 2024 2023 2022 2021 2020 2019 2219 2218 2217 2216 2416 2415 2414 2413 2412 2411 2410 2409 2408 2407 2406 
Label: 21730
[319,486402,]
31381 31181 30981 30781 30581 30381 30181 29981 29781 29581 29381 29181 28981 28980 28979 28978 28977 28976 28975 28974 28774 28773 28772 28771 28770 28769 28569 28568 28567 28566 28565 28564 28563 28562 28362 28361 28161 28160 27960 27760 27759 27559 27558 27358 27357 27157 27156 26956 26955 26755 26754 26753 26752 26552 26551 26550 26549 26548 26547 26546 26545 26544 26543 26542 26541 26540 26340 26339 26338 26337 26336 26335 26334 26333 26332 26331 26330 26329 26328 26327 26326 26325 26324 26323 26322 26321 26320 26319 26318 26118 25918 25917 25717 25517 25317 25117 25116 24916 24716 24516 24316 24116 24115 23915 23914 23714 23713 23513 23512 23312 23311 23111 23110 23109 22909 22908 22907 22707 22507 22506 22306 22106 21906 21905 21705 21505 21504 21304 21303 21103 20903 20902 20702 20701 20700 20500 20499 20299 20298 20297 20097 20096 20095 20094 20093 19893 19693 19493 19293 19093 18893 18693 18493 18293 18093 17893 17693 17692 17492 17292 17092 16892 16891 16691 16690 16490 16290 16289 16288 16088 16087 16086 16085 16084 16083 16082 16081 16080 16079 16078 16077 16076 16075 16074 16073 16072 15872 15672 15472 15272 15072 14872 14672 14472 14272 14072 13872 13672 13472 13272 13072 12872 12672 12472 12471 12271 12270 12070 12069 12068 12067 12066 11866 11865 11864 11664 11464 11463 11263 11063 11062 10862 10861 10661 10461 10460 10459 10259 10258 10257 10256 10056 10055 10054 10053 10052 10051 9851 9850 9849 9848 9847 9846 9845 9645 9644 9643 9443 9442 9441 9241 9240 9040 8840 8640 8639 8439 8239 8039 8038 7838 7638 7438 7437 7237 7037 6837 6836 6636 6436 6435 6235 6234 6233 6033 6032 5832 5831 5830 5630 5629 5429 5428 5228 5028 4828 4628 4428 4228 4028 3828 3628 3428 3228 3028 2828 2628 2428 2427 2426 2425 2424 2423 2422 2421 2420 2419 2418 2417 2416 2415 2414 2413 2412 2411 2410 2409 2408 2407 2406 
Label: 394873
[377,339449,]
31381 31382 31383 31183 30983 30984 30784 30584 30585 30385 30185 29985 29785 29585 29385 29185 28985 28984 28983 28982 28981 28980 28979 28978 28977 28976 28975 28974 28774 28773 28772 28771 28770 28769 28569 28568 28567 28566 28565 28564 28563 28562 28362 28361 28161 28160 27960 27760 27759 27559 27558 27358 27357 27157 27156 26956 26955 26755 26754 26753 26752 26552 26551 26550 26549 26548 26547 26546 26545 26544 26543 26542 26541 26540 26340 26339 26338 26337 26336 26335 26334 26333 26332 26331 26330 26329 26328 26327 26326 26325 26324 26323 26322 26321 26320 26319 26318 26118 25918 25917 25717 25517 25317 25117 25116 24916 24716 24516 24316 24116 24115 23915 23914 23714 23713 23513 23512 23312 23311 23111 23110 22910 22710 22510 22310 22110 21910 21710 21510 21310 21110 20910 20710 20510 20310 20110 19910 19710 19510 19310 19110 18910 18710 18510 18310 18110 17910 17710 17510 17310 17110 16910 16710 16510 16310 16110 15910 15710 15510 15310 15110 14910 14710 14510 14310 14110 13910 13710 13510 13310 13110 13111 13112 12912 12712 12713 12513 12514 12314 12114 11914 11714 11514 11314 11114 10914 10714 10514 10314 10114 9914 9714 9514 9314 9114 8914 8714 8514 8314 8114 7914 7714 7713 7513 7512 7511 7510 7509 7508 7507 7506 7505 7504 7503 7502 7501 7500 7499 7498 7698 7697 7696 7896 7895 8095 8094 8294 8293 8292 8492 8491 8691 8690 8689 8688 8687 8887 9087 9287 9487 9687 9887 10087 10086 10286 10285 10284 10484 10483 10683 10682 10882 10881 10880 11080 11079 11279 11278 11277 11477 11476 11475 11675 11674 11673 11672 11671 11670 11669 11668 11667 11666 11665 11664 11464 11463 11263 11063 11062 10862 10861 10661 10461 10460 10459 10259 10258 10257 10256 10056 10055 10054 10053 10052 10051 9851 9850 9849 9848 9847 9846 9845 9645 9644 9643 9443 9442 9441 9241 9240 9040 8840 8640 8639 8439 8239 8039 8038 7838 7638 7438 7437 7237 7037 6837 6836 6636 6436 6435 6235 6234 6233 6033 6032 5832 5831 5830 5630 5629 5429 5428 5228 5028 4828 4628 4428 4228 4028 3828 3628 3428 3228 3028 2828 2628 2428 2427 2426 2425 2424 2423 2422 2421 2420 2419 2418 2417 2416 2415 2414 2413 2412 2411 2410 2409 2408 2407 2406 
Label: 410498
[395,336536,]
31381 31382 31383 31183 30983 30984 30784 30584 30585 30385 30185 29985 29785 29585 29385 29185 28985 28984 28983 28982 28981 28980 28979 28978 28977 28976 28975 28974 28774 28773 28772 28771 28770 28769 28569 28568 28567 28566 28565 28564 28563 28562 28362 28361 28161 28160 27960 27760 27759 27559 27558 27358 27357 27157 27156 26956 26955 26755 26754 26753 26752 26552 26551 26550 26549 26548 26547 26546 26545 26544 26543 26542 26541 26540 26340 26339 26338 26337 26336 26335 26334 26333 26332 26331 26330 26329 26328 26327 26326 26325 26324 26323 26322 26321 26320 26319 26318 26118 25918 25917 25717 25517 25317 25117 25116 24916 24716 24516 24316 24116 24115 23915 23914 23714 23713 23513 23512 23312 23311 23111 23110 23109 22909 22908 22907 22707 22507 22307 22107 21907 21707 21507 21307 21107 20907 20707 20507 20307 20107 19907 19707 19507 19307 19107 18907 18707 18507 18307 18107 17907 17707 17507 17307 17107 16907 16707 16507 16307 16107 15907 15707 15507 15307 15107 14907 14707 14507 14307 14107 13907 13707 13507 13508 13308 13309 13310 13110 13111 13112 12912 12712 12713 12513 12514 12314 12114 12115 11915 11715 11716 11516 11316 11116 10916 10716 10516 10316 10116 9916 9716 9516 9316 9116 8916 8716 8516 8515 8315 8115 8114 7914 7714 7713 7513 7512 7312 7311 7310 7110 7109 7108 7107 7106 7105 7104 7103 7102 7101 7301 7300 7500 7499 7498 7698 7697 7696 7896 7895 8095 8094 8294 8293 8292 8492 8491 8691 8690 8689 8688 8687 8887 9087 9287 9487 9687 9887 10087 10086 10286 10285 10284 10484 10483 10683 10682 10882 10881 10880 11080 11079 11279 11278 11277 11477 11476 11475 11675 11674 11874 11873 11872 11871 11870 11869 11868 11867 11866 11865 11864 11664 11464 11463 11263 11063 11062 10862 10861 10661 10461 10460 10459 10259 10258 10257 10256 10056 10055 10054 10053 10052 10051 9851 9850 9849 9848 9847 9846 9845 9645 9644 9643 9443 9442 9441 9241 9240 9040 8840 8640 8639 8439 8239 8039 8038 7838 7638 7438 7437 7237 7037 6837 6836 6636 6436 6435 6235 6234 6233 6033 6032 5832 5831 5830 5630 5629 5429 5428 5228 5028 4828 4628 4428 4228 4028 3828 3628 3428 3228 3028 2828 2628 2428 2228 2227 2226 2225 2224 2223 2222 2221 2220 2219 2218 2217 2216 2416 2415 2414 2413 2412 2411 2410 2409 2408 2407 2406 
Label: 357398
[361,358885,]
31381 31382 31383 31183 30983 30984 30784 30584 30384 30184 29984 29784 29584 29384 29184 28984 28983 28982 28981 28980 28979 28978 28977 28976 28975 28974 28774 28773 28772 28771 28770 28769 28569 28568 28567 28566 28565 28564 28563 28562 28362 28361 28161 28160 27960 27760 27759 27559 27558 27358 27357 27157 27156 26956 26955 26755 26754 26753 26752 26552 26551 26550 26549 26548 26547 26546 26545 26544 26543 26542 26541 26540 26340 26339 26338 26337 26336 26335 26334 26333 26332 26331 26330 26329 26328 26327 26326 26325 26324 26323 26322 26321 26320 26319 26318 26118 25918 25917 25717 25517 25317 25117 25116 24916 24716 24516 24316 24116 24115 23915 23914 23714 23713 23513 23512 23312 23112 22912 22712 22512 22312 22112 21912 21712 21512 21312 21112 20912 20712 20512 20312 20112 19912 19712 19512 19312 19112 18912 18712 18512 18312 18112 17912 17712 17512 17312 17112 16912 16712 16512 16312 16112 15912 15712 15512 15312 15112 14912 14712 14512 14312 14112 13912 13712 13512 13312 13112 12912 12712 12512 12312 12112 11912 11712 11512 11312 11112 10912 10712 10512 10312 10112 9912 9712 9512 9312 9112 8912 8712 8512 8312 8112 7912 7712 7711 7710 7709 7708 7707 7706 7705 7704 7703 7702 7701 7700 7699 7698 7697 7696 7896 7895 8095 8094 8294 8293 8292 8492 8491 8691 8690 8689 8688 8687 8887 9087 9287 9487 9687 9887 10087 10086 10286 10285 10284 10484 10483 10683 10682 10882 10881 10880 11080 11079 11279 11278 11277 11276 11275 11274 11273 11272 11271 11270 11269 11268 11267 11266 11265 11264 11263 11063 11062 10862 10861 10661 10461 10460 10459 10259 10258 10257 10256 10056 10055 10054 10053 10052 10051 9851 9850 9849 9848 9847 9846 9845 9645 9644 9643 9443 9442 9441 9241 9240 9040 8840 8640 8639 8439 8239 8039 8038 7838 7638 7438 7437 7237 7037 6837 6836 6636 6436 6435 6235 6234 6233 6033 6032 5832 5831 5830 5630 5629 5429 5428 5228 5028 4828 4628 4428 4228 4028 3828 3628 3428 3228 3028 2828 2628 2428 2427 2426 2425 2424 2423 2422 2421 2420 2419 2418 2417 2416 2415 2414 2413 2412 2411 2410 2409 2408 2407 2406 
Label: 287460
[349,376691,]
31381 31382 31383 31183 30983 30984 30784 30584 30384 30184 29984 29784 29584 29384 29184 28984 28983 28982 28981 28980 28979 28978 28977 28976 28975 28974 28774 28773 28772 28771 28770 28769 28569 28568 28567 28566 28565 28564 28563 28562 28362 28361 28161 28160 27960 27760 27759 27559 27558 27358 27357 27157 27156 26956 26955 26755 26754 26753 26752 26552 26551 26550 26549 26548 26547 26546 26545 26544 26543 26542 26541 26540 26340 26339 26338 26337 26336 26335 26334 26333 26332 26331 26330 26329 26328 26327 26326 26325 26324 26323 26322 26321 26320 26319 26318 26118 25918 25917 25717 25517 25317 25117 25116 24916 24716 24516 24316 24116 24115 23915 23914 23714 23713 23513 23512 23312 23112 22912 22712 22512 22312 22112 21912 21712 21512 21312 21112 20912 20712 20512 20312 20112 19912 19712 19512 19312 19112 18912 18712 18512 18312 18112 17912 17712 17512 17312 17112 16912 16712 16512 16312 16112 15912 15712 15512 15312 15112 14912 14712 14512 14312 14112 13912 13712 13512 13312 13112 12912 12712 12512 12312 12112 11912 11712 11512 11312 11112 10912 10712 10512 10312 10112 9912 9712 9512 9312 9112 8912 8712 8512 8312 8112 7912 7712 7711 7710 7709 7708 7707 7706 7705 7704 7703 7702 7701 7700 7699 7698 7697 7696 7695 7694 7693 7692 7691 7690 7689 7688 7687 7686 7685 7684 7683 7682 7482 7282 7082 6882 6682 6482 6282 6082 5882 5682 5482 5282 5082 4882 4682 4482 4282 4082 3882 3682 3482 3282 3082 2882 2881 2880 2680 2679 2479 2478 2477 2277 2276 2076 1876 1676 1675 1475 1275 1075 875 874 674 474 274 74 73 72 71 70 69 68 67 66 65 64 63 62 61 60 59 58 57 56 55 54 53 52 51 50 49 48 47 46 45 44 43 42 41 40 39 38 37 36 35 34 33 32 31 30 29 28 27 26 25 225 425 625 825 1025 1225 1425 1625 1624 1824 1823 2023 2022 2021 2020 2019 2219 2218 2217 2216 2416 2415 2414 2413 2412 2411 2410 2409 2408 2407 2406 
Label: 370414
[365,350321,]
31381 31382 31383 31183 30983 30984 30784 30584 30384 30184 29984 29784 29584 29384 29184 28984 28983 28982 28981 28980 28979 28978 28977 28976 28975 28974 28774 28773 28772 28771 28770 28769 28569 28568 28567 28566 28565 28564 28563 28562 28362 28361 28161 28160 27960 27760 27759 27559 27558 27358 27357 27157 27156 26956 26955 26755 26754 26753 26752 26552 26551 26550 26549 26548 26547 26546 26545 26544 26543 26542 26541 26540 26340 26339 26338 26337 26336 26335 26334 26333 26332 26331 26330 26329 26328 26327 26326 26325 26324 26323 26322 26321 26320 26319 26318 26118 25918 25917 25717 25517 25317 25117 25116 24916 24716 24516 24316 24116 24115 23915 23914 23714 23713 23513 23512 23312 23311 23111 22911 22711 22511 22311 22111 21911 21711 21511 21311 21111 20911 20711 20511 20311 20111 19911 19711 19511 19311 19111 18911 18711 18511 18311 18111 17911 17711 17511 17311 17111 16911 16711 16511 16311 16111 15911 15711 15511 15311 15111 14911 14711 14511 14311 14111 13911 13711 13511 13311 13111 13112 12912 12712 12713 12513 12313 12113 11913 11713 11513 11313 11113 10913 10713 10513 10313 10113 9913 9713 9513 9313 9113 8913 8713 8513 8313 8113 7913 7713 7712 7711 7710 7709 7708 7707 7706 7705 7704 7703 7702 7701 7700 7699 7698 7697 7696 7896 7895 8095 8094 8294 8293 8292 8492 8491 8691 8690 8689 8688 8687 8887 9087 9287 9487 9687 9887 10087 10086 10286 10285 10284 10484 10483 10683 10682 10882 10881 10880 11080 11079 11279 11278 11277 11276 11275 11274 11273 11272 11271 11270 11269 11268 11267 11266 11265 11264 11263 11063 11062 10862 10861 10661 10461 10460 10459 10259 10258 10257 10256 10056 10055 10054 10053 10052 10051 9851 9850 9849 9848 9847 9846 9845 9645 9644 9643 9443 9442 9441 9241 9240 9040 8840 8640 8639 8439 8239 8039 8038 7838 7638 7438 7437 7237 7037 6837 6836 6636 6436 6435 6235 6234 6233 6033 6032 5832 5831 5830 5630 5629 5429 5428 5228 5028 4828 4628 4428 4228 4028 3828 3628 3428 3228 3028 2828 2628 2428 2427 2426 2425 2424 2423 2422 2421 2420 2419 2418 2417 2416 2415 2414 2413 2412 2411 2410 2409 2408 2407 2406 
Label: 406898
[389,336752,]
31381 31382 31383 31183 30983 30984 30784 30584 30585 30385 30185 29985 29785 29585 29385 29185 28985 28984 28983 28982 28981 28980 28979 28978 28977 28976 28975 28974 28774 28773 28772 28771 28770 28769 28569 28568 28567 28566 28565 28564 28563 28562 28362 28361 28161 28160 27960 27760 27759 27559 27558 27358 27357 27157 27156 26956 26955 26755 26754 26753 26752 26552 26551 26550 26549 26548 26547 26546 26545 26544 26543 26542 26541 26540 26340 26339 26338 26337 26336 26335 26334 26333 26332 26331 26330 26329 26328 26327 26326 26325 26324 26323 26322 26321 26320 26319 26318 26118 25918 25917 25717 25517 25317 25117 25116 24916 24716 24516 24316 24116 24115 23915 23914 23714 23713 23513 23512 23312 23311 23111 23110 23109 22909 22908 22708 22508 22308 22108 21908 21708 21508 21308 21108 20908 20708 20508 20308 20108 19908 19708 19508 19308 19108 18908 18708 18508 18308 18108 17908 17708 17508 17308 17108 16908 16708 16508 16308 16108 15908 15708 15508 15308 15108 14908 14708 14508 14308 14108 13908 13708 13508 13308 13309 13310 13110 13111 13112 12912 12712 12713 12513 12514 12314 12114 12115 11915 11715 11515 11315 11115 10915 10715 10515 10315 10115 9915 9715 9515 9315 9115 8915 8715 8515 8315 8115 8114 7914 7714 7713 7513 7512 7312 7311 7310 7309 7308 7307 7306 7305 7304 7303 7302 7301 7300 7500 7499 7498 7698 7697 7696 7896 7895 8095 8094 8294 8293 8292 8492 8491 8691 8690 8689 8688 8687 8887 9087 9287 9487 9687 9887 10087 10086 10286 10285 10284 10484 10483 10683 10682 10882 10881 10880 11080 11079 11279 11278 11277 11477 11476 11475 11675 11674 11874 11873 11872 11871 11870 11869 11868 11867 11866 11865 11864 11664 11464 11463 11263 11063 11062 10862 10861 10661 10461 10460 10459 10259 10258 10257 10256 10056 10055 10054 10053 10052 10051 9851 9850 9849 9848 9847 9846 9845 9645 9644 9643 9443 9442 9441 9241 9240 9040 8840 8640 8639 8439 8239 8039 8038 7838 7638 7438 7437 7237 7037 6837 6836 6636 6436 6435 6235 6234 6233 6033 6032 5832 5831 5830 5630 5629 5429 5428 5228 5028 4828 4628 4428 4228 4028 3828 3628 3428 3228 3028 2828 2628 2428 2228 2227 2226 2225 2224 2223 2222 2221 2220 2219 2218 2217 2216 2416 2415 2414 2413 2412 2411 2410 2409 2408 2407 2406 
Label: 399936
[381,338032,]
31381 31382 31383 31183 30983 30984 30784 30584 30585 30385 30185 29985 29785 29585 29385 29185 28985 28984 28983 28982 28981 28980 28979 28978 28977 28976 28975 28974 28774 28773 28772 28771 28770 28769 28569 28568 28567 28566 28565 28564 28563 28562 28362 28361 28161 28160 27960 27760 27759 27559 27558 27358 27357 27157 27156 26956 26955 26755 26754 26753 26752 26552 26551 26550 26549 26548 26547 26546 26545 26544 26543 26542 26541 26540 26340 26339 26338 26337 26336 26335 26334 26333 26332 26331 26330 26329 26328 26327 26326 26325 26324 26323 26322 26321 26320 26319 26318 26118 25918 25917 25717 25517 25317 25117 25116 24916 24716 24516 24316 24116 24115 23915 23914 23714 23713 23513 23512 23312 23311 23111 23110 23109 22909 22709 22509 22309 22109 21909 21709 21509 21309 21109 20909 20709 20509 20309 20109 19909 19709 19509 19309 19109 18909 18709 18509 18309 18109 17909 17709 17509 17309 17109 16909 16709 16509 16309 16109 15909 15709 15509 15309 15109 14909 14709 14509 14309 14109 13909 13709 13509 13309 13310 13110 13111 13112 12912 12712 12713 12513 12514 12314 12114 11914 11714 11514 11314 11114 10914 10714 10514 10314 10114 9914 9714 9514 9314 9114 8914 8714 8514 8314 8114 7914 7714 7713 7513 7512 7511 7510 7509 7508 7507 7506 7505 7504 7503 7502 7501 7500 7499 7498 7698 7697 7696 7896 7895 8095 8094 8294 8293 8292 8492 8491 8691 8690 8689 8688 8687 8887 9087 9287 9487 9687 9887 10087 10086 10286 10285 10284 10484 10483 10683 10682 10882 10881 10880 11080 11079 11279 11278 11277 11477 11476 11475 11675 11674 11673 11672 11671 11670 11669 11668 11667 11666 11665 11664 11464 11463 11263 11063 11062 10862 10861 10661 10461 10460 10459 10259 10258 10257 10256 10056 10055 10054 10053 10052 10051 9851 9850 9849 9848 9847 9846 9845 9645 9644 9643 9443 9442 9441 9241 9240 9040 8840 8640 8639 8439 8239 8039 8038 7838 7638 7438 7437 7237 7037 6837 6836 6636 6436 6435 6235 6234 6233 6033 6032 5832 5831 5830 5630 5629 5429 5428 5228 5028 4828 4628 4428 4228 4028 3828 3628 3428 3228 3028 2828 2628 2428 2228 2227 2226 2225 2224 2223 2222 2221 2220 2219 2218 2217 2216 2416 2415 2414 2413 2412 2411 2410 2409 2408 2407 2406 
Label: 411446
[397,336484,]
31381 31382 31383 31183 30983 30984 30784 30584 30585 30385 30185 29985 29785 29585 29385 29185 28985 28984 28983 28982 28981 28980 28979 28978 28977 28976 28975 28974 28774 28773 28772 28771 28770 28769 28569 28568 28567 28566 28565 28564 28563 28562 28362 28361 28161 28160 27960 27760 27759 27559 27558 27358 27357 27157 27156 26956 26955 26755 26754 26753 26752 26552 26551 26550 26549 26548 26547 26546 26545 26544 26543 26542 26541 26540 26340 26339 26338 26337 26336 26335 26334 26333 26332 26331 26330 26329 26328 26327 26326 26325 26324 26323 26322 26321 26320 26319 26318 26118 25918 25917 25717 25517 25317 25117 25116 24916 24716 24516 24316 24116 24115 23915 23914 23714 23713 23513 23512 23312 23311 23111 23110 23109 22909 22908 22907 22707 22507 22307 22107 21907 21707 21507 21307 21107 20907 20707 20507 20307 20107 19907 19707 19507 19307 19107 18907 18707 18507 18307 18107 17907 17707 17507 17307 17107 16907 16707 16507 16307 16107 15907 15707 15507 15307 15107 14907 14707 14507 14307 14107 13907 13707 13507 13508 13308 13309 13310 13110 13111 13112 12912 12712 12713 12513 12514 12314 12114 12115 11915 11715 11716 11516 11316 11116 10916 10716 10516 10316 10116 9916 9716 9516 9316 9116 8916 8716 8516 8515 8315 8115 8114 7914 7714 7713 7513 7512 7312 7311 7310 7110 7109 7108 7107 7106 7105 7104 7103 7102 7101 7301 7300 7500 7499 7498 7698 7697 7696 7896 7895 8095 8094 8294 8293 8292 8492 8491 8691 8690 8689 8688 8687 8887 9087 9287 9487 9687 9887 10087 10086 10286 10285 10284 10484 10483 10683 10682 10882 10881 10880 11080 11079 11279 11278 11277 11477 11476 11475 11675 11674 11874 11873 11872 11871 11870 11869 11868 11867 11866 11865 11864 11664 11464 11463 11263 11063 11062 10862 10861 10661 10461 10460 10459 10259 10258 10257 10256 10056 10055 10054 10053 10052 10051 9851 9850 9849 9848 9847 9846 9845 9645 9644 9643 9443 9442 9441 9241 9240 9040 8840 8640 8639 8439 8239 8039 8038 7838 7638 7438 7437 7237 7037 6837 6836 6636 6436 6435 6235 6234 6233 6033 6032 5832 5831 5830 5630 5629 5429 5428 5228 5028 4828 4628 4428 4228 4028 3828 3628 3428 3228 3028 2828 2628 2428 2228 2028 2027 2026 2025 2024 2023 2022 2021 2020 2019 2219 2218 2217 2216 2416 2415 2414 2413 2412 2411 2410 2409 2408 2407 2406 
Label: 375810
[367,346601,]
31381 31382 31383 31183 30983 30984 30784 30584 30384 30184 29984 29784 29584 29384 29184 28984 28983 28982 28981 28980 28979 28978 28977 28976 28975 28974 28774 28773 28772 28771 28770 28769 28569 28568 28567 28566 28565 28564 28563 28562 28362 28361 28161 28160 27960 27760 27759 27559 27558 27358 27357 27157 27156 26956 26955 26755 26754 26753 26752 26552 26551 26550 26549 26548 26547 26546 26545 26544 26543 26542 26541 26540 26340 26339 26338 26337 26336 26335 26334 26333 26332 26331 26330 26329 26328 26327 26326 26325 26324 26323 26322 26321 26320 26319 26318 26118 25918 25917 25717 25517 25317 25117 25116 24916 24716 24516 24316 24116 24115 23915 23914 23714 23713 23513 23512 23312 23311 23111 22911 22711 22511 22311 22111 21911 21711 21511 21311 21111 20911 20711 20511 20311 20111 19911 19711 19511 19311 19111 18911 18711 18511 18311 18111 17911 17711 17511 17311 17111 16911 16711 16511 16311 16111 15911 15711 15511 15311 15111 14911 14711 14511 14311 14111 13911 13711 13511 13311 13111 13112 12912 12712 12713 12513 12313 12113 11913 11713 11513 11313 11113 10913 10713 10513 10313 10113 9913 9713 9513 9313 9113 8913 8713 8513 8313 8113 7913 7713 7712 7711 7710 7709 7708 7707 7706 7705 7704 7703 7702 7701 7700 7699 7698 7697 7696 7896 7895 8095 8094 8294 8293 8292 8492 8491 8691 8690 8689 8688 8687 8887 9087 9287 9487 9687 9887 10087 10086 10286 10285 10284 10484 10483 10683 10682 10882 10881 10880 11080 11079 11279 11278 11277 11477 11476 11475 11474 11473 11472 11471 11470 11469 11468 11467 11466 11465 11464 11463 11263 11063 11062 10862 10861 10661 10461 10460 10459 10259 10258 10257 10256 10056 10055 10054 10053 10052 10051 9851 9850 9849 9848 9847 9846 9845 9645 9644 9643 9443 9442 9441 9241 9240 9040 8840 8640 8639 8439 8239 8039 8038 7838 7638 7438 7437 7237 7037 6837 6836 6636 6436 6435 6235 6234 6233 6033 6032 5832 5831 5830 5630 5629 5429 5428 5228 5028 4828 4628 4428 4228 4028 3828 3628 3428 3228 3028 2828 2628 2428 2427 2426 2425 2424 2423 2422 2421 2420 2419 2418 2417 2416 2415 2414 2413 2412 2411 2410 2409 2408 2407 2406 
