graph_load_time: 0.300678
n_generated: 76332
n_expanded: 41185
n_domCheck: 275434
rt_initHeu: 0.345541
rt_search: 1.23802
N: 29
Label: 131923
[242,106326,]
23637 23638 23639 23640 23641 23642 23643 23644 23645 23646 23647 23648 23649 23650 23651 23652 23653 23654 23655 23656 23657 23658 23659 23660 23661 23662 23862 24062 24262 24462 24662 24862 24863 25063 25263 25463 25663 25664 25864 26064 26065 26265 26465 26466 26666 26667 26867 26868 27068 27069 27269 27270 27470 27670 27671 27871 27872 28072 28073 28273 28274 28474 28475 28476 28676 28677 28678 28878 28879 28880 28881 28882 29082 29083 29084 29085 29086 29087 29088 29089 29090 29091 29092 29093 29293 29493 29693 29893 30093 30293 30493 30693 30893 31093 31293 31493 31693 31893 32093 32293 32493 32693 32893 33093 33293 33493 33693 33694 33894 34094 34294 34494 34495 34695 34895 34896 35096 35296 35297 35298 35299 35300 35301 35302 35303 35304 35305 35306 35307 35308 35309 35310 35311 35312 35313 35314 35315 35316 35317 35318 35319 35320 35321 35322 35323 35324 35325 35326 35327 35328 35329 35330 35331 35332 35333 35334 35335 35336 35337 35338 35339 35340 35341 35141 35142 34942 34943 34743 34543 34544 34344 34345 34145 33945 33946 33746 33747 33547 33347 33348 33148 32948 32949 32749 32549 32550 32350 32150 32151 31951 31751 31752 31552 31352 31353 31153 31154 31155 31156 31157 31158 31159 31160 31161 31162 31163 31164 31165 31166 31167 31168 31169 31170 31171 31172 31173 31174 31175 31176 31177 31178 31179 31180 31181 31182 31183 31184 31185 31186 31187 31387 31587 31787 31987 32187 32387 32587 32787 32987 33187 33387 33587 33787 
Label: 125319
[240,115563,]
23637 23638 23639 23640 23641 23642 23643 23644 23645 23646 23647 23648 23649 23650 23651 23652 23653 23654 23655 23656 23657 23658 23659 23660 23661 23662 23862 24062 24262 24462 24662 24862 24863 25063 25263 25463 25663 25664 25864 26064 26065 26265 26465 26466 26666 26667 26867 26868 27068 27069 27269 27270 27470 27670 27671 27871 27872 28072 28073 28273 28274 28474 28475 28476 28676 28677 28678 28878 28879 28880 28881 28882 29082 29083 29084 29085 29086 29087 29088 29089 29090 29091 29092 29093 29293 29493 29693 29893 30093 30293 30493 30693 30893 31093 31293 31493 31693 31893 32093 32293 32493 32693 32893 33093 33293 33493 33693 33694 33894 34094 34294 34494 34495 34695 34895 34896 35096 35296 35297 35298 35299 35300 35301 35302 35303 35304 35305 35306 35307 35308 35309 35310 35311 35312 35313 35314 35315 35316 35317 35318 35319 35320 35321 35322 35323 35324 35325 35326 35327 35328 35329 35330 35331 35332 35333 35334 35335 35336 35337 35338 35339 35340 35341 35141 35142 34942 34943 34743 34543 34544 34344 34345 34145 33945 33946 33746 33747 33547 33347 33348 33148 32948 32949 32749 32549 32550 32350 32150 32151 31951 31751 31752 31552 31352 31353 31354 31355 31356 31357 31358 31359 31360 31361 31362 31363 31364 31365 31366 31367 31368 31369 31370 31371 31372 31373 31374 31375 31376 31377 31378 31379 31380 31381 31382 31383 31384 31385 31386 31387 31587 31787 31987 32187 32387 32587 32787 32987 33187 33387 33587 33787 
Label: 50791
[216,122508,]
23637 23638 23639 23640 23641 23642 23643 23644 23645 23646 23647 23648 23649 23650 23651 23652 23653 23654 23655 23656 23657 23658 23659 23660 23661 23662 23862 24062 24262 24462 24662 24862 24863 25063 25263 25463 25663 25664 25864 26064 26065 26265 26465 26466 26666 26667 26867 26868 27068 27069 27269 27270 27470 27670 27671 27871 27872 28072 28073 28273 28274 28474 28475 28476 28676 28677 28678 28878 28879 28880 28881 28882 29082 29083 29084 29085 29086 29087 29088 29089 29090 29091 29092 29093 29094 29095 29096 29097 29098 29099 29100 29101 29102 29103 29104 29105 29106 29107 29108 29109 29110 29111 29112 29113 29114 29115 29116 29117 29118 29119 29120 29121 29122 29123 29124 29125 29126 29326 29327 29328 29528 29529 29530 29531 29532 29332 29333 29334 29134 29135 29136 29137 29138 29139 29339 29340 29341 29342 29542 29543 29544 29545 29745 29746 29747 29947 29948 30148 30149 30150 30350 30351 30551 30552 30752 30753 30754 30755 30756 30757 30758 30759 30760 30761 30762 30562 30563 30564 30565 30566 30567 30367 30368 30369 30370 30371 30171 30172 30173 30174 30175 29975 29976 29977 29978 29979 29980 29981 29982 29983 29984 29985 29986 29987 30187 30387 30587 30588 30788 30789 30989 31189 31389 31589 31789 31989 32189 32188 32388 32588 32587 32787 32987 33187 33387 33587 33787 
Label: 46443
[214,122511,]
23637 23638 23639 23640 23641 23642 23643 23644 23645 23646 23647 23648 23649 23650 23651 23652 23653 23654 23655 23656 23657 23658 23659 23660 23661 23662 23862 24062 24262 24462 24662 24862 24863 25063 25263 25463 25663 25664 25864 26064 26065 26265 26465 26466 26666 26667 26867 26868 27068 27069 27269 27270 27470 27670 27671 27871 27872 28072 28073 28273 28274 28474 28475 28476 28676 28677 28678 28878 28879 28880 28881 28882 29082 29083 29084 29085 29086 29087 29088 29089 29090 29091 29092 29093 29094 29095 29096 29097 29098 29099 29100 29101 29102 29103 29104 29105 29106 29107 29108 29109 29110 29111 29112 29113 29114 29115 29116 29117 29118 29119 29120 29121 29122 29123 29124 29125 29126 29326 29327 29328 29329 29330 29331 29332 29333 29334 29134 29135 29136 29137 29138 29139 29339 29340 29341 29342 29542 29543 29544 29545 29745 29746 29747 29947 29948 30148 30149 30150 30350 30351 30551 30552 30752 30753 30754 30755 30756 30757 30758 30759 30760 30761 30762 30562 30563 30564 30565 30566 30567 30367 30368 30369 30370 30371 30171 30172 30173 30174 30175 29975 29976 29977 29978 29979 29980 29981 29982 29983 29984 29985 29986 29987 30187 30387 30587 30588 30788 30789 30989 31189 31389 31589 31789 31989 32189 32188 32388 32588 32587 32787 32987 33187 33387 33587 33787 
Label: 163081
[264,89829,]
23637 23638 23639 23640 23641 23642 23643 23644 23645 23646 23647 23648 23649 23650 23651 23652 23653 23654 23655 23656 23657 23658 23659 23660 23661 23662 23862 24062 24262 24462 24662 24862 24863 25063 25263 25463 25663 25664 25864 26064 26065 26265 26465 26466 26666 26667 26867 26868 27068 27069 27269 27270 27470 27670 27671 27871 27872 28072 28073 28273 28274 28474 28475 28476 28676 28677 28678 28878 28879 28880 28881 28882 29082 29083 29084 29085 29086 29087 29088 29089 29090 29091 29092 29093 29293 29493 29693 29893 30093 30293 30493 30693 30893 31093 31293 31493 31693 31893 32093 32293 32493 32693 32893 33093 33293 33493 33693 33694 33894 34094 34294 34494 34495 34695 34895 34896 35096 35296 35297 35497 35498 35698 35699 35899 35900 35901 36101 36102 36103 36303 36304 36305 36306 36307 36308 36309 36310 36311 36312 36313 36314 36315 36316 36317 36318 36118 36119 36120 36121 36122 35922 35923 35924 35925 35926 35927 35928 35929 35930 35931 35932 35933 35934 35935 35936 35937 35938 35939 35940 35740 35540 35541 35341 35141 35142 34942 34943 34743 34543 34544 34344 34345 34145 33945 33946 33746 33747 33547 33347 33348 33148 32948 32949 32749 32549 32550 32350 32150 32151 31951 31751 31752 31552 31352 31353 31153 31154 30954 30955 30956 30756 30757 30758 30759 30760 30761 30762 30562 30563 30564 30565 30566 30567 30367 30368 30369 30370 30371 30171 30172 30173 30174 30175 30176 30177 30178 30179 30180 30181 30182 30183 30184 30185 30186 30187 30387 30587 30588 30788 30988 31188 31388 31588 31788 31988 32188 32388 32588 32587 32787 32987 33187 33387 33587 33787 
Label: 42175
[212,122516,]
23637 23638 23639 23640 23641 23642 23643 23644 23645 23646 23647 23648 23649 23650 23651 23652 23653 23654 23655 23656 23657 23658 23659 23660 23661 23662 23862 24062 24262 24462 24662 24862 24863 25063 25263 25463 25663 25664 25864 26064 26065 26265 26465 26466 26666 26667 26867 26868 27068 27069 27269 27270 27470 27670 27671 27871 27872 28072 28073 28273 28274 28474 28475 28476 28676 28677 28678 28878 28879 28880 28881 28882 29082 29083 29084 29085 29086 29087 29088 29089 29090 29091 29092 29093 29094 29095 29096 29097 29098 29099 29100 29101 29102 29103 29104 29105 29106 29107 29108 29109 29110 29111 29112 29113 29114 29115 29116 29117 29118 29119 29120 29121 29122 29123 29124 29125 29126 29326 29327 29328 29329 29330 29331 29332 29333 29334 29134 29135 29136 29137 29138 29139 29339 29340 29341 29342 29542 29543 29544 29545 29745 29746 29747 29947 29948 30148 30149 30150 30350 30351 30551 30552 30752 30753 30754 30755 30756 30757 30758 30759 30760 30761 30762 30562 30563 30564 30565 30566 30567 30367 30368 30369 30370 30371 30171 30172 30173 30174 30175 30176 30177 30178 30179 30180 30181 30182 30183 30184 30185 30186 30187 30387 30587 30588 30788 30789 30989 31189 31389 31589 31789 31989 32189 32188 32388 32588 32587 32787 32987 33187 33387 33587 33787 
Label: 137875
[244,99564,]
23637 23638 23639 23640 23641 23642 23643 23644 23645 23646 23647 23648 23649 23650 23651 23652 23653 23654 23655 23656 23657 23658 23659 23660 23661 23662 23862 24062 24262 24462 24662 24862 24863 25063 25263 25463 25663 25664 25864 26064 26065 26265 26465 26466 26666 26667 26867 26868 27068 27069 27269 27270 27470 27670 27671 27871 27872 28072 28073 28273 28274 28474 28475 28476 28676 28677 28678 28878 28879 28880 28881 28882 29082 29083 29084 29085 29086 29087 29088 29089 29090 29091 29092 29093 29293 29493 29693 29893 30093 30293 30493 30693 30893 31093 31293 31493 31693 31893 32093 32293 32493 32693 32893 33093 33293 33493 33693 33694 33894 34094 34294 34494 34495 34695 34895 34896 35096 35296 35297 35497 35498 35499 35500 35501 35502 35503 35504 35505 35506 35507 35508 35509 35510 35511 35512 35513 35514 35515 35516 35517 35518 35519 35520 35521 35522 35523 35524 35525 35526 35527 35528 35529 35530 35531 35532 35533 35534 35535 35536 35537 35538 35539 35540 35541 35341 35141 35142 34942 34943 34743 34543 34544 34344 34345 34145 33945 33946 33746 33747 33547 33347 33348 33148 32948 32949 32749 32549 32550 32350 32150 32151 31951 31751 31752 31552 31352 31353 31153 31154 31155 31156 31157 31158 31159 31160 31161 31162 31163 31164 31165 31166 31167 31168 31169 31170 31171 31172 31173 31174 31175 31176 31177 31178 31179 31180 31181 31182 31183 31184 31185 31186 31187 31387 31587 31787 31987 32187 32387 32587 32787 32987 33187 33387 33587 33787 
Label: 158755
[256,90117,]
23637 23638 23639 23640 23641 23642 23643 23644 23645 23646 23647 23648 23649 23650 23651 23652 23653 23654 23655 23656 23657 23658 23659 23660 23661 23662 23862 24062 24262 24462 24662 24862 24863 25063 25263 25463 25663 25664 25864 26064 26065 26265 26465 26466 26666 26667 26867 26868 27068 27069 27269 27270 27470 27670 27671 27871 27872 28072 28073 28273 28274 28474 28475 28476 28676 28677 28678 28878 28879 28880 28881 28882 29082 29083 29084 29085 29086 29087 29088 29089 29090 29091 29092 29093 29293 29493 29693 29893 30093 30293 30493 30693 30893 31093 31293 31493 31693 31893 32093 32293 32493 32693 32893 33093 33293 33493 33693 33694 33894 34094 34294 34494 34495 34695 34895 34896 35096 35296 35297 35497 35498 35698 35699 35899 35900 35901 36101 36102 36103 36104 36105 36106 36107 36108 36109 36110 36111 36112 36113 36114 36115 36116 36117 36118 36119 36120 36121 36122 35922 35923 35924 35925 35926 35927 35928 35929 35930 35931 35932 35933 35934 35935 35936 35937 35938 35939 35940 35740 35540 35541 35341 35141 35142 34942 34943 34743 34543 34544 34344 34345 34145 33945 33946 33746 33747 33547 33347 33348 33148 32948 32949 32749 32549 32550 32350 32150 32151 31951 31751 31752 31552 31352 31353 31153 31154 30954 30955 30956 30756 30757 30758 30759 30760 30761 30762 30562 30563 30564 30565 30566 30567 30568 30569 30570 30571 30572 30573 30574 30575 30576 30577 30578 30579 30580 30581 30582 30583 30584 30585 30586 30587 30787 30987 31187 31387 31587 31787 31987 32187 32387 32587 32787 32987 33187 33387 33587 33787 
Label: 55319
[218,122507,]
23637 23638 23639 23640 23641 23642 23643 23644 23645 23646 23647 23648 23649 23650 23651 23652 23653 23654 23655 23656 23657 23658 23659 23660 23661 23662 23862 24062 24262 24462 24662 24862 24863 25063 25263 25463 25663 25664 25864 26064 26065 26265 26465 26466 26666 26667 26867 26868 27068 27069 27269 27270 27470 27670 27671 27871 27872 28072 28073 28273 28274 28474 28475 28476 28676 28677 28678 28878 28879 28880 28881 28882 29082 29083 29084 29085 29086 29087 29088 29089 29090 29091 29092 29093 29094 29095 29096 29097 29098 29099 29100 29101 29102 29103 29104 29105 29106 29107 29108 29109 29110 29111 29112 29113 29114 29115 29116 29117 29118 29119 29120 29121 29122 29123 29124 29125 29126 29326 29327 29328 29528 29529 29530 29531 29532 29332 29333 29334 29134 29135 29136 29137 29138 29139 29339 29340 29341 29342 29542 29543 29544 29545 29745 29746 29747 29947 29948 30148 30149 30150 30350 30351 30551 30552 30752 30753 30953 30954 30955 30956 30756 30757 30758 30759 30760 30761 30762 30562 30563 30564 30565 30566 30567 30367 30368 30369 30370 30371 30171 30172 30173 30174 30175 29975 29976 29977 29978 29979 29980 29981 29982 29983 29984 29985 29986 29987 30187 30387 30587 30588 30788 30789 30989 31189 31389 31589 31789 31989 32189 32188 32388 32588 32587 32787 32987 33187 33387 33587 33787 
Label: 38315
[210,122532,]
23637 23638 23639 23640 23641 23642 23643 23644 23645 23646 23647 23648 23649 23650 23651 23652 23653 23654 23655 23656 23657 23658 23659 23660 23661 23662 23862 24062 24262 24462 24662 24862 24863 25063 25263 25463 25663 25664 25864 26064 26065 26265 26465 26466 26666 26667 26867 26868 27068 27069 27269 27270 27470 27670 27671 27871 27872 28072 28073 28273 28274 28474 28475 28476 28676 28677 28678 28878 28879 28880 28881 28882 29082 29083 29084 29085 29086 29087 29088 29089 29090 29091 29092 29093 29094 29095 29096 29097 29098 29099 29100 29101 29102 29103 29104 29105 29106 29107 29108 29109 29110 29111 29112 29113 29114 29115 29116 29117 29118 29119 29120 29121 29122 29123 29124 29125 29126 29326 29327 29328 29329 29330 29331 29332 29333 29334 29134 29135 29136 29137 29138 29139 29339 29340 29341 29342 29542 29543 29544 29545 29745 29746 29747 29947 29948 30148 30149 30150 30350 30351 30551 30552 30752 30753 30754 30755 30756 30757 30758 30759 30760 30761 30762 30562 30563 30564 30565 30566 30567 30367 30368 30369 30370 30371 30171 30172 30173 30174 30175 30176 30177 30178 30179 30180 30181 30182 30183 30184 30185 30186 30187 30387 30587 30588 30788 30988 31188 31388 31588 31788 31988 32188 32388 32588 32587 32787 32987 33187 33387 33587 33787 
Label: 34339
[208,122559,]
23637 23638 23639 23640 23641 23642 23643 23644 23645 23646 23647 23648 23649 23650 23651 23652 23653 23654 23655 23656 23657 23658 23659 23660 23661 23662 23862 24062 24262 24462 24662 24862 24863 25063 25263 25463 25663 25664 25864 26064 26065 26265 26465 26466 26666 26667 26867 26868 27068 27069 27269 27270 27470 27670 27671 27871 27872 28072 28073 28273 28274 28474 28475 28476 28676 28677 28678 28878 28879 28880 28881 28882 29082 29083 29084 29085 29086 29087 29088 29089 29090 29091 29092 29093 29094 29095 29096 29097 29098 29099 29100 29101 29102 29103 29104 29105 29106 29107 29108 29109 29110 29111 29112 29113 29114 29115 29116 29117 29118 29119 29120 29121 29122 29123 29124 29125 29126 29326 29327 29328 29329 29330 29331 29332 29333 29334 29134 29135 29136 29137 29138 29139 29339 29340 29341 29342 29542 29543 29544 29545 29745 29746 29747 29947 29948 30148 30149 30150 30350 30351 30551 30552 30752 30753 30754 30755 30756 30757 30758 30759 30760 30761 30762 30562 30563 30564 30565 30566 30567 30367 30368 30369 30370 30371 30372 30373 30374 30375 30376 30377 30378 30379 30380 30381 30382 30383 30384 30385 30386 30387 30587 30588 30788 30988 31188 31388 31588 31788 31988 32188 32388 32588 32587 32787 32987 33187 33387 33587 33787 
Label: 30123
[206,122617,]
23637 23638 23639 23640 23641 23642 23643 23644 23645 23646 23647 23648 23649 23650 23651 23652 23653 23654 23655 23656 23657 23658 23659 23660 23661 23662 23862 24062 24262 24462 24662 24862 24863 25063 25263 25463 25663 25664 25864 26064 26065 26265 26465 26466 26666 26667 26867 26868 27068 27069 27269 27270 27470 27670 27671 27871 27872 28072 28073 28273 28274 28474 28475 28476 28676 28677 28678 28878 28879 28880 28881 28882 29082 29083 29084 29085 29086 29087 29088 29089 29090 29091 29092 29093 29094 29095 29096 29097 29098 29099 29100 29101 29102 29103 29104 29105 29106 29107 29108 29109 29110 29111 29112 29113 29114 29115 29116 29117 29118 29119 29120 29121 29122 29123 29124 29125 29126 29127 29128 29129 29130 29131 29132 29133 29134 29135 29136 29137 29138 29139 29339 29340 29341 29342 29542 29543 29544 29545 29745 29746 29747 29947 29948 30148 30149 30150 30350 30351 30551 30552 30752 30753 30754 30755 30756 30757 30758 30759 30760 30761 30762 30562 30563 30564 30565 30566 30567 30367 30368 30369 30370 30371 30372 30373 30374 30375 30376 30377 30378 30379 30380 30381 30382 30383 30384 30385 30386 30387 30587 30588 30788 30988 31188 31388 31588 31788 31988 32188 32388 32588 32587 32787 32987 33187 33387 33587 33787 
Label: 147863
[248,92980,]
23637 23638 23639 23640 23641 23642 23643 23644 23645 23646 23647 23648 23649 23650 23651 23652 23653 23654 23655 23656 23657 23658 23659 23660 23661 23662 23862 24062 24262 24462 24662 24862 24863 25063 25263 25463 25663 25664 25864 26064 26065 26265 26465 26466 26666 26667 26867 26868 27068 27069 27269 27270 27470 27670 27671 27871 27872 28072 28073 28273 28274 28474 28475 28476 28676 28677 28678 28878 28879 28880 28881 28882 29082 29083 29084 29085 29086 29087 29088 29089 29090 29091 29092 29093 29293 29493 29693 29893 30093 30293 30493 30693 30893 31093 31293 31493 31693 31893 32093 32293 32493 32693 32893 33093 33293 33493 33693 33694 33894 34094 34294 34494 34495 34695 34895 34896 35096 35296 35297 35497 35498 35698 35699 35700 35701 35702 35703 35704 35705 35706 35707 35708 35709 35710 35711 35712 35713 35714 35715 35716 35717 35718 35719 35720 35721 35722 35723 35724 35725 35726 35727 35728 35729 35730 35731 35732 35733 35734 35735 35736 35737 35738 35739 35740 35540 35541 35341 35141 35142 34942 34943 34743 34543 34544 34344 34345 34145 33945 33946 33746 33747 33547 33347 33348 33148 32948 32949 32749 32549 32550 32350 32150 32151 31951 31751 31752 31552 31352 31353 31153 31154 30954 30955 30956 30957 30958 30959 30960 30961 30962 30963 30964 30965 30966 30967 30968 30969 30970 30971 30972 30973 30974 30975 30976 30977 30978 30979 30980 30981 30982 30983 30984 30985 30986 30987 31187 31387 31587 31787 31987 32187 32387 32587 32787 32987 33187 33387 33587 33787 
Label: 25463
[204,122722,]
23637 23638 23639 23640 23641 23642 23643 23644 23645 23646 23647 23648 23649 23650 23651 23652 23653 23654 23655 23656 23657 23658 23659 23660 23661 23662 23862 24062 24262 24462 24662 24862 24863 25063 25263 25463 25663 25664 25864 26064 26065 26265 26465 26466 26666 26667 26867 26868 27068 27069 27269 27270 27470 27670 27671 27871 27872 28072 28073 28273 28274 28474 28475 28476 28676 28677 28678 28878 28879 28880 28881 28882 29082 29083 29084 29085 29086 29087 29088 29089 29090 29091 29092 29093 29094 29095 29096 29097 29098 29099 29100 29101 29102 29103 29104 29105 29106 29107 29108 29109 29110 29111 29112 29113 29114 29115 29116 29117 29118 29119 29120 29121 29122 29123 29124 29125 29126 29127 29128 29129 29130 29131 29132 29133 29134 29135 29136 29137 29138 29139 29339 29340 29341 29342 29542 29543 29544 29545 29745 29746 29747 29947 29948 30148 30149 30150 30350 30351 30551 30552 30553 30554 30555 30556 30557 30558 30559 30560 30561 30562 30563 30564 30565 30566 30567 30367 30368 30369 30370 30371 30372 30373 30374 30375 30376 30377 30378 30379 30380 30381 30382 30383 30384 30385 30386 30387 30587 30588 30788 30988 31188 31388 31588 31788 31988 32188 32388 32588 32587 32787 32987 33187 33387 33587 33787 
Label: 151323
[250,91474,]
23637 23638 23639 23640 23641 23642 23643 23644 23645 23646 23647 23648 23649 23650 23651 23652 23653 23654 23655 23656 23657 23658 23659 23660 23661 23662 23862 24062 24262 24462 24662 24862 24863 25063 25263 25463 25663 25664 25864 26064 26065 26265 26465 26466 26666 26667 26867 26868 27068 27069 27269 27270 27470 27670 27671 27871 27872 28072 28073 28273 28274 28474 28475 28476 28676 28677 28678 28878 28879 28880 28881 28882 29082 29083 29084 29085 29086 29087 29088 29089 29090 29091 29092 29093 29293 29493 29693 29893 30093 30293 30493 30693 30893 31093 31293 31493 31693 31893 32093 32293 32493 32693 32893 33093 33293 33493 33693 33694 33894 34094 34294 34494 34495 34695 34895 34896 35096 35296 35297 35497 35498 35698 35699 35700 35701 35702 35703 35704 35705 35706 35707 35708 35709 35710 35711 35712 35713 35714 35715 35716 35717 35718 35719 35720 35721 35722 35723 35724 35725 35726 35727 35728 35729 35730 35731 35732 35733 35734 35735 35736 35737 35738 35739 35740 35540 35541 35341 35141 35142 34942 34943 34743 34543 34544 34344 34345 34145 33945 33946 33746 33747 33547 33347 33348 33148 32948 32949 32749 32549 32550 32350 32150 32151 31951 31751 31752 31552 31352 31353 31153 31154 30954 30955 30956 30756 30757 30758 30759 30760 30761 30762 30763 30764 30765 30766 30767 30768 30769 30770 30771 30772 30773 30774 30775 30776 30777 30778 30779 30780 30781 30782 30783 30784 30785 30786 30787 30987 31187 31387 31587 31787 31987 32187 32387 32587 32787 32987 33187 33387 33587 33787 
Label: 20155
[202,122833,]
23637 23638 23639 23640 23641 23642 23643 23644 23645 23646 23647 23648 23649 23650 23651 23652 23653 23654 23655 23656 23657 23658 23659 23660 23661 23662 23862 24062 24262 24462 24662 24862 24863 25063 25263 25463 25663 25664 25864 26064 26065 26265 26465 26466 26666 26667 26867 26868 27068 27069 27269 27270 27470 27670 27671 27871 27872 28072 28073 28273 28274 28474 28475 28476 28676 28677 28678 28878 28879 28880 28881 28882 29082 29083 29084 29085 29086 29087 29088 29089 29090 29091 29092 29093 29094 29095 29096 29097 29098 29099 29100 29101 29102 29103 29104 29105 29106 29107 29108 29109 29110 29111 29112 29113 29114 29115 29116 29117 29118 29119 29120 29121 29122 29123 29124 29125 29126 29127 29128 29129 29130 29131 29132 29133 29134 29135 29136 29137 29138 29139 29339 29340 29341 29342 29542 29543 29544 29545 29745 29746 29747 29947 29948 30148 30149 30150 30350 30351 30551 30552 30553 30554 30555 30556 30557 30558 30559 30560 30561 30562 30563 30564 30565 30566 30567 30568 30569 30570 30571 30572 30573 30574 30575 30576 30577 30578 30579 30580 30581 30582 30583 30584 30585 30586 30587 30588 30788 30988 31188 31388 31588 31788 31988 32188 32388 32588 32587 32787 32987 33187 33387 33587 33787 
Label: 164716
[274,89799,]
23637 23638 23639 23640 23641 23642 23643 23644 23645 23646 23647 23648 23649 23650 23651 23652 23653 23654 23655 23656 23657 23658 23659 23660 23661 23662 23862 24062 24262 24462 24662 24862 24863 25063 25263 25463 25663 25664 25864 26064 26065 26265 26465 26466 26666 26667 26867 26868 27068 27069 27269 27270 27470 27670 27671 27871 27872 28072 28073 28273 28274 28474 28475 28476 28676 28677 28678 28878 28879 28880 28881 28882 29082 29083 29084 29085 29086 29087 29088 29089 29090 29091 29092 29093 29293 29493 29693 29893 30093 30293 30493 30693 30893 31093 31293 31493 31693 31893 32093 32293 32493 32693 32893 33093 33293 33493 33693 33694 33894 34094 34294 34494 34495 34695 34895 34896 35096 35296 35297 35497 35498 35698 35699 35899 35900 35901 36101 36102 36103 36303 36304 36305 36306 36307 36507 36508 36509 36510 36511 36512 36513 36514 36515 36516 36517 36317 36318 36118 36119 36120 36121 36122 35922 35923 35924 35925 35926 35927 35928 35929 35930 35931 35932 35933 35934 35935 36135 36136 36137 36138 36139 35939 35940 35740 35540 35541 35341 35141 35142 34942 34943 34743 34543 34544 34344 34345 34145 33945 33946 33746 33747 33547 33347 33348 33148 32948 32949 32749 32549 32550 32350 32150 32151 31951 31751 31752 31552 31352 31353 31153 31154 30954 30955 30956 30756 30757 30758 30759 30760 30761 30762 30562 30563 30564 30565 30566 30567 30367 30368 30369 30370 30371 30171 30172 30173 30174 30175 29975 29976 29977 29978 29979 29980 29981 29982 29983 29984 29985 29986 29987 30187 30387 30587 30588 30788 30789 30989 30990 31190 31390 31590 31790 31789 31989 32189 32188 32388 32588 32587 32787 32987 33187 33387 33587 33787 
Label: 164564
[272,89800,]
23637 23638 23639 23640 23641 23642 23643 23644 23645 23646 23647 23648 23649 23650 23651 23652 23653 23654 23655 23656 23657 23658 23659 23660 23661 23662 23862 24062 24262 24462 24662 24862 24863 25063 25263 25463 25663 25664 25864 26064 26065 26265 26465 26466 26666 26667 26867 26868 27068 27069 27269 27270 27470 27670 27671 27871 27872 28072 28073 28273 28274 28474 28475 28476 28676 28677 28678 28878 28879 28880 28881 28882 29082 29083 29084 29085 29086 29087 29088 29089 29090 29091 29092 29093 29293 29493 29693 29893 30093 30293 30493 30693 30893 31093 31293 31493 31693 31893 32093 32293 32493 32693 32893 33093 33293 33493 33693 33694 33894 34094 34294 34494 34495 34695 34895 34896 35096 35296 35297 35497 35498 35698 35699 35899 35900 35901 36101 36102 36103 36303 36304 36305 36306 36307 36507 36508 36509 36510 36511 36512 36513 36514 36515 36516 36517 36317 36318 36118 36119 36120 36121 36122 35922 35923 35924 35925 35926 35927 35928 35929 35930 35931 35932 35933 35934 35935 36135 36136 36137 36138 36139 35939 35940 35740 35540 35541 35341 35141 35142 34942 34943 34743 34543 34544 34344 34345 34145 33945 33946 33746 33747 33547 33347 33348 33148 32948 32949 32749 32549 32550 32350 32150 32151 31951 31751 31752 31552 31352 31353 31153 31154 30954 30955 30956 30756 30757 30758 30759 30760 30761 30762 30562 30563 30564 30565 30566 30567 30367 30368 30369 30370 30371 30171 30172 30173 30174 30175 29975 29976 29977 29978 29979 29980 29981 29982 29983 29984 29985 29986 29987 30187 30387 30587 30588 30788 30789 30989 31189 31389 31589 31789 31989 32189 32188 32388 32588 32587 32787 32987 33187 33387 33587 33787 
Label: 162471
[262,89856,]
23637 23638 23639 23640 23641 23642 23643 23644 23645 23646 23647 23648 23649 23650 23651 23652 23653 23654 23655 23656 23657 23658 23659 23660 23661 23662 23862 24062 24262 24462 24662 24862 24863 25063 25263 25463 25663 25664 25864 26064 26065 26265 26465 26466 26666 26667 26867 26868 27068 27069 27269 27270 27470 27670 27671 27871 27872 28072 28073 28273 28274 28474 28475 28476 28676 28677 28678 28878 28879 28880 28881 28882 29082 29083 29084 29085 29086 29087 29088 29089 29090 29091 29092 29093 29293 29493 29693 29893 30093 30293 30493 30693 30893 31093 31293 31493 31693 31893 32093 32293 32493 32693 32893 33093 33293 33493 33693 33694 33894 34094 34294 34494 34495 34695 34895 34896 35096 35296 35297 35497 35498 35698 35699 35899 35900 35901 36101 36102 36103 36303 36304 36305 36306 36307 36308 36309 36310 36311 36312 36313 36314 36315 36316 36317 36318 36118 36119 36120 36121 36122 35922 35923 35924 35925 35926 35927 35928 35929 35930 35931 35932 35933 35934 35935 35936 35937 35938 35939 35940 35740 35540 35541 35341 35141 35142 34942 34943 34743 34543 34544 34344 34345 34145 33945 33946 33746 33747 33547 33347 33348 33148 32948 32949 32749 32549 32550 32350 32150 32151 31951 31751 31752 31552 31352 31353 31153 31154 30954 30955 30956 30756 30757 30758 30759 30760 30761 30762 30562 30563 30564 30565 30566 30567 30367 30368 30369 30370 30371 30372 30373 30374 30375 30376 30377 30378 30379 30380 30381 30382 30383 30384 30385 30386 30387 30587 30588 30788 30988 31188 31388 31588 31788 31988 32188 32388 32588 32587 32787 32987 33187 33387 33587 33787 
Label: 164392
[270,89804,]
23637 23638 23639 23640 23641 23642 23643 23644 23645 23646 23647 23648 23649 23650 23651 23652 23653 23654 23655 23656 23657 23658 23659 23660 23661 23662 23862 24062 24262 24462 24662 24862 24863 25063 25263 25463 25663 25664 25864 26064 26065 26265 26465 26466 26666 26667 26867 26868 27068 27069 27269 27270 27470 27670 27671 27871 27872 28072 28073 28273 28274 28474 28475 28476 28676 28677 28678 28878 28879 28880 28881 28882 29082 29083 29084 29085 29086 29087 29088 29089 29090 29091 29092 29093 29293 29493 29693 29893 30093 30293 30493 30693 30893 31093 31293 31493 31693 31893 32093 32293 32493 32693 32893 33093 33293 33493 33693 33694 33894 34094 34294 34494 34495 34695 34895 34896 35096 35296 35297 35497 35498 35698 35699 35899 35900 35901 36101 36102 36103 36303 36304 36305 36306 36307 36507 36508 36509 36510 36511 36512 36513 36514 36515 36516 36517 36317 36318 36118 36119 36120 36121 36122 35922 35923 35924 35925 35926 35927 35928 35929 35930 35931 35932 35933 35934 35935 35936 35937 35938 35939 35940 35740 35540 35541 35341 35141 35142 34942 34943 34743 34543 34544 34344 34345 34145 33945 33946 33746 33747 33547 33347 33348 33148 32948 32949 32749 32549 32550 32350 32150 32151 31951 31751 31752 31552 31352 31353 31153 31154 30954 30955 30956 30756 30757 30758 30759 30760 30761 30762 30562 30563 30564 30565 30566 30567 30367 30368 30369 30370 30371 30171 30172 30173 30174 30175 29975 29976 29977 29978 29979 29980 29981 29982 29983 29984 29985 29986 29987 30187 30387 30587 30588 30788 30789 30989 31189 31389 31589 31789 31989 32189 32188 32388 32588 32587 32787 32987 33187 33387 33587 33787 
Label: 163604
[266,89813,]
23637 23638 23639 23640 23641 23642 23643 23644 23645 23646 23647 23648 23649 23650 23651 23652 23653 23654 23655 23656 23657 23658 23659 23660 23661 23662 23862 24062 24262 24462 24662 24862 24863 25063 25263 25463 25663 25664 25864 26064 26065 26265 26465 26466 26666 26667 26867 26868 27068 27069 27269 27270 27470 27670 27671 27871 27872 28072 28073 28273 28274 28474 28475 28476 28676 28677 28678 28878 28879 28880 28881 28882 29082 29083 29084 29085 29086 29087 29088 29089 29090 29091 29092 29093 29293 29493 29693 29893 30093 30293 30493 30693 30893 31093 31293 31493 31693 31893 32093 32293 32493 32693 32893 33093 33293 33493 33693 33694 33894 34094 34294 34494 34495 34695 34895 34896 35096 35296 35297 35497 35498 35698 35699 35899 35900 35901 36101 36102 36103 36303 36304 36305 36306 36307 36308 36309 36310 36311 36312 36313 36314 36315 36316 36317 36318 36118 36119 36120 36121 36122 35922 35923 35924 35925 35926 35927 35928 35929 35930 35931 35932 35933 35934 35935 35936 35937 35938 35939 35940 35740 35540 35541 35341 35141 35142 34942 34943 34743 34543 34544 34344 34345 34145 33945 33946 33746 33747 33547 33347 33348 33148 32948 32949 32749 32549 32550 32350 32150 32151 31951 31751 31752 31552 31352 31353 31153 31154 30954 30955 30956 30756 30757 30758 30759 30760 30761 30762 30562 30563 30564 30565 30566 30567 30367 30368 30369 30370 30371 30171 30172 30173 30174 30175 30176 30177 30178 30179 30180 30181 30182 30183 30184 30185 30186 30187 30387 30587 30588 30788 30789 30989 31189 31389 31589 31789 31989 32189 32188 32388 32588 32587 32787 32987 33187 33387 33587 33787 
Label: 161595
[260,89887,]
23637 23638 23639 23640 23641 23642 23643 23644 23645 23646 23647 23648 23649 23650 23651 23652 23653 23654 23655 23656 23657 23658 23659 23660 23661 23662 23862 24062 24262 24462 24662 24862 24863 25063 25263 25463 25663 25664 25864 26064 26065 26265 26465 26466 26666 26667 26867 26868 27068 27069 27269 27270 27470 27670 27671 27871 27872 28072 28073 28273 28274 28474 28475 28476 28676 28677 28678 28878 28879 28880 28881 28882 29082 29083 29084 29085 29086 29087 29088 29089 29090 29091 29092 29093 29293 29493 29693 29893 30093 30293 30493 30693 30893 31093 31293 31493 31693 31893 32093 32293 32493 32693 32893 33093 33293 33493 33693 33694 33894 34094 34294 34494 34495 34695 34895 34896 35096 35296 35297 35497 35498 35698 35699 35899 35900 35901 36101 36102 36103 36104 36105 36106 36107 36108 36109 36110 36111 36112 36113 36114 36115 36116 36117 36118 36119 36120 36121 36122 35922 35923 35924 35925 35926 35927 35928 35929 35930 35931 35932 35933 35934 35935 35936 35937 35938 35939 35940 35740 35540 35541 35341 35141 35142 34942 34943 34743 34543 34544 34344 34345 34145 33945 33946 33746 33747 33547 33347 33348 33148 32948 32949 32749 32549 32550 32350 32150 32151 31951 31751 31752 31552 31352 31353 31153 31154 30954 30955 30956 30756 30757 30758 30759 30760 30761 30762 30562 30563 30564 30565 30566 30567 30367 30368 30369 30370 30371 30372 30373 30374 30375 30376 30377 30378 30379 30380 30381 30382 30383 30384 30385 30386 30387 30587 30588 30788 30988 31188 31388 31588 31788 31988 32188 32388 32588 32587 32787 32987 33187 33387 33587 33787 
Label: 160667
[258,89998,]
23637 23638 23639 23640 23641 23642 23643 23644 23645 23646 23647 23648 23649 23650 23651 23652 23653 23654 23655 23656 23657 23658 23659 23660 23661 23662 23862 24062 24262 24462 24662 24862 24863 25063 25263 25463 25663 25664 25864 26064 26065 26265 26465 26466 26666 26667 26867 26868 27068 27069 27269 27270 27470 27670 27671 27871 27872 28072 28073 28273 28274 28474 28475 28476 28676 28677 28678 28878 28879 28880 28881 28882 29082 29083 29084 29085 29086 29087 29088 29089 29090 29091 29092 29093 29293 29493 29693 29893 30093 30293 30493 30693 30893 31093 31293 31493 31693 31893 32093 32293 32493 32693 32893 33093 33293 33493 33693 33694 33894 34094 34294 34494 34495 34695 34895 34896 35096 35296 35297 35497 35498 35698 35699 35899 35900 35901 36101 36102 36103 36104 36105 36106 36107 36108 36109 36110 36111 36112 36113 36114 36115 36116 36117 36118 36119 36120 36121 36122 35922 35923 35924 35925 35926 35927 35928 35929 35930 35931 35932 35933 35934 35935 35936 35937 35938 35939 35940 35740 35540 35541 35341 35141 35142 34942 34943 34743 34543 34544 34344 34345 34145 33945 33946 33746 33747 33547 33347 33348 33148 32948 32949 32749 32549 32550 32350 32150 32151 31951 31751 31752 31552 31352 31353 31153 31154 30954 30955 30956 30756 30757 30758 30759 30760 30761 30762 30562 30563 30564 30565 30566 30567 30568 30569 30570 30571 30572 30573 30574 30575 30576 30577 30578 30579 30580 30581 30582 30583 30584 30585 30586 30587 30588 30788 30988 31188 31388 31588 31788 31988 32188 32388 32588 32587 32787 32987 33187 33387 33587 33787 
Label: 156539
[254,90254,]
23637 23638 23639 23640 23641 23642 23643 23644 23645 23646 23647 23648 23649 23650 23651 23652 23653 23654 23655 23656 23657 23658 23659 23660 23661 23662 23862 24062 24262 24462 24662 24862 24863 25063 25263 25463 25663 25664 25864 26064 26065 26265 26465 26466 26666 26667 26867 26868 27068 27069 27269 27270 27470 27670 27671 27871 27872 28072 28073 28273 28274 28474 28475 28476 28676 28677 28678 28878 28879 28880 28881 28882 29082 29083 29084 29085 29086 29087 29088 29089 29090 29091 29092 29093 29293 29493 29693 29893 30093 30293 30493 30693 30893 31093 31293 31493 31693 31893 32093 32293 32493 32693 32893 33093 33293 33493 33693 33694 33894 34094 34294 34494 34495 34695 34895 34896 35096 35296 35297 35497 35498 35698 35699 35899 35900 35901 35902 35903 35904 35905 35906 35907 35908 35909 35910 35911 35912 35913 35914 35915 35916 35917 35918 35919 35920 35921 35922 35923 35924 35925 35926 35927 35928 35929 35930 35931 35932 35933 35934 35935 35936 35937 35938 35939 35940 35740 35540 35541 35341 35141 35142 34942 34943 34743 34543 34544 34344 34345 34145 33945 33946 33746 33747 33547 33347 33348 33148 32948 32949 32749 32549 32550 32350 32150 32151 31951 31751 31752 31552 31352 31353 31153 31154 30954 30955 30956 30756 30757 30758 30759 30760 30761 30762 30562 30563 30564 30565 30566 30567 30568 30569 30570 30571 30572 30573 30574 30575 30576 30577 30578 30579 30580 30581 30582 30583 30584 30585 30586 30587 30787 30987 31187 31387 31587 31787 31987 32187 32387 32587 32787 32987 33187 33387 33587 33787 
Label: 154219
[252,90700,]
23637 23638 23639 23640 23641 23642 23643 23644 23645 23646 23647 23648 23649 23650 23651 23652 23653 23654 23655 23656 23657 23658 23659 23660 23661 23662 23862 24062 24262 24462 24662 24862 24863 25063 25263 25463 25663 25664 25864 26064 26065 26265 26465 26466 26666 26667 26867 26868 27068 27069 27269 27270 27470 27670 27671 27871 27872 28072 28073 28273 28274 28474 28475 28476 28676 28677 28678 28878 28879 28880 28881 28882 29082 29083 29084 29085 29086 29087 29088 29089 29090 29091 29092 29093 29293 29493 29693 29893 30093 30293 30493 30693 30893 31093 31293 31493 31693 31893 32093 32293 32493 32693 32893 33093 33293 33493 33693 33694 33894 34094 34294 34494 34495 34695 34895 34896 35096 35296 35297 35497 35498 35698 35699 35899 35900 35901 35902 35903 35904 35905 35906 35907 35908 35909 35910 35911 35912 35913 35914 35915 35916 35917 35918 35919 35920 35921 35922 35923 35924 35925 35926 35927 35928 35929 35930 35931 35932 35933 35934 35935 35936 35937 35938 35939 35940 35740 35540 35541 35341 35141 35142 34942 34943 34743 34543 34544 34344 34345 34145 33945 33946 33746 33747 33547 33347 33348 33148 32948 32949 32749 32549 32550 32350 32150 32151 31951 31751 31752 31552 31352 31353 31153 31154 30954 30955 30956 30756 30757 30758 30759 30760 30761 30762 30763 30764 30765 30766 30767 30768 30769 30770 30771 30772 30773 30774 30775 30776 30777 30778 30779 30780 30781 30782 30783 30784 30785 30786 30787 30987 31187 31387 31587 31787 31987 32187 32387 32587 32787 32987 33187 33387 33587 33787 
Label: 143219
[246,95584,]
23637 23638 23639 23640 23641 23642 23643 23644 23645 23646 23647 23648 23649 23650 23651 23652 23653 23654 23655 23656 23657 23658 23659 23660 23661 23662 23862 24062 24262 24462 24662 24862 24863 25063 25263 25463 25663 25664 25864 26064 26065 26265 26465 26466 26666 26667 26867 26868 27068 27069 27269 27270 27470 27670 27671 27871 27872 28072 28073 28273 28274 28474 28475 28476 28676 28677 28678 28878 28879 28880 28881 28882 29082 29083 29084 29085 29086 29087 29088 29089 29090 29091 29092 29093 29293 29493 29693 29893 30093 30293 30493 30693 30893 31093 31293 31493 31693 31893 32093 32293 32493 32693 32893 33093 33293 33493 33693 33694 33894 34094 34294 34494 34495 34695 34895 34896 35096 35296 35297 35497 35498 35499 35500 35501 35502 35503 35504 35505 35506 35507 35508 35509 35510 35511 35512 35513 35514 35515 35516 35517 35518 35519 35520 35521 35522 35523 35524 35525 35526 35527 35528 35529 35530 35531 35532 35533 35534 35535 35536 35537 35538 35539 35540 35541 35341 35141 35142 34942 34943 34743 34543 34544 34344 34345 34145 33945 33946 33746 33747 33547 33347 33348 33148 32948 32949 32749 32549 32550 32350 32150 32151 31951 31751 31752 31552 31352 31353 31153 31154 30954 30955 30956 30957 30958 30959 30960 30961 30962 30963 30964 30965 30966 30967 30968 30969 30970 30971 30972 30973 30974 30975 30976 30977 30978 30979 30980 30981 30982 30983 30984 30985 30986 30987 31187 31387 31587 31787 31987 32187 32387 32587 32787 32987 33187 33387 33587 33787 
Label: 14795
[200,122952,]
23637 23638 23639 23640 23641 23642 23643 23644 23645 23646 23647 23648 23649 23650 23651 23652 23653 23654 23655 23656 23657 23658 23659 23660 23661 23662 23862 24062 24262 24462 24662 24862 24863 25063 25263 25463 25663 25664 25864 26064 26065 26265 26465 26466 26666 26667 26867 26868 27068 27069 27269 27270 27470 27670 27671 27871 27872 28072 28073 28273 28274 28474 28475 28476 28676 28677 28678 28878 28879 28880 28881 28882 29082 29083 29084 29085 29086 29087 29088 29089 29090 29091 29092 29093 29094 29095 29096 29097 29098 29099 29100 29101 29102 29103 29104 29105 29106 29107 29108 29109 29110 29111 29112 29113 29114 29115 29116 29117 29118 29119 29120 29121 29122 29123 29124 29125 29126 29127 29128 29129 29130 29131 29132 29133 29134 29135 29136 29137 29138 29139 29339 29340 29341 29342 29542 29543 29544 29545 29745 29746 29747 29947 29948 30148 30149 30150 30350 30351 30551 30552 30553 30554 30555 30556 30557 30558 30559 30560 30561 30562 30563 30564 30565 30566 30567 30568 30569 30570 30571 30572 30573 30574 30575 30576 30577 30578 30579 30580 30581 30582 30583 30584 30585 30586 30587 30787 30987 31187 31387 31587 31787 31987 32187 32387 32587 32787 32987 33187 33387 33587 33787 
Label: 164104
[268,89808,]
23637 23638 23639 23640 23641 23642 23643 23644 23645 23646 23647 23648 23649 23650 23651 23652 23653 23654 23655 23656 23657 23658 23659 23660 23661 23662 23862 24062 24262 24462 24662 24862 24863 25063 25263 25463 25663 25664 25864 26064 26065 26265 26465 26466 26666 26667 26867 26868 27068 27069 27269 27270 27470 27670 27671 27871 27872 28072 28073 28273 28274 28474 28475 28476 28676 28677 28678 28878 28879 28880 28881 28882 29082 29083 29084 29085 29086 29087 29088 29089 29090 29091 29092 29093 29293 29493 29693 29893 30093 30293 30493 30693 30893 31093 31293 31493 31693 31893 32093 32293 32493 32693 32893 33093 33293 33493 33693 33694 33894 34094 34294 34494 34495 34695 34895 34896 35096 35296 35297 35497 35498 35698 35699 35899 35900 35901 36101 36102 36103 36303 36304 36305 36306 36307 36308 36309 36310 36311 36312 36313 36314 36315 36316 36317 36318 36118 36119 36120 36121 36122 35922 35923 35924 35925 35926 35927 35928 35929 35930 35931 35932 35933 35934 35935 35936 35937 35938 35939 35940 35740 35540 35541 35341 35141 35142 34942 34943 34743 34543 34544 34344 34345 34145 33945 33946 33746 33747 33547 33347 33348 33148 32948 32949 32749 32549 32550 32350 32150 32151 31951 31751 31752 31552 31352 31353 31153 31154 30954 30955 30956 30756 30757 30758 30759 30760 30761 30762 30562 30563 30564 30565 30566 30567 30367 30368 30369 30370 30371 30171 30172 30173 30174 30175 29975 29976 29977 29978 29979 29980 29981 29982 29983 29984 29985 29986 29987 30187 30387 30587 30588 30788 30789 30989 31189 31389 31589 31789 31989 32189 32188 32388 32588 32587 32787 32987 33187 33387 33587 33787 
Label: 60139
[220,122506,]
23637 23638 23639 23640 23641 23642 23643 23644 23645 23646 23647 23648 23649 23650 23651 23652 23653 23654 23655 23656 23657 23658 23659 23660 23661 23662 23862 24062 24262 24462 24662 24862 24863 25063 25263 25463 25663 25664 25864 26064 26065 26265 26465 26466 26666 26667 26867 26868 27068 27069 27269 27270 27470 27670 27671 27871 27872 28072 28073 28273 28274 28474 28475 28476 28676 28677 28678 28878 28879 28880 28881 28882 29082 29083 29084 29085 29086 29087 29088 29089 29090 29091 29092 29093 29094 29095 29096 29097 29098 29099 29100 29101 29102 29103 29104 29105 29106 29107 29108 29109 29110 29111 29112 29113 29114 29115 29116 29117 29118 29119 29120 29121 29122 29123 29124 29125 29126 29326 29327 29328 29528 29529 29530 29531 29532 29332 29333 29334 29134 29135 29136 29137 29138 29139 29339 29340 29341 29342 29542 29543 29544 29545 29745 29746 29747 29947 29948 30148 30149 30150 30350 30351 30551 30552 30752 30753 30953 30954 30955 30956 30756 30757 30758 30759 30760 30761 30762 30562 30563 30564 30565 30566 30567 30367 30368 30369 30370 30371 30171 30172 30173 30174 30175 29975 29976 29977 29978 29979 29980 29981 29982 29983 29984 29985 29986 29987 30187 30387 30587 30588 30788 30789 30989 30990 31190 31390 31590 31790 31789 31989 32189 32188 32388 32588 32587 32787 32987 33187 33387 33587 33787 
