graph_load_time: 0.312334
n_generated: 33133
n_expanded: 14599
n_domCheck: 94269
rt_initHeu: 0.322008
rt_search: 0.403728
N: 23
Label: 31852
[265,557079,]
21218 21418 21618 21818 22018 22218 22418 22618 22619 22819 22820 23020 23021 23221 23222 23223 23224 23225 23226 23227 23228 23229 23230 23231 23232 23233 23234 23235 23236 23237 23037 23038 23039 23040 23041 23042 23043 22843 22844 22845 22846 22847 22848 22648 22649 22449 22249 22250 22050 22051 21851 21852 21652 21653 21654 21655 21656 21456 21457 21458 21459 21460 21461 21261 21262 21263 21063 21064 20864 20664 20464 20465 20265 20065 19865 19866 19666 19466 19266 19267 19067 18867 18868 18668 18468 18469 18269 18069 17869 17870 17670 17671 17471 17472 17272 17273 17274 17275 17075 17076 17077 16877 16878 16879 16679 16680 16480 16481 16482 16282 16283 16284 16285 16286 16287 16288 16289 16290 16291 16292 16293 16294 16295 16296 16297 16298 16299 16300 16301 16302 16102 16103 16104 15904 15905 15705 15706 15506 15507 15508 15308 15309 15109 15110 15111 14911 14912 14913 14713 14714 14715 14515 14516 14316 14317 14117 14118 13918 13718 13719 13519 13520 13320 13120 13121 12921 12721 12722 12522 12322 12323 12123 12124 12125 12126 12127 12128 12129 11929 11930 11931 11932 11933 11934 11935 11936 11937 11938 11939 11940 11941 11942 11943 11944 11945 11946 11947 11948 11949 11950 11951 11952 11953 11954 11754 11755 11756 11757 11758 11558 11559 11560 11360 11361 11161 10961 10761 10762 10562 10362 10162 9962 9963 9763 9563 9564 9364 9164 8964 8965 8765 8766 8566 8567 8367 8368 8168 8169 7969 7769 7770 7570 7571 7371 7171 7172 6972 6772 6773 6573 6574 6374 6375 6175 5975 5775 5575 5375 5175 4975 4775 4575 4375 4175 3975 3775 
Label: 26028
[261,562651,]
21218 21418 21618 21818 22018 22218 22418 22618 22619 22819 22820 22821 22822 22823 22824 22825 22826 22827 22828 22829 22830 22831 22832 22833 22834 22835 22836 22837 22838 22839 22840 22841 22842 22843 22844 22845 22846 22847 22848 22648 22649 22449 22249 22250 22050 22051 21851 21852 21652 21653 21654 21655 21656 21456 21457 21458 21459 21460 21461 21261 21262 21263 21063 21064 20864 20664 20464 20465 20265 20065 19865 19866 19666 19466 19266 19267 19067 18867 18868 18668 18468 18469 18269 18069 17869 17870 17670 17671 17471 17472 17272 17273 17274 17275 17075 17076 17077 16877 16878 16879 16679 16680 16480 16481 16482 16282 16283 16284 16285 16286 16287 16288 16289 16290 16291 16292 16293 16294 16295 16296 16297 16298 16299 16300 16301 16302 16102 16103 16104 15904 15905 15705 15706 15506 15507 15508 15308 15309 15109 15110 15111 14911 14912 14913 14713 14714 14715 14515 14516 14316 14317 14117 14118 13918 13718 13719 13519 13520 13320 13120 13121 12921 12721 12722 12522 12322 12323 12123 12124 12125 12126 12127 12128 12129 11929 11930 11931 11932 11933 11934 11935 11936 11937 11938 11939 11940 11941 11942 11943 11944 11945 11946 11947 11948 11949 11950 11951 11952 11953 11954 11754 11755 11756 11757 11758 11558 11559 11560 11360 11361 11161 10961 10761 10762 10562 10362 10162 9962 9963 9763 9563 9564 9364 9164 8964 8965 8765 8766 8566 8567 8367 8368 8168 8169 7969 7769 7770 7570 7571 7371 7171 7172 6972 6772 6773 6573 6574 6374 6375 6175 5975 5775 5575 5375 5175 4975 4775 4575 4375 4175 3975 3775 
Label: 23200
[259,573641,]
21218 21418 21618 21818 22018 22218 22418 22618 22619 22620 22621 22622 22623 22624 22625 22626 22627 22628 22629 22630 22631 22632 22633 22634 22635 22636 22637 22638 22639 22640 22641 22642 22643 22644 22645 22646 22647 22648 22649 22449 22249 22250 22050 22051 21851 21852 21652 21653 21654 21655 21656 21456 21457 21458 21459 21460 21461 21261 21262 21263 21063 21064 20864 20664 20464 20465 20265 20065 19865 19866 19666 19466 19266 19267 19067 18867 18868 18668 18468 18469 18269 18069 17869 17870 17670 17671 17471 17472 17272 17273 17274 17275 17075 17076 17077 16877 16878 16879 16679 16680 16480 16481 16482 16282 16283 16284 16285 16286 16287 16288 16289 16290 16291 16292 16293 16294 16295 16296 16297 16298 16299 16300 16301 16302 16102 16103 16104 15904 15905 15705 15706 15506 15507 15508 15308 15309 15109 15110 15111 14911 14912 14913 14713 14714 14715 14515 14516 14316 14317 14117 14118 13918 13718 13719 13519 13520 13320 13120 13121 12921 12721 12722 12522 12322 12323 12123 12124 12125 12126 12127 12128 12129 11929 11930 11931 11932 11933 11934 11935 11936 11937 11938 11939 11940 11941 11942 11943 11944 11945 11946 11947 11948 11949 11950 11951 11952 11953 11954 11754 11755 11756 11757 11758 11558 11559 11560 11360 11361 11161 10961 10761 10762 10562 10362 10162 9962 9963 9763 9563 9564 9364 9164 8964 8965 8765 8766 8566 8567 8367 8368 8168 8169 7969 7769 7770 7570 7571 7371 7171 7172 6972 6772 6773 6573 6574 6374 6375 6175 5975 5775 5575 5375 5175 4975 4775 4575 4375 4175 3975 3775 
Label: 56492
[301,409837,]
21218 21418 21618 21818 22018 22218 22418 22618 22619 22819 22820 23020 23021 23221 23222 23223 23224 23225 23226 23227 23228 23229 23230 23231 23232 23233 23234 23235 23236 23237 23037 23038 23039 23040 23041 23042 23043 23044 23045 23046 23047 23048 23049 23050 23250 23251 23451 23651 23652 23852 24052 24053 24253 24453 24454 24654 24854 25054 25055 25255 25455 25456 25656 25657 25658 25659 25660 25661 25662 25663 25664 25665 25666 25667 25668 25868 25869 25870 26070 26071 26072 26272 26273 26473 26474 26475 26675 26676 26677 26678 26679 26680 26681 26682 26683 26684 26685 26686 26486 26487 26488 26288 26289 26089 25889 25890 25690 25490 25491 25291 25292 25092 25093 24893 24894 24895 24695 24696 24697 24497 24498 24499 24299 24300 24301 24302 24102 24103 24104 24105 24106 23906 23907 23908 23909 23910 23911 23711 23511 23512 23312 23112 22912 22712 22512 22312 22112 21912 21913 21713 21513 21313 21314 21114 20914 20915 20715 20716 20717 20517 20518 20519 20319 20320 20120 20121 20122 19922 19923 19723 19724 19725 19525 19526 19326 19327 19127 19128 18928 18929 18930 18730 18731 18732 18733 18734 18735 18736 18737 18738 18739 18740 18741 18742 18743 18744 18745 18746 18747 18748 18749 18549 18349 18149 17949 17749 17549 17349 17149 16949 16749 16549 16349 16149 15949 15749 15549 15349 15149 14949 14749 14549 14349 14149 13949 13749 13549 13349 13149 12949 12749 12549 12349 12350 12150 12151 12152 11952 11953 11954 11754 11755 11756 11757 11758 11558 11559 11560 11360 11361 11161 10961 10761 10762 10562 10362 10162 9962 9963 9763 9563 9564 9364 9164 8964 8965 8765 8766 8566 8567 8367 8368 8168 8169 7969 7769 7770 7570 7571 7371 7171 7172 6972 6772 6773 6573 6574 6374 6375 6175 5975 5775 5575 5375 5175 4975 4775 4575 4375 4175 3975 3775 
Label: 28932
[263,557799,]
21218 21418 21618 21818 22018 22218 22418 22618 22619 22819 22820 23020 23021 23022 23023 23024 23025 23026 23027 23028 23029 23030 23031 23032 23033 23034 23035 23036 23037 23038 23039 23040 23041 23042 23043 22843 22844 22845 22846 22847 22848 22648 22649 22449 22249 22250 22050 22051 21851 21852 21652 21653 21654 21655 21656 21456 21457 21458 21459 21460 21461 21261 21262 21263 21063 21064 20864 20664 20464 20465 20265 20065 19865 19866 19666 19466 19266 19267 19067 18867 18868 18668 18468 18469 18269 18069 17869 17870 17670 17671 17471 17472 17272 17273 17274 17275 17075 17076 17077 16877 16878 16879 16679 16680 16480 16481 16482 16282 16283 16284 16285 16286 16287 16288 16289 16290 16291 16292 16293 16294 16295 16296 16297 16298 16299 16300 16301 16302 16102 16103 16104 15904 15905 15705 15706 15506 15507 15508 15308 15309 15109 15110 15111 14911 14912 14913 14713 14714 14715 14515 14516 14316 14317 14117 14118 13918 13718 13719 13519 13520 13320 13120 13121 12921 12721 12722 12522 12322 12323 12123 12124 12125 12126 12127 12128 12129 11929 11930 11931 11932 11933 11934 11935 11936 11937 11938 11939 11940 11941 11942 11943 11944 11945 11946 11947 11948 11949 11950 11951 11952 11953 11954 11754 11755 11756 11757 11758 11558 11559 11560 11360 11361 11161 10961 10761 10762 10562 10362 10162 9962 9963 9763 9563 9564 9364 9164 8964 8965 8765 8766 8566 8567 8367 8368 8168 8169 7969 7769 7770 7570 7571 7371 7171 7172 6972 6772 6773 6573 6574 6374 6375 6175 5975 5775 5575 5375 5175 4975 4775 4575 4375 4175 3975 3775 
Label: 20508
[257,592161,]
21218 21418 21618 21818 22018 22218 22418 22419 22420 22421 22422 22423 22424 22425 22426 22427 22428 22429 22430 22431 22432 22433 22434 22435 22436 22437 22438 22439 22440 22441 22442 22443 22444 22445 22446 22447 22448 22449 22249 22250 22050 22051 21851 21852 21652 21653 21654 21655 21656 21456 21457 21458 21459 21460 21461 21261 21262 21263 21063 21064 20864 20664 20464 20465 20265 20065 19865 19866 19666 19466 19266 19267 19067 18867 18868 18668 18468 18469 18269 18069 17869 17870 17670 17671 17471 17472 17272 17273 17274 17275 17075 17076 17077 16877 16878 16879 16679 16680 16480 16481 16482 16282 16283 16284 16285 16286 16287 16288 16289 16290 16291 16292 16293 16294 16295 16296 16297 16298 16299 16300 16301 16302 16102 16103 16104 15904 15905 15705 15706 15506 15507 15508 15308 15309 15109 15110 15111 14911 14912 14913 14713 14714 14715 14515 14516 14316 14317 14117 14118 13918 13718 13719 13519 13520 13320 13120 13121 12921 12721 12722 12522 12322 12323 12123 12124 12125 12126 12127 12128 12129 11929 11930 11931 11932 11933 11934 11935 11936 11937 11938 11939 11940 11941 11942 11943 11944 11945 11946 11947 11948 11949 11950 11951 11952 11953 11954 11754 11755 11756 11757 11758 11558 11559 11560 11360 11361 11161 10961 10761 10762 10562 10362 10162 9962 9963 9763 9563 9564 9364 9164 8964 8965 8765 8766 8566 8567 8367 8368 8168 8169 7969 7769 7770 7570 7571 7371 7171 7172 6972 6772 6773 6573 6574 6374 6375 6175 5975 5775 5575 5375 5175 4975 4775 4575 4375 4175 3975 3775 
Label: 17972
[255,619743,]
21218 21418 21618 21818 22018 22218 22219 22220 22221 22222 22223 22224 22225 22226 22227 22228 22229 22230 22231 22232 22233 22234 22235 22236 22237 22238 22239 22240 22241 22242 22243 22244 22245 22246 22247 22248 22249 22250 22050 22051 21851 21852 21652 21653 21654 21655 21656 21456 21457 21458 21459 21460 21461 21261 21262 21263 21063 21064 20864 20664 20464 20465 20265 20065 19865 19866 19666 19466 19266 19267 19067 18867 18868 18668 18468 18469 18269 18069 17869 17870 17670 17671 17471 17472 17272 17273 17274 17275 17075 17076 17077 16877 16878 16879 16679 16680 16480 16481 16482 16282 16283 16284 16285 16286 16287 16288 16289 16290 16291 16292 16293 16294 16295 16296 16297 16298 16299 16300 16301 16302 16102 16103 16104 15904 15905 15705 15706 15506 15507 15508 15308 15309 15109 15110 15111 14911 14912 14913 14713 14714 14715 14515 14516 14316 14317 14117 14118 13918 13718 13719 13519 13520 13320 13120 13121 12921 12721 12722 12522 12322 12323 12123 12124 12125 12126 12127 12128 12129 11929 11930 11931 11932 11933 11934 11935 11936 11937 11938 11939 11940 11941 11942 11943 11944 11945 11946 11947 11948 11949 11950 11951 11952 11953 11954 11754 11755 11756 11757 11758 11558 11559 11560 11360 11361 11161 10961 10761 10762 10562 10362 10162 9962 9963 9763 9563 9564 9364 9164 8964 8965 8765 8766 8566 8567 8367 8368 8168 8169 7969 7769 7770 7570 7571 7371 7171 7172 6972 6772 6773 6573 6574 6374 6375 6175 5975 5775 5575 5375 5175 4975 4775 4575 4375 4175 3975 3775 
Label: 57528
[305,409650,]
21218 21418 21618 21818 22018 22218 22418 22618 22619 22819 22820 23020 23021 23221 23222 23223 23224 23225 23226 23227 23228 23229 23230 23231 23232 23233 23234 23235 23236 23237 23037 23038 23039 23040 23041 23042 23043 23044 23045 23046 23047 23048 23049 23050 23250 23251 23451 23651 23652 23852 24052 24053 24253 24453 24454 24654 24854 25054 25055 25255 25455 25456 25656 25657 25658 25659 25660 25661 25662 25663 25664 25665 25666 25667 25668 25868 25869 25870 26070 26071 26072 26272 26273 26473 26474 26475 26675 26676 26677 26678 26679 26680 26681 26682 26683 26684 26685 26686 26486 26487 26488 26288 26289 26089 25889 25890 25690 25490 25491 25291 25292 25092 25093 24893 24894 24895 24695 24696 24697 24497 24498 24499 24299 24300 24301 24302 24102 24103 24104 24105 24106 23906 23907 23908 23909 23910 23911 23711 23511 23512 23312 23112 22912 22712 22512 22312 22112 21912 21913 21713 21513 21313 21314 21114 20914 20915 20715 20716 20717 20517 20518 20519 20319 20320 20120 20121 20122 19922 19923 19723 19724 19725 19525 19526 19326 19327 19127 19128 18928 18929 18930 18730 18731 18732 18733 18734 18735 18736 18737 18738 18739 18740 18741 18742 18743 18744 18745 18746 18747 18748 18749 18750 18751 18551 18351 18151 17951 17751 17551 17351 17151 16951 16751 16750 16550 16350 16150 16149 15949 15749 15549 15349 15149 14949 14749 14549 14349 14149 13949 13749 13549 13349 13149 12949 12749 12549 12349 12350 12150 12151 12152 11952 11953 11954 11754 11755 11756 11757 11758 11558 11559 11560 11360 11361 11161 10961 10761 10762 10562 10362 10162 9962 9963 9763 9563 9564 9364 9164 8964 8965 8765 8766 8566 8567 8367 8368 8168 8169 7969 7769 7770 7570 7571 7371 7171 7172 6972 6772 6773 6573 6574 6374 6375 6175 5975 5775 5575 5375 5175 4975 4775 4575 4375 4175 3975 3775 
Label: 58364
[309,409645,]
21218 21418 21618 21818 22018 22218 22418 22618 22619 22819 22820 23020 23021 23221 23222 23223 23224 23225 23226 23227 23228 23229 23230 23231 23232 23233 23234 23235 23236 23237 23037 23038 23039 23040 23041 23042 23043 23044 23045 23046 23047 23048 23049 23050 23250 23251 23451 23651 23652 23852 24052 24053 24253 24453 24454 24654 24854 25054 25055 25255 25455 25456 25656 25657 25658 25659 25660 25661 25662 25663 25664 25665 25666 25667 25668 25868 25869 25870 26070 26071 26072 26272 26273 26473 26474 26475 26675 26676 26677 26678 26679 26680 26681 26682 26683 26684 26685 26686 26486 26487 26488 26288 26289 26089 25889 25890 25690 25490 25491 25291 25292 25092 25093 24893 24894 24895 24695 24696 24697 24497 24498 24499 24299 24300 24301 24302 24102 24103 24104 24105 24106 23906 23907 23908 23909 23910 23911 23711 23511 23512 23312 23112 22912 22712 22512 22312 22112 21912 21913 21713 21513 21313 21314 21114 20914 20915 20715 20716 20717 20517 20518 20519 20319 20320 20120 20121 20122 19922 19923 19723 19724 19725 19525 19526 19326 19327 19127 19128 18928 18929 18930 18730 18731 18732 18733 18734 18735 18736 18737 18738 18739 18740 18741 18742 18743 18744 18745 18746 18747 18748 18749 18750 18751 18752 18753 18553 18353 18153 17953 17753 17553 17552 17352 17152 17151 16951 16751 16750 16550 16350 16150 16149 15949 15749 15549 15349 15149 14949 14749 14549 14349 14149 13949 13749 13549 13349 13149 12949 12749 12549 12349 12350 12150 12151 12152 11952 11953 11954 11754 11755 11756 11757 11758 11558 11559 11560 11360 11361 11161 10961 10761 10762 10562 10362 10162 9962 9963 9763 9563 9564 9364 9164 8964 8965 8765 8766 8566 8567 8367 8368 8168 8169 7969 7769 7770 7570 7571 7371 7171 7172 6972 6772 6773 6573 6574 6374 6375 6175 5975 5775 5575 5375 5175 4975 4775 4575 4375 4175 3975 3775 
Label: 57052
[303,409676,]
21218 21418 21618 21818 22018 22218 22418 22618 22619 22819 22820 23020 23021 23221 23222 23223 23224 23225 23226 23227 23228 23229 23230 23231 23232 23233 23234 23235 23236 23237 23037 23038 23039 23040 23041 23042 23043 23044 23045 23046 23047 23048 23049 23050 23250 23251 23451 23651 23652 23852 24052 24053 24253 24453 24454 24654 24854 25054 25055 25255 25455 25456 25656 25657 25658 25659 25660 25661 25662 25663 25664 25665 25666 25667 25668 25868 25869 25870 26070 26071 26072 26272 26273 26473 26474 26475 26675 26676 26677 26678 26679 26680 26681 26682 26683 26684 26685 26686 26486 26487 26488 26288 26289 26089 25889 25890 25690 25490 25491 25291 25292 25092 25093 24893 24894 24895 24695 24696 24697 24497 24498 24499 24299 24300 24301 24302 24102 24103 24104 24105 24106 23906 23907 23908 23909 23910 23911 23711 23511 23512 23312 23112 22912 22712 22512 22312 22112 21912 21913 21713 21513 21313 21314 21114 20914 20915 20715 20716 20717 20517 20518 20519 20319 20320 20120 20121 20122 19922 19923 19723 19724 19725 19525 19526 19326 19327 19127 19128 18928 18929 18930 18730 18731 18732 18733 18734 18735 18736 18737 18738 18739 18740 18741 18742 18743 18744 18745 18746 18747 18748 18749 18750 18550 18350 18150 17950 17750 17550 17350 17150 16950 16750 16550 16350 16150 16149 15949 15749 15549 15349 15149 14949 14749 14549 14349 14149 13949 13749 13549 13349 13149 12949 12749 12549 12349 12350 12150 12151 12152 11952 11953 11954 11754 11755 11756 11757 11758 11558 11559 11560 11360 11361 11161 10961 10761 10762 10562 10362 10162 9962 9963 9763 9563 9564 9364 9164 8964 8965 8765 8766 8566 8567 8367 8368 8168 8169 7969 7769 7770 7570 7571 7371 7171 7172 6972 6772 6773 6573 6574 6374 6375 6175 5975 5775 5575 5375 5175 4975 4775 4575 4375 4175 3975 3775 
Label: 54376
[299,410557,]
21218 21418 21618 21818 22018 22218 22418 22618 22619 22819 22820 23020 23021 23022 23023 23024 23025 23026 23027 23028 23029 23030 23031 23032 23033 23034 23035 23036 23037 23038 23039 23040 23041 23042 23043 23044 23045 23046 23047 23048 23049 23050 23250 23251 23451 23651 23652 23852 24052 24053 24253 24453 24454 24654 24854 25054 25055 25255 25455 25456 25656 25657 25658 25659 25660 25661 25662 25663 25664 25665 25666 25667 25668 25868 25869 25870 26070 26071 26072 26272 26273 26473 26474 26475 26675 26676 26677 26678 26679 26680 26681 26682 26683 26684 26685 26686 26486 26487 26488 26288 26289 26089 25889 25890 25690 25490 25491 25291 25292 25092 25093 24893 24894 24895 24695 24696 24697 24497 24498 24499 24299 24300 24301 24302 24102 24103 24104 24105 24106 23906 23907 23908 23909 23910 23911 23711 23511 23512 23312 23112 22912 22712 22512 22312 22112 21912 21913 21713 21513 21313 21314 21114 20914 20915 20715 20716 20717 20517 20518 20519 20319 20320 20120 20121 20122 19922 19923 19723 19724 19725 19525 19526 19326 19327 19127 19128 18928 18929 18930 18730 18731 18732 18733 18734 18735 18736 18737 18738 18739 18740 18741 18742 18743 18744 18745 18746 18747 18748 18749 18549 18349 18149 17949 17749 17549 17349 17149 16949 16749 16549 16349 16149 15949 15749 15549 15349 15149 14949 14749 14549 14349 14149 13949 13749 13549 13349 13149 12949 12749 12549 12349 12350 12150 12151 12152 11952 11953 11954 11754 11755 11756 11757 11758 11558 11559 11560 11360 11361 11161 10961 10761 10762 10562 10362 10162 9962 9963 9763 9563 9564 9364 9164 8964 8965 8765 8766 8566 8567 8367 8368 8168 8169 7969 7769 7770 7570 7571 7371 7171 7172 6972 6772 6773 6573 6574 6374 6375 6175 5975 5775 5575 5375 5175 4975 4775 4575 4375 4175 3975 3775 
Label: 52212
[297,411378,]
21218 21418 21618 21818 22018 22218 22418 22618 22619 22819 22820 23020 23021 23022 23023 23024 23025 23026 23027 23028 23029 23030 23031 23032 23033 23034 23035 23036 23037 23038 23039 23040 23041 23042 23043 23044 23045 23046 23047 23048 23049 23050 23250 23251 23451 23651 23652 23852 24052 24053 24253 24453 24454 24654 24854 25054 25055 25255 25455 25456 25656 25657 25658 25659 25660 25661 25662 25663 25664 25665 25666 25667 25668 25868 25869 25870 26070 26071 26072 26272 26273 26473 26474 26475 26476 26477 26478 26479 26480 26481 26482 26483 26484 26485 26486 26487 26488 26288 26289 26089 25889 25890 25690 25490 25491 25291 25292 25092 25093 24893 24894 24895 24695 24696 24697 24497 24498 24499 24299 24300 24301 24302 24102 24103 24104 24105 24106 23906 23907 23908 23909 23910 23911 23711 23511 23512 23312 23112 22912 22712 22512 22312 22112 21912 21913 21713 21513 21313 21314 21114 20914 20915 20715 20716 20717 20517 20518 20519 20319 20320 20120 20121 20122 19922 19923 19723 19724 19725 19525 19526 19326 19327 19127 19128 18928 18929 18930 18730 18731 18732 18733 18734 18735 18736 18737 18738 18739 18740 18741 18742 18743 18744 18745 18746 18747 18748 18749 18549 18349 18149 17949 17749 17549 17349 17149 16949 16749 16549 16349 16149 15949 15749 15549 15349 15149 14949 14749 14549 14349 14149 13949 13749 13549 13349 13149 12949 12749 12549 12349 12350 12150 12151 12152 11952 11953 11954 11754 11755 11756 11757 11758 11558 11559 11560 11360 11361 11161 10961 10761 10762 10562 10362 10162 9962 9963 9763 9563 9564 9364 9164 8964 8965 8765 8766 8566 8567 8367 8368 8168 8169 7969 7769 7770 7570 7571 7371 7171 7172 6972 6772 6773 6573 6574 6374 6375 6175 5975 5775 5575 5375 5175 4975 4775 4575 4375 4175 3975 3775 
Label: 57964
[307,409647,]
21218 21418 21618 21818 22018 22218 22418 22618 22619 22819 22820 23020 23021 23221 23222 23223 23224 23225 23226 23227 23228 23229 23230 23231 23232 23233 23234 23235 23236 23237 23037 23038 23039 23040 23041 23042 23043 23044 23045 23046 23047 23048 23049 23050 23250 23251 23451 23651 23652 23852 24052 24053 24253 24453 24454 24654 24854 25054 25055 25255 25455 25456 25656 25657 25658 25659 25660 25661 25662 25663 25664 25665 25666 25667 25668 25868 25869 25870 26070 26071 26072 26272 26273 26473 26474 26475 26675 26676 26677 26678 26679 26680 26681 26682 26683 26684 26685 26686 26486 26487 26488 26288 26289 26089 25889 25890 25690 25490 25491 25291 25292 25092 25093 24893 24894 24895 24695 24696 24697 24497 24498 24499 24299 24300 24301 24302 24102 24103 24104 24105 24106 23906 23907 23908 23909 23910 23911 23711 23511 23512 23312 23112 22912 22712 22512 22312 22112 21912 21913 21713 21513 21313 21314 21114 20914 20915 20715 20716 20717 20517 20518 20519 20319 20320 20120 20121 20122 19922 19923 19723 19724 19725 19525 19526 19326 19327 19127 19128 18928 18929 18930 18730 18731 18732 18733 18734 18735 18736 18737 18738 18739 18740 18741 18742 18743 18744 18745 18746 18747 18748 18749 18750 18751 18752 18552 18352 18152 17952 17752 17552 17352 17152 17151 16951 16751 16750 16550 16350 16150 16149 15949 15749 15549 15349 15149 14949 14749 14549 14349 14149 13949 13749 13549 13349 13149 12949 12749 12549 12349 12350 12150 12151 12152 11952 11953 11954 11754 11755 11756 11757 11758 11558 11559 11560 11360 11361 11161 10961 10761 10762 10562 10362 10162 9962 9963 9763 9563 9564 9364 9164 8964 8965 8765 8766 8566 8567 8367 8368 8168 8169 7969 7769 7770 7570 7571 7371 7171 7172 6972 6772 6773 6573 6574 6374 6375 6175 5975 5775 5575 5375 5175 4975 4775 4575 4375 4175 3975 3775 
Label: 50076
[295,417480,]
21218 21418 21618 21818 22018 22218 22418 22618 22619 22819 22820 23020 23021 23022 23023 23024 23025 23026 23027 23028 23029 23030 23031 23032 23033 23034 23035 23036 23037 23038 23039 23040 23041 23042 23043 23044 23045 23046 23047 23048 23049 23050 23250 23251 23451 23651 23652 23852 24052 24053 24253 24453 24454 24654 24854 25054 25055 25255 25455 25456 25656 25657 25658 25659 25660 25661 25662 25663 25664 25665 25666 25667 25668 25868 25869 25870 26070 26071 26072 26272 26273 26274 26275 26276 26277 26278 26279 26280 26281 26282 26283 26284 26285 26286 26287 26288 26289 26089 25889 25890 25690 25490 25491 25291 25292 25092 25093 24893 24894 24895 24695 24696 24697 24497 24498 24499 24299 24300 24301 24302 24102 24103 24104 24105 24106 23906 23907 23908 23909 23910 23911 23711 23511 23512 23312 23112 22912 22712 22512 22312 22112 21912 21913 21713 21513 21313 21314 21114 20914 20915 20715 20716 20717 20517 20518 20519 20319 20320 20120 20121 20122 19922 19923 19723 19724 19725 19525 19526 19326 19327 19127 19128 18928 18929 18930 18730 18731 18732 18733 18734 18735 18736 18737 18738 18739 18740 18741 18742 18743 18744 18745 18746 18747 18748 18749 18549 18349 18149 17949 17749 17549 17349 17149 16949 16749 16549 16349 16149 15949 15749 15549 15349 15149 14949 14749 14549 14349 14149 13949 13749 13549 13349 13149 12949 12749 12549 12349 12350 12150 12151 12152 11952 11953 11954 11754 11755 11756 11757 11758 11558 11559 11560 11360 11361 11161 10961 10761 10762 10562 10362 10162 9962 9963 9763 9563 9564 9364 9164 8964 8965 8765 8766 8566 8567 8367 8368 8168 8169 7969 7769 7770 7570 7571 7371 7171 7172 6972 6772 6773 6573 6574 6374 6375 6175 5975 5775 5575 5375 5175 4975 4775 4575 4375 4175 3975 3775 
Label: 45512
[291,457920,]
21218 21418 21618 21818 22018 22218 22418 22618 22619 22819 22820 23020 23021 23022 23023 23024 23025 23026 23027 23028 23029 23030 23031 23032 23033 23034 23035 23036 23037 23038 23039 23040 23041 23042 23043 23044 23045 23046 23047 23048 23049 23050 23250 23251 23451 23651 23652 23852 24052 24053 24253 24453 24454 24654 24854 25054 25055 25255 25455 25456 25656 25657 25658 25659 25660 25661 25662 25663 25664 25665 25666 25667 25668 25868 25869 25870 25871 25872 25873 25874 25875 25876 25877 25878 25879 25880 25881 25882 25883 25884 25885 25886 25887 25888 25889 25890 25690 25490 25491 25291 25292 25092 25093 24893 24894 24895 24695 24696 24697 24497 24498 24499 24299 24300 24301 24302 24102 24103 24104 24105 24106 23906 23907 23908 23909 23910 23911 23711 23511 23512 23312 23112 22912 22712 22512 22312 22112 21912 21913 21713 21513 21313 21314 21114 20914 20915 20715 20716 20717 20517 20518 20519 20319 20320 20120 20121 20122 19922 19923 19723 19724 19725 19525 19526 19326 19327 19127 19128 18928 18929 18930 18730 18731 18732 18733 18734 18735 18736 18737 18738 18739 18740 18741 18742 18743 18744 18745 18746 18747 18748 18749 18549 18349 18149 17949 17749 17549 17349 17149 16949 16749 16549 16349 16149 15949 15749 15549 15349 15149 14949 14749 14549 14349 14149 13949 13749 13549 13349 13149 12949 12749 12549 12349 12350 12150 12151 12152 11952 11953 11954 11754 11755 11756 11757 11758 11558 11559 11560 11360 11361 11161 10961 10761 10762 10562 10362 10162 9962 9963 9763 9563 9564 9364 9164 8964 8965 8765 8766 8566 8567 8367 8368 8168 8169 7969 7769 7770 7570 7571 7371 7171 7172 6972 6772 6773 6573 6574 6374 6375 6175 5975 5775 5575 5375 5175 4975 4775 4575 4375 4175 3975 3775 
Label: 13324
[251,707168,]
21218 21418 21618 21818 21819 21820 21821 21822 21823 21824 21825 21826 21827 21828 21829 21830 21831 21832 21833 21834 21835 21836 21837 21838 21839 21840 21841 21842 21843 21844 21845 21846 21847 21848 21849 21850 21851 21852 21652 21653 21654 21655 21656 21456 21457 21458 21459 21460 21461 21261 21262 21263 21063 21064 20864 20664 20464 20465 20265 20065 19865 19866 19666 19466 19266 19267 19067 18867 18868 18668 18468 18469 18269 18069 17869 17870 17670 17671 17471 17472 17272 17273 17274 17275 17075 17076 17077 16877 16878 16879 16679 16680 16480 16481 16482 16282 16283 16284 16285 16286 16287 16288 16289 16290 16291 16292 16293 16294 16295 16296 16297 16298 16299 16300 16301 16302 16102 16103 16104 15904 15905 15705 15706 15506 15507 15508 15308 15309 15109 15110 15111 14911 14912 14913 14713 14714 14715 14515 14516 14316 14317 14117 14118 13918 13718 13719 13519 13520 13320 13120 13121 12921 12721 12722 12522 12322 12323 12123 12124 12125 12126 12127 12128 12129 11929 11930 11931 11932 11933 11934 11935 11936 11937 11938 11939 11940 11941 11942 11943 11944 11945 11946 11947 11948 11949 11950 11951 11952 11953 11954 11754 11755 11756 11757 11758 11558 11559 11560 11360 11361 11161 10961 10761 10762 10562 10362 10162 9962 9963 9763 9563 9564 9364 9164 8964 8965 8765 8766 8566 8567 8367 8368 8168 8169 7969 7769 7770 7570 7571 7371 7171 7172 6972 6772 6773 6573 6574 6374 6375 6175 5975 5775 5575 5375 5175 4975 4775 4575 4375 4175 3975 3775 
Label: 43100
[289,498006,]
21218 21418 21618 21818 22018 22218 22418 22618 22619 22819 22820 23020 23021 23022 23023 23024 23025 23026 23027 23028 23029 23030 23031 23032 23033 23034 23035 23036 23037 23038 23039 23040 23041 23042 23043 23044 23045 23046 23047 23048 23049 23050 23250 23251 23451 23651 23652 23852 24052 24053 24253 24453 24454 24654 24854 25054 25055 25255 25455 25456 25656 25657 25658 25659 25660 25661 25662 25663 25664 25665 25666 25667 25668 25669 25670 25671 25672 25673 25674 25675 25676 25677 25678 25679 25680 25681 25682 25683 25684 25685 25686 25687 25688 25689 25690 25490 25491 25291 25292 25092 25093 24893 24894 24895 24695 24696 24697 24497 24498 24499 24299 24300 24301 24302 24102 24103 24104 24105 24106 23906 23907 23908 23909 23910 23911 23711 23511 23512 23312 23112 22912 22712 22512 22312 22112 21912 21913 21713 21513 21313 21314 21114 20914 20915 20715 20716 20717 20517 20518 20519 20319 20320 20120 20121 20122 19922 19923 19723 19724 19725 19525 19526 19326 19327 19127 19128 18928 18929 18930 18730 18731 18732 18733 18734 18735 18736 18737 18738 18739 18740 18741 18742 18743 18744 18745 18746 18747 18748 18749 18549 18349 18149 17949 17749 17549 17349 17149 16949 16749 16549 16349 16149 15949 15749 15549 15349 15149 14949 14749 14549 14349 14149 13949 13749 13549 13349 13149 12949 12749 12549 12349 12350 12150 12151 12152 11952 11953 11954 11754 11755 11756 11757 11758 11558 11559 11560 11360 11361 11161 10961 10761 10762 10562 10362 10162 9962 9963 9763 9563 9564 9364 9164 8964 8965 8765 8766 8566 8567 8367 8368 8168 8169 7969 7769 7770 7570 7571 7371 7171 7172 6972 6772 6773 6573 6574 6374 6375 6175 5975 5775 5575 5375 5175 4975 4775 4575 4375 4175 3975 3775 
Label: 9248
[247,839032,]
21218 21418 21419 21420 21421 21422 21423 21424 21425 21426 21427 21428 21429 21430 21431 21432 21433 21434 21435 21436 21437 21438 21439 21440 21441 21442 21443 21444 21445 21446 21447 21448 21449 21450 21451 21452 21453 21454 21455 21456 21457 21458 21459 21460 21461 21261 21262 21263 21063 21064 20864 20664 20464 20465 20265 20065 19865 19866 19666 19466 19266 19267 19067 18867 18868 18668 18468 18469 18269 18069 17869 17870 17670 17671 17471 17472 17272 17273 17274 17275 17075 17076 17077 16877 16878 16879 16679 16680 16480 16481 16482 16282 16283 16284 16285 16286 16287 16288 16289 16290 16291 16292 16293 16294 16295 16296 16297 16298 16299 16300 16301 16302 16102 16103 16104 15904 15905 15705 15706 15506 15507 15508 15308 15309 15109 15110 15111 14911 14912 14913 14713 14714 14715 14515 14516 14316 14317 14117 14118 13918 13718 13719 13519 13520 13320 13120 13121 12921 12721 12722 12522 12322 12323 12123 12124 12125 12126 12127 12128 12129 11929 11930 11931 11932 11933 11934 11935 11936 11937 11938 11939 11940 11941 11942 11943 11944 11945 11946 11947 11948 11949 11950 11951 11952 11953 11954 11754 11755 11756 11757 11758 11558 11559 11560 11360 11361 11161 10961 10761 10762 10562 10362 10162 9962 9963 9763 9563 9564 9364 9164 8964 8965 8765 8766 8566 8567 8367 8368 8168 8169 7969 7769 7770 7570 7571 7371 7171 7172 6972 6772 6773 6573 6574 6374 6375 6175 5975 5775 5575 5375 5175 4975 4775 4575 4375 4175 3975 3775 
Label: 11220
[249,767861,]
21218 21418 21618 21619 21620 21621 21622 21623 21624 21625 21626 21627 21628 21629 21630 21631 21632 21633 21634 21635 21636 21637 21638 21639 21640 21641 21642 21643 21644 21645 21646 21647 21648 21649 21650 21651 21652 21653 21654 21655 21656 21456 21457 21458 21459 21460 21461 21261 21262 21263 21063 21064 20864 20664 20464 20465 20265 20065 19865 19866 19666 19466 19266 19267 19067 18867 18868 18668 18468 18469 18269 18069 17869 17870 17670 17671 17471 17472 17272 17273 17274 17275 17075 17076 17077 16877 16878 16879 16679 16680 16480 16481 16482 16282 16283 16284 16285 16286 16287 16288 16289 16290 16291 16292 16293 16294 16295 16296 16297 16298 16299 16300 16301 16302 16102 16103 16104 15904 15905 15705 15706 15506 15507 15508 15308 15309 15109 15110 15111 14911 14912 14913 14713 14714 14715 14515 14516 14316 14317 14117 14118 13918 13718 13719 13519 13520 13320 13120 13121 12921 12721 12722 12522 12322 12323 12123 12124 12125 12126 12127 12128 12129 11929 11930 11931 11932 11933 11934 11935 11936 11937 11938 11939 11940 11941 11942 11943 11944 11945 11946 11947 11948 11949 11950 11951 11952 11953 11954 11754 11755 11756 11757 11758 11558 11559 11560 11360 11361 11161 10961 10761 10762 10562 10362 10162 9962 9963 9763 9563 9564 9364 9164 8964 8965 8765 8766 8566 8567 8367 8368 8168 8169 7969 7769 7770 7570 7571 7371 7171 7172 6972 6772 6773 6573 6574 6374 6375 6175 5975 5775 5575 5375 5175 4975 4775 4575 4375 4175 3975 3775 
Label: 40444
[287,556010,]
21218 21418 21618 21818 22018 22218 22418 22618 22619 22819 22820 23020 23021 23022 23023 23024 23025 23026 23027 23028 23029 23030 23031 23032 23033 23034 23035 23036 23037 23038 23039 23040 23041 23042 23043 23044 23045 23046 23047 23048 23049 23050 23250 23251 23451 23651 23652 23852 24052 24053 24253 24453 24454 24654 24854 25054 25055 25255 25455 25456 25457 25458 25459 25460 25461 25462 25463 25464 25465 25466 25467 25468 25469 25470 25471 25472 25473 25474 25475 25476 25477 25478 25479 25480 25481 25482 25483 25484 25485 25486 25487 25488 25489 25490 25491 25291 25292 25092 25093 24893 24894 24895 24695 24696 24697 24497 24498 24499 24299 24300 24301 24302 24102 24103 24104 24105 24106 23906 23907 23908 23909 23910 23911 23711 23511 23512 23312 23112 22912 22712 22512 22312 22112 21912 21913 21713 21513 21313 21314 21114 20914 20915 20715 20716 20717 20517 20518 20519 20319 20320 20120 20121 20122 19922 19923 19723 19724 19725 19525 19526 19326 19327 19127 19128 18928 18929 18930 18730 18731 18732 18733 18734 18735 18736 18737 18738 18739 18740 18741 18742 18743 18744 18745 18746 18747 18748 18749 18549 18349 18149 17949 17749 17549 17349 17149 16949 16749 16549 16349 16149 15949 15749 15549 15349 15149 14949 14749 14549 14349 14149 13949 13749 13549 13349 13149 12949 12749 12549 12349 12350 12150 12151 12152 11952 11953 11954 11754 11755 11756 11757 11758 11558 11559 11560 11360 11361 11161 10961 10761 10762 10562 10362 10162 9962 9963 9763 9563 9564 9364 9164 8964 8965 8765 8766 8566 8567 8367 8368 8168 8169 7969 7769 7770 7570 7571 7371 7171 7172 6972 6772 6773 6573 6574 6374 6375 6175 5975 5775 5575 5375 5175 4975 4775 4575 4375 4175 3975 3775 
Label: 15580
[253,657791,]
21218 21418 21618 21818 22018 22019 22020 22021 22022 22023 22024 22025 22026 22027 22028 22029 22030 22031 22032 22033 22034 22035 22036 22037 22038 22039 22040 22041 22042 22043 22044 22045 22046 22047 22048 22049 22050 22051 21851 21852 21652 21653 21654 21655 21656 21456 21457 21458 21459 21460 21461 21261 21262 21263 21063 21064 20864 20664 20464 20465 20265 20065 19865 19866 19666 19466 19266 19267 19067 18867 18868 18668 18468 18469 18269 18069 17869 17870 17670 17671 17471 17472 17272 17273 17274 17275 17075 17076 17077 16877 16878 16879 16679 16680 16480 16481 16482 16282 16283 16284 16285 16286 16287 16288 16289 16290 16291 16292 16293 16294 16295 16296 16297 16298 16299 16300 16301 16302 16102 16103 16104 15904 15905 15705 15706 15506 15507 15508 15308 15309 15109 15110 15111 14911 14912 14913 14713 14714 14715 14515 14516 14316 14317 14117 14118 13918 13718 13719 13519 13520 13320 13120 13121 12921 12721 12722 12522 12322 12323 12123 12124 12125 12126 12127 12128 12129 11929 11930 11931 11932 11933 11934 11935 11936 11937 11938 11939 11940 11941 11942 11943 11944 11945 11946 11947 11948 11949 11950 11951 11952 11953 11954 11754 11755 11756 11757 11758 11558 11559 11560 11360 11361 11161 10961 10761 10762 10562 10362 10162 9962 9963 9763 9563 9564 9364 9164 8964 8965 8765 8766 8566 8567 8367 8368 8168 8169 7969 7769 7770 7570 7571 7371 7171 7172 6972 6772 6773 6573 6574 6374 6375 6175 5975 5775 5575 5375 5175 4975 4775 4575 4375 4175 3975 3775 
Label: 6648
[245,920822,]
21218 21219 21220 21221 21222 21223 21224 21225 21226 21227 21228 21229 21230 21231 21232 21233 21234 21235 21236 21237 21238 21239 21240 21241 21242 21243 21244 21245 21246 21247 21248 21249 21250 21251 21252 21253 21254 21255 21256 21257 21258 21259 21260 21261 21262 21263 21063 21064 20864 20664 20464 20465 20265 20065 19865 19866 19666 19466 19266 19267 19067 18867 18868 18668 18468 18469 18269 18069 17869 17870 17670 17671 17471 17472 17272 17273 17274 17275 17075 17076 17077 16877 16878 16879 16679 16680 16480 16481 16482 16282 16283 16284 16285 16286 16287 16288 16289 16290 16291 16292 16293 16294 16295 16296 16297 16298 16299 16300 16301 16302 16102 16103 16104 15904 15905 15705 15706 15506 15507 15508 15308 15309 15109 15110 15111 14911 14912 14913 14713 14714 14715 14515 14516 14316 14317 14117 14118 13918 13718 13719 13519 13520 13320 13120 13121 12921 12721 12722 12522 12322 12323 12123 12124 12125 12126 12127 12128 12129 11929 11930 11931 11932 11933 11934 11935 11936 11937 11938 11939 11940 11941 11942 11943 11944 11945 11946 11947 11948 11949 11950 11951 11952 11953 11954 11754 11755 11756 11757 11758 11558 11559 11560 11360 11361 11161 10961 10761 10762 10562 10362 10162 9962 9963 9763 9563 9564 9364 9164 8964 8965 8765 8766 8566 8567 8367 8368 8168 8169 7969 7769 7770 7570 7571 7371 7171 7172 6972 6772 6773 6573 6574 6374 6375 6175 5975 5775 5575 5375 5175 4975 4775 4575 4375 4175 3975 3775 
Label: 47828
[293,431928,]
21218 21418 21618 21818 22018 22218 22418 22618 22619 22819 22820 23020 23021 23022 23023 23024 23025 23026 23027 23028 23029 23030 23031 23032 23033 23034 23035 23036 23037 23038 23039 23040 23041 23042 23043 23044 23045 23046 23047 23048 23049 23050 23250 23251 23451 23651 23652 23852 24052 24053 24253 24453 24454 24654 24854 25054 25055 25255 25455 25456 25656 25657 25658 25659 25660 25661 25662 25663 25664 25665 25666 25667 25668 25868 25869 25870 26070 26071 26072 26073 26074 26075 26076 26077 26078 26079 26080 26081 26082 26083 26084 26085 26086 26087 26088 26089 25889 25890 25690 25490 25491 25291 25292 25092 25093 24893 24894 24895 24695 24696 24697 24497 24498 24499 24299 24300 24301 24302 24102 24103 24104 24105 24106 23906 23907 23908 23909 23910 23911 23711 23511 23512 23312 23112 22912 22712 22512 22312 22112 21912 21913 21713 21513 21313 21314 21114 20914 20915 20715 20716 20717 20517 20518 20519 20319 20320 20120 20121 20122 19922 19923 19723 19724 19725 19525 19526 19326 19327 19127 19128 18928 18929 18930 18730 18731 18732 18733 18734 18735 18736 18737 18738 18739 18740 18741 18742 18743 18744 18745 18746 18747 18748 18749 18549 18349 18149 17949 17749 17549 17349 17149 16949 16749 16549 16349 16149 15949 15749 15549 15349 15149 14949 14749 14549 14349 14149 13949 13749 13549 13349 13149 12949 12749 12549 12349 12350 12150 12151 12152 11952 11953 11954 11754 11755 11756 11757 11758 11558 11559 11560 11360 11361 11161 10961 10761 10762 10562 10362 10162 9962 9963 9763 9563 9564 9364 9164 8964 8965 8765 8766 8566 8567 8367 8368 8168 8169 7969 7769 7770 7570 7571 7371 7171 7172 6972 6772 6773 6573 6574 6374 6375 6175 5975 5775 5575 5375 5175 4975 4775 4575 4375 4175 3975 3775 
